2458277.9522342	15.523553880553171	0.1080705935929594
2458281.921436	14.979367321490304	0.012476228085743
2458288.9207663	15.061735853579348	0.0165288162573066
2458291.9460093	14.86654382908548	0.015777868525313
2458292.9136013	15.012293213582003	0.0128391687126883
2458294.9005166	14.833363446623784	0.0148780409883955
2458296.8928724	15.055620713696351	0.0289082748250064
2458311.9299674	14.822296908910175	0.0110900193905473
2458320.8946899	15.021187012492884	0.0109396872931888
2458329.9040538	15.039178498645056	0.0301205220990632
2458336.8527638	15.064400477217276	0.0134722854547734
2458337.9007828	15.083601280952577	0.0172432374964436
2458356.9381101	14.906846730935293	0.0269559677162527
2458361.9221724	14.89687004250216	0.0167721487238863
2458362.8239335	14.96149462300106	0.016676210944332
2458366.8495146	14.896025223387072	0.0116746475500148
2458371.8872519	14.923036952293248	0.0096087484866007
2458373.8669184	14.963442194491432	0.0094730707543619
2458389.9239064	14.893551638632358	0.0210857267266768
2458390.6359146	15.04498590827766	0.0150327119689923
2458393.9016959	14.895208041707653	0.0109463262549269
2458402.7328396	14.89595902503194	0.0097061021997816
2458417.802611	14.884677558853143	0.0379729066908609
2458418.7822206	14.971466522820243	0.024324238089548
2458419.7821209	14.9121394803486	0.0157745013790831
2458420.6281158	14.866693435266392	0.0107132700287176
2458424.8005054	14.897334471909492	0.0089689634572573
2458426.825089	15.03449269695404	0.013962975336158
2458433.8220004	14.951350117551392	0.0088437228019128
2458442.7712799	15.035142192111213	0.0268519307237006
2458443.7985536	14.870969927278065	0.0258212275017742
2458448.7576019	14.935514213658564	0.0196961844564332
2458452.7209799	14.980239298576455	0.0127253801803373
2458454.6704733	14.846203772557434	0.01148948096813
2458456.7860072	14.834238191707673	0.0139964169674027
2458464.8134562	14.846962100964426	0.0107257158890343
2458465.8152329	14.908778639429014	0.0163665971488676
2458467.7605927	14.911329240035316	0.009634336256689
2458472.7438152	14.850192212343764	0.0219956894677141
2458475.7146655	14.843962402058375	0.0348440277361101
2458477.7008382	15.025522727777416	0.0266116297682786
2458478.6728902	14.828021727841527	0.0162161009860808
2458479.6660801	14.90965850283514	0.0113851061861665
2458480.7246156	14.909618168446988	0.0108068437487544
2458485.7438898	14.994210539480733	0.0082638697351564
2458489.7180819	15.064382577435	0.0112444570986394
2458490.7342699	15.056271773947188	0.0107103108407851
2458493.7355013	14.981887097340216	0.0081810190153315
2458494.7282495	14.957977011347712	0.009416450977624
2458495.6721415	14.837480452178518	0.0142855856580332
2458503.6462111	15.064675050055031	0.0494776640965999
2458507.6375096	14.89117907694	0.0103217549164288
2458510.6319785	14.877167351595409	0.0109137820632642
2458521.5937896	14.994789998050017	0.0118726158619847
2458523.5913263	14.94245558866073	0.0095967760094108
2458625.1085655	14.792939115223673	0.0194086195531557
2458627.1014915	15.067204064429532	0.0177800566587938
2458632.0996798	14.890255237777314	0.0110134595535468
2458635.0967166	15.053809580730142	0.0115738072430251
2458642.0756351	14.995260135881187	0.0119163287960858
2458643.0763172	15.030289761980908	0.0109678531180778
2458644.0690968	14.876044402434676	0.010528341959538
2458646.0616167	15.005925914850666	0.0103488673604825
2458647.0648288	14.979626576587528	0.0089797885260985
2458648.0583022	14.799977760474173	0.010616013441915
2458650.0515559	15.051023577280713	0.0230533778082641
2458651.050427	15.009326079459797	0.0230402455839225
2458653.0545044	14.907177197915937	0.020229496637864
2458657.0292313	14.955022851892398	0.0155936800057335
2458657.8976476	14.887912405093068	0.0186469101284809
2458660.0302681	14.90225446737659	0.0143735487958372
2458669.9941193	15.024136236043397	0.009742289405279
2458671.0631354	15.015122419997413	0.0096265049362922
2458672.1080583	14.986228149038563	0.0094460871696663
2458675.9523897	14.830963820751164	0.0179654385743069
2458679.9782891	14.828374086167177	0.0206298924449402
2458681.0147203	14.847419801173514	0.0250844990578433
2458684.0621582	14.955244956605132	0.0147507492055939
2458688.9585155	14.974383751035088	0.0278222482631725
2458690.9718357	14.94846112642449	0.0096782375466143
2458701.0756896	14.958759081138098	0.0079487713470893
2458703.9338988	14.851823542370346	0.0108311865380598
2458704.8772512	15.10193418007244	0.0243091598483884
2458705.7930158	14.81836500384114	0.032086591722544
2458706.8791144	14.8575853340588	0.0120711541385721
2458708.0786607	15.077898533214375	0.0113132325904636
2458708.812937	14.90714247903252	0.0239865240293417
2458714.0429175	14.84920885735493	0.0153204057884719
2458715.1100632	14.87368804200379	0.0157605896815108
2458716.0338817	15.040180146113808	0.016161449005774
2458718.0245533	14.930022549755837	0.010529458342636
2458718.9203691	14.913899150170757	0.0079428227566451
2458721.8263804	14.908841509521888	0.0097911286025202
2458722.8393119	14.891256588893322	0.0095847297594902
2458723.8768916	14.911878510572569	0.009432728583728
2458724.9597845	14.956361648356058	0.0074521987276291
2458727.7353568	14.972455134914911	0.0107689463833187
2458729.852096	14.97186559325873	0.0125276077827956
2458730.8823753	14.887788293083892	0.0115069768758096
2458754.7921925	14.875880820298006	0.0113551462551098
2458755.7709874	15.015100690444523	0.0093855581933136
2458758.7814265	14.83378279149428	0.0119430628888441
2458764.9985663	14.973947684526234	0.0076859778313247
2458765.9785203	14.93255965103284	0.0126618090986658
2458772.6481832	14.922231754586154	0.0245193791796085
2458775.6497832	14.889856049832218	0.0106684453030772
2458777.8421502	15.137199935677144	0.0199932444370991
2458778.9300965	15.083012829169135	0.0117726117471359
2458779.8918042	14.94115931943056	0.0073221646604989
2458780.8355494	14.968117512852778	0.0078273351163628
2458781.7307331	14.848538465933643	0.0104084539260883
2458782.7371811	14.892966342145186	0.0117280882300765
2458783.7744303	14.972282139072796	0.0131704711014274
2458784.7580136	15.075861376261484	0.0140617689855862
2458789.7293542	14.844707141504918	0.0105388677354526
2458790.7422342	14.889621612001672	0.0092334099386237
2458791.9182941	14.919489274136597	0.0084962948636429
2458792.7809223	15.102356680548205	0.0129906453378676
2458794.9103109	15.071322423192274	0.0169254933876745
2458801.7658606	14.887986037236692	0.0256784660644469
2458802.7954376	14.920229637033987	0.0234379437729652
2458803.8181946	14.858054395247574	0.0166319164113186
2458804.7737629	14.993388281180628	0.0212133417418643
2458805.7683984	14.95429852434102	0.0144083071604031
2458806.8173309	14.885527170151324	0.0112084576327938
2458808.7677327	15.057209202401138	0.0138344130529636
2458809.7142254	14.882167719221224	0.0089077699494356
2458810.7484155	14.866897427100568	0.0103709895661879
2458812.7461552	15.004196651734162	0.0102876945886996
2458821.8134422	15.040062239373633	0.0128398956604764
2458822.7520716	14.869114751825958	0.0129364359400764
2458826.794845	14.950050968977198	0.0172179305299732
2458832.7538804	15.00412748246352	0.0209342646384738
2458834.7244586	14.868973108556515	0.0136143752582832
2458835.7502403	14.916505298876723	0.0113900175044574
2458837.7050876	14.870523398436502	0.0099674412034152
2458838.6950462	14.85744369274945	0.0101587316374772
2458841.7324026	15.011136496182786	0.0099617492383757
2458844.7282477	14.987793485928377	0.0120409549462504
2458987.1182534	15.008079478718557	0.0251412753265518
2458988.1146506	14.948281806051998	0.0239623214360172
2458995.0949882	14.948451038962498	0.0076534506274746
2458999.0846169	14.839476955337904	0.0102052510482437
2459000.9392331	14.8658490123185	0.0129663032055944
2459002.9401828	14.990040708949284	0.0127471106830918
2459006.9232405	15.038905956299688	0.0304752977098521
2459010.939543	15.016627810654054	0.0199255832316099
2459018.0560332	15.051598489974554	0.0116252679148623
2459025.026273	15.093954072974212	0.0129216601507053
2459029.0190149	15.026476313127342	0.0104460327925463
2459032.0531475	14.834213103055324	0.0109316345354241
2459034.0110178	14.988106293472788	0.0216130170848214
2459035.0034924	14.909815344325994	0.023409313667027
2459036.0087991	14.84610735456192	0.0303098994654898
2459036.9944003	15.012336011393808	0.0217321720742967
2459039.9941225	14.935592361915065	0.0170703200935554
2459042.0096879	15.054351073136653	0.0156308805437541
2459044.0256417	14.950351380426865	0.0121647000543991
2459046.9175636	14.95604431959462	0.011107985338467
2459049.9716547	14.949642166041244	0.0084914063762007
2459053.1041105	14.865872022719437	0.0090141360964485
2459055.9387405	15.012605928539832	0.0093532793645136
2459057.8515406	14.893299727352948	0.0091118280536652
2459058.8031806	14.992659006013454	0.0118874905211404
2459060.0074904	14.897263921749676	0.0091936171208589
2459061.9209064	14.835768592400488	0.0190363559950592
2459063.0528053	14.975547630269688	0.0188513204836545
2459067.7866562	14.851991128932251	0.0223389580258612
2459069.9964063	14.998378156221344	0.0148223937115784
2459071.9177743	15.055635648283056	0.014061228822961
2459072.9445568	15.05777028208474	0.0166742393915894
2459073.9549913	14.966614238443508	0.0122324541232971
2459075.8871572	14.992208081233828	0.0088453711514636
2459077.7399993	15.114821383701091	0.0183344892177925
2459080.8599792	14.943973480193025	0.0076006472131764
2459081.9110568	14.850767150593477	0.0162250348651625
2459082.7555682	14.921013867574995	0.0149452286364264
2459083.9224994	14.930278532478107	0.0121709689748176
2459085.8607869	14.853761519126616	0.0103845302443155
2459086.9486266	14.828968259991615	0.01329585388578
2459089.8509469	14.886094336071787	0.0152780384472982
2459091.978162	14.86264805796673	0.0203722239043201
2459096.8840697	15.0351324078149	0.0189684682041719
2459103.0690362	14.994622868558077	0.0117749705196318
2459105.8057164	14.91111830912519	0.008241651596113
2459108.8488731	14.907204068130715	0.0091745009743127
2459118.7670369	15.060823135031011	0.0180695467843905
2459121.8443523	14.903787058740347	0.0224628750836714
2459126.8753398	14.780570492437494	0.0160301436205622
2459127.8499797	14.952810085009332	0.0246008532964262
2459130.0267929	14.908557211779591	0.0152188815428702
2459131.8725834	14.922584764480945	0.0077716050233922
2459132.8852421	14.961622828469311	0.0140625625117548
2459133.8858288	14.93318137495806	0.0146600028469394
2459137.935435	15.072395047706513	0.010245391566004
2459142.9557004	14.970431300735571	0.0082062393241841
2459148.7997606	14.918416069116368	0.012547023212381
2459155.826447	14.912765550831878	0.0275538971880063
2459157.8575882	14.842319283765065	0.0251377752125623
2459158.7583824	14.895918362425284	0.015824081197948
2459159.8410932	14.96138658920204	0.0178086625821466
2459163.9106965	14.91619827098994	0.0103228720394739
2459165.7475416	14.849193074622004	0.0105262225530503
2459167.8795863	14.85617909149168	0.0084335392865819
2459170.7687594	14.901142976741276	0.0082477448370875
2459172.7188946	14.8321508568281	0.0111201514197149
2459173.8082617	14.922385810565268	0.010353690243653
2459179.7663512	15.029378893420224	0.0137474798350897
2459181.6800959	14.842948792092471	0.0198001917453985
2459185.8079538	15.02168959941953	0.0136031361146865
2459187.8098706	14.956937742065517	0.012326896843094
2459188.7603082	14.941621299504726	0.0322420767569789
2459197.7531316	14.847324166164642	0.0093295189446807
2459205.6764531	14.85335488220578	0.011119346728092
2459206.737989	14.858435285048458	0.0158355647165712
2459208.6434857	14.870975852573828	0.0177694321047274
2459210.6255732	14.968528673375609	0.0148638886382876
2459216.7609476	15.114405332711057	0.0130348824724899
2459219.755977	14.977586017189829	0.0076488625538831
2459222.7075078	14.861452680853958	0.011683180063381
2459223.6501707	15.066228715096472	0.0167584330356981
2459228.6729996	14.885384242383784	0.0093268370267893
2459230.7339352	14.820856123889213	0.0103346372380067
2459246.6289024	15.03804513041744	0.0128381262198719
2459248.6125509	14.964157291313766	0.0100241893526697
2459250.6164841	14.942607303379852	0.011616505354973
2459254.6033065	15.057083270867302	0.0154303306061242
2459257.5883776	14.942829340887515	0.0075357869471019
2459348.116467	15.063130652610123	0.0215830843898486
2459357.0932406	14.978511702801445	0.0086175781519092
2459362.0911811	15.01432035879837	0.0272647735136599
2459364.0842126	15.044758089524422	0.0188597130248858
2459369.1011721	15.091957621613446	0.0154796233208265
2459370.9341858	14.949521972236822	0.0118981795750231
2459375.0516148	14.882922906937452	0.0097142497091299
2459384.0377725	15.037054172177523	0.0106828292980309
2459388.0270887	14.91531542125593	0.0149611280237276
2459395.9979326	15.04883898701806	0.0143093647881251
2459397.9477356	14.920613087913296	0.020051718313257
2459401.9808103	14.899033801231653	0.007029139365957
2459404.9772182	14.908020082832516	0.0093304207002337
2459408.9574415	14.941306322939203	0.0096493541031649
2459411.9580622	14.977746045122428	0.0080877849974851
2459415.9509983	15.045281114754744	0.019920996030592
2459421.9569664	14.863395420815102	0.0177743734701887
2459422.7848133	14.855812291952123	0.016664895421054
2459426.0200029	14.947636316354204	0.0149208087627239
2459427.0806319	14.920606861993772	0.0099682231642484
2459430.9086016	15.041154194197386	0.0107573906133434
2459431.8299179	14.87369351787035	0.0126195477006862
2459432.7628045	14.947756143179577	0.0126636419223246
2459433.7400343	14.8891926672441	0.0158992636826293
2459434.7582665	14.862826383809198	0.0117248934785068
2459436.7335284	15.106879434302783	0.0164294706027422
2459439.90202	15.04866466640498	0.0110776565462697
2459445.858518	14.97259123176567	0.0235132802199642
2459447.973296	15.05645160229956	0.0231223224345972
2459452.8971512	14.766501279875143	0.0326645756862917
2459453.9151773	14.814302036036809	0.0138150810620031
2459454.7679981	14.868852493015185	0.0250357062851771
2459455.7766216	14.85318379754947	0.0182552339575249
2459457.9003883	14.901453181926524	0.0090012482320638
2459460.7952041	14.926206586959506	0.0122977138615037
2459466.8364913	14.974581577688957	0.0081851860702064
2459468.8240205	14.890262119945811	0.0091288243134182
2459472.9543562	15.088852120235872	0.0126882348281823
2459473.8975548	14.86597492921464	0.0120332798374033
2459475.6845042	14.930392032644235	0.0219491239120578
2459478.964243	14.844090702405063	0.020793782170033
2459480.8734212	14.963546721628967	0.011237987712483
2459485.9992564	15.00805866237056	0.0093688300879806
2459487.8920802	15.087463795046316	0.0127175041739029
2459489.9834105	15.04574437844574	0.0120009599850434
2459493.8619572	14.830667521528586	0.0095445343231749
2459494.8167222	15.0584917423064	0.014205461828219
2459500.7421935	14.895156905132913	0.0134338788484673
2459501.8842282	14.837514440984483	0.0101823405282999
2459502.8453793	14.90250891397567	0.0099980871729131
2459506.750581	14.938083553823384	0.0136106892199297
2459507.807788	14.978593100144233	0.0130422487944868
2459508.8226974	14.849500840444678	0.0178932234014926
2459511.7373863	14.89695131453785	0.0075276142063383
2459514.9626937	14.932455324842046	0.0146068193623816
2459518.8075315	15.017084693542058	0.0090554394249337
2459521.8486475	14.869621503869482	0.0097041750174437
2459523.7587266	14.860012523790475	0.0098346585220671
2459525.7667363	14.875711969114748	0.0067833856451718
2459529.7388953	15.010446818117176	0.0103207751124779
2459531.6623835	14.849256806450803	0.010283367729407
2459538.8378951	15.021990551625958	0.0285367623223166
2459540.8920382	15.024991446389318	0.0187155853852185
2459542.7168875	14.9557759501416	0.0245873192030686
2459542.8839939	14.800736470280777	0.0135573971516244
2459545.9135872	15.100599732670153	0.0131962716085819
2459546.7071673	14.954960147696134	0.0075567392011885
2459554.6992261	15.023358684521767	0.0118592464953317
2459556.6885012	14.855473209449736	0.0087633020929211
2459564.7301535	14.738767701210069	0.0337572655465923
2459586.7032416	15.026251673116471	0.015995923017141
2459588.6129562	14.944019457887446	0.0151542240682895
2459593.7371585	14.895864712948974	0.016258361272966
2459596.7268369	14.875653945811298	0.0211633174803998
2459597.7156018	14.867156059649858	0.0193760314710763
2459599.7279644	15.091148532903729	0.0118074102515969
2459601.7211278	14.86773124878167	0.0096010847710524
2459604.7146443	14.885564593506292	0.0117984903837935
2459609.6394077	14.97845596778468	0.0129104313573415
2459624.5811248	14.90297591284633	0.0231254511708759
2459631.571526	14.887724601517572	0.0179196354863061
2459633.5803315	15.009027237343048	0.0152129736004431
2459714.1167716	14.905863913950018	0.0193667958601107
2459721.0967627	14.973768128347116	0.0142259918232951
2459725.0868249	14.87041484305956	0.0106698841450725
2459732.0776402	14.985379088369765	0.0100720006163233
2459740.0837732	15.008806674421024	0.009604160520907
2459750.0221949	14.892510865037838	0.0144357787119628
2459752.8929263	15.042562331888163	0.017617048013574
2459773.0588987	14.922135898612757	0.0200193608108881
2459777.7963687	14.822994930113351	0.0193523423919094
2459787.9208215	14.884287811059671	0.0095647393996081
2459789.786592	14.913213824664757	0.0097721196065065
2459793.0453719	15.039534818442217	0.0140780662602674
2459794.7556663	14.922994197060143	0.0117429300408069
2459796.7592986	14.978021097676187	0.0154441628403125
2459799.7389991	15.03018992730583	0.0327528092660331
2459800.9507413	14.870589886223458	0.0219716561748866
2459801.8668066	15.032517664152234	0.0325316268812041
2459802.8447353	14.80674159413528	0.0285727447329956
2459804.7414013	14.92827095100991	0.0387392578247436
2459805.9541112	14.92008861415973	0.0297014894413323
2459806.9036244	15.001166404789574	0.0243773287806927
2459809.0486858	15.087798738116891	0.0159000463312047
2459811.892686	14.851515095168242	0.0086462657655598
2459813.9102792	14.96285891118191	0.0071305290948658
2459817.1219288	14.922021790616084	0.0087892198102304
2459821.0692402	14.992868863024023	0.0115301711469735
2459823.0392362	14.841465066080652	0.0097376692008912
2459824.9690643	14.97593185224572	0.0098350260821611
2459827.9087622	14.889894969631774	0.0114725801030932
2459828.8480628	14.92840310521319	0.0115770401480114
2459830.8927898	15.09535856615366	0.0181780713295828
2459837.7789783	14.973875630451175	0.0089428305768623
2459838.895367	15.00138749412569	0.0181537050519379
2459840.8950294	14.90031379552291	0.0104291586749884
2459842.9766418	14.900379775748412	0.0081967544544416
2459843.9181631	14.982858489276662	0.0087612954422566
2459844.9536573	14.93288054069849	0.0082712121500155
2459845.8643747	14.984883614659212	0.0104144878907687
2459846.8938373	15.084016724855884	0.0145009662525406
2459847.8972057	14.961558237557458	0.0101411721575499
2459849.820148	15.013852755440832	0.0097575627822628
2459850.7879882	14.845993266450488	0.0109310015846132
2459852.0390033	14.903763540144972	0.0081681649846683
2459852.8346082	14.882625511285308	0.0095562076451472
2459853.7607722	14.991243099330818	0.0116500237896636
2459855.0242134	14.797848025710412	0.0111456998217746
2459855.6333513	14.92530202850757	0.0111946536550199
2459866.6533986	14.825628442379736	0.0238748161638214
2459867.9988802	14.9431624993277	0.012802383247251
2459868.9876725	15.018398971965452	0.0163381674349525
2459869.9905379	14.938977645018396	0.013429538288212
2459870.8259647	15.091626349747312	0.0119699562251107
2459872.9540499	15.05928215865284	0.010619504246907
2459875.665741	15.03222396651946	0.017439488287514
2459876.912878	14.92261615003764	0.00823130833114
2459879.6309452	15.050724205880233	0.0137773141958917
2459880.5847947	14.853776851225168	0.009992893390539
2459882.7952665	14.924785396955809	0.0080369640292816
2459885.7065498	14.987545531063429	0.0150992324078601
2459886.729084	14.923479304816992	0.0148142905740583
2459887.7285947	14.909857697721964	0.0214063495714024
2459888.7613545	14.97254743709532	0.0211723320737762
2459892.9447532	14.971348781893427	0.0245558565761891
2459893.6091053	14.888164222582006	0.0229057641481663
2459895.6557994	14.974775360974384	0.0273529687195631
2459897.7795446	14.997516403665166	0.0188927259634115
2459898.8302061	15.045208741202783	0.0115374356712959
2459899.8826605	14.978715467362363	0.009546953269962
2459902.8659958	14.931283870396914	0.0086355236139942
2459906.8565683	14.978422826610524	0.0099455643374796
2459906.8590836	14.971795284083573	0.0161223069856831
2459907.7884017	14.84397786100568	0.0094540036126144
2459908.8492345	14.886424748158642	0.0104804421236653
2459908.8504875	14.87242208295812	0.0111631084246984
2459911.7598734	14.920713188320338	0.0088181922294327
2459913.6313858	14.902964971972304	0.0134819052657274
2459915.6914793	14.859398529690733	0.0158610587636428
2459916.6732534	15.050024098192754	0.0210512403836167
2459927.819323	15.070102055192269	0.0155512560218122
2459927.8205748	15.068100600491563	0.0216805225224345
2459960.7634167	14.888397942112144	0.0145920965424151
2459965.6722147	15.064789600064568	0.0253001901011038
2459967.7433327	15.013339536549276	0.0099564010366084
2459968.7399774	14.879741345173771	0.0107141121890918
2459969.7357287	14.918247600254167	0.0092786450692674
2459975.6416869	14.895934898481574	0.0457438701137413
2459979.6340897	14.70356478366563	0.0429279115052521
2459980.6314281	14.940494433419648	0.0522104661365308
2460111.0402028	15.038905490516449	0.0151849563248243
2460114.0311653	15.00807442568733	0.0136573016209199
2460118.0297637	15.052809060094486	0.012111476896064
2460122.0245263	14.96581203713835	0.0085429619886763
2460125.0218057	14.855387631301625	0.0098392420405306
2460127.9929586	14.85285268885526	0.0283655599905921
2460131.9883825	14.859918909782923	0.0210962674499537
2460136.051472	14.99679634436566	0.0152755349736168
2460138.982176	14.89343439866988	0.0105937284179781
2460141.9546675	15.087901015594634	0.0110105081103876
2460148.045099	14.90283960368392	0.0107164903822183
2460150.0760152	14.86870149975668	0.0090762800866168
2460153.0245822	14.8819662954606	0.0105166729216289
2460155.9469366	14.773723553934726	0.0184252732800315
2460159.0014903	15.06234008085861	0.0247741141709279
2460160.0012237	14.94809984978592	0.0193449380113883
2460162.8939724	14.858915251293146	0.0157014870298081
2460171.8977952	14.90207266980731	0.0097727441203573
2460181.8623262	15.025468186312867	0.0148002946149161
2460185.7341813	14.85605535945255	0.0224571660568336
2460185.9041658	14.960914749071373	0.0186351591385947
2460188.6870192	14.866895707372905	0.031170773764947
2460190.8376339	14.91499504198542	0.0154780293194129
2460194.9198538	14.9453010407297	0.0158779061683639
2460195.9473705	14.91361671617016	0.0093743177017364
2460196.9879869	14.870828973008852	0.0083796165115316
2460197.9919186	14.857330171210563	0.0094232945305849
2460201.8700594	14.989578610610035	0.0095756310843849
2460205.8692028	15.0583178479669	0.0136780530436248
2460207.9081367	14.849115574509336	0.0117004436862507
2460209.0529689	15.026739720627877	0.0102185381111628
2460211.8757368	14.877070633767902	0.0120767023145058
2460212.8440348	15.048499102126636	0.0155170900772765
2460213.824744	14.98125037008133	0.0244874617895305
2460216.7938047	14.931046940010216	0.0250889250604499
2460218.8805935	14.915051029322266	0.0207477007082329
2460219.8676883	14.89040183473785	0.0200966395498145
2460221.8309494	15.076060922132273	0.0123869211947122
2460223.8711695	14.894607117022144	0.0085276497909911
2460224.9169161	14.936547604352238	0.0088414325547249
2460226.9705318	14.968382062017582	0.0078913384614462
2460228.6270526	14.895930524894672	0.0108315653759001
2460229.6820364	14.917980675076834	0.0098244905562721
2460230.7215268	14.9371704110908	0.0090187562844743
2460231.8210856	14.87522608183738	0.010728439329349
2460233.703424	14.81820845075756	0.0115698638748161
2460235.004035	14.919821965469872	0.0103860245091981
2460235.9825831	15.021178127643864	0.0108081394317314
2460237.8232609	15.061089737395951	0.0122109203164648
2460240.786407	15.006776730564956	0.0138137791325382
2460242.8239806	14.924132554237053	0.0143436810568231
2460243.7228565	15.037610055804592	0.0204148461048633
2460244.6683388	14.929827568710111	0.0180214175068932
2460247.7264835	15.018316792590984	0.0188028587980057
2460249.9327344	14.850861195923956	0.0198293144183902
2460253.7208127	14.893652509094348	0.0094354791863828
2460254.7212408	14.886935917951442	0.0103751666110425
2460255.8231207	14.841414619204908	0.010826356831268
2460256.8342584	14.91032784227346	0.0089889625910983
2460260.7677492	15.06033984604745	0.011255489273292
2460263.901626	15.00201305694652	0.0099406635184928
2460265.8491282	14.98994149659817	0.0092265546428312
2460267.7961245	14.82400722184577	0.0130795211744707
2460268.821189	14.902170016167894	0.0111699479710279
2460270.833091	15.054743036918012	0.01528497327699
2460271.7706706	14.942768669870317	0.0147243578749874
2460272.7578415	15.041910345430702	0.0261222304304476
2460279.8059956	14.912027677719138	0.0227438171318021
2460282.7567232	14.840303132778413	0.0103065708609903
2460283.7491926	14.856336506503675	0.0105698266870557
2460284.7457131	15.036864879274574	0.0114662843098025
2460286.841012	15.07136436403274	0.0116928112010408
2460287.7587472	14.88226156557792	0.0119936824901753
2460303.7661649	14.897213737927222	0.0169877796390923
2460309.749761	15.08875953304969	0.012990269986769
2460312.7659485	14.931456684189111	0.0072079482350982
2460313.7085199	14.992936366218592	0.0096806262016793
2460315.7102341	14.855154708821654	0.0106564365048306
2460317.6035236	14.864359619682396	0.0090220152108527
2460320.68326	14.983900239195114	0.0114348904318568
