2458035.9386391	14.399790719232094	0.0164663595715622
2458059.8642436	14.349155389022377	0.0163615665810109
2458060.9238569	14.197041084468626	0.0119467358564263
2458062.8518643	14.200063177624788	0.0168963448052221
2458063.855226	13.954541941316329	0.0108441738856874
2458066.9592553	14.110948661123604	0.0085674678812595
2458067.9894736	14.329049417540364	0.0096189749485562
2458085.8041801	14.091678547518056	0.0072268124169436
2458091.7699155	14.33330224961574	0.0234692916923253
2458099.797647	14.048210856523635	0.0065203675546074
2458103.7985622	14.339668877882234	0.0085360852825812
2458105.7865657	14.36577370056601	0.0088885605342497
2458106.784118	14.203557754242818	0.0045147896898481
2458110.7035384	14.272168795210137	0.0062836197508819
2458112.7021415	14.306457050857034	0.0081410711426182
2458113.6984164	14.16029667334723	0.0075011358486435
2458115.8776902	14.38734307374686	0.0091931665745077
2458120.9717117	14.182374468135228	0.0177356317846348
2458121.6937415	13.95221262074122	0.0135949597584874
2458137.657954	14.298613025335811	0.0069391361688076
2458138.6449751	13.757592923498851	0.0083433567045918
2458139.6292487	14.380923055995911	0.0117344318652633
2458141.6147951	14.389504617712486	0.0099323713106335
2458142.6123898	14.20648630666708	0.0064473640908311
2458143.6128438	13.997604013970207	0.0084559717407526
2458144.6542322	14.384983348363033	0.0130357761734306
2458145.7363672	14.210973310871198	0.0091133265262982
2458146.7880024	13.795602538027632	0.010286178149304
2458147.8493557	14.409900381793491	0.0188200240070084
2458148.5933572	14.346705591090508	0.0183944947438585
2458150.6020361	13.811129397618975	0.0114494617158022
2458153.7137768	13.804225413808153	0.0095534566712855
2458154.6188428	14.3300823035898	0.0091916739467821
2458155.6035781	13.828146498754524	0.0079383538191973
2458158.6128825	14.434451508644903	0.0104090864123065
2458160.5812848	13.961946973258335	0.0072377616828508
2458162.6007366	14.05064576111168	0.006151681422148
2458163.5939944	14.362608794448796	0.00920942774478
2458180.7865944	13.881126703937923	0.0135907506684176
2458183.8074646	14.098030859443318	0.0115071269380889
2458187.5833274	14.077952753559089	0.0081148521657602
2458189.718411	14.14657689838827	0.0059977519649239
2458193.6424297	14.383048588023035	0.0107870921372406
2458197.6946868	13.775985079480089	0.0084616904745248
2458198.6811523	14.387303842318754	0.0100203716503953
2458206.6395114	14.169542297667537	0.0147711031343682
2458208.7193545	14.328260124542926	0.0186862146940402
2458213.6171803	14.232122747750992	0.005314069380536
2458215.6621622	14.301895557744292	0.0086837728369126
2458219.6989979	13.940133453008077	0.007584925252045
2458247.6294664	14.349361414957109	0.0099390929392965
2458371.9905622	14.332006015039498	0.0312590466252537
2458384.9656648	13.909876496757525	0.0086728785752434
2458386.9601507	14.11402400132448	0.0128017281893817
2458389.9502895	13.82874247296247	0.0111440371372766
2458400.9673333	14.381790949708677	0.0094442455095517
2458401.9519263	13.937079313157192	0.0075960186994785
2458419.0000325	14.15101597400534	0.0164656940926157
2458430.9788424	14.142110427329984	0.0052511172972537
2458437.9488042	14.278388068687477	0.0066336107436027
2458448.8980501	14.250202244337231	0.0170619340398228
2458454.9035039	14.356462845247515	0.0092859736070565
2458456.8984789	14.341653414257069	0.0088789425253516
2458465.8875479	13.902854674559736	0.0068287831329207
2458466.8735549	14.231582332465464	0.0089055819573174
2458468.8787225	14.310820287169316	0.0115314301867721
2458470.8815171	14.16888009265712	0.0096202799670437
2458471.9106014	14.281183297308894	0.0098401403992182
2458476.9336831	14.215397953442586	0.015764431613323
2458484.1195531	13.98786674210278	0.0077725230876134
2458484.9363826	14.062899555826752	0.0076054638619748
2458493.9948033	14.289969663943868	0.0072623954548659
2458495.8303507	14.405235979388118	0.0107735562221052
2458496.7873448	13.988307628585874	0.0057098511437633
2458498.7841923	14.234173051549613	0.0074150621022065
2458499.7767302	14.251022338388257	0.0111946555526136
2458500.924185	14.423570058684597	0.0123426688254401
2458502.9025844	14.387436671546643	0.0204724667989528
2458503.9199811	14.358444469533836	0.029227122199699
2458507.8959219	14.386623630409233	0.0126815001092056
2458508.9275793	14.24302726924769	0.012146630635443
2458509.6910338	14.34694516526233	0.0090692104571725
2458512.8169623	14.326019787914513	0.0089127981503267
2458516.7982873	13.895374601404946	0.0087722230195614
2458536.834894	14.360278256062887	0.0166352753449971
2458537.8505897	14.221628537036288	0.0137241420830516
2458565.7637204	14.055929987568591	0.0150753713413105
2458566.7570994	14.33747745504439	0.0156500351794726
2458567.7538349	13.898299658083564	0.0116561190781874
2458570.8818205	13.86144690826998	0.0067909341681431
2458571.6779711	14.212971730559312	0.0061994495969293
2458572.8091541	13.939899167699464	0.0065469149877987
2458577.7150389	14.043716982088243	0.0069771803008988
2458581.7540531	14.090503168858778	0.0051346697644539
2458582.6958145	14.35407185559672	0.0089613534013771
2458583.854967	14.277139171382425	0.0088098193626508
2458585.6664953	14.272543999105494	0.0122110710058274
2458589.8436054	13.98978554703811	0.0147310883876702
2458592.6404307	14.318038321747537	0.0225051876573511
2458597.7858603	14.330605781491062	0.0084052086209676
2458599.6665	14.324145182827898	0.0096754187450066
2458600.6633342	14.321635207729326	0.0082859036356568
2458604.7490394	13.83721621937654	0.0080889798503251
2458609.7378485	14.064170276394597	0.0241286453089494
2458614.7601809	14.064732584360868	0.0101849315825807
2458618.7653252	14.123704690862091	0.0152262420891407
2458620.7505223	14.162065719863152	0.0264445950553672
2458622.7591382	14.23976025985738	0.0433605952516128
2458626.7488342	13.85620544644858	0.0093281463811597
2458627.7454604	14.290051482097503	0.0179321772652741
2458750.9928506	14.437649647267406	0.0205852703173605
2458752.9910602	14.051422124697234	0.009766327581748
2458753.9557098	14.318282351311018	0.0089765700082884
2458754.9816536	13.868876172334	0.0090258276889982
2458758.0613687	13.728380078975375	0.0076814580403196
2458764.9316007	13.914208085001183	0.0083666781118669
2458765.9198496	14.377440281181064	0.0099962999363592
2458766.9263049	13.903220476302993	0.0083556622352113
2458772.006083	13.977747531410362	0.0144083801666298
2458775.9272039	14.327903685690984	0.01270856304579
2458777.9547747	14.3430721732773	0.0094884495691489
2458778.9958515	14.215792397056216	0.0064958729285487
2458782.8768842	14.27258096751945	0.0076423828265385
2458783.9291136	14.081311243668944	0.0069248778629676
2458790.96259	14.218420980856138	0.0044761731836728
2458791.8149813	14.391991316797316	0.0105661000597571
2458791.8161983	14.382529137968303	0.0113312898394484
2458812.8942002	14.148270180383832	0.0051956881527422
2458821.778093	14.322900091473352	0.0077010812684554
2458823.7932333	14.338694905984198	0.0098495849406212
2458824.8690329	14.25088347639332	0.0079127983740025
2458827.9395638	14.102750832268889	0.0146733656370526
2458834.0151052	14.074700826257642	0.0115108057418019
2458837.1384904	14.196691009262269	0.0100010047509936
2458837.9013752	13.98462572586812	0.0080449846373601
2458845.9451352	14.154566670495573	0.0044167595905971
2458848.0215937	13.982527682956851	0.0066063674264047
2458848.881379	14.263798883280444	0.0067114564110637
2458849.967611	14.03628510734304	0.0078762606026272
2458903.7908474	13.897537932737922	0.006625804902121
2458904.7498625	14.327031606414346	0.0078204571460187
2458929.8917386	14.264075760632034	0.0074832451972271
2458941.8529989	14.172309281484337	0.0146998966452748
2458955.5772426	14.338562965707215	0.0099653298843836
2458957.7131035	14.40737021292265	0.0107772767691047
2458958.7116249	14.232521024190994	0.0076329636482774
2458961.7842862	14.078175514808692	0.0045559788751873
2458972.7661715	14.334724424681555	0.0169277477311463
2458982.6249627	14.324460796385576	0.0102484130437671
2458983.7729137	14.067701559944988	0.0074979478419734
2458986.7629027	13.799726413211184	0.0076236197474779
2459088.1319008	14.181943990062887	0.0131297527902572
2459090.1308486	14.255211135801538	0.0130396174579651
2459093.1174741	14.129539026750283	0.0065695505520335
2459118.0598618	13.747213856865567	0.0072396465182607
2459122.038102	14.220730523969404	0.0152246076035583
2459125.9022423	14.33342846388025	0.0220764507288186
2459126.9420308	14.052785523044284	0.0117115589339426
2459129.9001545	14.120534584450557	0.0126194418726181
2459130.9268908	14.339818880678449	0.0163234815349222
2459131.9803817	14.078181046720973	0.0113647771651622
2459134.0928538	14.30312976290102	0.0087505987068521
2459137.1195968	14.21386717904632	0.0066990015845594
2459142.1133132	14.113968235798929	0.0047779065970933
2459153.8910551	13.945701756573053	0.0185881112628287
2459167.0244788	13.807803173083425	0.0065942263519571
2459170.9134719	14.045592186253348	0.0046187010380593
2459180.1145555	14.299931164790356	0.008298066567243
2459185.0946994	14.346851635799014	0.0265112227709603
2459187.8562498	13.94886833512287	0.0088296538556348
2459195.8304751	14.302093044718546	0.007531064910509
2459198.8465152	14.261797262726969	0.0074951105104639
2459204.0283236	14.194450726465636	0.0089735986842748
2459205.7483374	14.307332375496514	0.0082051466667452
2459207.0173925	14.280367837702345	0.0063495852750965
2459208.7827011	14.325592071332462	0.0098746873983292
2459209.8799324	14.08021590308788	0.006830259883655
2459216.7648175	13.931478761522069	0.0074834606955139
2459220.1058056	14.321402482165492	0.0101498276716647
2459222.7534646	14.372853479219849	0.0119546641307509
2459226.7401273	13.799512326787692	0.0067564129494452
2459228.8746725	14.23807037967565	0.0067528445869988
2459230.9804261	14.393511074814027	0.0089921742950643
2459235.9992188	14.308291270514752	0.0084148317365847
2459244.7969192	14.303869950665698	0.0176291030864514
2459245.8241364	14.247363923381142	0.0131961443325819
2459252.7313089	14.152472970707793	0.0049128776138497
2459255.961227	14.228751798414738	0.006797901964731
2459257.732748	14.212813376773664	0.0051359267736989
2459261.7694216	14.307447166962444	0.0099321910222
2459268.8628812	13.911395418052784	0.0104406252262009
2459269.8589659	14.408859608484368	0.0223785678121116
2459278.7402607	14.361718844898745	0.0097054073912093
2459279.8013435	14.32232867449548	0.0127549069921528
2459288.8316262	14.118984190192956	0.0046122254035378
2459293.7395019	14.318046121786042	0.0113739055708906
2459298.8227798	14.327192612883186	0.018936777132383
2459300.7500239	14.269156300247436	0.0186859710252885
2459304.8465084	14.108010948740892	0.0139932239196729
2459306.8815213	14.31338039117082	0.008011589186534
2459310.8024227	14.280996930242203	0.008705432296674
2459313.7424556	14.249645812003353	0.0074009864953408
2459314.726418	13.929679042594138	0.0080629348199034
2459318.7817737	14.287408897353648	0.0073123122554129
2459321.7675843	14.082797509044498	0.0066086752061679
2459328.8230036	14.287837047997169	0.0251837798823986
2459333.7673977	14.22581950609812	0.0065847385155421
2459342.7701107	14.30921515348709	0.0088815900076013
2459345.7788899	14.217316497334714	0.0076992648881752
2459348.7533855	14.048620021131756	0.0069595459133956
2459352.7432603	14.220855685931353	0.0297493306831277
2459452.1216888	14.37835852666715	0.0253959827979613
2459454.9764684	14.161196193752907	0.016522894732825
2459458.1063259	14.071758257464973	0.0072989280723998
2459461.1354429	13.944227647746574	0.0164253723627429
2459462.1307784	14.294899689928153	0.0114161765087302
2459467.0898854	14.241216352025834	0.0074850004925076
2459469.0817585	14.3488259322309	0.0090154807479649
2459471.9533907	14.19173099524614	0.006397137053656
2459480.0508172	14.063072049502942	0.0177291808900556
2459482.0430022	14.23499980329585	0.0192252939127851
2459483.0421683	13.751119182603077	0.0088638036334501
2459485.8998123	14.313580983367522	0.0222576416109748
2459488.0344768	13.737670667466311	0.0084087791831156
2459493.0154371	14.050374329277185	0.0049357867310448
2459495.0120438	13.88657911263774	0.0063759561097267
2459500.9929644	14.23902108837229	0.0074967141073954
2459506.1266903	14.33435447712414	0.0094376539046337
2459506.9769728	13.94986798331338	0.0125433387474547
2459509.9799068	14.072908464543776	0.0193656925225059
2459513.9716599	14.039956749954824	0.0081334474375662
2459515.8709628	14.13743860317382	0.0080522202883717
2459520.1389922	13.816119759689805	0.0073486489314609
2459522.9373114	14.25168065402274	0.006746666850525
2459524.9329318	14.32213306623212	0.0090444458395363
2459527.9202833	14.252140283520722	0.0081816866588157
2459529.9661909	14.301680547091207	0.0077891054778832
2459537.0042269	13.96974825518855	0.0153623901713375
2459539.0084878	14.002859347261449	0.0123832145187695
2459542.9572724	14.20917164590877	0.0110343085547787
2459544.8901229	14.267340999973614	0.0078704062347912
2459554.913645	14.275416198475684	0.0077028783574826
2459568.8203583	14.36720652289126	0.0220045292958075
2459570.6842029	14.30514787593511	0.0156257283630798
2459572.9011349	13.872262776269872	0.0105568603381883
2459579.6372774	14.372570776776946	0.0099494743762688
2459586.0364639	13.751699572767969	0.0070573006556363
2459588.1125834	14.09214059064509	0.0047506292704359
2459592.0294361	14.363914484122692	0.0102987222134517
2459593.7410899	14.060282339190469	0.0109112169577025
2459596.7872006	13.899597700174828	0.0167035058198935
2459599.9484075	13.91445600888627	0.0110719501696022
2459605.9157313	14.232719088240785	0.0057738939720555
2459607.8827134	14.317559946232604	0.0081820407499053
2459608.9124285	14.21454288401767	0.0075852256114599
2459610.825242	14.199971392656485	0.004438187434999
2459613.8412516	14.016897208021422	0.0056682095267354
2459616.9555855	13.969083288207347	0.0064156111747216
2459618.9514316	14.099156144460554	0.0061709569141441
2459620.8889995	14.174788599763078	0.0091646204117044
2459622.8022649	14.2634160795433	0.0146425506247721
2459623.8148138	13.90261267201163	0.0107040668296157
2459627.8555651	14.296550972351197	0.0182569342424687
2459634.7246047	14.212278043801549	0.0085946832146512
2459636.7967017	14.308782170569838	0.0085502733510453
2459641.9634232	13.71304223272265	0.0075562738490061
2459643.9635528	13.964189868320563	0.0070337836787758
2459649.8160183	14.21055356366914	0.0123993816396752
2459658.7457938	14.258440530516278	0.0074153033470679
2459659.8412195	14.192694043300184	0.0094503835817272
2459663.7893695	14.303187644102046	0.0077115398842316
2459666.7745096	14.19446187729424	0.0051371516249069
2459672.7509628	13.895971844595447	0.0070379462380332
2459677.7501279	13.961429350926377	0.0088105701141564
2459678.7381726	14.332342311331136	0.0118542671048768
2459680.6970964	14.3246636905655	0.0149393250709453
2459686.6776651	13.949056420534308	0.0165880024991846
2459687.6855578	14.292257962986888	0.0211171993839345
2459689.8384018	13.960751479765408	0.0076504080675925
2459694.7585911	13.786996796164464	0.0076553292538486
2459699.6332161	14.382089434983447	0.0093746801740128
2459701.6159564	13.897600591641268	0.0091942167072432
2459704.6156288	14.372942591310494	0.011754448351989
2459707.6551119	14.312166537289244	0.0134572238443575
2459716.7428871	13.890748887855418	0.0135591501449443
2459721.7524378	13.936070749857391	0.0109087905221184
2459723.7454953	13.986521117771634	0.0145352493503955
2459724.7457078	14.334509491829968	0.0413375506983667
2459814.1315886	13.8988064748027	0.0184921439101233
2459818.1252315	14.21044260080044	0.0059977223352258
2459820.1237969	14.30554445977017	0.0082245401618541
2459820.9718843	14.025225707331757	0.0084966226948634
2459823.1102297	14.140663206311036	0.0057232243153078
2459825.1050392	14.296792330969774	0.0070284622841974
2459837.0738319	14.306032336010588	0.0136383893493567
2459839.0749572	14.348752198764132	0.0139724978444479
2459841.0774142	13.934495995863005	0.0115525332750096
2459844.06491	14.36793985547964	0.008678901668861
2459844.9330467	13.83551323029258	0.0082673290303541
2459845.9209181	14.40457064833815	0.0122504667489189
2459848.0491242	13.771248599891337	0.0088952567316698
2459849.0412132	14.340012030291645	0.0079714070694939
2459849.9402566	13.829184718811971	0.0081597391365528
2459852.0312529	14.20952948108468	0.0069656289983398
2459854.0277341	14.341099503351376	0.0076692376991324
2459854.9015501	13.883077540957808	0.0087273937849824
2459855.9009208	14.364349032153122	0.0095751410324737
2459859.0950276	14.32322180742266	0.0076602266745593
2459859.0975348	14.31053698721768	0.0104729508106125
2459865.8812666	14.296099885023716	0.0147995492152304
2459868.0143263	14.369725178487858	0.0167488916229696
2459870.9849716	14.303944841499854	0.0098750681827932
2459873.0658994	14.347329921754062	0.0080181191320345
2459875.8438625	14.1133790952221	0.0072000109361182
2459878.8342484	13.896111350232523	0.0078684863006246
2459879.8241952	14.345335662275144	0.0099248695507766
2459884.8912379	14.409525720544034	0.0106805027882972
2459885.8908172	14.094314896523354	0.0064981269165712
2459886.8878603	14.32266047130752	0.0086996635496892
2459886.8891121	14.285136780576742	0.0084875713137705
2459887.8935746	14.314388541960572	0.0086890716126974
2459888.9195229	13.912440673099509	0.0091837402078141
2459893.055048	14.421505192125943	0.0224549141829388
2459893.917405	13.80257323442535	0.0134713949679329
2459894.89821	14.393426751040368	0.0188932029691365
2459896.8809728	14.35845660026258	0.0160916313985481
2459897.8100689	14.145639029097063	0.0118473908722028
2459897.8113209	14.140721752606114	0.0124199600603456
2459906.8872164	14.300186985727793	0.0065513991754569
2459914.9834975	14.264704111047628	0.0064208539431419
2459916.1465356	14.271636258274976	0.0061434050456549
2459917.1543891	13.883602161392446	0.0099282210984601
2459917.9451123	14.155891907433336	0.0131883948973369
2459926.9646551	14.339031530143965	0.0186277858003295
2459926.9659197	14.335355162046524	0.0179304371365235
2459928.6978016	14.233768811551094	0.0067503775631114
2459929.6796358	14.021136928759002	0.008369985704572
2459929.6808846	13.982129618114548	0.0085121025903
2459969.6324495	14.27832035538692	0.0083852294709309
2460001.9203914	13.770250766887555	0.0081357112021147
2460007.6479887	13.993148060651928	0.00884595205992
2460007.6492058	13.818784653983512	0.014922081502153
2460009.8056782	14.513056211875645	0.0277765099875005
2460015.8615841	14.045540325171237	0.0085289045349005
2460018.7642088	14.367847337191304	0.0147674801586214
2460021.912603	14.395144000750795	0.0097915199583765
2460024.9176901	14.266777513639742	0.0078250219393306
2460028.8993951	14.053681550599237	0.0089408754785474
2460037.7234335	13.979381135913204	0.0177362211187417
2460048.854715	14.384628788074078	0.0091626593173492
2460050.7937923	14.388025645045646	0.0093996338984762
2460056.7385232	14.06232012694928	0.0082301032494038
2460058.6341248	14.139760073409327	0.0058082558062935
2460060.739566	14.348973570048669	0.0172655953725495
2460063.6458146	14.166466991087889	0.0141048246047759
2460065.6795934	14.291779856895657	0.0239299841467492
2460069.6325909	14.446712951214378	0.0274157762744728
2460070.6191148	14.221316397234231	0.0179350891317696
2460073.759081	14.198090203480431	0.005009036053123
2460074.6140837	14.324601635266426	0.0139081244204525
2460183.132373	14.24156069874249	0.0192913141283991
2460187.1225447	14.364591169384235	0.0251767825933873
2460198.1300684	14.13250742397095	0.0063131130394311
2460202.0796428	14.402396083432537	0.0095791049633672
2460206.100264	13.767325330880048	0.0076803991878106
2460211.0743956	14.065195197763414	0.0064552532389371
2460223.0236229	13.958007660977527	0.010145751438093
2460226.1348921	14.228670348727595	0.0083796236680911
2460229.0650162	14.27894292834681	0.0061713248501843
2460230.8644057	14.215360700541716	0.0073348982654223
2460232.8997831	14.300641225332594	0.0082118168829943
2460234.079314	14.261252761780552	0.0059648822513612
2460236.8506591	14.01517344043107	0.007554976533571
2460237.8460774	14.272765156038826	0.0085759157562705
2460240.0031533	14.027294515498491	0.0067830297739033
2460242.0491016	14.012441961011035	0.006681680155124
2460243.8319176	13.838427010513064	0.0112699214188129
2460244.8294516	14.314409451251318	0.0175479625890564
2460248.0711207	14.359038626853032	0.0232236390995718
2460249.9860434	14.363179624622315	0.0168601374177863
2460253.949243	13.924455280634904	0.008930600890619
2460255.7969234	13.861640148378642	0.0080752532784079
2460256.8003139	14.364282458229567	0.0101664384376983
2460258.9728502	13.976388842051204	0.0074345939212323
2460260.9579697	14.176842944591357	0.004588409235473
2460263.9093226	13.765206782749315	0.0077830728883381
2460266.9010855	14.377221628565088	0.0095851528420183
2460267.864268	14.201929172172385	0.0053570651821706
2460270.8978231	13.97216216993959	0.0115061044938133
2460271.8119021	14.334709344214623	0.0101668899666222
2460272.8077664	14.049882274194186	0.0114146648935408
2460273.8508489	14.3844006467556	0.0206300964164275
2460274.7733936	14.28719629949941	0.0201107965774483
2460278.7575856	14.352363037288224	0.0173392616442933
2460283.0060726	14.164726248419424	0.0097822399968373
2460285.8541299	14.09650453132496	0.0060947596537933
2460286.7051369	14.135086452215845	0.0065511145093586
2460287.8502421	13.93067862464591	0.0080536420968938
2460288.8418421	14.327537157415382	0.0091490112539565
2460290.8582169	14.080694332576549	0.0063175267580852
2460291.843098	14.250674876663078	0.0066850890338961
2460295.8271027	14.392196796062882	0.0107071116588565
2460302.8037755	14.068766141860046	0.0136511390194544
2460303.6596977	14.175116383675126	0.0170932957834567
2460304.0239084	14.35573318825698	0.0205529726754968
2460308.6493033	14.073255805253297	0.0135914684798452
2460309.0523915	14.297317414445647	0.0175013601405363
2460310.6350018	14.248434786526436	0.0074511606052173
2460311.0461221	13.792902058202056	0.0092208761500979
2460311.7772086	14.099120238562035	0.0076300448219886
2460312.118911	14.349301846698006	0.0126720318227033
2460312.1201603	14.31890354787746	0.0167361047371614
2460312.6315219	14.40477088268769	0.0104447450414709
2460313.6246639	14.022015297452572	0.0072622480881181
2460316.6223989	13.994435788337263	0.0075902383020476
2460317.1170109	14.31813476785894	0.0094344215349944
2460317.6185244	14.31961868300074	0.0093457715866628
2460322.9081357	13.9759936738553	0.0084012431281758
2460335.9227669	14.326241563132932	0.0270327949397704
2460337.7786916	14.285842781625115	0.0167059978134618
2460338.6188101	14.122834690725156	0.0077636991003296
2460340.7348334	14.13694364418154	0.0085285208622794
2460342.9075397	14.378849638704772	0.0136448165982911
2460345.7086859	14.020822507043672	0.0070071962830536
2460346.760637	14.266977308104448	0.0063724499901622
2460348.8372908	14.02849503143609	0.0071693380176717
2460353.8212981	13.932462771352032	0.0081109780694179
2460354.8257006	14.37141574660475	0.0102086593814574
2460359.7385459	14.373716741856551	0.0139071405104721
2460364.6707006	14.282405288288327	0.019684225836703
2460365.8521843	14.170142948163685	0.0154447255624974
2460371.9024891	14.014815108520835	0.0072492564694477
2460372.917624	14.324578991553311	0.0082538306386103
2460382.8481453	14.169665578023707	0.0065864625606313
2460387.7335728	13.97990169500283	0.0111746536363365
2460388.745324	14.346079446401916	0.013162615710605
2460390.7454886	14.061528694865988	0.0153465487010197
2460398.8137181	14.390080918615917	0.015268825598434
2460400.8483356	13.90375711521138	0.0074822376841691
2460401.8263322	14.360010442376378	0.0098201771099546
2460403.7905349	14.334008288278872	0.0122708174167
2460404.7946187	14.09009267211475	0.0068289137648825
2460405.8040686	14.31360340083133	0.0078973716786822
2460407.7906148	13.77883256507036	0.0076490694152098
2460408.7725765	14.37966462037166	0.0086722236810827
2460409.7691298	13.986738146427436	0.0072746445898542
2460410.7618389	14.366357258249018	0.0087557574840032
2460416.6913421	14.057382310499042	0.0161127343529609
2460418.7449917	14.31408365126982	0.0127361500157981
2460422.7801332	14.088633646688985	0.0186097390649485
2460423.7577668	14.312883153549478	0.0250090782497249
2460425.7469239	14.271573803282664	0.017945851348641
2460432.7377798	14.377448364173306	0.0192175473234594
2460432.7390156	14.34666998419658	0.0274434821134469
2460433.6708562	14.091298471793523	0.0070031509670176
2460438.7666928	14.143244696486851	0.0060603373350663
2460445.7499797	14.22855929844448	0.0116617305486268
2460449.6270026	14.323032765770222	0.0180317426099383
