2458034.6806453	12.826298514177608	0.0036676093622823
2458042.6343618	12.95476450130252	0.0045158593273314
2458043.604716	12.636916534747003	0.0022860237718366
2458049.6209588	12.619850344876472	0.0024383026819689
2458055.5717967	12.273753466992837	0.0039105154840521
2458060.6058463	12.887707851214705	0.0052314170170638
2458065.5490854	12.937737769904931	0.0043734360078238
2458067.558849	11.915636474384106	0.0040655590657593
2458068.5548318	12.944233658661108	0.004444773377499
2458071.5426168	12.951152431564028	0.0046008907874581
2458073.5367002	12.012214447104162	0.0043142993340475
2458074.5344165	12.962915523807494	0.0058219220886404
2458146.0238913	12.493494731257629	0.0032472888121502
2458147.0244175	13.03282994654735	0.0054661828820526
2458149.0181877	12.406850524884948	0.0038927698489521
2458170.012667	11.902412014490697	0.0040103736471184
2458184.9327789	13.082743530336389	0.0062537543037845
2458190.9230889	13.00301247184706	0.0050501292555634
2458193.9177172	12.972289103378737	0.0046955688551099
2458196.9163742	12.969241215228172	0.0047215050390303
2458197.9226508	12.72865034102322	0.0012529478707798
2458199.9235588	13.001489929986798	0.0051167929496884
2458208.8787664	12.905460997042544	0.0056726779667146
2458210.8758304	13.160763317647737	0.0081955466480269
2458211.8912649	12.90097775506121	0.0049058934576481
2458216.845413	13.006824649465033	0.0053302772365955
2458217.8374723	12.7844704174052	0.0021399950306659
2458223.8297773	12.706282639656616	0.0012745014195067
2458231.8412011	13.008990561559465	0.0051725808914258
2458232.8076887	12.488324226069466	0.003514841932063
2458236.7938184	13.165652420126149	0.009604393359209
2458237.8110969	12.898159406015912	0.0054528599500199
2458243.7673077	12.827387718250309	0.0031512573365233
2458247.7716242	11.997606266966274	0.0040558744740991
2458248.8339119	13.123837198395268	0.0065962566951631
2458249.7526062	12.734610716161711	0.0015139228074119
2458253.7537842	11.88657290192455	0.0040382931888897
2458254.7463351	13.04358803405082	0.0062045856961196
2458256.9101821	12.460613266364462	0.0035037840287418
2458257.7938168	12.951812257972984	0.0045088278398147
2458261.9068434	12.88936759480272	0.0037536252974718
2458268.7062088	13.09129596514726	0.0080575748757521
2458270.6853007	12.065605309708255	0.0043986612846674
2458271.8014471	12.44626916476732	0.003771299338568
2458281.6706398	12.656781576009983	0.0020565995090016
2458282.8344046	12.531013254043192	0.0030347846923304
2458287.9070353	12.966481997264356	0.004628714040518
2458292.8002665	13.035649165693158	0.0059211603416541
2458294.8521986	12.356573840379491	0.0039886178668446
2458296.8368391	12.88054208323044	0.0045637894258192
2458301.8274477	13.024446217104115	0.006496128062181
2458304.7624233	12.986007395030583	0.0049806727664543
2458323.7032151	11.955518565012	0.0041756683438612
2458329.6902263	11.859004153371714	0.0041757937590139
2458331.7790753	12.837917257661717	0.0042156538354661
2458338.7516035	11.88024439329995	0.0040072547174221
2458345.7238018	12.953850507025706	0.0047666237329298
2458374.7320396	12.967905770690948	0.0048349737947483
2458384.719102	12.646820439866527	0.0032359260631673
2458389.6662074	12.868168690135914	0.0040148459092587
2458390.6656587	12.323616683301202	0.0038534295467941
2458391.6609762	13.103804730883043	0.0063590917940049
2458405.657238	11.925440489517058	0.0040633664311551
2458416.6369207	12.520437322352889	0.0042601445758753
2458417.6352281	12.886144592754595	0.0050525125688329
2458418.6257681	12.93472811557244	0.0050286656832248
2458419.6173205	12.401781607538258	0.0036328285250031
2458425.6066717	12.260955061015403	0.0038899888294456
2458427.5952448	12.8474198569047	0.0031321759480133
2458429.5861614	13.0194166628954	0.0052895850090982
2458431.5855417	12.01956167269917	0.0040413693179018
2458448.5402948	12.409210117461702	0.0036808733887072
2458506.039327	12.954025019375512	0.0119176907329265
2458508.0331499	12.941646229259025	0.0065216095318772
2458512.0242887	12.90767878843148	0.0043144588510965
2458531.0063921	11.89465134768293	0.004051823442445
2458536.9996649	11.9960286611968	0.0042999159338007
2458544.0178114	13.001370960082925	0.006133976411991
2458552.0141685	13.07863902571859	0.0069595375709756
2458561.9036655	12.625607904936928	0.0030801944922276
2458562.8999958	12.31427237826318	0.004809736517158
2458569.0650873	12.326210934672712	0.0034874743750467
2458571.002581	12.795599834635112	0.0044873508373103
2458571.9981511	11.942731900114596	0.0040834469140454
2458572.995283	12.99376348116019	0.0068300437127948
2458577.8418137	13.012505287789782	0.0055556003828002
2458578.8396543	12.78767448884158	0.002666493898371
2458581.8491843	12.784874291678578	0.0025608918599158
2458582.8315854	11.872569162448531	0.0040069914733772
2458583.8326906	12.972468794637372	0.0050344882438008
2458583.9800907	12.706409571766317	0.0026306093213877
2458587.973054	12.91372658433471	0.006025786063476
2458589.9563798	13.152893176504772	0.009962435121868
2458593.1125503	12.03211883538401	0.0044929297341581
2458596.9296372	12.8152947746797	0.0050555985253713
2458599.0191252	13.098535166688167	0.008319398558658
2458599.8565779	12.576998239744425	0.0028859666940906
2458600.7832474	13.10286602508539	0.0065310601097807
2458601.7983207	12.895962671969912	0.0037703236416274
2458604.915751	12.971441649385294	0.0065667045514137
2458609.8886522	12.861970520998112	0.0051696444925029
2458611.8947589	12.517516603434654	0.0020286938974118
2458612.8335755	13.105622131366708	0.0064447260643821
2458614.8847575	12.413014763546506	0.0029754893557663
2458618.7220339	12.951805532063634	0.005573940415834
2458618.8959214	12.76647350357273	0.0041008879667285
2458620.785849	11.841297741277051	0.0044381791005049
2458621.9767175	12.017632522753914	0.004434877980995
2458622.9616681	12.976974573905718	0.0074364750602614
2458623.7067469	13.122510650208255	0.0104347748651667
2458625.8379261	12.759260288926209	0.0027409555477524
2458626.8539652	12.365979011392865	0.003172344091758
2458628.8507966	12.771086776903926	0.0040132686048176
2458629.7950193	12.343772978402152	0.0036749422240457
2458630.942939	13.14604484324888	0.0071476679058248
2458632.8636554	11.924201668571795	0.0040679635760946
2458634.8803851	12.802290048262956	0.0044320927181397
2458636.0774995	12.779228843185672	0.0041032729829926
2458637.8768647	12.7551378331247	0.003840023695048
2458638.9260394	12.1183261610448	0.0040306493257825
2458641.8079235	13.100250103092735	0.0082965900787939
2458642.7590372	12.85088925072621	0.0031983028426183
2458643.8319628	12.498259780159408	0.0025105827862963
2458647.8833152	12.173236583451562	0.003951345263816
2458652.8919743	12.579747514900866	99.99
2458653.8303633	13.106691196720966	0.0089059434980665
2458655.7810383	12.002907382156645	0.0041329001176304
2458659.8393481	13.006707915152852	0.0069537546914866
2458660.8383317	12.865252559658437	0.0034498552753902
2458661.9306763	12.575022370197509	0.0009595985621065
2458662.9332698	12.552351301580105	0.0014676329309669
2458668.7955912	12.963871938253025	0.0064470623132619
2458672.8443013	12.76929832903461	0.0040085202200338
2458674.8063754	13.020691204629507	0.0073616285379652
2458675.8436033	12.724901656588752	0.0035989909348134
2458678.9054348	12.841040291687076	0.0055588584630674
2458679.7748606	12.30727405192821	0.0039371932573743
2458680.8034531	12.973515636843029	0.0057963411247372
2458681.7994117	12.496744587330529	0.0071098900249596
2458683.9616853	13.080115999292584	0.0083626656110372
2458689.8380702	12.954548117428748	0.006317912932693
2458690.8411986	12.517934281910046	0.0031386763729913
2458690.8705911	12.620988947793077	0.00186342747877
2458691.8504399	12.885012282814293	0.0054379061768572
2458692.7602307	12.812162745454687	0.0027554677410666
2458692.9346697	12.985489365530354	0.0066632448464149
2458717.7799876	12.579747514900866	99.99
2458722.8579609	12.71861391200776	0.0033835647058476
2458744.7900869	13.01757577748166	0.0071651620564947
2458751.738239	12.580176030916157	0.0008948778647298
2458752.7739331	11.87786672228836	0.0040807817423996
2458764.7583769	13.076193651183011	0.0080997098061735
2458771.7067895	12.798342856681824	0.0045713693808274
2458775.7478141	12.198373754895549	0.0037570011638601
2458777.7469819	12.858252146715998	0.00514948779104
2458778.6477255	12.576069138964993	0.0028790199221594
2458779.7460367	13.00585102404466	0.0069585184364369
2458781.7412003	12.039697337712788	0.0040092896626502
2458784.5804609	13.086473793725537	0.0061260467222607
2458786.6295023	12.33006737727791	0.0040351590079991
2458789.5966664	12.132108899248635	0.0040406740838714
2458811.544281	12.867336488005076	0.0033967035556433
2458904.0996262	12.109404027997826	0.0039148900685748
2458904.9514148	12.874511611393348	0.0035824533018003
2458905.9549691	12.33498280139139	0.0036836814840919
2458906.958183	13.150474975793404	0.0069115902435287
2458912.0759314	12.696870008319037	0.0031461074927951
2458918.9165962	12.969298152980269	0.0065277794105492
2458930.0163582	12.101021403263031	0.0040183895381277
2458930.8833793	12.900781076542216	0.0039180477699988
2458933.0161773	12.041039116901748	0.0040005410933138
2458946.0547914	12.970896475104638	0.0078363580914807
2458954.8300603	12.568438291943137	0.0027710706242394
2458958.9339477	12.067452659945577	0.0039855966937902
2458959.9338584	13.00107188758769	0.0069591915857185
2458961.9230188	11.91158901416082	0.0040864306678651
2458965.9231637	12.99366517210161	0.0068150496640122
2458966.9271989	12.71785832938628	0.0034539789140077
2458969.9152193	12.646033835929362	0.0025129898317731
2458970.9981106	12.102054654344045	0.0039359699584992
2458972.8983078	12.525828798260994	0.0027207832149417
2458974.8994522	12.935989076743033	0.007217103468787
2458981.877278	12.25189544072042	0.0036243545912687
2458983.8703713	12.838251363536708	0.005025295661464
2458984.8844539	12.218514205290536	0.0037457794902673
2458985.8645425	13.018012361441006	0.0071104484522874
2458986.8611865	12.83241482726577	0.0048226633164607
2458988.879381	13.01841728499086	0.0071775229827897
2458989.9356089	12.892331036422243	0.0055896597168326
2458990.913818	12.252330983735025	0.003630102191729
2458991.8576427	12.96827329031287	0.0046887525609084
2458992.9023226	12.854325147775512	0.0050879463350141
2458993.9827318	12.471553352383893	0.00253604183322
2458994.9387372	13.090875130670316	0.0080778657050294
2458995.9743227	12.885809064606544	0.0054226657511515
2459000.8317876	12.974090017057003	0.0070562942951413
2459001.9625706	12.855848442165684	0.0053055371616009
2459004.8462845	12.733267407199602	0.0042358055948531
2459005.7693613	13.061405410279022	0.007632051738231
2459006.8523659	12.994237469868764	0.0074863736575854
2459007.9017533	12.69788549006834	0.0037045581516758
2459009.6704429	12.73955405691814	0.0020439215981827
2459013.7898269	12.150692078078595	0.0038859798894143
2459014.734708	12.99905422016844	0.0053473431861424
2459016.7803563	12.002792802298863	0.0040261116993255
2459017.7502058	12.990333380816246	0.0051573318673409
2459021.7771742	12.743213701280744	0.0037186380073257
2459022.7364903	12.36634272343126	0.00359386220304
2459023.9069684	13.09636660740632	0.0081731972402261
2459026.6808984	12.853366374741515	0.0034527281487563
2459027.9378259	12.929846250877024	0.0059710435968317
2459030.8405339	12.793181337064546	0.0045769000409346
2459031.9657858	12.51940364649414	0.0025892032571225
2459032.8623045	12.999436786059054	0.0072387980610025
2459036.8461154	12.739162335518053	0.0042830817171066
2459040.9634522	12.363807998243336	0.0034359947880863
2459043.8675788	11.872850510466314	0.0040621972205091
2459045.9118378	12.763055548270277	0.002136673209323
2459048.9194105	12.77821152718635	0.0041400731388889
2459051.8928297	12.705888399080507	0.00314436495376
2459053.7864969	12.87548165577798	0.0036273818173427
2459055.8404654	13.109334010958126	0.0078514568934014
2459056.83894	12.905975541969108	0.0039234729145581
2459058.8069578	13.076327885454084	0.0060775558212971
2459059.7538633	12.734216898301865	0.0018731970167296
2459060.9021422	12.581107196205888	0.0021123120410396
2459061.9248936	12.104023630111502	0.0040456219638966
2459064.8732248	13.147389461909082	0.0096419627157185
2459066.8463264	12.245780154107074	0.0039168730347405
2459067.8535691	13.117400353852116	0.0081701467465788
2459071.7964164	12.722697521303616	0.0034075878125847
2459072.7858591	11.893805706872572	0.0040846556833194
2459074.8064919	12.699771673135311	0.0031354148344193
2459075.7314341	13.09139159695335	0.0063821940510377
2459078.8648201	12.04430017375017	0.004115312464811
2459080.6756822	12.072109773128243	0.0040480106520899
2459082.8117567	12.968417501894136	0.0047265259640068
2459086.742457	12.273981025906956	0.0035986025962222
2459089.778792	12.368331631322958	0.0034580521531232
2459090.8039682	13.123511773543353	0.0076616921587372
2459093.8252252	13.018777484591634	0.0081605940251552
2459101.7765909	12.10793318654461	0.0039153453878679
2459103.8071226	12.865108909402498	0.0051618699793891
2459106.7933516	12.787018048689593	0.0042059916553372
2459115.7535488	12.619520731349528	0.0020144682419713
2459125.703943	13.072460344056848	0.0088186680019448
2459126.7083343	12.860546571616364	0.0061559417844884
2459127.7044956	12.138836224340784	0.0042456280800323
2459128.7011891	13.020403420747693	0.0062903642772311
2459130.6327608	12.071849830802297	0.0040786630238314
2459132.7014569	12.78613732977677	0.0047211239512046
2459144.6589702	12.54049030934848	0.0032356376383742
2459161.6048242	12.716468074569908	0.0011895891779305
2459182.5551325	12.183417601739544	0.0045850706886971
2459185.5400908	12.07808090194509	0.0041219076653857
2459231.032928	12.925831633372855	0.0047310314872008
2459237.0175884	12.863521375999548	0.0034389768783048
2459252.9945383	11.83731117668544	0.0040466852385768
2459257.1280502	13.138660295558251	0.008765193051035
2459259.1027668	12.23670971304946	0.0036823502923869
2459271.09052	11.903775492380362	0.0042929848615805
2459277.1107335	11.879163844992974	0.0042075358563105
2459278.9182133	11.842773944442692	0.0040883017563496
2459294.0279926	12.069735138773494	0.0041160165787102
2459298.0279916	12.981122291529257	0.0070034930444705
2459303.9930877	12.983815432385828	0.0082440035503763
2459306.0567132	12.094303185640968	0.0039671188079599
2459309.8467376	12.740270754556317	0.0015180650277016
2459312.0118024	12.749904140634234	0.0038642824919679
2459313.9700477	12.339188979706671	0.0033240879112677
2459318.0387929	12.715644754180367	0.0033052068746651
2459319.9921592	12.335424809573045	0.0032986183084648
2459322.1043179	12.990792857796336	0.0068076021347982
2459326.9335317	12.981362372982332	0.0069200827476104
2459328.9222617	11.902673560468076	0.0043427418176262
2459332.0764636	12.433791419917844	0.004708600412091
2459337.8861953	13.14062698307743	0.0088915461376262
2459339.7717119	11.888788396927598	0.0040479418381142
2459344.7380736	12.454206119027758	0.0034742254391224
2459348.9424272	12.407090759762212	0.0036081244300059
2459352.9003178	12.96358074553597	0.0063823683521193
2459354.9296916	12.241171163498365	0.0037350533532833
2459356.9958516	12.94273802461432	0.006302380177822
2459363.0511753	13.02267857883093	0.008113084524427
2459366.9343491	11.987596568835654	0.0040403372112554
2459370.8026991	12.8656348869667	0.0053061165400943
2459373.9230316	12.579747514900866	99.99
2459377.781871	11.980692835352071	0.0040526577813687
2459382.7834262	12.759964219645088	0.0019778134962439
2459397.7616105	12.426956538966182	0.0028946241171977
2459401.9614663	12.337076526114943	0.0033165460214662
2459410.6754246	13.008893451121155	0.0053806409293396
2459412.7678222	12.143064576488706	0.0039150237501707
2459413.7072442	12.984183999236702	0.0052261127829825
2459415.7624893	12.033531307728923	0.004431504524448
2459420.9611397	12.914017193697642	0.0065919621527738
2459426.9110799	12.945934118666262	0.0062397890024528
2459429.8200686	12.790206248737512	0.00432274762813
2459430.6844966	13.112938058611617	0.0066639384485476
2459431.6789617	12.869321451061795	0.0036668706063818
2459432.8459296	12.826569024117806	0.0047218453187875
2459433.8606846	12.179889697426846	0.0038092152339121
2459436.8903546	12.230865689658302	0.0036873878884834
2459438.8160871	12.715508650934265	0.0032771090353317
2459443.7834837	12.932173400121762	0.0063403401568731
2459445.8237999	12.244053793823358	0.0038372200531416
2459447.7375183	12.26195848294947	0.0040116054781245
2459451.7965387	13.107900294699604	0.0085778228254191
2459453.8265491	12.476883458172985	0.0026311109424733
2459454.733818	12.9879270546566	0.0054741207036714
2459461.7632031	12.796772502276896	0.00434192060588
2459462.7548245	11.998239072878638	0.004142644255643
2459465.7831442	12.03357241779768	0.0040058569074473
2459466.7007943	12.93460693136158	0.0045082398584384
2459467.7183265	12.612792691535198	0.0025840177818612
2459471.74512	12.159328010843854	0.004030573376145
2459472.6089869	12.82602719945272	0.0034432521077483
2459475.7469559	12.968497956595735	0.0062893285903657
2459480.7616828	12.700432642469936	0.0032788305864652
2459482.7607798	12.51732697913912	0.0020529913546663
2459483.7716681	12.786265492198297	0.0041812698931057
2459486.6140839	13.008176172188186	0.0052328697309876
2459489.7448568	13.145869099401075	0.0088019713367436
2459492.7352222	13.049651894648784	0.0075643884154927
2459500.6997823	11.881820212983072	0.0043234366245335
2459507.665105	12.92085158221943	0.006451482895051
2459509.6991286	12.445141219760425	0.0031531684267828
2459511.6555051	12.341699459046806	0.005133328647728
2459515.616507	12.998417825193547	0.0052612113314208
2459516.6369975	12.821383489353757	0.0028062241055125
2459520.6314083	12.104676569748342	0.0043168243718648
2459524.5953414	13.00303737823836	0.0053344712285572
2459528.6085651	12.703992813687869	0.0030427429176247
2459529.5793306	12.697762802085538	0.0016979420835841
2459534.5916085	12.516316222180077	0.004049175149711
2459535.5764341	13.128335946497389	0.0077131356366176
2459539.5753091	12.906260794583853	0.0051554072757237
2459543.5634437	12.190752265013902	0.0040571871743044
2459596.03864	12.415204641490943	0.0045397083280857
2459601.1675214	12.967479099991785	0.0074328051231744
2459605.0123237	12.095533010642663	0.0040869294408022
2459606.1656746	11.852875557679155	0.004131985806603
2459621.1162325	13.130438742875985	0.008225454616021
2459623.1066451	12.154895083398571	0.0038834021209501
2459625.1079172	12.855225117357383	0.005606977293089
2459631.108892	12.783524801963992	0.0055853009677691
2459632.0784218	11.8579480510525	0.0042659331715311
2459634.0744114	12.672694439392885	0.0031936221909569
2459638.14596	12.026868560414504	0.0041433973341016
2459641.0621738	12.980345515123464	0.0066693069348204
2459649.0636183	12.373229448358275	0.0034463060927426
2459651.0618929	12.891894432417653	0.0055809219482361
2459653.042329	13.063859432643527	0.0083303939144329
2459655.1430571	12.57538852457987	0.0027462753428771
2459657.9076408	13.141957626313854	0.0092052720460928
2459660.0276756	12.772491521375787	0.0057965617884828
2459662.915717	12.316744066082322	0.0038313097788405
2459666.0065269	12.63190059252466	0.0021387499950322
2459669.9996973	12.761550800849854	0.0035276566585671
2459672.9936169	13.084903000032217	0.0082626710456275
2459676.9789651	12.878022701702594	0.0050078734545219
2459677.9581593	12.300081777429552	0.0034616654614072
2459679.9538033	12.827661344243625	0.0028633161722878
2459682.9959644	12.86875876439436	0.0055768289217862
2459690.9919946	13.019483025840488	0.0070094603003041
2459692.9717069	12.171755525039591	0.0039994307252178
2459693.7649767	12.743591193807813	0.0016845002050157
2459694.9090441	12.544549476398954	0.0023591394812051
2459695.9057728	12.7521519628486	0.0032001908158678
2459696.9088998	12.94287611217525	0.0058754599068289
2459697.9250515	12.596798262121451	0.0017311382308471
2459698.9076972	13.061830153683776	0.0073762038598242
2459700.9100745	12.509496488823835	0.0026002076021389
2459708.0107321	11.863533487198524	0.0041650405526137
2459708.0119966	11.890921854912447	0.0042030032587366
2459708.0132496	11.872764510824648	0.0042037447501861
2459709.8824666	12.153501422160035	0.0041282451940808
2459711.8682887	12.794199952919564	0.0055982348528419
2459713.9333132	13.092623189133327	0.0087194715436329
2459714.8656036	12.815847615037768	0.0051528692037947
2459714.8668786	12.821019624643526	0.0098780435330739
2459714.8681304	12.837580976181163	0.0093977862945194
2459714.9346844	12.941463873982288	0.0096381010703657
2459714.9359478	12.92023432907824	0.0104895947538375
2459714.9372112	12.935898738655183	0.0090326726853687
2459715.8533541	11.858680969408235	0.0050533516893214
2459716.8586514	13.00013511196651	0.0088846208736177
2459717.8477776	12.667138726799186	0.0042025331013511
2459717.8490411	12.712258886137777	0.0070064197869294
2459717.8503162	12.722873661786736	0.0073879929980126
2459720.8410111	12.603331811949376	0.0016717018987871
2459721.8413911	12.408533952842092	0.0031233616327233
2459723.0103779	13.091361674363917	0.0077621335309752
2459723.9266029	12.809587341116666	0.0044760625477657
2459724.9188305	11.98563138329213	0.004163042923972
2459725.9227998	13.0086108575967	0.0069661378341752
2459726.8683313	12.663418606425658	0.001704856090155
2459727.8396146	12.496021771721612	0.0027960200297174
2459729.9278228	12.786145581374452	0.0041540244063478
2459731.810002	12.880922210640676	0.0054418489951926
2459732.9491302	12.775473278593694	0.0040513977943193
2459733.8872092	12.215676180650629	0.0036969825067383
2459734.9440452	12.976731021822916	0.0066089455063201
2459736.0017791	12.871952664111872	0.0053131182032718
2459736.7764477	12.951562692719277	0.0048082752987366
2459737.8462862	12.892289888481606	0.005681259465783
2459737.8475508	12.896123333927132	0.0059439578273037
2459738.8155131	12.237528070464167	0.0037025948117858
2459739.8033246	13.007776644822284	0.0073223518016904
2459740.8128064	12.820463953756	0.0048707394309321
2459741.8129363	12.168551603764804	0.0039061822390238
2459744.9761937	12.690746085109229	0.0046145904882006
2459745.9140377	13.047932235350848	0.0078361289882786
2459748.6924755	12.889094775617831	0.0037023134961397
2459750.6361375	12.950798324878846	0.0046500218655822
2459752.0227464	11.87847561265544	0.0041871577488985
2459754.7939925	13.007123992783336	0.006591252474294
2459755.7888524	12.58640751076549	0.0019272865330767
2459755.7901285	12.58021858890788	0.0021761349479156
2459756.7613974	13.05843988245018	0.0074194302778196
2459759.9648947	12.425947392420946	0.0031991968645689
2459760.8997966	13.03634841962448	0.0068493280938601
2459761.6897659	12.059738294461106	0.0040245729896968
2459763.0101147	12.544356615342275	0.0023498588239428
2459764.804137	12.562122592098117	0.0020503945098719
2459766.9647163	13.101287904738347	0.007796788767879
2459767.8274133	12.525215881632288	0.0027431791562085
2459769.7338896	12.864067191529491	0.0068148409324283
2459771.7727881	13.091624981586008	0.0085953869569237
2459772.8652724	12.99654662480397	0.0067747162297384
2459774.9692036	12.127355734982643	0.0043484828171581
2459775.880127	12.95974074797546	0.0066649279906463
2459776.9617707	12.772772794864032	0.0041604089477825
2459777.6851516	12.99762698211106	0.0050021345891651
2459782.6903135	12.925563910388984	0.0044743997788532
2459783.8196138	13.123822581356087	0.0080444391291824
2459784.8274031	12.83879439996749	0.0044401205548783
2459785.9385218	12.629115770460118	0.0012164609204968
2459788.7455625	12.429250441451725	0.0032447227101819
2459789.8410588	13.082797949517795	0.0075243908841167
2459791.758511	12.27433140814435	0.0037771182445991
2459793.6795767	12.214236964824806	0.0039233054066753
2459799.8761423	12.885642353413797	0.005716667323384
2459800.7868081	12.51578276135241	0.003125894123801
2459803.8947519	12.113404705645875	0.0044467541623225
2459804.8768112	12.969172143573706	0.0066430120454948
2459807.8700223	12.945437791031726	0.0061458908128236
2459808.8596095	12.734763935381752	0.0030822380186918
2459809.8304294	12.435083685949424	0.0031667049233661
2459811.8091701	12.49155729471253	0.0028501473699622
2459813.8370126	12.956218821969117	0.0058740645154086
2459816.847101	12.97242363049462	0.0060587720216252
2459817.8542003	12.531874218366742	0.0025420440169319
2459817.8554756	12.543045472736702	0.0025396304970953
2459819.7958758	12.873973139398824	0.0048406054122124
2459820.8339894	12.39396252531835	0.0033793046940605
2459821.7781658	13.032494728956232	0.0069242768885976
2459821.7794419	13.033604093005378	0.0071528823305017
2459823.8349425	12.350935039406972	0.0035242560177411
2459823.8362072	12.349274988223884	0.0035880137629681
2459827.792986	12.996654545645214	0.0066715691203686
2459830.8060858	12.98166399291327	0.006806816440081
2459837.8059421	12.72359461509702	0.0028779479231516
2459838.7934795	11.87041582274838	0.0041650917983589
2459839.7776741	12.977714912984514	0.0062437888183628
2459840.7577453	12.56024141733472	0.0021374374426188
2459841.7843858	12.185296555269016	0.0039572070112726
2459844.714031	13.092124986556646	0.0079985740178395
2459847.7176056	13.053822940185963	0.005845972242315
2459849.7517257	12.335077443415214	0.0036529888586474
2459852.7462743	12.260476614582576	0.0038415700244093
2459853.6791018	13.019213392554512	0.0053939358127951
2459856.6341534	12.960525957527732	0.0048664983271773
2459860.7427639	12.829741650254096	0.0051794761267308
2459867.7105816	11.998822487326432	0.0041632126359409
2459870.708863	12.266181356303392	0.0038005712355884
2459881.6215729	11.99565196800729	0.0040608691359442
2459882.6174859	12.977982001676349	0.0049151799703057
2459884.6286281	11.977983348739745	0.0040684832442977
2459885.6120872	12.967389179163993	0.0050087839238875
2459886.6090873	12.702958039534224	0.0021795622118391
2459887.6035691	11.91005287729496	0.0042245616162571
2459888.6029325	12.937441377247898	0.0053911423428157
2459890.5984165	12.249772233269042	0.0043004593705013
2459890.5996573	12.238738241329708	0.0044702501604194
2459891.5940935	12.97911115916894	0.0075896053368078
2459891.5965739	12.927141385050012	0.0088060763629161
2459898.5959614	12.46438096701904	0.0034879309688415
2459901.5872091	12.358373576357844	0.0037392064294905
2459907.5670979	12.1745024649495	0.0039370640290871
2459912.5556616	12.75770118500947	0.0022832066406194
2459912.5569002	12.757056339506406	0.0025615387996128
2459914.5517867	12.900143374909344	0.0055068277815844
2459965.0277678	12.826660323480612	0.0032831429960097
2459965.0302251	12.841592255241071	0.0043451218819096
2460002.0831128	12.501730309132334	0.0027894009340393
2460021.0583153	12.866070437111548	0.0049138914397593
2460021.0608678	12.89216133679589	0.0055495894806992
2460021.1275548	12.919396064670131	0.006198721078861
2460024.9427003	13.098751466914516	0.0066538644829764
2460026.8802108	12.105308772798551	0.0040102222065849
2460029.9949429	12.654957186004934	0.0016144314175419
2460041.9786141	12.238336889569762	0.0044124701595197
2460048.94347	12.96508035286906	0.0061802522364217
2460049.9679378	12.750978165271745	0.0023575893365154
2460056.9198779	12.666459113831037	0.0020566360207672
2460058.9014463	12.430286245212232	0.0034177190165482
2460073.8858868	12.033053016926504	0.005207699742199
2460073.9469196	12.325965307652444	0.0041270765699477
2460076.8667835	11.90247752546141	0.004061350362043
2460093.8130727	12.254106687128504	0.0039053476397661
2460094.8169394	13.126185803004924	0.0074481574052833
2460095.8175881	12.856339140358166	0.0050494284592798
2460097.8059526	13.032431455770476	0.0100049016035495
2460098.7883968	12.811159548842706	0.0061797327932801
2460101.7858324	12.737274298379266	0.0039535420684115
2460103.8239345	13.006859922053614	0.0062763299244601
2460107.815561	12.75700228909422	0.0022764724537795
2460109.8006949	12.96551081503674	0.0049197132511644
2460111.975858	12.59148023383826	0.0018478248940815
2460113.946382	12.91460380430152	0.0053591973978688
2460116.9914255	12.993021798721962	0.0062962622053236
2460120.8460392	11.870688404392595	0.0041824710773087
2460122.7934718	12.5010572469847	0.0031957627014179
2460123.8691582	11.877607814783572	0.0042410880013635
2460125.8392061	12.617289860214454	0.0022681195963003
2460127.9581539	13.084476995365169	0.0088253829160261
2460129.8859717	11.844702190884986	0.0061825023174881
2460133.9907523	13.098324929047688	0.0085777191187777
2460135.8668185	12.78491739781053	0.0037580638179024
2460137.9409251	12.768444791312463	0.0038225564124714
2460137.9728404	12.81514636217908	0.0041330439809965
2460140.9821202	12.812006146992433	0.0041719359027904
2460142.6763905	12.423521457602826	0.0034591996354997
2460143.9062122	12.567132100802066	0.0027560968211449
2460145.9008091	12.938185028607675	0.0046228580961462
2460146.9240367	12.60372699089659	0.0014777307050446
2460149.6728198	13.099190781112346	0.0066744193663525
2460149.8533417	12.318904410759918	0.0036282707717135
2460151.8235917	12.785495856488684	0.0025825157638469
2460152.8942099	12.371663087370043	0.0037410310921458
2460154.8859036	12.899454799324916	0.0056672386882499
2460156.8510335	12.976686425891518	0.0069165139625656
2460159.9107776	13.099630027227796	0.0089357664789965
2460161.7815795	12.672428599861064	0.00283567695083
2460162.8787992	12.999893436416208	0.0068134909844209
2460171.8863803	12.958515739605678	0.005956503128893
2460174.8222862	12.92472314758391	0.0048363080893692
2460175.8169592	12.421469015533038	0.0035161405650076
2460182.7498546	12.969670015426672	0.0062968169774752
2460185.7478367	12.941914963417396	0.0070877832569729
2460186.8017884	12.828872868248148	0.0053888432626318
2460190.7658211	11.857627946849084	0.0042312741223007
2460193.7275766	12.63740231201414	0.002090257335941
2460194.8107268	12.969272174111918	0.0061416587699567
2460195.8062113	12.78038855958038	0.0036196397322508
2460196.8052288	11.93489522824798	0.0041904026912888
2460197.8008521	12.978869812933173	0.0062720703373029
2460200.7815436	13.000450651820811	0.0066705422802949
2460211.7383947	13.079478325380842	0.0077879518514579
2460215.7621794	12.880838916544167	0.0064110249004641
2460219.7633686	12.217439700786166	0.0039579025516051
2460222.7237016	11.959794438763868	0.0041576828603276
2460225.725724	11.8936306355437	0.0041785553423067
2460227.6161773	12.298477839306113	0.0037806848823911
2460228.6753663	12.846535176243911	0.0035074407004933
2460230.5974743	12.11281531365195	0.0039747569996563
2460231.6354933	13.10972260581482	0.0067098382095203
2460234.7273155	12.23242327523379	0.0038760404325332
2460235.6448584	12.855578259086789	0.0035472589249511
2460236.6318127	12.1222050703904	0.00397560299868
2460237.6250434	12.983763568225225	0.005309578798217
2460244.6458282	12.828949942998952	0.0055656789550539
2460250.6101732	12.68711190702436	0.0015169396126108
2460270.5541022	12.766285001501704	0.0032351756306229
2460273.5652447	12.80177744553622	0.0047556665600567
2460277.5401913	11.901132679859913	0.0041151684364377
2460286.533036	12.871516160266232	0.0070356933573313
2460286.5342764	12.886231772148404	0.0095818369733436
2460336.1693092	12.6031582086506	0.0048162816762829
2460337.1658895	12.664971431071358	0.0047875001608458
2460387.0897409	13.037637142043062	0.0070061261893879
2460393.0875611	12.995671899384895	0.0104423239051352
2460403.9148092	12.98847102795202	0.0058483245973271
2460404.9189259	12.702176033817889	0.0012735671792559
2460405.9121333	11.851855490189909	0.0040198204863592
2460407.9092719	12.646564083798191	0.002466522782463
2460408.9383183	11.88455552868205	0.0040313799235452
2460409.9064786	12.96334758798034	0.0048962936198604
2460411.8980248	12.612150150757255	0.0025418483212229
2460417.1192703	12.96370965295387	0.0061305803561853
2460418.123347	12.57073240504561	0.0021006324874926
2460419.044005	13.060332278784063	0.0072872764627192
2460420.0227832	12.83411736257732	0.0047807307323119
2460420.991692	11.891403177823982	0.004320888688971
2460426.9223985	13.14272161119985	0.0099740386237517
2460427.9493636	12.923091133006276	0.0070458973112156
2460429.8965072	13.129024218316424	0.0085163603535223
2460430.7566213	12.453616012707634	0.0034397072349349
2460431.8974966	12.191938345109635	0.0039868238075324
2460432.893725	13.064478950213704	0.0074687150032327
2460433.8860497	12.822778549951783	0.0042953076371764
2460434.907095	12.17371466927689	0.0040162340086182
2460436.8804141	12.75169792514913	0.003557707677151
2460437.8839047	11.993089393330314	0.0041498203079289
2460438.8809141	12.980045056096476	0.0062369126839866
2460439.8754207	12.73261917878276	0.0031895922509739
2460446.9010459	11.870278273604796	0.0040342305317885
2460452.8320412	13.159339244499805	0.0111637246651487
2460454.6899784	12.534294548351642	0.0062288452004397
2460455.8304123	13.127092057152272	0.0094421208820989
2460456.6877794	12.520050114727162	0.0035178256555431
2460457.0003038	13.019916426427898	0.0077951196405798
