2458955.827209 12.345948 0.008712
2458955.848022 12.337769 0.008936
2458955.868835 12.329054 0.008620
2458955.889709 12.316245 0.008435
2458955.910522 12.301727 0.008069
2458955.931335 12.282162 0.007934
2458955.952209 12.268860 0.008351
2458955.973022 12.255468 0.008087
2458955.993835 12.244480 0.007937
2458956.014709 12.239492 0.007992
2458956.035522 12.237066 0.007998
2458956.056335 12.238597 0.008090
2458956.077209 12.242573 0.007971
2458956.098022 12.250654 0.008169
2458956.118835 12.261214 0.008011
2458956.139709 12.270795 0.008040
2458956.160522 12.284436 0.008282
2458956.181335 12.293519 0.008358
2458956.202209 12.305263 0.008279
2458956.223022 12.315647 0.008365
2458956.243835 12.324206 0.008901
2458956.264709 12.331866 0.008426
2458956.285522 12.339430 0.008497
2458956.306396 12.342237 0.008410
2458956.327209 12.346455 0.008933
2458956.348083 12.347345 0.008643
2458956.368896 12.346263 0.008716
2458956.389709 12.342386 0.008857
2458956.410583 12.335271 0.009046
2458956.431396 12.325208 0.008803
2458956.452209 12.310530 0.009054
2458956.473083 12.295134 0.009021
2458956.493896 12.278919 0.009299
2458956.514709 12.262279 0.009322
2458960.327332 12.311042 0.010216
2458960.348145 12.295460 0.009625
2458960.368958 12.281181 0.009427
2458960.389832 12.263207 0.009601
2458960.410645 12.249885 0.008992
2458960.431458 12.240744 0.008964
2458960.452332 12.236781 0.008905
2458960.473145 12.234325 0.008904
2458960.493958 12.236479 0.008955
2458960.514832 12.241898 0.009160
2458960.535645 12.250084 0.009056
2458960.556458 12.259777 0.009153
2458960.577332 12.271649 0.008869
2458960.598145 12.284551 0.009369
2458960.618958 12.294958 0.009341
2458960.639832 12.303537 0.009378
2458960.660645 12.314626 0.009726
2458960.681458 12.324574 0.009800
2458960.702332 12.331132 0.009571
2458960.723145 12.336976 0.010032
2458960.743958 12.342808 0.009721
2458960.764832 12.347008 0.009851
2458960.785645 12.345873 0.010003
2458960.806458 12.347532 0.010303
2458960.827332 12.342423 0.009766
2458960.848145 12.332810 0.010083
2458960.868958 12.319719 0.010060
2458960.889832 12.304536 0.009662
2458960.910645 12.288765 0.009747
2458961.056458 12.236067 0.009556
2458961.077332 12.244806 0.009166
2458961.098145 12.252124 0.009205
2458961.118958 12.262365 0.009550
2458961.139832 12.278656 0.009270
2458961.160645 12.287734 0.009366
2458961.181458 12.299331 0.009446
2458961.202332 12.311235 0.009023
2458961.223145 12.319582 0.009665
2458961.243958 12.328793 0.009573
2458961.264832 12.333658 0.009448
2458961.285645 12.341342 0.009427
2458961.306458 12.344438 0.009782
2458961.327332 12.346683 0.009645
2458961.348145 12.344809 0.009322
2458961.368958 12.345402 0.009271
2458961.389832 12.338303 0.009293
2458961.410645 12.328025 0.009089
2458961.431458 12.314013 0.008994
2458961.452332 12.299094 0.008993
2458961.473145 12.282474 0.008815
2458961.493958 12.268556 0.008818
2458961.514832 12.254346 0.008334
2458961.535645 12.240937 0.008662
2458961.556458 12.235660 0.008192
2458961.577332 12.233758 0.008595
2458961.598145 12.236415 0.008453
2458961.618958 12.242319 0.008327
2458961.639832 12.250798 0.008353
2458961.660645 12.260016 0.008790
2458961.681458 12.269372 0.008651
2458961.702332 12.282549 0.008838
2458961.723145 12.292882 0.009107
2458961.743958 12.303530 0.009065
2458961.764832 12.316748 0.009489
2458961.785706 12.324661 0.009263
2458961.806519 12.330432 0.009444
2458961.827332 12.337111 0.009314
2458961.848206 12.344137 0.009064
2458961.869019 12.346667 0.009282
2458961.889832 12.346236 0.009720
2458961.910706 12.344607 0.009795
2458961.931519 12.340358 0.009059
2458961.952332 12.331392 0.009743
2458961.973206 12.322040 0.009362
2458961.994019 12.306717 0.008860
2458962.014832 12.292465 0.008964
2458962.035706 12.276868 0.009133
2458962.056519 12.260764 0.008791
2458962.077332 12.248795 0.008871
2458962.098206 12.240697 0.008470
2458962.119019 12.235317 0.008507
2458962.139832 12.234527 0.008162
2458962.160706 12.237679 0.008385
2458962.181519 12.243789 0.008532
2458962.202332 12.253257 0.008694
2458962.223206 12.263781 0.008591
2458962.244019 12.274283 0.008560
2458962.264832 12.288004 0.008322
2458962.285706 12.298202 0.009002
2458962.306519 12.310714 0.009035
2458962.327332 12.318468 0.009363
2458962.348206 12.327650 0.009106
2458962.369019 12.335613 0.009148
2458962.389832 12.340992 0.008908
2458962.410706 12.343887 0.009101
2458962.431519 12.345749 0.009147
2458962.452332 12.345337 0.009220
2458962.473206 12.341640 0.008814
2458962.494019 12.337801 0.008945
2458962.514832 12.328044 0.008937
2458962.535706 12.316918 0.008924
2458962.556519 12.302815 0.008855
2458962.577332 12.286801 0.008531
2458962.598206 12.268498 0.008383
2458962.619019 12.255392 0.008062
2458962.639832 12.244003 0.008598
2458962.660706 12.240125 0.008395
2458962.681519 12.237331 0.008251
2458962.702332 12.236280 0.008450
2458962.723206 12.240684 0.008655
2458962.744019 12.249864 0.008369
2458962.764832 12.258143 0.008400
2458962.785706 12.270489 0.008365
2458962.806519 12.282136 0.008906
2458962.827332 12.292141 0.008744
2458962.848206 12.304643 0.008863
2458962.869019 12.315013 0.009172
2458962.889832 12.324303 0.009153
2458962.910706 12.331281 0.009117
2458962.931519 12.339444 0.009100
2458962.952332 12.343767 0.009487
2458962.973206 12.345309 0.009392
2458962.994019 12.350405 0.009107
2458963.014832 12.346957 0.009311
2458963.035706 12.341665 0.009537
2458963.056519 12.335224 0.009175
2458963.077332 12.327789 0.009010
2458963.098206 12.313342 0.008927
2458963.119019 12.296150 0.009015
2458963.139832 12.278676 0.008601
2458963.160706 12.264926 0.008354
2458963.181519 12.251507 0.008354
2458963.202332 12.241935 0.008517
2458963.223206 12.237108 0.008288
2458963.244019 12.237010 0.008356
2458963.264832 12.239858 0.008090
2458963.285706 12.244668 0.008674
2458963.306519 12.252138 0.008604
2458963.327332 12.266928 0.008655
2458963.348206 12.273935 0.008565
2458963.369019 12.288808 0.008588
2458963.389832 12.296190 0.008490
2458963.410706 12.308778 0.008656
2458963.431519 12.318408 0.008975
2458963.452332 12.323918 0.008783
2458963.473206 12.334997 0.008627
2458963.494019 12.341679 0.008923
2458963.514832 12.345096 0.008777
2458963.535706 12.347935 0.008916
2458963.556519 12.344618 0.009044
2458963.577332 12.344056 0.009121
2458963.598206 12.341029 0.009056
2458963.619019 12.334048 0.009297
2458963.639832 12.320078 0.008789
2458963.660706 12.303397 0.008630
2458963.681519 12.287442 0.008865
2458963.702332 12.275334 0.008552
2458963.723206 12.260026 0.008742
2458963.744019 12.246979 0.008336
2458963.764893 12.237796 0.008361
2458963.785706 12.237525 0.008392
2458963.806580 12.237222 0.008307
2458963.827393 12.241732 0.008597
2458963.848206 12.245422 0.008506
2458963.869080 12.256152 0.008574
2458963.889893 12.269579 0.008798
2458963.910706 12.280632 0.008774
2458963.931580 12.293360 0.008413
2458963.952393 12.304499 0.008709
2458963.973206 12.311741 0.008966
2458963.994080 12.323116 0.009164
2458964.014893 12.333649 0.009305
2458964.035706 12.340551 0.009105
2458964.056580 12.342260 0.009169
2458964.077393 12.346989 0.009216
2458964.098206 12.353597 0.009106
2458964.119080 12.352672 0.009621
2458964.139893 12.346352 0.009062
2458964.160706 12.339557 0.009153
2458964.181580 12.329950 0.008993
2458964.202393 12.317468 0.008995
2458964.223206 12.302460 0.008728
2458964.244080 12.280670 0.008267
2458964.264893 12.265449 0.008723
2458964.285706 12.254987 0.008408
2458964.306580 12.246698 0.008662
2458964.327393 12.240395 0.008445
2458964.348206 12.235303 0.008568
2458964.369080 12.239263 0.008354
2458964.389893 12.248924 0.008401
2458964.410706 12.255336 0.008284
2458964.431580 12.263809 0.008286
2458964.452393 12.273662 0.008607
2458964.473206 12.281215 0.008640
2458964.494080 12.301852 0.008667
2458964.514893 12.311276 0.008806
2458964.535706 12.321140 0.008963
2458964.556580 12.329085 0.009089
2458964.577393 12.336919 0.008877
2458964.598206 12.343828 0.008969
2458964.619080 12.348095 0.008917
2458964.639893 12.347701 0.008853
2458964.660706 12.351095 0.009001
2458964.681580 12.351143 0.009140
2458964.702393 12.345736 0.009085
2458964.723206 12.337732 0.009069
2458964.744080 12.324663 0.008941
2458964.764893 12.311314 0.008957
2458964.785706 12.298427 0.008811
2458964.806580 12.283765 0.008440
2458964.827393 12.264279 0.008498
2458964.848206 12.251130 0.008477
2458964.869080 12.244359 0.008174
2458964.889893 12.241236 0.008501
2458964.910706 12.241562 0.008411
2458964.931580 12.241463 0.008525
2458964.952393 12.249292 0.008529
2458964.973206 12.261405 0.008580
2458964.994080 12.273594 0.008712
2458965.014893 12.280893 0.008612
2458965.035706 12.291591 0.008734
2458965.056580 12.308484 0.008825
2458965.077393 12.321795 0.009011
2458965.098206 12.329399 0.009174
2458965.119080 12.333879 0.009219
2458965.139893 12.340813 0.008830
2458965.160706 12.343047 0.009075
2458965.181580 12.354300 0.009178
2458965.202393 12.355684 0.009204
2458965.223206 12.349646 0.008947
2458965.244080 12.350180 0.009679
2458965.264893 12.346361 0.008826
2458965.285706 12.336094 0.008864
2458965.306580 12.322109 0.009091
2458965.327393 12.305727 0.008832
2458965.348206 12.293255 0.008656
2458965.369080 12.276616 0.008785
2458965.389893 12.261245 0.008571
2458965.410706 12.246876 0.008705
2458965.431580 12.244160 0.008301
2458965.452393 12.242656 0.008570
2458965.473206 12.243120 0.008467
2458965.494080 12.245247 0.008334
2458965.514893 12.250837 0.008246
2458965.535706 12.266574 0.008552
2458965.556580 12.276060 0.008367
2458965.577393 12.294313 0.008591
2458965.598206 12.302470 0.008873
2458965.619080 12.313093 0.008861
2458965.639893 12.323290 0.009029
2458965.660706 12.334070 0.008970
2458965.681580 12.341001 0.008975
2458965.702393 12.346912 0.008925
2458965.723206 12.347414 0.009215
2458965.744080 12.355802 0.009165
2458965.764893 12.355672 0.009048
2458965.785706 12.356568 0.009588
2458965.806580 12.347900 0.009144
2458965.827393 12.344105 0.009180
2458965.848206 12.337331 0.009134
2458965.869080 12.316412 0.008865
2458965.889954 12.300951 0.008858
2458965.910767 12.286663 0.008813
2458965.931580 12.272429 0.008576
2458965.952454 12.258027 0.008276
2458965.973267 12.248217 0.008503
2458965.994080 12.245121 0.008743
2458966.014954 12.243588 0.008475
2458966.035767 12.246449 0.008401
2458966.056580 12.251671 0.008486
2458966.077454 12.258861 0.008744
2458966.098267 12.268902 0.008567
2458966.119080 12.281178 0.008466
2458966.139954 12.295571 0.008931
2458966.160767 12.304496 0.008736
2458966.181580 12.320634 0.008945
2458966.202454 12.327962 0.008897
2458966.223267 12.340943 0.009167
2458966.244080 12.343160 0.009117
2458966.264954 12.351163 0.009059
2458966.285767 12.353797 0.009180
2458966.306580 12.354482 0.009076
2458966.327454 12.353866 0.009176
2458966.348267 12.353538 0.009183
2458966.369080 12.347991 0.009142
2458966.389954 12.341891 0.008905
2458966.410767 12.325807 0.009105
2458966.431580 12.308495 0.008735
2458966.452454 12.296813 0.008864
2458966.473267 12.277390 0.008544
2458966.494080 12.267678 0.008568
2458966.514954 12.255044 0.008403
2458966.535767 12.243898 0.008499
2458966.556580 12.243162 0.008243
2458966.577454 12.241100 0.008553
2458966.598267 12.248127 0.008610
2458966.619080 12.253571 0.008412
2458966.639954 12.262321 0.008271
2458966.660767 12.274126 0.008816
2458966.681580 12.286488 0.008696
2458966.702454 12.297449 0.008812
2458966.723267 12.308520 0.008918
2458966.744080 12.316992 0.009023
2458966.764954 12.327665 0.009165
2458966.785767 12.338908 0.009038
2458966.806580 12.348372 0.009084
2458966.827454 12.346213 0.009335
2458966.848267 12.348563 0.009044
2458966.869080 12.355464 0.009289
2458966.889954 12.353957 0.009095
2458966.910767 12.347613 0.009122
2458966.931580 12.338901 0.008727
2458966.952454 12.332448 0.009077
2458966.973267 12.319945 0.008867
2458966.994080 12.300500 0.008582
2458967.014954 12.285401 0.008649
2458967.035767 12.270522 0.008678
2458967.056580 12.258154 0.008406
2458967.077454 12.244764 0.008645
2458967.098267 12.237841 0.008684
2458967.119080 12.239826 0.008226
2458967.139954 12.240667 0.008534
2458967.160767 12.250497 0.008371
2458967.181580 12.256600 0.008553
2458967.202454 12.268276 0.008827
2458967.223267 12.278563 0.008499
2458967.244080 12.292860 0.008518
2458967.264954 12.304329 0.008576
2458967.285767 12.313300 0.008861
2458967.306580 12.323841 0.008859
2458967.327454 12.332375 0.009141
2458967.348267 12.340209 0.009288
2458967.369080 12.348739 0.009350
2458967.389954 12.348310 0.008682
2458967.410767 12.352767 0.008870
2458967.431580 12.351382 0.009068
2458967.452454 12.350424 0.009139
2458967.473267 12.345671 0.008898
2458967.494080 12.339142 0.008875
2458967.514954 12.325159 0.008950
2458967.535767 12.308900 0.008410
2458967.556580 12.292077 0.008743
2458967.577454 12.276635 0.008564
2458967.598267 12.263679 0.008257
2458967.619080 12.250333 0.008679
2458967.639954 12.242670 0.008218
2458967.660767 12.237563 0.008326
2458967.681580 12.241465 0.008052
2458967.702454 12.244296 0.008006
2458967.723267 12.250380 0.007993
2458967.744080 12.259768 0.008423
2458967.764954 12.272011 0.008156
2458967.785767 12.286886 0.008457
2458967.806580 12.298317 0.008470
2458967.827454 12.307586 0.008313
2458967.848267 12.315777 0.008853
2458967.869080 12.329834 0.008723
2458967.889954 12.337214 0.008657
2458967.910767 12.342653 0.008710
2458967.931580 12.348998 0.008955
2458967.952454 12.349931 0.008952
2458967.973267 12.355194 0.008867
2458967.994080 12.351864 0.008879
2458968.014954 12.347737 0.008847
2458968.035767 12.345259 0.008801
2458968.056580 12.335376 0.008920
2458968.077454 12.322253 0.008785
2458968.098267 12.302323 0.008071
2458968.119080 12.284220 0.008706
2458968.139954 12.270253 0.008381
2458968.160767 12.255220 0.007833
2458968.181580 12.244078 0.008245
2458968.202454 12.239337 0.007900
2458968.223267 12.237999 0.007967
2458968.244080 12.242492 0.008083
2458968.264954 12.245592 0.008045
2458968.285828 12.254032 0.007941
2458968.306641 12.264621 0.008226
2458968.327454 12.277172 0.008333
2458969.285828 12.238191 0.007704
2458969.306641 12.234267 0.007675
2458969.327454 12.231664 0.007592
2458969.348328 12.231702 0.007816
2458969.369141 12.235625 0.007743
2458969.389954 12.242377 0.007674
2458969.410828 12.252668 0.007935
2458969.431641 12.266287 0.007906
2458969.452454 12.278033 0.008064
2458969.473328 12.292163 0.008288
2458969.494141 12.300375 0.007893
2458969.514954 12.311579 0.008240
2458969.535828 12.320751 0.008507
2458969.556641 12.327478 0.008271
2458969.577454 12.334012 0.008512
2458969.598328 12.339825 0.008265
2458969.619141 12.340832 0.008295
2458969.639954 12.342597 0.008723
2458969.660828 12.342544 0.008710
2458969.681641 12.338115 0.008442
2458969.702454 12.331240 0.008397
2458969.723328 12.317785 0.008525
2458969.744141 12.304218 0.008184
2458969.764954 12.290259 0.008232
2458969.785828 12.270801 0.008095
2458969.806641 12.258552 0.008106
2458969.827454 12.243179 0.007951
2458969.848328 12.235250 0.007983
2458969.869141 12.231027 0.007591
2458969.889954 12.230481 0.007653
2458969.910828 12.233226 0.007780
2458969.931641 12.237859 0.008003
2458969.952454 12.247786 0.008204
2458969.973328 12.258180 0.008037
2458969.994141 12.271213 0.008161
2458970.014954 12.283148 0.007884
2458970.035828 12.294744 0.008624
2458970.056641 12.305460 0.008369
2458970.077454 12.315880 0.008660
2458970.098328 12.322191 0.008779
2458970.119141 12.330921 0.009106
2458970.139954 12.334994 0.009647
2458970.160828 12.338137 0.009732
2458974.452454 12.283694 0.009331
2458974.473328 12.296849 0.009655
2458974.494141 12.307728 0.009791
2458974.514954 12.316128 0.009793
2458974.535828 12.324449 0.009665
2458975.035828 12.301036 0.009625
2458975.056702 12.312178 0.009770
2458975.077515 12.318278 0.009611
2458975.098328 12.328077 0.009623
2458975.119202 12.334427 0.009909
2458975.140015 12.340248 0.010062
2458975.160828 12.342411 0.010148
2458975.181702 12.345913 0.009870
2458975.202515 12.340821 0.009842
2458975.223328 12.337739 0.009779
2458975.244202 12.330507 0.009858
2458975.265015 12.319929 0.009736
2458975.285828 12.305362 0.009571
2458975.306702 12.288324 0.009369
2458975.327515 12.276251 0.009292
2458975.348328 12.257272 0.009065
2458975.369202 12.242510 0.008721
2458975.390015 12.235614 0.008753
2458975.410828 12.229541 0.008452
2458975.431702 12.229356 0.008892
2458975.452515 12.230602 0.008424
2458975.473328 12.238578 0.008719
2458975.494202 12.246104 0.008388
2458975.515015 12.256651 0.008731
2458975.535828 12.269568 0.008910
2458975.556702 12.282062 0.008900
2458975.577515 12.295588 0.009272
2458975.598328 12.305405 0.009449
2458975.619202 12.316139 0.009138
2458975.640015 12.324216 0.009454
2458975.660828 12.332524 0.009549
2458975.681702 12.338857 0.009337
2458975.702515 12.340241 0.009426
2458975.723328 12.340575 0.009603
2458975.744202 12.344662 0.009335
2458975.765015 12.339711 0.009520
2458975.785828 12.337200 0.009522
2458975.806702 12.324141 0.009405
2458975.827515 12.310989 0.009260
2458975.848328 12.297813 0.009516
2458975.869202 12.279305 0.009128
2458975.890015 12.262770 0.009006
2458975.910828 12.248653 0.008878
2458975.931702 12.239391 0.008812
2458975.952515 12.229627 0.008786
2458975.973328 12.226799 0.008729
2458975.994202 12.226575 0.008725
2458976.015015 12.232610 0.008673
2458976.035828 12.238858 0.008825
2458976.056702 12.248647 0.008570
2458976.077515 12.263493 0.008970
2458976.098328 12.272575 0.008522
2458976.119202 12.288258 0.008850
2458976.140015 12.297723 0.009072
2458976.160828 12.309627 0.008985
2458976.181702 12.319125 0.009110
2458976.202515 12.327120 0.008778
2458976.223328 12.333320 0.009157
2458976.244202 12.336560 0.009227
2458976.265015 12.339274 0.009377
2458976.285828 12.339312 0.009285
2458976.306702 12.340327 0.009305
2458976.327515 12.332041 0.009395
2458976.348328 12.330836 0.009038
2458976.369202 12.321050 0.009014
2458976.390015 12.307102 0.008662
2458976.410828 12.289266 0.008503
2458976.431702 12.273364 0.008556
2458976.452515 12.258917 0.007990
2458976.473328 12.245113 0.008111
2458976.494202 12.233397 0.008210
2458976.515015 12.228217 0.008348
2458976.535828 12.227623 0.008427
2458976.556702 12.229382 0.008494
2458976.577515 12.234341 0.008107
2458976.598328 12.241611 0.008445
2458976.619202 12.253682 0.008658
2458976.640015 12.265149 0.008678
2458976.660828 12.279825 0.008831
2458976.681702 12.291784 0.008901
2458976.702515 12.301893 0.008750
2458976.723328 12.314948 0.008896
2458976.744202 12.324439 0.009026
2458976.765015 12.329712 0.008975
2458976.785828 12.334807 0.009105
2458976.806702 12.338211 0.008853
2458976.827515 12.342901 0.009360
2458976.848328 12.341059 0.009140
2458976.869202 12.339413 0.009480
2458976.890015 12.336385 0.009127
2458976.910828 12.318905 0.009380
2458976.931702 12.310515 0.008863
2458976.952515 12.296788 0.008609
2458976.973328 12.281873 0.008735
2458976.994202 12.266890 0.008821
2458977.015015 12.251328 0.008644
2458977.035828 12.238188 0.008649
2458977.056702 12.230884 0.008462
2458977.098328 12.226147 0.008155
2458977.119202 12.229417 0.008382
2458977.140015 12.236543 0.008348
2458977.160828 12.246225 0.008392
2458977.181702 12.258465 0.008202
2458977.202515 12.270126 0.008547
2458977.223328 12.283325 0.008567
2458977.244202 12.295238 0.008583
2458977.265015 12.306761 0.008873
2458977.285828 12.316852 0.008926
2458977.306702 12.322236 0.008942
2458977.327515 12.331940 0.008843
2458977.348328 12.335061 0.009018
2458977.369202 12.339873 0.008803
2458977.390015 12.341020 0.008703
2458977.410828 12.341486 0.009179
2458977.431702 12.338309 0.009096
2458977.452515 12.330626 0.008732
2458977.473328 12.321121 0.008783
2458977.494202 12.306379 0.008764
2458977.515015 12.292333 0.008630
2458977.535828 12.274534 0.008261
2458977.556702 12.259778 0.008302
2458977.577515 12.246303 0.008366
2458977.598328 12.234777 0.008073
2458977.619202 12.229432 0.008246
2458977.640015 12.224382 0.008261
2458977.660828 12.226307 0.008021
2458977.681702 12.231893 0.008501
2458977.702515 12.239861 0.008252
2458977.723328 12.249700 0.008527
2458977.744202 12.262799 0.008735
2458977.765015 12.274273 0.008762
2458977.785828 12.288414 0.008867
2458977.806702 12.299010 0.008806
2458977.827515 12.311972 0.008824
2458977.848328 12.320180 0.008829
2458977.869202 12.329145 0.009083
2458977.890015 12.333984 0.008887
2458977.910828 12.338127 0.009026
2458977.931702 12.339206 0.009346
2458977.952515 12.340378 0.008647
2458977.973328 12.341405 0.009339
2458977.994202 12.339058 0.009145
2458978.015015 12.329679 0.009255
2458978.035828 12.315810 0.008939
2458978.056702 12.301326 0.008891
2458978.077515 12.286919 0.008503
2458978.098328 12.269084 0.008424
2458978.119202 12.254316 0.008404
2458978.140015 12.239785 0.008359
2458978.160828 12.230602 0.008313
2458978.181702 12.224861 0.008231
2458978.202515 12.225975 0.008289
2458978.223328 12.228214 0.008339
2458978.244202 12.235337 0.008226
2458978.265015 12.246094 0.008314
2458978.285828 12.256099 0.008669
2458978.306702 12.269599 0.008680
2458978.327515 12.281360 0.008838
2458978.348328 12.295099 0.008435
2458978.369202 12.306148 0.008775
2458978.390015 12.317562 0.009014
2458978.410828 12.323721 0.008719
2458978.431702 12.329982 0.009122
2458978.452515 12.336619 0.009080
2458978.473328 12.338756 0.008903
2458978.494202 12.340212 0.009196
2458978.515015 12.343324 0.008976
2458978.535828 12.339046 0.008837
2458978.556702 12.334093 0.008958
2458978.577515 12.326252 0.008654
2458978.598328 12.312304 0.008787
2458978.619202 12.295897 0.008617
2458978.640015 12.279525 0.008776
2458978.660828 12.264159 0.008660
2458978.681702 12.249193 0.008238
2458978.702515 12.237663 0.008240
2458978.723328 12.228141 0.008378
2458978.744202 12.227124 0.008177
2458978.765015 12.228499 0.008420
2458978.785828 12.229887 0.008587
2458978.806702 12.237857 0.008451
2458978.827515 12.251790 0.008538
2458978.848328 12.262468 0.008440
2458978.869202 12.274126 0.008682
2458978.890015 12.286534 0.008431
2458978.910828 12.299729 0.008661
2458978.931702 12.310017 0.008914
2458978.952515 12.321747 0.009166
2458978.973328 12.325102 0.009387
2458978.994202 12.333853 0.009227
2458979.015015 12.338730 0.009265
2458979.035828 12.341584 0.009031
2458979.056702 12.343461 0.009223
2458979.077515 12.342846 0.009179
2458979.098328 12.336855 0.008917
2458979.119202 12.331931 0.008865
2458979.140015 12.320487 0.008650
2458979.160828 12.305486 0.008737
2458979.181702 12.287741 0.008983
2458979.202515 12.273573 0.008230
2458979.223328 12.255318 0.008673
2458979.244202 12.245635 0.008495
2458979.265015 12.231041 0.008340
2458979.285828 12.227287 0.008200
2458979.306702 12.225258 0.008385
2458979.327515 12.227896 0.008312
2458979.348328 12.232234 0.008212
2458979.369202 12.243577 0.008367
2458979.390015 12.253573 0.008568
2458979.410828 12.267165 0.008414
2458979.431702 12.280191 0.008627
2458979.452515 12.292991 0.008644
2458979.473328 12.303962 0.008464
2458979.494202 12.314968 0.008815
2458979.515015 12.319644 0.008662
2458979.535828 12.330271 0.008999
2458979.556702 12.335308 0.008747
2458979.577515 12.340000 0.008848
2458979.598328 12.340695 0.008965
2458979.619202 12.342186 0.009160
2458979.640015 12.340648 0.008976
2458979.660828 12.336660 0.008902
2458979.681702 12.328500 0.008875
2458979.702515 12.315164 0.008904
2458979.723328 12.300559 0.008518
2458979.744202 12.281805 0.008690
2458979.765015 12.266321 0.008690
2458979.785828 12.250152 0.008504
2458979.806702 12.241358 0.008481
2458979.827515 12.231617 0.008240
2458979.848328 12.227402 0.008192
2458979.869202 12.225897 0.008281
2458979.890015 12.229693 0.008156
2458979.910828 12.237873 0.008536
2458979.931702 12.248277 0.008353
2458979.952515 12.258938 0.008476
2458979.973328 12.271930 0.008572
2458979.994202 12.285066 0.008931
2458980.015015 12.296916 0.009101
2458980.035828 12.308030 0.009104
2458980.056702 12.318265 0.009305
2458980.077515 12.328478 0.009331
2458980.098328 12.329913 0.009371
2458980.119202 12.337038 0.009024
2458980.140015 12.340221 0.009106
2458980.160828 12.344546 0.009045
2458980.181702 12.345174 0.009326
2458980.202515 12.340059 0.009067
2458980.223328 12.333008 0.009196
2458980.244202 12.321658 0.009164
2458980.265015 12.309546 0.008708
2458980.285828 12.292411 0.008728
2458980.306702 12.277789 0.008921
2458980.327515 12.262285 0.008599
2458980.348328 12.246751 0.008578
2458980.369202 12.235323 0.008760
2458980.390015 12.229244 0.008415
2458980.410828 12.226044 0.008381
2458980.431702 12.227826 0.008461
2458980.452515 12.233764 0.008293
2458980.473328 12.240291 0.008489
2458980.494202 12.252267 0.008532
2458980.515015 12.263957 0.008196
2458980.535828 12.277711 0.008524
2458980.556702 12.289536 0.008713
2458980.577515 12.301916 0.008813
2458980.598328 12.311642 0.008544
2458980.619202 12.318427 0.009038
2458980.640015 12.327493 0.009201
2458980.660828 12.332515 0.008892
2458980.681702 12.338579 0.008989
2458980.702515 12.340049 0.009243
2458980.723328 12.342456 0.009380
2458980.744202 12.341109 0.008864
2458980.765015 12.337003 0.009239
2458980.785828 12.328602 0.008784
2458980.806702 12.316273 0.008983
2458980.827515 12.302181 0.008980
2458980.848328 12.285431 0.009000
2458980.869202 12.267371 0.008729
2458980.890015 12.252986 0.008637
2458980.910828 12.242790 0.008247
2458980.931702 12.231995 0.008583
2458980.952515 12.229503 0.008110
2458980.973328 12.227106 0.008371
2458980.994202 12.228651 0.008383
2458981.015015 12.233834 0.008431
2458981.035828 12.246151 0.008564
2458981.056702 12.256021 0.008462
2458981.077515 12.267743 0.008445
2458981.098328 12.281680 0.008680
2458981.119202 12.292844 0.009006
2458981.140015 12.307185 0.008613
2458981.160828 12.313328 0.008893
2458981.181702 12.323702 0.008902
2458981.202515 12.330945 0.008699
2458981.223328 12.334751 0.008640
2458981.244202 12.337988 0.008644
2458981.265015 12.340968 0.008893
2458981.285828 12.341116 0.009348
2458981.306702 12.338260 0.008810
2458981.327515 12.332937 0.008898
2458981.348328 12.324371 0.009000
2458981.369202 12.311351 0.008657
2458981.390015 12.294749 0.008260
2458981.410828 12.277526 0.008277
2458981.431702 12.261060 0.008136
2458981.452515 12.247364 0.008049
2458981.473328 12.236769 0.008145
2458981.494202 12.228230 0.008071
2458981.515015 12.224728 0.008025
2458981.535828 12.227333 0.008256
2458981.556702 12.232024 0.008059
2458981.577515 12.241009 0.008209
2458981.598328 12.250624 0.008106
2458981.619202 12.264296 0.008277
2458981.640015 12.274785 0.008255
2458981.660828 12.287477 0.008124
2458981.681702 12.299970 0.008513
2458981.702515 12.310766 0.008293
2458981.723328 12.319415 0.008576
2458981.744202 12.328634 0.008594
2458981.765015 12.332185 0.008749
2458981.785828 12.335045 0.008842
2458981.806702 12.342584 0.008785
2458981.827515 12.342782 0.008273
2458981.848328 12.341731 0.008839
2458981.869202 12.337652 0.008883
2458981.890015 12.329777 0.008463
2458981.910828 12.320203 0.008421
2458981.931702 12.304800 0.008432
2458981.952515 12.287219 0.008032
2458981.973328 12.271073 0.008054
2458981.994202 12.254584 0.007862
2458982.015015 12.242141 0.007818
2458982.035828 12.231962 0.007658
2458982.056702 12.226923 0.007740
2458982.077515 12.223194 0.007826
2458982.098328 12.226007 0.007729
2458982.119202 12.231001 0.007625
2458982.140015 12.241106 0.007756
2458982.160828 12.250723 0.007323
2458982.181702 12.267808 0.008176
2458982.202515 12.275888 0.008107
2458982.223328 12.289632 0.008409
2458982.244202 12.300451 0.008336
2458982.265015 12.310800 0.008423
2459692.958502 12.292253 0.007311
2459692.965446 12.290492 0.007762
2459692.972391 12.295527 0.007530
2459692.979335 12.291736 0.007987
2459692.986280 12.294920 0.006876
2459692.993224 12.294536 0.007286
2459693.000169 12.293471 0.007498
2459693.007114 12.293887 0.007745
2459693.014058 12.295049 0.007787
2459693.021003 12.292993 0.007403
2459693.027947 12.290811 0.007834
2459693.034892 12.291386 0.007552
2459693.041836 12.292572 0.007399
2459693.048781 12.289019 0.006555
2459693.055726 12.291008 0.007362
2459693.062670 12.289728 0.006978
2459693.069615 12.287901 0.007168
2459693.076559 12.288295 0.007653
2459693.083504 12.284911 0.008234
2459693.090448 12.282537 0.007431
2459693.097393 12.279902 0.007836
2459693.104338 12.278258 0.007348
2459693.111282 12.277894 0.007221
2459693.118227 12.279224 0.007422
2459693.125171 12.275775 0.007550
2459693.132116 12.277264 0.007451
2459693.139060 12.270338 0.008240
2459693.146005 12.265050 0.008108
2459693.152950 12.269290 0.008126
2459693.159894 12.268047 0.006783
2459693.166839 12.262862 0.007888
2459693.173783 12.263408 0.006672
2459693.180728 12.258734 0.007135
2459693.187673 12.253740 0.006990
2459693.194617 12.257090 0.007733
2459693.201562 12.254366 0.007233
2459693.208506 12.255491 0.007520
2459693.215451 12.253245 0.008100
2459693.222395 12.250958 0.006782
2459693.229340 12.248704 0.007213
2459693.236285 12.250132 0.007133
2459693.243229 12.249485 0.007442
2459693.250174 12.253630 0.007072
2459693.257118 12.254136 0.007588
2459693.264063 12.256570 0.007762
2459693.271007 12.253954 0.007264
2459693.277952 12.261373 0.007110
2459693.284897 12.257966 0.007884
2459693.291841 12.264085 0.007995
2459693.298786 12.265522 0.008120
2459693.305730 12.262549 0.008117
2459693.312675 12.269870 0.006967
2459693.319619 12.272589 0.008264
2459693.326564 12.274633 0.007777
2459693.333509 12.278556 0.008382
2459693.340453 12.284391 0.008254
2459693.347398 12.279860 0.007919
2459693.354342 12.278644 0.008526
2459693.361287 12.281918 0.008309
2459693.368231 12.282954 0.007676
2459693.375176 12.286061 0.008749
2459693.382121 12.285079 0.008314
2459693.389065 12.288926 0.009095
2459693.396010 12.289700 0.008348
2459693.402954 12.292917 0.006905
2459693.409899 12.291365 0.007983
2459693.416843 12.291162 0.007931
2459693.423788 12.294897 0.008566
2459693.430733 12.290924 0.009076
2459693.437677 12.293150 0.008671
2459693.444622 12.295891 0.009176
2459693.451566 12.295627 0.008647
2459698.312774 12.276889 0.007232
2459698.319718 12.281200 0.007140
2459698.326663 12.284927 0.007892
2459698.333607 12.284985 0.007580
2459698.340552 12.286225 0.007621
2459698.347497 12.287093 0.007205
2459698.354441 12.287626 0.006995
2459698.361386 12.292037 0.007995
2459698.368330 12.293526 0.007059
2459698.375275 12.295335 0.007442
2459698.382219 12.294508 0.006987
2459698.389164 12.294390 0.008131
2459698.396109 12.295664 0.007313
2459698.403053 12.295784 0.007659
2459698.409998 12.297190 0.007903
2459698.416942 12.297800 0.006917
2459698.423887 12.301248 0.007441
2459698.430832 12.299652 0.007232
2459698.437776 12.301331 0.006735
2459698.444721 12.303423 0.007474
2459698.451665 12.299123 0.007922
2459698.458610 12.302011 0.006320
2459698.465554 12.301782 0.007568
2459698.472499 12.302847 0.006866
2459698.479444 12.299208 0.007374
2459698.486388 12.301499 0.006626
2459698.493333 12.302561 0.007337
2459698.500277 12.304072 0.007898
2459698.507222 12.300999 0.007362
2459698.514167 12.301732 0.006936
2459698.521111 12.303061 0.007160
2459698.528056 12.305751 0.007234
2459698.535000 12.304985 0.006968
2459698.541945 12.301437 0.007478
2459698.548889 12.298104 0.007605
2459698.555834 12.301122 0.007496
2459698.562779 12.295674 0.007314
2459698.569723 12.298766 0.006889
2459698.576668 12.293431 0.006957
2459698.583612 12.295474 0.007440
2459698.590557 12.296899 0.006789
2459698.597501 12.295378 0.006719
2459698.604446 12.293652 0.006512
2459698.611391 12.288207 0.006721
2459698.618335 12.291877 0.007167
2459698.625280 12.290011 0.006835
2459698.632224 12.284209 0.006643
2459698.639169 12.285737 0.007026
2459698.646114 12.283035 0.007190
2459698.653058 12.281976 0.006739
2459698.660003 12.282146 0.006397
2459698.666947 12.275278 0.006267
2459698.673892 12.274936 0.007055
2459698.680836 12.270392 0.007664
2459698.687781 12.275226 0.006481
2459698.694726 12.268398 0.007043
2459698.701670 12.268206 0.006615
2459698.708615 12.268479 0.007214
2459698.715559 12.264480 0.006830
2459698.750282 12.253602 0.007087
2459698.757227 12.248342 0.006311
2459698.764171 12.252720 0.006859
2459698.771116 12.255061 0.007001
2459698.778061 12.252656 0.006994
2459698.785005 12.253659 0.007345
2459698.791950 12.255689 0.007119
2459698.798894 12.256118 0.007352
2459698.805839 12.256470 0.007105
2459698.812783 12.259775 0.006941
2459698.819728 12.261933 0.006888
2459698.826673 12.265893 0.006802
2459698.833617 12.265903 0.006547
2459698.840562 12.268019 0.007045
2459698.847506 12.271625 0.007022
2459698.854451 12.274151 0.006968
2459698.861396 12.275886 0.007910
2459698.868340 12.279416 0.007367
2459698.875285 12.282233 0.007004
2459698.882229 12.283957 0.007335
2459698.889174 12.283639 0.007041
2459698.896118 12.286042 0.007502
2459698.903063 12.286672 0.007281
2459698.910008 12.291650 0.007703
2459698.916952 12.288421 0.007516
2459698.923897 12.291306 0.007054
2459698.930841 12.295904 0.007560
2459698.937786 12.294978 0.007105
2459698.944730 12.293376 0.007002
2459698.951675 12.296731 0.006940
2459698.958620 12.296668 0.007509
2459698.965564 12.298204 0.006886
2459698.972509 12.300115 0.007163
2459698.979453 12.299406 0.007651
2459698.986398 12.299716 0.006913
2459698.993343 12.298861 0.007538
2459699.000287 12.299616 0.007245
2459699.007232 12.301319 0.007909
2459699.014176 12.298005 0.006734
2459699.021121 12.304010 0.007335
2459699.028065 12.298179 0.006771
2459699.035010 12.298885 0.006922
2459699.041955 12.299598 0.006783
2459699.048899 12.299392 0.007921
2459699.055844 12.301503 0.007361
2459699.062788 12.299093 0.007335
2459699.069733 12.297819 0.007998
2459699.076677 12.299886 0.007552
2459699.083622 12.300681 0.007887
2459699.090567 12.296387 0.007424
2459699.097511 12.296969 0.007029
2459699.104456 12.296563 0.007050
2459699.111400 12.296437 0.007887
2459699.118345 12.296854 0.007270
2459699.125290 12.293672 0.007767
2459699.132234 12.292840 0.007322
2459699.139179 12.291708 0.006299
2459699.146123 12.293174 0.006730
2459699.153068 12.287096 0.007054
2459699.160012 12.289080 0.007468
2459699.166957 12.289380 0.007339
2459699.173902 12.287663 0.006068
2459699.180846 12.286380 0.006827
2459699.187791 12.286454 0.006918
2459699.194735 12.281323 0.007024
2459699.201680 12.284116 0.006326
2459699.208624 12.279333 0.007343
2459699.215569 12.276423 0.006992
2459699.222514 12.275245 0.007110
2459699.229458 12.271039 0.006767
2459699.236403 12.271189 0.006418
2459699.243347 12.268394 0.007210
2459699.250292 12.267635 0.006835
2459699.257237 12.265852 0.006218
2459699.264181 12.263561 0.006534
2459699.271126 12.258085 0.007470
2459699.278070 12.259193 0.007090
2459699.285015 12.255444 0.006803
2459699.291959 12.255279 0.007176
2459699.298904 12.255631 0.006962
2459699.305849 12.253812 0.007142
2459699.312793 12.252899 0.006185
2459699.319738 12.251357 0.006623
2459699.326682 12.254474 0.007359
2459699.333627 12.253737 0.007448
2459699.340571 12.255228 0.006758
2459699.347516 12.253564 0.007235
2459699.354461 12.251676 0.007023
2459699.361405 12.236118 0.006759
2459699.368350 12.250247 0.007432
2459699.375294 12.257254 0.006700
2459699.382239 12.258569 0.007454
2459699.389184 12.263701 0.006733
2459699.396128 12.267632 0.006720
2459699.403073 12.270213 0.007085
2459699.410017 12.272684 0.007381
2459699.416962 12.274808 0.007207
2459699.423906 12.278824 0.007136
2459699.430851 12.279783 0.007321
2459699.437796 12.283072 0.006911
2459699.444740 12.283123 0.007686
2459699.451685 12.286621 0.006771
2459699.458629 12.289553 0.007280
2459699.465574 12.289042 0.007581
2459699.472518 12.288889 0.006899
2459699.479463 12.290406 0.007539
2459699.486408 12.290318 0.006696
2459699.493352 12.294916 0.007666
2459699.500297 12.295834 0.007236
2459699.507241 12.296960 0.006859
2459699.514186 12.298265 0.007268
2459699.521130 12.295077 0.007549
2459699.528075 12.299748 0.007245
2459699.535020 12.296123 0.007325
2459699.541964 12.299585 0.007099
2459699.548909 12.296682 0.007112
2459699.555853 12.299584 0.007350
2459699.562798 12.298267 0.007010
2459699.569743 12.300109 0.006628
2459699.576687 12.303414 0.006842
2459699.583632 12.301103 0.007586
2459699.590576 12.297238 0.007289
2459699.597521 12.299832 0.007170
2459699.604465 12.302313 0.006812
2459699.611410 12.301174 0.007405
2459699.618355 12.299295 0.007289
2459699.625299 12.299301 0.006956
2459699.632244 12.301140 0.007498
2459699.639188 12.297074 0.007067
2459699.646133 12.298530 0.007417
2459699.653077 12.295838 0.007105
2459699.660022 12.299027 0.006826
2459699.666967 12.296590 0.007014
2459699.673911 12.294831 0.006955
2459699.680856 12.292276 0.007269
2459699.687800 12.291840 0.007435
2459699.694745 12.291784 0.007270
2459699.701690 12.288783 0.007395
2459699.708634 12.289666 0.007572
2459699.715579 12.289798 0.007622
2459699.722523 12.284295 0.006505
2459699.729468 12.287760 0.007145
2459699.736412 12.283733 0.006676
2459699.743357 12.282848 0.007501
2459699.750302 12.281464 0.007302
2459699.757246 12.281019 0.007117
2459699.764191 12.276534 0.007469
2459699.771135 12.278454 0.007013
2459699.778080 12.276775 0.006813
2459699.785024 12.269956 0.007897
2459699.791969 12.269173 0.007416
2459699.798914 12.265214 0.007050
2459699.805858 12.264605 0.007368
2459699.812803 12.263706 0.006726
2459699.819747 12.263178 0.006756
2459699.826692 12.260009 0.007101
2459699.833636 12.259359 0.007356
2459699.840581 12.257706 0.007574
2459699.847526 12.254520 0.007008
2459699.854470 12.242498 0.007334
2459699.861415 12.234049 0.007166
2459699.868359 12.239393 0.006716
2459699.875304 12.243947 0.006664
2459699.882249 12.250542 0.006322
2459699.889193 12.249809 0.006583
2459699.896138 12.252941 0.007424
2459699.903082 12.250542 0.006416
2459699.910027 12.258622 0.007232
2459699.916971 12.256143 0.007304
2459699.923916 12.260449 0.007223
2459699.930861 12.263254 0.007028
2459699.937805 12.264091 0.006952
2459699.944750 12.264377 0.007233
2459699.951694 12.266965 0.006986
2459699.958639 12.272355 0.007112
2459699.965583 12.273972 0.007783
2459699.972528 12.278418 0.007192
2459699.979473 12.275252 0.007521
2459699.986417 12.283725 0.007077
2459699.993362 12.288050 0.007290
2459700.000306 12.285528 0.006230
2459700.007251 12.286900 0.007493
2459700.014195 12.290160 0.008005
2459700.021140 12.291254 0.007029
2459700.028085 12.296040 0.007472
2459700.035029 12.295000 0.007209
2459700.041974 12.295767 0.006984
2459700.048918 12.295997 0.006788
2459700.055863 12.296532 0.007638
2459700.062808 12.294847 0.006982
2459700.069752 12.296466 0.007047
2459700.076697 12.299009 0.007150
2459700.083641 12.299919 0.007173
2459700.090586 12.302502 0.007877
2459700.097530 12.301423 0.007292
2459700.104475 12.299801 0.008128
2459700.111420 12.300774 0.006712
2459700.118364 12.301514 0.007714
2459700.125309 12.304865 0.007428
2459700.132253 12.302832 0.007235
2459700.139198 12.298898 0.006731
2459700.146142 12.300544 0.007125
2459700.153087 12.301782 0.007334
2459700.160032 12.300358 0.007384
2459700.166976 12.301529 0.006885
2459700.173921 12.300710 0.007653
2459700.180865 12.297443 0.007547
2459700.187810 12.299149 0.006669
2459700.194754 12.299871 0.007358
2459700.201699 12.297696 0.007412
2459700.208644 12.300243 0.007785
2459700.215588 12.295614 0.007509
2459700.222533 12.295908 0.007529
2459700.229477 12.297005 0.007161
2459700.236422 12.295932 0.007534
2459700.243366 12.290178 0.007387
2459700.250311 12.292304 0.007822
2459700.257256 12.287207 0.007678
2459700.264200 12.285041 0.006777
2459700.271145 12.291079 0.006929
2459700.278089 12.286362 0.007279
2459700.285034 12.285492 0.006907
2459700.291979 12.282798 0.007310
2459700.298923 12.280990 0.007717
2459700.305868 12.281325 0.007463
2459700.312812 12.277677 0.007112
2459700.319757 12.277012 0.007587
2459700.326701 12.274831 0.006657
2459700.333646 12.275189 0.007650
2459700.340591 12.273390 0.007002
2459700.347535 12.265740 0.007218
2459700.354480 12.266787 0.007360
2459700.361424 12.265349 0.006895
2459700.368369 12.265671 0.006649
2459700.375313 12.259913 0.007191
2459700.382258 12.257748 0.007358
2459700.389203 12.255912 0.006907
2459700.396147 12.256063 0.007152
2459700.403092 12.253464 0.007302
2459700.410036 12.252297 0.006548
2459700.416981 12.254670 0.006614
2459700.423925 12.251404 0.006811
2459700.430870 12.253045 0.006863
2459700.437815 12.254438 0.006292
2459700.444759 12.253002 0.006442
2459700.451704 12.253411 0.006973
2459700.458648 12.256008 0.006946
2459700.465593 12.259925 0.007242
2459700.472537 12.261804 0.006660
2459700.479482 12.264958 0.006528
2459700.486427 12.264331 0.007071
2459700.493371 12.269441 0.006464
2459700.500316 12.266991 0.006389
2459700.507260 12.271039 0.007243
2459700.514205 12.273031 0.006663
2459700.521149 12.275543 0.007032
2459700.528094 12.276511 0.006581
2459700.535039 12.281778 0.006875
2459700.541983 12.282399 0.007132
2459700.548928 12.284487 0.006625
2459700.555872 12.288367 0.006876
2459700.562817 12.289439 0.007074
2459700.569762 12.292731 0.007839
2459700.576706 12.292527 0.007052
2459700.583651 12.298338 0.007514
2459700.590595 12.294601 0.006940
2459700.597540 12.295273 0.006659
2459700.604484 12.298009 0.007059
2459700.611429 12.296603 0.007259
2459700.618374 12.299415 0.006770
2459700.625318 12.300177 0.007096
2459700.632263 12.298100 0.007390
2459700.639207 12.295819 0.007019
2459700.646152 12.301596 0.006982
2459700.653096 12.302587 0.006594
2459700.660041 12.300475 0.007042
2459700.666986 12.303032 0.007115
2459700.673930 12.302050 0.007154
2459700.680875 12.302319 0.007304
2459700.687819 12.298742 0.007034
2459700.694764 12.298130 0.007422
2459700.701708 12.303558 0.007452
2459700.708653 12.299215 0.006972
2459700.715598 12.299780 0.007461
2459700.722542 12.302190 0.007182
2459700.729487 12.301994 0.007144
2459700.736431 12.300405 0.008000
2459700.743376 12.297912 0.007351
2459700.750320 12.297976 0.007346
2459700.757265 12.297389 0.007322
2459700.764210 12.299468 0.007380
2459700.771154 12.297532 0.007333
2459700.778099 12.296019 0.006510
2459700.785043 12.294909 0.006956
2459700.791988 12.293416 0.006667
2459700.798932 12.292297 0.006998
2459700.805877 12.292493 0.006925
2459700.812822 12.291514 0.007159
2459700.819766 12.291075 0.007058
2459700.826711 12.287810 0.007280
2459700.833655 12.284748 0.007070
2459700.840600 12.285034 0.007257
2459700.847544 12.285107 0.007159
2459700.854489 12.283842 0.007294
2459700.861434 12.278351 0.006948
2459700.868378 12.277785 0.006688
2459700.875323 12.280231 0.006826
2459700.882267 12.276533 0.007186
2459700.889212 12.271110 0.006891
2459700.896156 12.269917 0.006772
2459700.903101 12.270674 0.007256
2459700.910046 12.263077 0.006184
2459700.916990 12.266123 0.006780
2459700.923935 12.263843 0.006311
2459700.930879 12.261604 0.006561
2459700.937824 12.258817 0.007415
2459700.944769 12.257682 0.006796
2459700.951713 12.254848 0.007201
2459700.958658 12.254990 0.006282
2459700.965602 12.253440 0.006661
2459700.972547 12.254744 0.006841
2459700.979491 12.252846 0.006572
2459700.986436 12.252734 0.007160
2459700.993381 12.256206 0.006816
2459701.000325 12.252546 0.006603
2459701.007270 12.253576 0.006749
2459701.014214 12.256527 0.007020
2459701.021159 12.258873 0.006745
2459701.028103 12.262665 0.006602
2459701.035048 12.261347 0.007665
2459701.041993 12.266003 0.007033
2459701.048937 12.268261 0.007355
2459701.055882 12.268595 0.006545
2459701.062826 12.277027 0.007013
2459701.069771 12.278955 0.006500
2459701.076715 12.276564 0.007029
2459701.083660 12.283325 0.007334
2459701.090605 12.285290 0.007384
2459701.097549 12.283793 0.006830
2459701.104494 12.287102 0.006914
2459701.111438 12.287674 0.006924
2459701.118383 12.290295 0.007210
2459701.125327 12.292128 0.006541
2459701.132272 12.292784 0.007014
2459701.139217 12.294807 0.006978
2459701.146161 12.293880 0.007183
2459701.153106 12.296748 0.007122
2459701.160050 12.299149 0.006584
2459701.166995 12.296611 0.006855
2459701.173939 12.299126 0.007077
2459701.180884 12.303192 0.007190
2459701.187829 12.301963 0.007126
2459701.194773 12.301792 0.006500
2459701.201718 12.300687 0.006708
2459701.208662 12.302441 0.007053
2459701.215607 12.305073 0.007076
2459701.222551 12.302785 0.006709
2459701.229496 12.304600 0.006847
2459701.236441 12.304811 0.007140
2459701.243385 12.305893 0.007329
2459701.250330 12.303345 0.006558
2459701.257274 12.300762 0.007002
2459701.264219 12.303024 0.007275
2459701.271163 12.301251 0.006019
2459701.278108 12.300841 0.006828
2459701.285053 12.302862 0.006702
2459701.291997 12.301582 0.006422
2459701.298942 12.297553 0.006717
2459701.305886 12.299369 0.006671
2459701.312831 12.301002 0.006485
2459701.319775 12.297017 0.007468
2459701.326720 12.299627 0.007127
2459701.333665 12.298805 0.007043
2459701.340609 12.296575 0.006759
2459701.347554 12.297081 0.007079
2459701.354498 12.295451 0.007603
2459701.361443 12.292369 0.007083
2459701.368387 12.292237 0.007294
2459701.375332 12.287144 0.006937
2459701.382277 12.287212 0.006984
2459701.389221 12.287317 0.006885
2459701.396166 12.284066 0.006509
2459701.403110 12.285879 0.006677
2459701.410055 12.283595 0.006895
2459701.416999 12.278884 0.007079
2459701.423944 12.280399 0.006662
2459701.430889 12.276824 0.007501
2459701.437833 12.276479 0.006933
2459701.444778 12.274256 0.007308
2459701.451722 12.270535 0.007441
2459701.458667 12.268618 0.006403
2459701.465611 12.267263 0.007104
2459701.472556 12.265662 0.007248
2459701.479501 12.263290 0.007495
2459701.486445 12.260431 0.006394
2459701.493390 12.261821 0.006944
2459701.500334 12.255495 0.007458
2459701.507279 12.256810 0.007404
2459701.514223 12.256814 0.006787
2459701.521168 12.252642 0.006960
2459701.528113 12.252163 0.007149
2459701.535057 12.253185 0.007188
2459701.542002 12.255564 0.007245
2459701.548946 12.255497 0.007103
2459701.555891 12.256439 0.006907
2459701.562835 12.256984 0.007036
2459701.569780 12.255681 0.007167
2459701.576725 12.259954 0.006627
2459701.583669 12.258120 0.006751
2459701.590614 12.265220 0.007197
2459701.597558 12.265623 0.007604
2459701.604503 12.270577 0.007080
2459701.611447 12.270491 0.007116
2459701.618392 12.271783 0.007198
2459701.625337 12.276292 0.007024
2459701.632281 12.279350 0.006836
2459701.639226 12.284899 0.007189
2459701.646170 12.284230 0.006843
2459701.653115 12.286011 0.007314
2459701.660059 12.284167 0.007321
2459701.667004 12.289826 0.007225
2459701.673949 12.289030 0.007128
2459701.680893 12.294230 0.006789
2459701.687838 12.291646 0.007480
2459701.694782 12.293420 0.006932
2459701.701727 12.295654 0.008221
2459701.708671 12.295926 0.007067
2459701.715616 12.296542 0.007618
2459701.722561 12.299113 0.007457
2459701.729505 12.300683 0.007409
2459701.736450 12.300301 0.006978
2459701.743394 12.300083 0.008004
2459701.750339 12.301314 0.007232
2459701.757283 12.302029 0.007819
2459701.764228 12.299377 0.007172
2459701.771173 12.301461 0.007192
2459701.778117 12.301238 0.007342
2459701.785062 12.300970 0.007482
2459701.792006 12.301595 0.006700
2459701.798951 12.300992 0.006759
2459701.805895 12.301333 0.007494
2459701.812840 12.299634 0.007625
2459701.819785 12.303532 0.006959
2459701.826729 12.301211 0.007259
2459701.833674 12.302983 0.007459
2459701.840618 12.299865 0.007532
2459701.847563 12.299484 0.006996
2459701.854507 12.296893 0.007151
2459701.861452 12.296324 0.007945
2459701.868397 12.297164 0.007488
2459701.875341 12.296554 0.007143
2459701.882286 12.296409 0.007317
2459701.889230 12.295694 0.006740
2459701.896175 12.299294 0.006863
2459701.903119 12.296953 0.007051
2459701.910064 12.292813 0.006812
2459701.917009 12.290391 0.007214
2459701.923953 12.289366 0.007631
2459701.930898 12.292543 0.007590
2459701.937842 12.287310 0.007156
2459701.944787 12.286068 0.007944
2459701.951731 12.284371 0.007358
2459701.958676 12.283032 0.007281
2459701.965621 12.282814 0.007399
2459701.972565 12.281436 0.007310
2459701.979510 12.276968 0.007118
2459701.986454 12.277388 0.007096
2459701.993399 12.274636 0.007296
2459702.000343 12.270109 0.006600
2459702.007288 12.269853 0.007110
2459702.014233 12.266990 0.007170
2459702.021177 12.265353 0.006710
2459702.028122 12.264567 0.007152
2459702.035066 12.260702 0.006893
2459702.042011 12.262532 0.007437
2459702.048955 12.259150 0.007048
2459702.055900 12.258570 0.006598
2459702.062845 12.255074 0.007342
2459702.069789 12.252911 0.006835
2459702.076734 12.253975 0.006388
2459702.083678 12.252284 0.006991
2459702.090623 12.251977 0.006657
2459702.097567 12.253727 0.006953
2459702.104512 12.253783 0.007392
2459702.111457 12.252791 0.007373
2459702.118401 12.257738 0.007192
2459702.125346 12.257362 0.006826
2459702.132290 12.261128 0.006462
2459702.139235 12.261068 0.006372
2459702.146179 12.264451 0.006861
2459702.153124 12.268066 0.006828
2459702.160068 12.269164 0.007107
2459702.167013 12.273136 0.006656
2459702.173958 12.275474 0.007187
2459702.180902 12.274610 0.006845
2459702.187847 12.281491 0.007238
2459702.194791 12.284832 0.006854
2459702.201736 12.283106 0.007156
2459702.208680 12.287174 0.007132
2459702.215625 12.290513 0.006988
2459702.222570 12.290117 0.007442
2459702.229514 12.293000 0.006679
2459702.236459 12.293928 0.007124
2459702.243403 12.295264 0.006904
2459702.250348 12.297142 0.007088
2459702.257292 12.298092 0.007133
2459702.264237 12.298699 0.006961
2459702.271182 12.297484 0.006855
2459702.278126 12.299495 0.007172
2459702.285071 12.301477 0.007635
2459702.292015 12.299399 0.007229
2459702.298960 12.300001 0.007156
2459702.305904 12.302481 0.007219
2459702.312849 12.300131 0.007413
2459702.319794 12.300862 0.006982
2459702.326738 12.303025 0.007128
2459702.333683 12.303561 0.007532
2459702.340627 12.299214 0.007079
2459702.347572 12.301984 0.006981
2459702.354516 12.300628 0.007087
2459702.361461 12.301892 0.006840
2459702.368406 12.301571 0.006910
2459702.375350 12.302981 0.007296
2459702.382295 12.285476 0.006957
2459702.389239 12.271785 0.006823
2459702.396184 12.288862 0.007300
2459702.403128 12.293975 0.007259
2459702.410073 12.294306 0.007321
2459702.417018 12.294310 0.006863
2459702.423962 12.293112 0.007261
2459702.430907 12.292632 0.007279
2459702.437851 12.291823 0.007409
2459702.444796 12.294706 0.006702
2459702.451740 12.292566 0.007045
2459702.458685 12.291198 0.007048
2459702.465630 12.291782 0.007188
2459702.472574 12.288490 0.007257
2459702.479519 12.290696 0.007059
2459702.486463 12.288337 0.007084
2459702.493408 12.286915 0.007148
2459702.500352 12.284795 0.007448
2459702.507297 12.281663 0.006850
2459702.514241 12.281337 0.007385
2459702.521186 12.281571 0.007479
2459702.528131 12.280005 0.006851
2459702.535075 12.277791 0.006562
2459702.542020 12.273755 0.006935
2459702.548964 12.273400 0.006692
2459702.555909 12.271419 0.007038
2459702.562853 12.269739 0.007076
2459702.569798 12.268333 0.007048
2459702.576743 12.265792 0.006906
2459702.583687 12.263169 0.007310
2459702.590632 12.260384 0.006517
2459702.597576 12.259307 0.006900
2459702.604521 12.258826 0.006810
2459702.611465 12.255834 0.007064
2459702.618410 12.254476 0.006607
2459702.625355 12.253426 0.006523
2459702.632299 12.254503 0.007160
2459702.639244 12.253566 0.006987
2459702.646188 12.256480 0.006734
2459702.653133 12.255861 0.006755
2459702.660077 12.256685 0.006974
2459702.667022 12.255163 0.006440
2459702.673967 12.257108 0.007088
2459702.680911 12.259714 0.006775
2459702.687856 12.262788 0.006933
2459702.694800 12.265359 0.007336
2459702.701745 12.265876 0.006846
2459702.708689 12.267388 0.007144
2459702.715634 12.271229 0.007514
2459702.722579 12.273112 0.007089
2459702.729523 12.275353 0.007264
2459702.736468 12.277154 0.006934
2459702.743412 12.279592 0.007246
2459702.750357 12.285702 0.006898
2459702.757301 12.286491 0.007569
2459702.764246 12.289336 0.006936
2459702.771190 12.293025 0.007190
2459702.778135 12.293825 0.006970
2459702.785080 12.294750 0.007109
2459702.792024 12.293412 0.007022
2459702.798969 12.299041 0.006861
2459702.805913 12.297400 0.006730
2459702.812858 12.298328 0.008041
2459702.819802 12.302330 0.007732
2459702.826747 12.298521 0.007053
2459702.833692 12.300352 0.007389
2459702.840636 12.300954 0.007653
2459702.847581 12.302515 0.007292
2459702.854525 12.300932 0.007480
2459702.861470 12.305538 0.007361
2459702.868414 12.301186 0.006778
2459702.875359 12.300665 0.007610
2459702.882304 12.303610 0.007223
2459702.889248 12.305012 0.007629
2459702.896193 12.302317 0.007205
2459702.903137 12.304171 0.007493
2459702.910082 12.302843 0.007272
2459702.917026 12.303799 0.007791
2459702.923971 12.303661 0.007487
2459702.930916 12.304416 0.007538
2459702.937860 12.301143 0.008157
2459702.944805 12.300169 0.007219
2459702.951749 12.300344 0.007344
2459702.958694 12.299487 0.007941
2459702.965638 12.300725 0.007462
2459702.972583 12.297872 0.007363
2459702.979527 12.297936 0.006873
2459702.986472 12.298478 0.007175
2459702.993417 12.296544 0.007491
2459703.000361 12.296566 0.007775
2459703.007306 12.293736 0.007062
2459703.014250 12.292366 0.007426
2459703.021195 12.291286 0.007736
2459703.028139 12.288402 0.007369
2459703.035084 12.290745 0.007154
2459703.042029 12.291418 0.007634
2459703.048973 12.288506 0.007699
2459703.055918 12.286500 0.007943
2459703.062862 12.284495 0.007773
2459703.069807 12.283015 0.007372
2459703.076751 12.279430 0.006720
2459703.083696 12.279797 0.007343
2459703.090641 12.276601 0.007478
2459703.097585 12.275959 0.007540
2459703.104530 12.272759 0.007016
2459703.111474 12.272553 0.006836
2459703.118419 12.269594 0.006872
2459703.125363 12.269483 0.006892
2459703.132308 12.266624 0.007267
2459703.139252 12.263768 0.007145
2459703.146197 12.260264 0.007315
2459703.153142 12.260523 0.007449
2459703.160086 12.257656 0.007383
2459703.167031 12.256551 0.006963
2459703.173975 12.255092 0.007268
2459703.180920 12.253198 0.007036
2459703.187864 12.254262 0.007409
2459703.194809 12.255049 0.007042
2459703.201754 12.256539 0.007421
2459703.208698 12.253706 0.007502
2459703.215643 12.255815 0.007416
2459703.222587 12.255146 0.007100
2459703.229532 12.258809 0.006869
2459703.236476 12.258490 0.007042
2459703.243421 12.262501 0.006859
2459703.250366 12.262302 0.006767
2459703.257310 12.264907 0.007744
2459703.264255 12.266162 0.007165
2459703.271199 12.270323 0.006994
2459703.278144 12.270771 0.007045
2459703.285088 12.274777 0.006940
2459703.292033 12.275997 0.007695
2459703.298977 12.279678 0.007377
2459703.305922 12.283768 0.007130
2459703.312867 12.284575 0.007485
2459703.319811 12.286693 0.007061
2459703.326756 12.291080 0.006858
2459703.333700 12.293742 0.007115
2459703.340645 12.291970 0.007457
2459703.347589 12.296926 0.007421
2459703.354534 12.294573 0.007522
2459703.361479 12.299516 0.007385
2459703.368423 12.294239 0.007319
2459703.375368 12.296060 0.007424
2459703.382312 12.299411 0.007483
2459703.389257 12.302325 0.007758
2459703.396201 12.300622 0.007586
2459703.403146 12.299739 0.007256
2459703.410090 12.303502 0.007328
2459703.417035 12.301694 0.007536
2459703.423980 12.301150 0.007568
2459703.430924 12.300023 0.007544
2459703.437869 12.304882 0.007232
2459703.444813 12.303935 0.007554
2459703.451758 12.303212 0.007767
2459703.458702 12.302716 0.007204
2459703.465647 12.304130 0.007604
2459703.472592 12.300510 0.007532
2459703.479536 12.300037 0.007516
2459703.486481 12.300527 0.007236
2459703.493425 12.302771 0.007593
2459703.500370 12.301178 0.007816
2459703.507314 12.299651 0.007574
2459703.514259 12.301807 0.007211
2459703.521203 12.298569 0.007193
2459703.528148 12.295556 0.007183
2459703.535093 12.298322 0.007703
2459703.542037 12.296809 0.007904
2459703.548982 12.293962 0.007723
2459703.555926 12.295840 0.007346
2459703.562871 12.295622 0.007701
2459703.569815 12.296445 0.007519
2459703.576760 12.293542 0.007773
2459703.583705 12.291388 0.007461
2459703.590649 12.286837 0.007475
2459703.597594 12.287638 0.006781
2459703.604538 12.286470 0.007407
2459703.611483 12.287233 0.007082
2459703.618427 12.282884 0.007480
2459703.625372 12.281691 0.007324
2459703.632316 12.280171 0.006911
2459703.639261 12.278539 0.006904
2459703.646206 12.278427 0.007223
2459703.653150 12.276492 0.007140
2459703.660095 12.274990 0.007273
2459703.667039 12.274648 0.007005
2459703.673984 12.271292 0.007463
2459703.680928 12.265474 0.007292
2459703.687873 12.265061 0.007146
2459703.694818 12.265806 0.007495
2459703.701762 12.261672 0.007827
2459703.708707 12.259686 0.007183
2459703.715651 12.257806 0.006965
2459703.722596 12.257083 0.007269
2459703.729540 12.253297 0.006792
2459703.736485 12.252011 0.007067
2459703.743429 12.256486 0.007394
2459703.750374 12.252609 0.007194
2459703.757319 12.255750 0.006862
2459703.764263 12.256032 0.007296
2459703.771208 12.258296 0.007230
2459703.778152 12.256414 0.007376
2459703.785097 12.259349 0.007061
2459703.792041 12.261823 0.007264
2459703.798986 12.262271 0.007107
2459703.805931 12.263324 0.007474
2459703.812875 12.267055 0.007241
2459703.819820 12.269451 0.007079
2459703.826764 12.274076 0.007370
2459703.833709 12.275742 0.007071
2459703.840653 12.280064 0.007353
2459703.847598 12.283628 0.007254
2459703.854542 12.283713 0.007689
2459703.861487 12.285291 0.007269
2459703.868432 12.287134 0.007650
2459703.875376 12.288686 0.007174
2459703.882321 12.289768 0.007498
2459703.889265 12.289892 0.007865
2459703.896210 12.292258 0.007059
2459703.903154 12.294472 0.007319
2459703.910099 12.300106 0.007774
2459703.917043 12.300408 0.007353
2459703.923988 12.296440 0.007684
2459703.930933 12.301495 0.007041
2459703.937877 12.300328 0.007090
2459703.944822 12.302184 0.007424
2459703.951766 12.302511 0.007417
2459703.958711 12.303242 0.006996
2459703.965655 12.304481 0.007477
2459703.972600 12.307395 0.008217
2459703.979544 12.305565 0.007234
2459703.986489 12.306573 0.007286
2459703.993434 12.300597 0.007780
2459704.000378 12.303187 0.007086
2459704.007323 12.304690 0.007674
2459704.014267 12.305193 0.007553
2459704.021212 12.303175 0.007536
2459704.028156 12.303839 0.007441
2459704.035101 12.301781 0.007812
2459704.042046 12.302601 0.007334
2459704.048990 12.302960 0.007794
2459704.055935 12.302704 0.007053
2459704.062879 12.301646 0.007419
2459704.069824 12.300396 0.007275
2459704.076768 12.301558 0.007610
2459704.083713 12.303122 0.007936
2459704.090657 12.297170 0.007599
2459704.097602 12.296572 0.007291
2459704.104547 12.297010 0.007290
2459704.111491 12.299032 0.007554
2459704.118436 12.295122 0.007505
2459704.125380 12.294185 0.007267
2459704.132325 12.292737 0.007423
2459704.139269 12.290471 0.007762
2459704.146214 12.289467 0.007416
2459704.153158 12.289860 0.007046
2459704.160103 12.290261 0.007179
2459704.167048 12.287508 0.006886
2459704.173992 12.284589 0.007795
2459704.180937 12.282861 0.007217
2459704.187881 12.279133 0.006954
2459704.194826 12.278002 0.007524
2459704.201770 12.281416 0.007289
2459704.208715 12.275178 0.007455
2459704.215659 12.274604 0.007117
2459704.222604 12.268255 0.006983
2459704.229549 12.269917 0.007086
2459704.236493 12.264851 0.006747
2459704.243438 12.266890 0.006914
2459704.250382 12.263338 0.007049
2459704.257327 12.261656 0.007567
2459704.264271 12.260734 0.007212
2459704.271216 12.257441 0.006797
2459704.278160 12.255335 0.006868
2459704.285105 12.256247 0.007571
2459704.292050 12.253869 0.007177
2459704.298994 12.255043 0.006886
2459704.305939 12.256499 0.007089
2459704.312883 12.254458 0.007000
2459704.319828 12.254916 0.007724
2459704.326772 12.255727 0.007025
2459704.333717 12.259779 0.007167
2459704.340661 12.259490 0.006865
2459704.347606 12.259643 0.007295
2459704.354550 12.262186 0.007614
2459704.361495 12.269471 0.007476
2459704.368440 12.270048 0.007462
2459704.375384 12.271566 0.007287
2459704.382329 12.269478 0.007580
2459704.389273 12.278010 0.007207
2459704.396218 12.279894 0.007023
2459704.403162 12.283939 0.007123
2459704.410107 12.286933 0.007247
2459704.417051 12.286284 0.007588
2459704.423996 12.291134 0.007590
2459704.430941 12.290958 0.007622
2459704.437885 12.291938 0.007535
2459704.444830 12.296109 0.007837
2459704.451774 12.295848 0.007312
2459704.458719 12.295976 0.007330
2459704.465663 12.296256 0.007140
2459704.472608 12.300443 0.007343
2459704.479552 12.297526 0.007145
2459704.486497 12.299585 0.007614
2459704.493441 12.298428 0.007363
2459704.500386 12.305643 0.007261
2459704.507331 12.300843 0.007459
2459704.514275 12.303507 0.007330
2459704.521220 12.303297 0.007584
2459704.528164 12.304112 0.007507
2459704.535109 12.307503 0.007642
2459704.542053 12.303644 0.007285
2459704.548998 12.305742 0.007435
2459704.555942 12.306844 0.007558
2459704.562887 12.307560 0.007131
2459704.569832 12.306050 0.007658
2459704.576776 12.305717 0.007900
2459704.583721 12.306880 0.007270
2459704.590665 12.305137 0.007734
2459704.597610 12.302692 0.007088
2459704.604554 12.304984 0.007229
2459704.611499 12.303641 0.007335
2459704.618443 12.301758 0.007287
2459704.625388 12.302979 0.006872
2459704.632332 12.302905 0.007653
2459704.639277 12.301296 0.007518
2459704.646221 12.300083 0.007672
2459704.653166 12.299986 0.007092
2459704.660111 12.298603 0.007582
2459704.667055 12.299091 0.006659
2459704.674000 12.297070 0.007092
2459704.680944 12.295192 0.007511
2459704.687889 12.292882 0.007426
2459704.694833 12.290379 0.007411
2459705.694843 12.302172 0.007370
2459705.701787 12.302808 0.007404
2459705.708731 12.301386 0.007159
2459705.715676 12.303272 0.007711
2459705.722620 12.297166 0.006951
2459705.729565 12.302500 0.007554
2459705.736509 12.299070 0.007138
2459705.743454 12.299709 0.007269
2459705.750398 12.297776 0.007320
2459705.757343 12.298358 0.007140
2459705.764287 12.296186 0.007120
2459705.771232 12.293207 0.007511
2459705.778176 12.292450 0.007192
2459705.785121 12.293758 0.007586
2459705.792065 12.291463 0.006883
2459705.799010 12.291341 0.007892
2459705.805954 12.289385 0.007015
2459705.812899 12.288600 0.007619
2459705.819843 12.287000 0.007770
2459705.826788 12.287351 0.006691
2459705.833732 12.283868 0.007627
2459705.840676 12.281100 0.007078
2459705.847621 12.279448 0.007406
2459705.854565 12.278299 0.007533
2459705.861510 12.275076 0.007641
2459705.868454 12.276376 0.007133
2459705.875399 12.274631 0.007088
2459705.882343 12.272076 0.006848
2459705.889288 12.265622 0.006865
2459705.896232 12.267174 0.007510
2459705.903177 12.262444 0.006729
2459705.910121 12.258748 0.006945
2459705.917066 12.259293 0.007257
2459705.924010 12.256383 0.006841
2459705.930955 12.254111 0.007240
2459705.937899 12.251731 0.007582
2459705.944844 12.256489 0.007240
2459705.951788 12.249507 0.007400
2459705.958733 12.254018 0.006404
2459705.965677 12.253085 0.007109
2459705.972621 12.251050 0.007198
2459705.979566 12.253425 0.006702
2459705.986510 12.254436 0.007310
2459705.993455 12.258263 0.006946
2459706.000399 12.257079 0.007300
2459706.007344 12.257202 0.006808
2459706.014288 12.262791 0.007688
2459706.021233 12.262810 0.007521
2459706.028177 12.266181 0.007708
2459706.035122 12.268258 0.007931
2459706.042066 12.268951 0.007125
2459706.049011 12.273119 0.008116
2459706.055955 12.275773 0.007267
2459706.062900 12.277886 0.007656
2459706.069844 12.280808 0.007283
2459706.076789 12.282723 0.006913
2459706.083733 12.281572 0.007459
2459706.090678 12.287725 0.006970
2459706.097622 12.292946 0.007502
2459706.104566 12.292526 0.007434
2459706.111511 12.291564 0.007524
2459706.118455 12.292658 0.007296
2459706.125400 12.294933 0.007617
2459706.132344 12.299354 0.007595
2459706.139289 12.300120 0.007514
2459706.146233 12.298612 0.007239
2459706.153178 12.301498 0.008511
2459706.160122 12.303233 0.008078
2459706.167067 12.301338 0.008030
2459706.174011 12.301695 0.007899
2459706.180956 12.298098 0.007471
2459706.187900 12.301870 0.007980
2459706.194845 12.300847 0.008310
2459706.201789 12.304994 0.007916
2459706.208734 12.300176 0.007417
2459706.215678 12.303453 0.008307
2459706.222622 12.304883 0.007851
2459706.229567 12.301512 0.007285
2459706.236511 12.301067 0.008076
2459706.243456 12.304136 0.007225
2459706.250400 12.300755 0.006866
2459706.257345 12.299287 0.007902
2459706.264289 12.303775 0.008291
2459706.271234 12.304256 0.007952
2459706.278178 12.300552 0.007818
2459706.285123 12.297377 0.006780
2459706.292067 12.302273 0.007612
2459706.299012 12.297005 0.006716
2459706.305956 12.298943 0.008347
2459706.312901 12.294733 0.007991
2459706.319845 12.295707 0.007942
2459706.326790 12.293704 0.008563
2459706.333734 12.293402 0.008471
2459706.340679 12.289907 0.007944
2459706.347623 12.291232 0.006903
2459706.354567 12.287252 0.007963
2459706.361512 12.287877 0.007942
2459706.368456 12.285750 0.007042
2459706.375401 12.286676 0.008074
2459706.382345 12.285227 0.008479
2459706.389290 12.281242 0.007727
2459706.396234 12.279185 0.008021
2459706.403179 12.278305 0.008912
2459706.410123 12.275729 0.009015
2459706.417068 12.274175 0.007699
2459706.424012 12.278529 0.007821
2459706.430957 12.273833 0.008156
2459706.437901 12.271754 0.007809
2459706.444846 12.267025 0.008540
2459706.451790 12.267538 0.008059
2459706.458735 12.264680 0.008043
2459706.465679 12.261946 0.007928
2459706.472624 12.257687 0.008765
2459706.479568 12.257552 0.008562
2459706.486512 12.256559 0.007908
2459706.493457 12.256326 0.008974
2459706.500401 12.252517 0.008746
2459706.507346 12.256141 0.007331
2459706.514290 12.250823 0.008921
2459706.521235 12.252822 0.008523
2459706.528179 12.253964 0.008825
2459712.187932 12.290063 0.010858
2459712.194876 12.295190 0.008774
2459712.201821 12.301768 0.010606
2459712.208765 12.298955 0.008399
2459712.215710 12.300099 0.008308
2459712.222654 12.302739 0.007417
2459712.229599 12.303370 0.008249
2459712.236543 12.304145 0.009922
2459712.243488 12.304679 0.009614
2459712.250432 12.302697 0.009839
2459712.257377 12.305175 0.009794
2459712.264321 12.303270 0.009711
2459712.271265 12.307033 0.009774
2459712.278210 12.306184 0.008289
2459712.285154 12.305394 0.007779
2459712.292099 12.308189 0.007766
2459712.299043 12.307461 0.007692
2459712.305988 12.305373 0.006322
2459712.312932 12.308585 0.007304
2459712.319877 12.305849 0.007103
2459712.326821 12.305948 0.007530
2459712.333766 12.303004 0.008996
2459712.340710 12.304848 0.008738
2459712.347655 12.308096 0.008033
2459712.354599 12.305017 0.008039
2459712.361544 12.305371 0.008520
2459712.368488 12.304079 0.008942
2459712.375433 12.302440 0.009238
2459712.382377 12.304746 0.006819
2459712.389322 12.298906 0.007630
2459712.396266 12.303329 0.006667
2459712.403211 12.297886 0.010115
2459712.410155 12.295090 0.012520
2459712.417099 12.298395 0.008791
2459712.424044 12.300362 0.006566
2459712.430988 12.297682 0.007513
2459712.437933 12.300921 0.007394
2459712.444877 12.295071 0.007847
2459712.451822 12.297847 0.007916
2459712.458766 12.299674 0.013789
2459712.465711 12.295372 0.011115
2459712.472655 12.290530 0.009410
2459712.479600 12.282958 0.008715
2459712.486544 12.284823 0.011028
2459712.493489 12.284526 0.008750
2459712.500433 12.281269 0.008127
2459712.507378 12.283045 0.009096
2459712.514322 12.279593 0.008639
2459712.521267 12.275822 0.007846
2459712.528211 12.272278 0.007300
2459712.535156 12.270641 0.007401
2459712.542100 12.270218 0.008462
2459712.549045 12.268257 0.008609
2459712.555989 12.263258 0.007995
2459712.562934 12.265880 0.007526
2459712.569878 12.264916 0.007028
2459712.576822 12.262546 0.006517
2459712.583767 12.258785 0.006228
2459712.590711 12.255314 0.006455
2459712.597656 12.256429 0.006984
2459712.604600 12.256559 0.007532
2459712.611545 12.257322 0.007266
2459712.618489 12.257377 0.006338
2459712.625434 12.256218 0.007087
2459712.632378 12.256571 0.007295
2459712.639323 12.257686 0.007186
2459712.646267 12.260987 0.008065
2459712.653212 12.261938 0.007235
2459712.660156 12.265262 0.006205
2459712.667101 12.265434 0.007418
2459712.674045 12.267287 0.007093
2459712.680990 12.273360 0.007555
2459712.687934 12.272485 0.007303
2459712.694879 12.276521 0.007336
2459712.701823 12.280517 0.005944
2459712.708768 12.279094 0.006712
2459712.715712 12.285848 0.007638
2459712.722656 12.286962 0.007045
2459712.729601 12.287207 0.007977
2459712.736545 12.290374 0.007516
2459712.743490 12.292983 0.007140
2459712.750434 12.296317 0.007663
2459712.757379 12.296180 0.007557
2459712.764323 12.300117 0.007614
2459712.771268 12.304734 0.008028
2459712.778212 12.295825 0.009793
2459712.785157 12.299347 0.008053
2459712.792101 12.302497 0.007522
2459712.799046 12.305802 0.007186
2459712.805990 12.305424 0.006950
2459712.812935 12.304236 0.007283
2459712.819879 12.308167 0.007649
2459712.826824 12.305155 0.008324
2459712.833768 12.309363 0.007648
2459712.840713 12.311027 0.007454
2459712.847657 12.310331 0.007490
2459712.854602 12.310635 0.007810
2459712.861546 12.306168 0.008725
2459712.868490 12.312213 0.006794
2459712.875435 12.310947 0.006927
2459712.882379 12.308872 0.007665
2459712.889324 12.308624 0.007859
2459712.896268 12.308938 0.008798
2459712.903213 12.308402 0.007678
2459712.910157 12.306460 0.008076
2459712.917102 12.307665 0.007466
2459712.924046 12.306572 0.007303
2459712.930991 12.306342 0.006665
2459712.937935 12.303638 0.007273
2459712.944880 12.304323 0.006960
2459712.951824 12.305024 0.007094
2459712.958769 12.301554 0.007594
2459712.965713 12.300119 0.007113
2459712.972658 12.303760 0.006366
2459712.979602 12.299216 0.007446
2459712.986547 12.296741 0.007648
2459712.993491 12.297244 0.007263
2459713.000435 12.294655 0.006420
2459713.007380 12.293872 0.006845
2459713.014324 12.291072 0.007427
2459713.021269 12.289038 0.006707
2459713.028213 12.285390 0.007374
2459713.035158 12.286559 0.006921
2459713.042102 12.285669 0.007147
2459713.049047 12.282397 0.006740
2459713.055991 12.279490 0.006711
2459713.062936 12.282325 0.006170
2459713.069880 12.276948 0.006839
2459713.076825 12.272588 0.007500
2459713.083769 12.274668 0.006769
2459713.090714 12.268652 0.007675
2459713.097658 12.269725 0.007362
2459713.104603 12.266206 0.007323
2459713.111547 12.264998 0.008085
2459713.118492 12.266316 0.007214
2459713.125436 12.262518 0.007039
2459713.132381 12.257995 0.006954
2459713.139325 12.259504 0.007075
2459713.146269 12.255270 0.006960
2459713.153214 12.247951 0.007139
2459713.160158 12.255855 0.007247
2459713.167103 12.257508 0.006717
2459713.174047 12.254028 0.007084
2459713.180992 12.255004 0.006903
2459713.187936 12.257798 0.007167
2459713.194881 12.253815 0.006909
2459713.201825 12.257218 0.007439
2459713.208770 12.260472 0.006447
2459713.215714 12.265199 0.006875
2459713.222659 12.265840 0.006735
2459713.229603 12.269733 0.007141
2459713.236548 12.271632 0.007406
2459713.243492 12.276997 0.006614
2459713.250437 12.277553 0.007592
2459713.257381 12.278032 0.007489
2459713.264326 12.282761 0.006988
2459713.271270 12.283805 0.007623
2459713.278214 12.291080 0.006801
2459713.285159 12.287252 0.007731
2459713.292103 12.293807 0.007214
2459713.299048 12.293791 0.007290
2459713.305992 12.294117 0.007149
2459713.312937 12.296903 0.007753
2459713.319881 12.298856 0.007473
2459713.326826 12.300836 0.007574
2459713.333770 12.303535 0.007457
2459713.340715 12.299854 0.007864
2459713.347659 12.302704 0.007449
2459713.354604 12.303965 0.007751
2459713.361548 12.306009 0.007549
2459713.368493 12.307261 0.007509
2459713.375437 12.306965 0.007497
2459713.382382 12.307351 0.007459
2459713.389326 12.306433 0.007176
2459713.396271 12.308368 0.007378
2459713.403215 12.311689 0.007479
2459713.410159 12.308242 0.007063
2459713.417104 12.309401 0.007380
2459713.424048 12.310463 0.007321
2459713.430993 12.311063 0.007152
2459713.437937 12.310035 0.008167
2459713.444882 12.312755 0.007034
2459713.451826 12.308230 0.007711
2459713.458771 12.307136 0.007018
2459713.465715 12.306287 0.007407
2459713.472660 12.307458 0.007585
2459713.479604 12.305402 0.006925
2459713.486549 12.305267 0.007379
2459713.493493 12.306223 0.007567
2459713.500438 12.307249 0.006814
2459713.507382 12.303223 0.007169
2459713.514327 12.302471 0.007300
2459713.521271 12.300639 0.007669
2459713.528216 12.303028 0.006871
2459713.535160 12.298735 0.007356
2459713.542104 12.298162 0.007234
2459713.549049 12.294278 0.006898
2459713.555993 12.293122 0.007536
2459713.562938 12.292979 0.007605
2459713.569882 12.289538 0.007569
2459713.576827 12.286964 0.007385
2459713.583771 12.289628 0.006804
2459713.590716 12.289239 0.007909
2459713.597660 12.285922 0.006999
2459713.604605 12.283836 0.008020
2459713.611549 12.285013 0.007324
2459713.618494 12.281729 0.007353
2459713.625438 12.274712 0.006779
2459713.632383 12.274373 0.007175
2459713.639327 12.271576 0.007134
2459713.646272 12.271305 0.006698
2459713.653216 12.269528 0.007225
2459713.660161 12.265183 0.007549
2459713.667105 12.265217 0.006512
2459713.674049 12.261964 0.007043
2459713.680994 12.259111 0.006841
2459713.687938 12.257775 0.006759
2459713.694883 12.258713 0.006932
2459713.701827 12.257558 0.006594
2459713.708772 12.254316 0.006886
2459713.715716 12.258535 0.006945
2459713.722661 12.256517 0.007341
2459713.729605 12.256936 0.006465
2459713.736550 12.254847 0.006759
2459713.743494 12.256854 0.006736
2459713.750439 12.259071 0.006945
2459713.757383 12.263442 0.007649
2459713.764328 12.263413 0.006857
2459713.771272 12.265514 0.007322
2459713.778217 12.266125 0.007067
2459713.785161 12.269954 0.007127
2459713.792106 12.269862 0.007340
2459713.799050 12.277164 0.007266
2459713.805994 12.276252 0.007078
2459713.812939 12.280188 0.007206
2459713.819883 12.285661 0.007097
2459713.826828 12.286060 0.007788
2459713.833772 12.288395 0.007049
2459713.840717 12.290701 0.007181
2459713.847661 12.292595 0.007847
2459713.854606 12.294514 0.007540
2459713.861550 12.294613 0.007396
2459713.868495 12.296913 0.007198
2459713.875439 12.299291 0.006785
2459713.882384 12.302216 0.007835
2459713.889328 12.301994 0.007741
2459713.896273 12.305777 0.007556
2459713.903217 12.306061 0.007251
2459713.910162 12.304065 0.006940
2459713.917106 12.308035 0.007565
2459713.924050 12.308226 0.007395
2459713.930995 12.307116 0.007615
2459713.937939 12.308581 0.007670
2459713.944884 12.308147 0.007558
2459713.951828 12.310657 0.007559
2459713.958773 12.310893 0.007503
2459713.965717 12.311431 0.007480
2459713.972662 12.310059 0.007472
2459713.979606 12.306537 0.007616
2459713.986551 12.312318 0.007236
2459713.993495 12.310252 0.007441
2459714.000440 12.309093 0.007028
2459714.007384 12.308557 0.007607
2459714.014329 12.309597 0.007156
2459714.021273 12.307463 0.006922
2459714.028218 12.307973 0.007759
2459714.035162 12.308947 0.007660
2459714.042107 12.306515 0.007303
2459714.049051 12.307407 0.007344
2459714.055995 12.304746 0.007563
2459714.062940 12.301477 0.007458
2459714.069884 12.302971 0.007883
2459714.076829 12.301513 0.007363
2459714.083773 12.303782 0.007250
2459714.090718 12.298703 0.007206
2459714.097662 12.294609 0.007308
2459714.104607 12.298301 0.007545
2459714.111551 12.294181 0.006353
2459714.118496 12.294157 0.007252
2459714.125440 12.288557 0.007277
2459714.132385 12.292443 0.006924
2459714.139329 12.289701 0.006868
2459714.146274 12.287026 0.007182
2459714.153218 12.287032 0.007286
2459714.160163 12.282171 0.006574
2459714.167107 12.283257 0.007449
2459714.174051 12.282613 0.006911
2459714.180996 12.277378 0.007192
2459714.187940 12.275117 0.007543
2459714.194885 12.272582 0.007477
2459714.201829 12.271525 0.006930
2459714.208774 12.267719 0.006832
2459714.215718 12.267901 0.006875
2459714.222663 12.260781 0.006941
2459714.229607 12.261095 0.007364
2459714.236552 12.261853 0.007052
2459714.243496 12.259714 0.006863
2459714.250441 12.255272 0.006736
2459714.257385 12.255340 0.006864
2459714.264330 12.258162 0.007004
2459714.271274 12.254603 0.006825
2459714.278219 12.256776 0.007075
2459714.285163 12.256862 0.006666
2459714.292107 12.257027 0.007097
2459714.299052 12.259867 0.006582
2459714.305996 12.259806 0.007116
2459714.312941 12.262974 0.006885
2459714.319885 12.267875 0.006758
2459714.326830 12.264784 0.006984
2459714.333774 12.269754 0.007034
2459714.340719 12.271652 0.007106
2459714.347663 12.274156 0.007294
2459714.354608 12.276540 0.007110
2459714.361552 12.280424 0.007173
2459714.368497 12.285605 0.006834
2459714.375441 12.283632 0.007084
2459714.382386 12.288983 0.007405
2459714.389330 12.291112 0.007230
2459714.396275 12.295440 0.007137
2459714.403219 12.291764 0.007166
2459714.410163 12.294946 0.006813
2459714.417108 12.298455 0.006939
2459714.424052 12.303072 0.006957
2459714.430997 12.301509 0.007059
2459714.437941 12.301323 0.006692
2459714.444886 12.305889 0.007250
2459714.451830 12.307814 0.007242
2459714.458775 12.307092 0.006933
2459714.465719 12.309024 0.006897
2459714.472664 12.310602 0.007232
2459714.479608 12.310416 0.006815
2459714.486553 12.312751 0.007133
2459714.493497 12.310843 0.007481
2459714.500442 12.313184 0.006995
2459714.507386 12.311205 0.007064
2459714.514331 12.312683 0.007346
2459714.521275 12.313601 0.006704
2459714.528219 12.311901 0.007158
2459714.535164 12.313547 0.007279
2459714.542108 12.310340 0.006837
2459714.549053 12.312713 0.006880
2459714.555997 12.309158 0.007081
2459714.562942 12.311971 0.007220
2459714.569886 12.310756 0.006866
2459714.576831 12.309549 0.007349
2459714.583775 12.307288 0.006733
2459714.590720 12.305032 0.007075
2459714.597664 12.308654 0.007264
2459714.604609 12.306427 0.006462
2459714.611553 12.307644 0.007076
2459714.618498 12.306080 0.006797
2459714.625442 12.304869 0.006864
2459714.632387 12.299716 0.006497
2459714.639331 12.302392 0.006809
2459714.646275 12.300201 0.007207
2459714.653220 12.299868 0.007079
2459714.660164 12.297069 0.006503
2459714.667109 12.296832 0.006964
2459714.674053 12.292338 0.006667
2459714.680998 12.291858 0.006786
2459714.687942 12.292654 0.007283
2459714.694887 12.286843 0.007110
2459714.701831 12.288819 0.006985
2459714.708776 12.288372 0.006605
2459714.715720 12.282236 0.007106
2459714.722665 12.282938 0.006489
2459714.729609 12.279879 0.006859
2459714.736554 12.278089 0.006737
2459714.743498 12.274203 0.007032
2459714.750443 12.272485 0.007400
2459714.757387 12.271674 0.007098
2459714.764331 12.267484 0.007264
2459714.771276 12.265390 0.006380
2459714.778220 12.263119 0.006965
2459714.785165 12.264341 0.006844
2459714.792109 12.261335 0.006628
2459714.799054 12.263326 0.006508
2459714.805998 12.259656 0.006787
2459714.812943 12.258985 0.007025
2459714.819887 12.258035 0.006583
2459714.826832 12.257824 0.006275
2459714.833776 12.257720 0.006753
2459714.840721 12.257822 0.006774
2459714.847665 12.258821 0.006846
2459714.854610 12.258690 0.007075
2459714.861554 12.261933 0.006597
2459714.868498 12.265233 0.006599
2459714.875443 12.265992 0.006595
2459714.882387 12.270355 0.007140
2459714.889332 12.268051 0.006579
2459714.896276 12.274306 0.006594
2459714.903221 12.275917 0.007372
2459714.910165 12.278349 0.006850
2459714.917110 12.280055 0.006736
2459714.924054 12.283044 0.006501
2459714.930999 12.287791 0.006906
2459714.937943 12.291942 0.006859
2459714.944888 12.288349 0.006899
2459714.951832 12.292672 0.007230
2459714.958777 12.296934 0.007069
2459714.965721 12.296544 0.007146
2459714.972666 12.298445 0.007546
2459714.979610 12.301644 0.006785
2459714.986554 12.302117 0.007476
2459714.993499 12.307526 0.007431
2459715.000443 12.307159 0.006938
2459715.007388 12.307673 0.006975
2459715.014332 12.308358 0.007289
2459715.021277 12.309657 0.006990
2459715.028221 12.306694 0.007246
2459715.035166 12.291384 0.007421
2459715.042110 12.303369 0.007135
2459715.049055 12.309311 0.007524
2459715.055999 12.309967 0.007199
2459715.062944 12.312644 0.006571
2459715.069888 12.311095 0.006533
2459715.076833 12.312094 0.007252
2459715.083777 12.310232 0.007123
2459715.090721 12.310291 0.007904
2459715.097666 12.311817 0.007415
2459715.104610 12.305244 0.007177
2459715.111555 12.308610 0.007310
2459715.118499 12.306586 0.007406
2459715.125444 12.310406 0.006698
2459715.132388 12.306963 0.007095
2459715.139333 12.304968 0.006582
2459715.146277 12.304556 0.006940
2459715.153222 12.305322 0.007125
2459715.160166 12.307276 0.007479
2459715.167111 12.303480 0.007678
2459715.174055 12.302440 0.007073
2459715.181000 12.304573 0.007497
2459715.187944 12.302025 0.007869
2459715.194888 12.299312 0.006780
2459715.201833 12.302367 0.006962
2459715.208777 12.299269 0.006915
2459715.215722 12.299121 0.007757
2459715.222666 12.291353 0.007469
2459715.229611 12.290068 0.007693
2459715.236555 12.290751 0.006998
2459715.243500 12.292910 0.007753
2459715.250444 12.289279 0.006859
2459715.257389 12.283984 0.006714
2459715.264333 12.284749 0.006761
2459715.271278 12.281869 0.007175
2459715.278222 12.278503 0.007378
2459715.285167 12.278792 0.007396
2459715.292111 12.275136 0.007073
2459715.299055 12.270878 0.007314
2459715.306000 12.270900 0.006476
2459715.312944 12.267587 0.007030
2459715.319889 12.267303 0.007144
2459715.326833 12.266070 0.007325
2459715.333778 12.263491 0.006668
2459715.340722 12.260252 0.006933
2459715.347667 12.256887 0.007385
2459715.354611 12.257906 0.007569
2459715.361556 12.252817 0.006896
2459715.368500 12.252995 0.007260
2459715.375445 12.258070 0.006854
2459715.382389 12.252527 0.006531
2459715.389334 12.256224 0.007193
2459715.396278 12.259048 0.007142
2459715.403223 12.255167 0.007080
2459715.410167 12.258327 0.007080
2459715.417111 12.259829 0.006856
2459715.424056 12.261793 0.007322
2459715.431000 12.267543 0.006998
2459715.437945 12.269011 0.007262
2459715.444889 12.266848 0.006739
2459715.451834 12.272539 0.006427
2459715.458778 12.275472 0.006816
2459715.465723 12.279538 0.006796
2459715.472667 12.279285 0.006744
2459715.479612 12.282063 0.006895
2459715.486556 12.287333 0.007023
2459715.493501 12.290973 0.007349
2459715.500445 12.293297 0.006866
2459715.507390 12.294247 0.007292
2459715.514334 12.296910 0.007922
2459715.521278 12.296370 0.007662
2459715.528223 12.302180 0.007325
2459715.535167 12.303938 0.006877
2459715.542112 12.303230 0.007412
2459715.549056 12.307449 0.007506
2459715.556001 12.305161 0.007519
2459715.562945 12.306773 0.007264
2459715.569890 12.307924 0.007012
2459715.576834 12.310204 0.007280
2459715.583779 12.310343 0.007358
2459715.590723 12.309656 0.007606
2459715.597668 12.313175 0.007516
2459715.604612 12.311117 0.007030
2459715.611557 12.312580 0.007231
2459715.618501 12.313445 0.006883
2459715.625445 12.314138 0.007255
2459715.632390 12.312928 0.007309
2459715.639334 12.315794 0.006570
2459715.646279 12.315686 0.007011
2459715.653223 12.314573 0.007014
2459715.660168 12.311310 0.007096
2459715.667112 12.311282 0.007036
2459715.674057 12.311741 0.007338
2459715.681001 12.311479 0.007014
2459715.687946 12.312005 0.007204
2459715.694890 12.312859 0.006624
2459715.701835 12.310818 0.007433
2459715.708779 12.307175 0.007340
2459715.715723 12.309054 0.006960
2459715.722668 12.307593 0.007814
2459715.729612 12.307309 0.007173
2459715.736557 12.305800 0.007502
2459715.743501 12.303954 0.007407
2459715.750446 12.300236 0.007214
2459715.757390 12.300449 0.007618
2459715.764335 12.302412 0.006786
2459715.771279 12.298507 0.007336
2459715.778224 12.297102 0.007079
2459715.785168 12.294004 0.007094
2459715.792113 12.292305 0.007107
2459715.799057 12.290205 0.007100
2459715.806002 12.288751 0.007064
2459715.812946 12.288511 0.007005
2459715.819890 12.287270 0.006704
2459715.826835 12.284813 0.006496
2459715.833779 12.285852 0.006940
2459715.840724 12.280035 0.006922
2459715.847668 12.276306 0.006940
2459715.854613 12.277298 0.007284
2459715.861557 12.271249 0.006924
2459715.868502 12.270298 0.007346
2459715.875446 12.268814 0.006775
2459715.882391 12.269557 0.006872
2459715.889335 12.265264 0.006718
2459715.896280 12.264239 0.007185
2459715.903224 12.261977 0.006830
2459715.910169 12.260634 0.006955
2459715.917113 12.259346 0.006865
2459715.924057 12.257654 0.006716
2459715.931002 12.257065 0.007055
2459715.937946 12.260081 0.007173
2459715.944891 12.256749 0.006911
2459715.951835 12.260558 0.006887
2459715.958780 12.258541 0.006561
2459715.965724 12.262794 0.006912
2459715.972669 12.265180 0.007289
2459715.979613 12.265428 0.006237
2459715.986558 12.268319 0.007298
2459715.993502 12.270210 0.006592
2459716.000447 12.274805 0.007019
2459716.007391 12.274882 0.007167
2459716.014335 12.275882 0.006958
2459716.021280 12.280097 0.007459
2459716.028224 12.282464 0.006530
2459716.035169 12.287595 0.007028
2459716.042113 12.289791 0.006638
2459716.049058 12.290075 0.007420
2459716.056002 12.295708 0.007238
2459716.062947 12.297793 0.007749
2459716.069891 12.300526 0.007554
2459716.076836 12.302456 0.006798
2459716.083780 12.305783 0.007018
2459716.090725 12.303288 0.007109
2459716.097669 12.302503 0.007393
2459716.104614 12.308411 0.006963
2459716.111558 12.312845 0.007645
2459716.118502 12.310305 0.007440
2459716.125447 12.309080 0.007017
2459716.132391 12.310997 0.007167
2459716.139336 12.310512 0.007520
2459716.146280 12.312262 0.007580
2459716.153225 12.313795 0.008362
2459716.160169 12.313611 0.007092
2459716.167114 12.317314 0.007833
2459716.174058 12.316048 0.007592
2459716.181003 12.317446 0.007967
2459716.187947 12.317152 0.007629
2459716.194892 12.312507 0.008319
2459716.201836 12.315158 0.007831
2459716.208780 12.314086 0.007705
2459716.215725 12.315611 0.007113
2459716.222669 12.313397 0.007630
2459716.229614 12.307940 0.007734
2459716.236558 12.315447 0.007610
2459716.243503 12.310261 0.007685
2459716.250447 12.311715 0.007867
2459716.257392 12.313249 0.007851
2459716.264336 12.307969 0.007751
2459716.271281 12.306008 0.007190
2459716.278225 12.306419 0.007768
2459716.285170 12.307040 0.007441
2459716.292114 12.304400 0.007317
2459716.299059 12.302981 0.007721
2459716.306003 12.303629 0.007268
2459716.312947 12.300391 0.007305
2459716.319892 12.299111 0.007386
2459716.326836 12.297350 0.007200
2459716.333781 12.294772 0.007741
2459716.340725 12.294408 0.007326
2459716.347670 12.292399 0.007659
2459716.354614 12.291746 0.007854
2459716.361559 12.289483 0.007672
2459716.368503 12.288512 0.007539
2459716.375448 12.283924 0.006947
2459716.382392 12.282562 0.007018
2459716.389337 12.283451 0.007311
2459716.396281 12.278686 0.007218
2459716.403225 12.277909 0.007348
2459716.410170 12.274039 0.007441
2459716.417114 12.272465 0.006904
2459716.424059 12.270772 0.007043
2459716.431003 12.265939 0.007471
2459716.437948 12.267013 0.007150
2459716.444892 12.262680 0.006932
2459716.451837 12.262403 0.007542
2459716.458781 12.260100 0.007595
2459716.465726 12.261094 0.007535
2459716.472670 12.260014 0.007118
2459716.479615 12.257673 0.007112
2459716.486559 12.255805 0.006569
2459716.493503 12.260369 0.007499
2459716.500448 12.258703 0.006775
2459716.507392 12.260412 0.007398
2459716.514337 12.262568 0.007125
2459716.521281 12.261854 0.007268
2459716.528226 12.263714 0.007349
2459716.535170 12.266349 0.006995
2459716.542115 12.268528 0.007279
2459716.549059 12.269403 0.006969
2459716.556004 12.271714 0.006927
2459716.562948 12.274531 0.007188
2459716.569893 12.280384 0.006868
2459716.576837 12.280027 0.007694
2459716.583781 12.284904 0.007718
2459716.590726 12.284878 0.007584
2459716.597670 12.290536 0.007400
2459716.604615 12.292413 0.006775
2459716.611559 12.295043 0.007466
2459716.618504 12.299827 0.006970
2459716.625448 12.301764 0.007658
2459716.632393 12.300620 0.007469
2459716.639337 12.304053 0.007319
2459716.646282 12.302014 0.007417
2459716.653226 12.304329 0.007658
2459716.660171 12.304833 0.007630
2459716.667115 12.309419 0.007428
2459716.674059 12.311589 0.007603
2459716.681004 12.309293 0.007423
2459716.687948 12.311878 0.007737
2459716.694893 12.313669 0.007099
2459716.701837 12.312177 0.007372
2459716.708782 12.313119 0.007494
2459716.715726 12.316851 0.007623
2459716.722671 12.316157 0.007749
2459716.729615 12.312864 0.007408
2459716.736560 12.314074 0.007592
2459716.743504 12.311881 0.007503
2459716.750449 12.312871 0.007571
2459716.757393 12.313936 0.007199
2459716.764337 12.314963 0.007347
2459716.771282 12.312244 0.007689
2459716.778226 12.316199 0.007828
2459716.785171 12.312104 0.007874
2459716.792115 12.310192 0.007338
2459716.799060 12.313649 0.007218
2459716.806004 12.309319 0.007134
2459716.812949 12.310861 0.007481
2459716.819893 12.308518 0.006908
2459716.826838 12.308356 0.007528
2459716.833782 12.308498 0.007273
2459716.840726 12.304852 0.007677
2459716.847671 12.306463 0.007136
2459716.854615 12.304803 0.007208
2459716.861560 12.302255 0.007556
2459716.868504 12.300240 0.007588
2459716.875449 12.298497 0.007314
2459716.882393 12.296021 0.007507
2459716.889338 12.294677 0.007712
2459716.896282 12.295547 0.007360
2459716.903227 12.293360 0.006908
2459716.910171 12.288050 0.007157
2459716.917116 12.287506 0.007644
2459716.924060 12.286185 0.007322
2459716.931004 12.285686 0.007183
2459716.937949 12.282361 0.007512
2459716.944893 12.280064 0.007025
2459716.951838 12.277045 0.006842
2459716.958782 12.276045 0.007265
2459716.965727 12.275678 0.007074
2459716.972671 12.271267 0.007104
2459716.979616 12.271019 0.007166
2459716.986560 12.266358 0.007368
2459716.993505 12.266680 0.006948
2459717.000449 12.262802 0.007317
2459717.007394 12.263464 0.006936
2459717.014338 12.262613 0.006569
2459717.021282 12.257580 0.007662
2459717.028227 12.256366 0.007294
2459717.035171 12.260858 0.007157
2459717.042116 12.257620 0.007737
2459717.049060 12.258024 0.007131
2459717.056005 12.256491 0.007443
2459717.062949 12.257230 0.007399
2459717.069894 12.258342 0.007195
2459717.076838 12.259600 0.007633
2459717.083783 12.265459 0.007329
2459717.090727 12.267063 0.006869
2459717.097671 12.269927 0.007355
2459717.104616 12.268621 0.007192
2459717.111560 12.273274 0.007095
2459717.118505 12.275394 0.007670
2459717.125449 12.276448 0.007355
2459717.132394 12.279591 0.007577
2459717.139338 12.281401 0.007212
2459717.146283 12.285553 0.007305
2459717.153227 12.287552 0.007440
2459717.160172 12.292433 0.007257
2459717.167116 12.295494 0.007727
2459717.174060 12.295599 0.007731
2459717.181005 12.301558 0.007299
2459717.187949 12.300571 0.007495
2459717.194894 12.298750 0.007958
2459717.201838 12.305633 0.007431
2459717.208783 12.306421 0.007382
2459717.215727 12.307836 0.007325
2459717.222672 12.312555 0.007948
2459717.229616 12.309686 0.007238
2459717.236561 12.311602 0.007116
2459717.243505 12.311122 0.007539
2459717.250449 12.310592 0.007440
2459717.257394 12.312410 0.007697
2459717.264338 12.315954 0.007280
2459717.271283 12.315717 0.007542
2459717.278227 12.315713 0.007379
2459717.285172 12.312933 0.007224
2459717.292116 12.317257 0.007747
2459717.299061 12.315369 0.007147
2459717.306005 12.314304 0.007253
2459717.312950 12.315614 0.007400
2459717.319894 12.316477 0.007184
2459717.326838 12.310652 0.007022
2459717.333783 12.308374 0.007259
2459717.340727 12.310664 0.007127
2459717.347672 12.310354 0.007060
2459717.354616 12.312435 0.007599
2459717.361561 12.309574 0.007458
2459717.368505 12.308703 0.007484
2459717.375450 12.307660 0.007309
2459717.382394 12.307802 0.007436
2459717.389339 12.303507 0.007607
2459717.396283 12.306058 0.007873
2459717.403227 12.306887 0.007507
2459717.410172 12.304167 0.007273
2459717.417116 12.299609 0.006833
2459717.424061 12.299082 0.007600
2459717.431005 12.301074 0.006983
2459717.437950 12.297585 0.007354
2459717.444894 12.296073 0.007453
2459717.451839 12.295856 0.007369
2459717.458783 12.292444 0.007595
2459717.465727 12.286743 0.007282
2459717.472672 12.289487 0.007316
2459717.479616 12.283123 0.007506
2459717.486561 12.281285 0.007239
2459717.493505 12.284709 0.007014
2459717.500450 12.282649 0.007435
2459717.507394 12.279408 0.006840
2459717.514339 12.276501 0.007580
2459717.521283 12.271429 0.007257
2459717.528228 12.272814 0.007498
2459717.535172 12.270365 0.006858
