2458038.7801193	15.20835933569832	0.012334488067413
2458042.7549189	15.239502537354475	0.0087084586604291
2458043.7463102	15.459772903523676	0.0192764777977122
2458044.7415996	15.380949572449929	0.0160241371291808
2458048.7338797	15.252303242138876	0.0088784563117303
2458051.5558743	15.415554811129551	0.0183604113811992
2458052.5552679	15.3739060938406	0.0178362264502777
2458059.7140791	15.290587031972006	0.0343819104236737
2458060.7348121	15.286962446821024	0.0339087008440232
2458063.7335015	14.956738257517388	0.0214216491397884
2458067.7047342	15.392668810233452	0.0165449170104225
2458068.694769	15.36808207092882	0.0157632699141837
2458070.6881414	15.166526856061507	0.0101059764212285
2458071.685306	15.053297436024089	0.0128299883155242
2458072.6569512	14.827105748673397	0.0154982694689194
2458074.6524623	15.429220212899144	0.0190558764191991
2458075.6438536	15.424157889562515	0.0176905808085185
2458077.6467503	15.263560836319003	0.0192628426720314
2458079.6368521	15.247309595296834	0.00920207652079
2458085.5400009	15.319302595619735	0.0169990528906975
2458221.973514	14.990763310997808	0.0311854663500023
2458243.9332989	15.466286199725998	0.0340033541606427
2458247.9222855	15.411860699960387	0.0212431358390993
2458250.9157352	15.027651370598218	0.0150509240885327
2458251.913385	14.799893111713768	0.0169404360454604
2458252.6825236	15.385550070674176	0.0748088826409369
2458253.9062075	15.50189080623866	0.022819618347227
2458254.68188	15.419067252886896	0.0562431390312384
2458255.6740153	15.118376283232504	0.017137023516024
2458257.8903971	15.423587663178742	0.0199136976229402
2458258.8907831	15.356089907022133	0.0178096990331853
2458261.6587331	15.621794067196555	0.0285694294465655
2458262.6573053	15.286069747331783	0.0219861562887769
2458263.8776143	15.35150148866677	0.0274491921293724
2458264.6492654	15.430278768409384	0.0159502484103963
2458268.8581245	15.396880649055884	0.0414495720841237
2458274.6354628	15.420367050207735	0.0294375929777747
2458275.6345253	15.236751816537115	0.0231061883178515
2458280.6196195	15.606234971817363	0.0236452989927111
2458281.8857801	15.158425089577154	0.0109098301012733
2458282.6179016	15.597133742167806	0.0292878788348697
2458287.8884057	15.474293363209844	0.0206289260609512
2458289.9420023	15.564884642467131	0.0271285324445702
2458292.826882	15.029432283884994	0.0179744529470567
2458293.8578447	14.97181984967101	0.018808638498825
2458295.57962	14.995541823969026	0.0778090461331594
2458298.8102249	15.730611509804875	0.0720722622917934
2458303.5594489	15.399107428680065	0.0314036364030663
2458304.5548938	15.52309208643753	0.0384971716408295
2458304.8701258	15.054176036758092	0.0148960410633382
2458305.5516379	15.496783616561396	0.0246140081331118
2458306.54812	15.237092838796327	0.0149433157857167
2458313.8430356	15.30475186748178	0.013121341701168
2458318.7386381	15.397107169320805	0.0202447711167247
2458321.5080177	15.39395420707388	0.0270408710655044
2458322.5082325	15.405713842705753	0.0311627838805416
2458323.7546145	15.224070725907255	0.0100423321431673
2458324.500986	15.427206097767115	0.0412857754856734
2458328.4871936	15.213538427285112	0.0634278628235272
2458330.4880698	14.791461271936788	0.047640594438377
2458332.4778288	15.69470040325415	0.0493974004957263
2458333.474529	15.444908809860216	0.0301251532731249
2458334.4711762	15.567066196906715	0.0305773847084434
2458338.6999851	15.636611424313848	0.0253702883077146
2458341.6975639	15.57015484403377	0.0223702590331755
2458344.6755787	14.832066050863029	0.0158118594710315
2458347.6701249	15.69832112361372	0.028771238741972
2458348.4310393	15.1688452459008	0.0148829671913792
2458350.6633808	15.49836140160826	0.0346196192428633
2458352.4244579	15.47394000254517	0.037482323087138
2458352.7825224	15.516506528018157	0.0432876643072202
2458353.4178119	15.521575061525295	0.043214670384001
2458354.4143059	15.57496288200199	0.0696261474428248
2458354.6488714	14.94181433861307	0.0303824760335214
2458354.9399815	15.506233545395814	0.0294743224705271
2458355.4232231	15.620096074174535	0.0616947660443378
2458359.4016526	15.107898246692882	0.0405619569208295
2458360.4012856	14.846855265103072	0.0300340818458478
2458365.6235439	14.84232885299396	0.0157296248421723
2458369.6510032	15.679349357652171	0.0301806305337303
2458370.7251441	15.643946759193742	0.0252982304727295
2458374.8108519	15.439069621048269	0.0187735462125687
2458375.6050708	15.05604246969689	0.0160197567781236
2458376.5902494	14.768804579024495	0.016862815356478
2458377.6355459	14.750924588412026	0.0179639663484255
2458384.7412655	15.474022534525185	0.0349620703923564
2458390.3080877	15.15026141178976	0.0123570004261998
2458392.7768946	15.080625572706916	0.0170329149979086
2458394.5518376	15.306939983307853	0.0129630660264717
2458394.7333269	15.467262350552168	0.0206184980563929
2458396.649248	15.405289165301957	0.0172598699233357
2458397.5765484	14.903216718604272	0.0163339829801569
2458398.6370072	14.93969588146982	0.0160679420216274
2458402.3446354	14.999460737043597	0.0162320089018723
2458404.6292296	15.455260003673262	0.0186981085438543
2458405.6460636	15.31779996314481	0.0142009164855578
2458406.628993	15.375020051423183	0.0188056700953438
2458409.6179096	14.66769174051776	0.0204486119000526
2458410.6144091	15.059875833686938	0.0231855636862647
2458411.5337849	15.413002437101673	0.0400994307458565
2458412.5694897	15.715265482940453	0.0703461533013614
2458414.5781121	15.54047411547262	0.0592705735819352
2458416.5983073	15.22954086608996	0.0526956581557674
2458418.7560231	15.515320603066147	0.0391209929206436
2458423.2758592	14.828838824464023	0.0158458983895406
2458423.5729473	15.688339300921344	0.0284982700042038
2458424.5582418	15.610780254575822	0.0260778240951004
2458425.5663719	15.490805299313353	0.0200103383797663
2458426.4997192	15.23607885114491	0.0295730222875246
2458426.6800596	15.475676065079249	0.0219217774718364
2458427.5040769	14.984825260267169	0.0237493666640466
2458428.5570179	15.068140172471914	0.0161183813671365
2458429.5563124	14.760877462109097	0.0165929012849626
2458430.5060557	15.560342877035549	0.0360537063441226
2458430.6938946	15.12571802600915	0.0112123646627598
2458431.5494907	15.461282211265733	0.0196841830500112
2458432.5465656	15.59144613173065	0.0247687827683834
2458433.5341028	15.7013167764241	0.031443413546717
2458435.5549587	15.553680531731862	0.0274101806489642
2458438.6661835	15.503603666996648	0.0301540261195578
2458439.5242061	14.9199753296096	0.0207627420067062
2458440.6491782	15.178827286295082	0.0196932005503618
2458442.5144213	15.571608673847464	0.0621725881450995
2458443.5150856	15.492747457098544	0.0559207249272238
2458450.6553954	15.2696338405176	0.0120131275280664
2458452.7574457	15.344293964853808	0.0153550314549311
2458453.7268448	15.11512120653163	0.0112602911728685
2458455.7425467	14.83214729716224	0.0130748781441143
2458456.7388619	14.899774075630008	0.0138601374192879
2458457.7311568	15.24326751234694	0.0110847180169343
2458458.7312911	15.471395036379436	0.0210950184606068
2458459.7237604	15.4776695210022	0.02040359156184
2458460.7161435	15.394659228596137	0.0169143748775382
2458461.72411	15.412623632029266	0.0181985615848923
2458462.7166163	15.304726420942634	0.0125915345758539
2458464.7092528	15.124561365490711	0.0123683564934563
2458465.7057603	14.926662677336456	0.0130548997233017
2458475.5961126	15.014390483468386	0.0326111335167132
2458476.5893012	15.511751581655345	0.0581889983339018
2458477.5855685	15.48023234194243	0.0220931013951205
2458478.5675688	15.474363432323855	0.0231668089906046
2458484.5665621	14.749868010911946	0.0162244227609629
2458487.5583809	15.613106678808936	0.0232022778764579
2458488.5535336	15.37009922426348	0.0183934142143065
2458573.1452687	14.949334909419926	0.0664864604696515
2458577.9920116	15.55728861390067	0.1056470566728163
2458578.1363594	15.56420964686901	0.0372002286514644
2458580.1285882	15.396125185239578	0.0233297068191031
2458581.1249389	15.243251300014794	0.0144427551520401
2458581.9881424	15.049965158766284	0.0547210055320668
2458582.9776214	15.38903336436685	0.0264392512291911
2458583.9760991	15.569444613886924	0.0314158671525711
2458588.1072865	15.48764071639274	0.0250082259704189
2458589.1231063	15.492401046650189	0.024462533114622
2458591.1056191	15.26255942443395	0.0355989100823366
2458592.1084728	15.226807253950469	0.0443543764266197
2458593.9535377	15.565962333920272	0.0639658805742349
2458597.0892116	15.573566998356192	0.0456204598996608
2458600.0846093	15.415550635802203	0.0235106402631639
2458603.9281292	15.674054276500993	0.0782120102473468
2458605.0706571	14.681288901598048	0.0142675315338954
2458607.924008	15.374187047475544	0.018211449562173
2458610.0711665	15.360202283349418	0.0161088579974492
2458612.0660903	15.36019138033046	0.0158739732950718
2458614.0568981	15.099452393723997	0.0116287103072514
2458616.0409062	14.872054778575745	0.0135700504676032
2458618.0475851	15.483649194732722	0.0242849677682566
2458619.0245952	15.405981375086204	0.0358671601313593
2458621.0487945	15.46311894046754	0.0466582451846761
2458621.8951399	15.11729975091094	0.0351188221664252
2458622.6550716	15.527678342964908	0.0572654257738911
2458622.8713629	14.94863876307761	0.0192478226711588
2458623.0200134	15.299765381547994	0.0157152862250434
2458625.6443605	15.266855409636884	0.0213390994173884
2458625.8675568	15.334757316298592	0.0136070023680396
2458625.8899889	15.481362150841775	0.02154534636001
2458625.9010359	15.476814563497989	0.0436391302064214
2458626.0076882	14.953014851907104	0.0117182257675459
2458627.9987453	15.405378503807004	0.0262600535567889
2458630.0724082	15.42870088900978	0.0225488503546118
2458632.0879772	15.451337280716114	0.0209398439845448
2458634.09645	15.322606877634623	0.0138538480899966
2458636.0160324	14.899017966488232	0.0126017586374623
2458637.8540719	15.45328919206404	0.0237997045830734
2458641.6036525	15.416328093109836	0.0192713145698508
2458641.9828221	15.405032357163824	0.0183660916960442
2458642.860288	14.96866560255184	0.0164328145176337
2458643.8378787	14.73265336816903	0.0167882597550984
2458645.0306942	15.211793935120554	0.0105983232861625
2458646.8136307	15.477864527588462	0.0345507095236378
2458647.9494838	15.413771978368151	0.0292492444133113
2458648.9047294	15.564373768491	0.0246183340692078
2458650.576163	15.661776336901823	0.085408116030561
2458651.7918239	15.198864419359206	0.0559420100381369
2458655.0093046	15.289081890647708	0.0266216262733362
2458655.818163	15.340039298983235	0.0331825831564651
2458656.8262088	15.400282656609534	0.0415542383605669
2458660.8947244	15.437186008742598	0.0237759045228939
2458661.9973786	15.522005596054774	0.0225778070994948
2458663.0031762	15.53688583729134	0.0260821505021532
2458668.9050171	15.489346641093055	0.0212183147164855
2458669.9559447	15.444266725510843	0.0394244616582148
2458674.5350459	15.412977397805852	0.0173936805859285
2458674.9048997	15.148047529580891	0.0123071606441124
2458677.5415241	15.285189389449028	0.0344855244539548
2458677.8965947	14.719510300475733	0.0194395552192097
2458678.8968257	15.326621535037466	0.0185595497453396
2458679.9457778	15.268809137797453	0.0318792117222884
2458680.5325797	14.83397874263545	0.0507405292398504
2458680.9155567	15.58471353286905	0.0501524397925127
2458681.7628364	16.006051615841358	0.1389346256776708
2458683.817171	15.367635587177803	0.0509155100589903
2458684.8849414	15.23406808803129	0.0263906141526228
2458686.0508433	15.400261263779562	0.022948592530865
2458688.7851845	15.524784668826992	0.047088845559843
2458688.9513352	14.956871491223932	0.0153098766031457
2458691.7895108	15.528447609463194	0.0229619646495922
2458693.7086008	15.19046408188105	0.0155692110680313
2458694.7927861	15.319686086289494	0.0162942444063481
2458698.719651	15.632040355691272	0.0285690569252763
2458698.8966647	14.94354319512446	0.015461970653004
2458700.4465834	14.89774362349818	0.0162225870659787
2458702.6949808	15.391841063337184	0.0168876161617492
2458703.9155024	15.39279478185049	0.0184970555356464
2458704.9567625	15.48336211865113	0.0214845524676431
2458705.9220232	15.449957973448935	0.0366529972529784
2458706.8977124	15.327938291095371	0.0153006475942898
2458708.0114361	15.457984113653978	0.0338538869049887
2458709.0039655	15.354244953128992	0.0263985451086763
2458709.5043693	15.488460544040512	0.0635451849572811
2458711.8831869	15.392235432108835	0.0662158701586821
2458713.9896014	15.2155574350122	0.0215786028753449
2458715.0072996	15.410589373091964	0.0336825645714813
2458716.0485197	15.44982476995093	0.0305382784005261
2458716.5119218	15.423916083965455	0.0441380920646922
2458716.963179	15.508547521741146	0.0266556348351686
2458718.0362079	15.424104887311325	0.022204748374378
2458718.4819633	15.37311446423703	0.0260098249740985
2458719.0397355	15.415918355162251	0.020606467204988
2458719.8192864	14.72424247222576	0.0138674689091878
2458720.4310829	15.079272807609392	0.017223910599686
2458720.8289714	14.996267778179696	0.0123890885581342
2458721.7958877	15.40669311227063	0.0183760336609611
2458722.6486949	15.442095917531208	0.0215029577362581
2458723.7526297	15.499087226789952	0.0231091866474037
2458724.6561672	15.188700545650317	0.0147137252288182
2458724.6796823	15.35215040506101	0.0143482700907851
2458725.7694206	15.290606705914836	0.0135748481338289
2458726.8735718	15.442619453190618	0.0253468341137442
2458727.8404918	15.26593192371264	0.0117354500051104
2458728.8657713	15.184104523745903	0.0113481657610916
2458729.661691	15.65040503618626	0.0287016919250568
2458731.0052652	15.304931132181077	0.0143888544202001
2458731.7379035	15.466257492392618	0.0218624971309851
2458732.8555226	15.46760159922737	0.0225974796318213
2458736.9407719	15.566355578350946	0.0385265716031341
2458737.9574657	15.579059566552909	0.0537201173112302
2458741.5707779	15.7403868571078	0.1093653097374716
2458742.6506524	15.585557934494298	0.0579920475626755
2458743.3660997	14.968232238312272	0.0742350301227244
2458744.7100615	15.481099036253903	0.0405588905571652
2458744.9462425	14.947958775637488	0.0177429840198594
2458745.9690397	15.337780075708206	0.0268340349625945
2458750.3864328	15.269645720421025	0.0102854174675754
2458750.6239999	15.646967422443725	0.0359077984815893
2458751.6258729	15.523981342997118	0.0245309760149492
2458751.9534537	15.277632451507898	0.0119903833195048
2458752.6344512	15.606915589787048	0.0278589668665789
2458752.9486892	15.178273896166722	0.0082254395581071
2458753.4099262	14.867243356701556	0.0191370036943817
2458753.9442869	14.952402481947022	0.0121626396233549
2458754.6309241	15.578670062852996	0.0257944066906728
2458755.5228305	14.975318571881612	0.0172682708723145
2458756.5402702	14.858270743484672	0.01592498660126
2458756.5587118	14.938352183424344	0.016927684607072
2458757.5406362	14.724854493426031	0.0179089390254228
2458757.559262	14.713987495490032	0.0180216410229103
2458758.6742174	15.00424849696913	0.0172232633972549
2458760.2787573	15.06007615478685	0.0164953908025913
2458760.831763	15.30080494847504	0.0264036430524453
2458761.2830829	14.965394062123798	0.0246126695185815
2458761.6598616	15.59932792937321	0.0344182481759993
2458762.7716929	14.67843277370192	0.014333443372184
2458763.5211862	15.476361686066134	0.0295804430343518
2458764.7263599	15.49384731568994	0.024358708012329
2458765.3637662	14.97112354323326	0.0315819487979838
2458765.7140391	15.424126689817022	0.0280368015759956
2458766.7486304	15.425905447742853	0.03848307895528
2458770.8884812	15.48645353679281	0.0428772891575923
2458772.8950956	15.374126425343045	0.0284960810806369
2458773.8908366	15.099561747877589	0.0213250973096815
2458774.8485378	14.845409654835525	0.016061772130177
2458775.8443061	14.911793076554083	0.0148113765229114
2458777.7476998	15.372936017595602	0.0178401089566639
2458778.6775974	15.30853227840594	0.0124339766719386
2458779.6393228	15.049281171228392	0.0130814869947293
2458780.7076983	15.151802719832284	0.0108515395627641
2458782.6031473	15.537182884523874	0.0251707554824008
2458783.5093968	15.69519010774991	0.0329039844899461
2458783.7095457	14.956997975605171	0.0142688078761764
2458784.6783792	15.358215870533048	0.0155224576306608
2458785.5007173	15.475871408804698	0.0412817895156707
2458785.6858616	15.46430810415435	0.0229062771390442
2458787.8510479	15.40650899007597	0.0191582545557558
2458788.7216964	15.43601655093845	0.0201460040561205
2458789.8464508	15.49616334581104	0.0228795559564889
2458791.562713	15.046831324215804	0.0252005252249046
2458792.5796572	15.256606937252876	0.0240976110887354
2458796.8185964	14.892836831544424	0.0189181839733655
2458797.540943	15.659663938143895	0.0770243924148462
2458798.8062139	15.377834745923144	0.0357572988054248
2458799.8178756	15.504888283779838	0.0469890619707519
2458800.805873	15.456665331589186	0.0432531614565026
2458801.2593694	15.340614523983902	0.0359761604831719
2458801.8134894	15.372224969939412	0.0295783186079963
2458802.8094625	15.314499742736354	0.0219430805480281
2458804.5157814	15.522269009017606	0.0326932745929695
2458805.7107555	15.139918227952322	0.0149778274426697
2458806.7077393	15.467298560081794	0.0202537534675545
2458807.7033682	15.501239360081309	0.0219842733401847
2458808.3168959	15.41098135921228	0.0254652313080897
2458808.511073	15.270115265428217	0.0598989616765714
2458808.7032276	15.406155720670132	0.0172473126327499
2458808.7044446	15.343727773021564	99.99
2458809.6880516	15.433785032190013	0.0183896146054593
2458810.3126966	15.44316840337175	0.0253359907131648
2458812.7773509	15.333915281853244	0.0169750831822143
2458814.7784566	15.114685465516692	0.0114342356435536
2458815.774779	14.884579530456424	0.0124467496018409
2458818.5661622	15.470948830463945	0.021377359851463
2458819.6246511	15.420835465894504	0.0206061777789139
2458820.5363878	15.068655376178564	0.0167725654193319
2458821.6602734	15.326056969324393	0.0219456056849563
2458824.7286257	15.077444821024166	0.0185236240764983
2458825.7277143	14.870084038832092	0.0187583210668554
2458830.6227018	15.412145321806523	0.0352765555380362
2458834.6124323	14.697853374639058	0.0162682362862289
2458835.6245001	14.657878240756473	0.0165397004445416
2458837.6922212	14.955960806242391	0.0229978871931058
2458838.6162502	15.404954343925322	0.0175800841115712
2458841.607418	15.447123297766153	0.0191547109983923
2458844.6012305	14.964804283444666	0.014812928556103
2458847.5505889	15.51402405767643	0.0245618145984611
2458856.547558	15.008053300466235	0.0255398790515736
2458942.1362308	15.307734778941589	0.0365751723905313
2458961.0862795	15.291932699586456	0.0155843678331276
2458966.0840577	14.757037528690098	0.0138966016640848
2458968.1155366	15.476278399836351	0.0216596827016641
2458971.0816891	15.533063224976422	0.0244229792958071
2458974.0755634	15.115098487167211	0.0179952275355691
2458985.0448341	14.98710059939921	0.0130433315764799
2458985.9123132	15.57943158624404	0.0284029289015402
2458988.0355389	15.427796848629358	0.0187566462523861
2458990.8749109	15.208574486577628	0.0123249719857705
2458991.8918361	15.1516992657094	0.0115736324352953
2458992.8733834	14.838102312029497	0.0163776268310559
2458993.8591994	14.775589680502986	0.0164835946821811
2458998.851691	15.386955809292456	0.0178302222365656
2459000.615635	15.436135470167663	0.0196758486491271
2459005.6076657	15.383380544559843	0.0787812227600446
2459010.9822179	15.470423315229944	0.02976385056834
2459013.9255555	15.26181548674469	0.0152411429321083
2459015.9519899	15.108453900190687	0.0114704032098714
2459018.0199388	14.989911450933873	0.0133777319620122
2459020.7926967	15.34268199095698	0.0155599737100004
2459028.9670599	14.82486317844536	0.0130138324281525
2459030.9536293	15.495580964213795	0.0286291257547379
2459033.8944496	15.429269044269423	0.0507077375402705
2459041.8772955	15.520776074512623	0.0231371800945362
2459042.8802567	15.458981839450026	0.0229857176201018
2459043.878823	15.357058443431535	0.0182553835752059
2459047.5928499	15.410793398651672	0.021793870209535
2459050.4926547	14.744389214232845	0.0158220905985836
2459053.8686082	15.44724892199164	0.0195003255403634
2459055.4630475	15.395610194043376	0.0219977065357753
2459058.9493708	15.073759871397629	0.0107845158030329
2459060.4434171	14.60929507531061	0.0271277184138999
2459063.4399625	15.321935886357176	0.078341637070354
2459065.7652607	15.146030785243283	0.0374193828826454
2459069.0008765	15.372082854764152	0.0284116982212621
2459070.9769409	15.030500883499476	0.0163847681965263
2459073.8166277	15.474439558443748	0.0213330878273012
2459075.0036655	15.556164656667317	0.0251859088867815
2459084.9936472	15.043577583509716	0.0111457563356567
2459086.8945205	15.435861777908965	0.0188514481521752
2459087.8973062	15.359273224727074	0.0159284597764809
2459088.93923	15.334569691154991	0.0171166333528683
2459090.9198918	15.141309296547554	0.0152902509458295
2459093.840458	15.364599977278042	0.041894811262047
2459095.8045202	15.496402016262508	0.0549869142501585
2459096.9903695	15.391210682633506	0.0293536476510373
2459099.9718026	15.364550192493963	0.0205246011242703
2459103.9270552	14.914644799988803	0.0132936095990105
2459106.7668623	15.332146243760612	0.0148738520935738
2459115.9356861	14.849166627228175	0.0134583095336112
2459123.7560977	15.294243148147125	0.0387581632047847
2459126.5787731	15.23266984690306	0.0128962539477614
2459129.8508706	15.383171022754382	0.0223705412096267
2459130.7632751	15.162912989631687	0.0192813152703996
2459131.8649578	15.298095017473177	0.0144839611203397
2459132.8152669	14.987356829539769	0.0128549346544589
2459133.817539	14.811282629526843	0.0172761585810692
2459142.8836592	15.34340137615025	0.0183765161646092
2459143.8095548	14.986851914014736	0.0167406246139739
2459146.598328	15.528101825911095	0.0391219348862651
2459149.5227112	14.799769357542749	0.029406456040031
2459153.8331373	15.238168410599505	0.0326879535385703
2459154.8323982	15.12031584386346	0.0333622535670764
2459155.8269765	14.86640292251804	0.0384372825912856
2459156.8228272	14.667899926095505	0.0176453555725844
2459157.8188194	15.300346006251493	0.0239797874143837
2459158.8186119	15.474564396698982	0.0324211974757323
2459159.5088843	15.025062308543916	0.0239400253286261
2459163.8230517	15.281069280797457	0.01379168513292
2459166.5297811	15.52511854927181	0.0278664204373591
2459174.5400979	15.393740464160691	0.0305462315671209
2459184.6576255	15.068713957807043	0.0295070767913771
2459185.6613118	14.844345489509523	0.0225887314016548
2459187.7301715	14.83176682193805	0.0123700570437647
2459191.7345823	15.413259564334655	0.018700596768121
2459198.6946961	15.341002796367691	0.0233936742603354
2459200.7104763	15.188232582945664	0.0106155884568857
2459206.6973186	14.98240936732195	0.0217454303989583
2459221.5549013	15.342500488340614	0.0165132584738422
2459223.5487924	15.271584350519154	0.0243569043333601
2459301.1467994	15.243419234095796	0.0918056564470368
2459305.13412	14.67574088640404	0.0252086983196866
2459311.1203696	15.39953776986104	0.0261257391931473
2459313.1171481	15.181007202679236	0.016521099908883
2459315.1176307	14.898561666594784	0.0141830567828006
2459321.0911108	15.443507131108174	0.0302961978416849
2459327.0925958	14.94322129179505	0.0135570537329974
2459328.132588	14.867614471988986	0.0672064463882975
2459329.0666013	15.499819545840785	0.0420771508947922
2459339.0519824	15.38157865258599	0.0235662345018786
2459343.0447474	15.36377707822648	0.0183025291953483
2459346.9102193	15.469456637056483	0.0248485701201389
2459350.016981	15.495881716415845	0.0244051094192975
2459353.0884653	15.458175095774935	0.0195748674766748
2459354.9982721	15.103606292992778	0.0155157489153924
2459359.9202955	15.363726898994248	0.0397205492706773
2459364.0552543	15.431343532142437	0.0310856446635626
2459366.9285175	14.848649575839593	0.0256410359020448
2459369.0374021	14.663595235353458	0.0155091117534181
2459371.6142616	15.320173614824943	0.0162942512512128
2459374.5923865	15.419993127851964	0.0301187537151733
2459374.9526068	15.2360391548834	0.0137949831108955
2459377.0096519	15.143263139842864	0.0093627713903345
2459383.922488	15.332276051756198	0.0248683412330352
2459387.9152968	14.510954298431374	0.0180308479928054
2459391.1179619	14.8872245872941	0.0341640983390919
2459393.1215771	14.650264631355132	0.0420280826320138
2459399.0519492	15.233479554061294	0.0111204044643884
2459403.0948455	14.715731524477532	0.0133431501018129
2459404.9347552	15.489362845888028	0.0253260327081399
2459411.4670722	14.742619239981067	0.0169448704451638
2459413.4700452	15.322415181065416	0.0211330349652114
2459415.9471555	15.461262292943692	0.0313795338396613
2459417.7202253	15.016346148275602	0.0381721706842552
2459418.7960497	14.9301477705906	0.0516805197593859
2459420.7095932	15.62559409200324	0.0764432622857059
2459423.9811229	15.20015323656255	0.017838369026667
2459424.8514206	15.495411910787682	0.0380937858118052
2459426.691746	14.906575181342705	0.0171856776306386
2459429.0903877	15.385211783461184	0.0197976928124033
2459430.8854534	14.848947607817236	0.0125789427453224
2459431.7884593	15.427947545434844	0.0204671524249718
2459432.7079512	15.644430227560411	0.0287480318077921
2459433.4255822	15.350467185473	0.0193371386515988
2459433.9840231	14.924991657684616	0.0129544951420011
2459437.6620716	14.78764216237633	0.016940105278214
2459438.9666677	15.397212516263307	0.0170208074799977
2459444.0486393	15.030783407697122	0.0128446074931477
2459447.0321309	15.484391509836676	0.0358389913925254
2459450.9210816	15.195010563797686	0.0416331088282654
2459451.7459892	15.490175173546206	0.0355955793907721
2459452.856572	14.826939865150434	0.0171943148541445
2459457.706146	15.261061605680904	0.0164399346926556
2459458.9380204	15.408733335457258	0.0229702874497156
2459459.4862492	15.427473353482291	0.0197147889581951
2459459.6686236	14.927369921667346	0.0168229747560105
2459460.7031117	15.157765944272697	0.0183534797100502
2459462.6880598	15.741383492318246	0.0376274962546918
2459464.7912231	15.526800448982687	0.0242711871351935
2459465.7279557	15.4700691302615	0.0216636789732751
2459466.3743661	15.582656357374518	0.0274666690318267
2459469.7807179	15.182201702250008	0.0131829414017474
2459471.669431	15.348298222892144	0.0201380087704316
2459472.8207669	14.869349707883012	0.0149608566089072
2459473.8747181	14.935896264104302	0.0153386086787136
2459475.6619916	15.414928420322424	0.0461253514517846
2459479.3390719	15.708465844749192	0.0878960915337951
2459480.8540338	15.52164268324042	0.0487526365816136
2459482.9388482	15.314821456512242	0.0224000672826225
2459486.7761084	15.431695426569338	0.0193905767391111
2459489.3826543	15.552130435845555	0.029888839774557
2459490.3085606	15.454898632559743	0.0229595988333222
2459492.3100087	15.244380161493584	0.0151415305874866
2459493.770193	14.845882302226192	0.015899168533715
2459494.8116899	14.84349431683998	0.0164349833715591
2459495.8036793	15.00596938868467	0.0154053757272234
2459496.4118638	15.049455566420654	0.0169669724732884
2459501.7341	15.223391408475734	0.0162047805204056
2459503.6269365	15.21427458777434	0.0148295485779396
2459504.6244298	15.459137536650651	0.0675239108299083
2459508.7878769	15.38098032795485	0.0312242443803183
2459511.704769	15.269418325169216	0.0153119945513387
2459513.3108697	15.299496883175925	0.0173328490866062
2459514.3500127	15.274482897993796	0.0182565322683642
2459516.8159697	14.760943825079348	0.0141978670582208
2459517.5740044	15.434578864694071	0.022206218400941
2459523.2609389	15.227240137497295	0.0156247153147564
2459524.6556698	14.63952877387516	0.0169905723452284
2459525.7233544	14.558519449995115	0.0167681949002403
2459527.7278239	15.396080925568604	0.0193688657868182
2459528.6767624	15.412325857793263	0.0201867397112301
2459530.5619105	15.28158226539273	0.0484195983959085
2459531.6774183	15.33034879786753	0.026683878749126
2459535.6956051	14.645183039045456	0.026657923928772
2459537.7916188	14.760105648977271	0.023029082576627
2459541.7784436	15.494564256928768	0.0237427133453298
2459542.6903115	15.35213844226081	0.0284267394446548
2459544.7688573	15.28634242119325	0.0160789250338712
2459546.7342158	14.9113153475142	0.0130794130304736
2459548.6488052	15.47076531038275	0.0205491871795291
2459550.6346434	15.377286645855508	0.0156175257926117
2459552.6576895	15.366470211903714	0.0180109750768216
2459554.6385385	15.103034133870182	0.013045503364157
2459556.6354066	14.68988745431692	0.0169100269851126
2459562.6457953	16.133428986799935	0.1887016654966873
2459562.6470242	15.483666730789407	0.0638504084172612
2459569.7042392	14.857666306706044	0.0151165418864344
2459571.5975261	15.49083053466335	0.0339062376481785
2459578.5851198	14.995598665459044	0.0155579275802494
2459581.5690539	15.27470948002551	0.0143176760038007
2459585.5580485	15.092746171640549	0.0146528148056515
2459587.5518074	14.754737113654633	0.0198942637402561
2459666.1446603	14.76983704205316	0.0299329454161185
2459670.1345587	15.493674724004771	0.0320240096740593
2459671.9927352	14.962134641326235	0.0589450197218229
2459677.1133347	15.005583850856494	0.0147583546803735
2459680.1255499	15.420161497541727	0.020780528825757
2459695.0751721	15.078518663096066	0.0167281887954775
2459698.1076079	14.5521242454436	0.0134836858653661
2459708.0734871	14.669257400913324	0.0140909576683741
2459709.8916317	15.446673135392524	0.0251435586768427
2459712.0529919	15.422753912727003	0.0218268415791057
2459712.0542565	15.51539177717544	0.0332719701239705
2459712.0555095	15.330809677684272	0.0225099382008956
2459713.054093	15.47516772668857	0.0309304467564417
2459713.0553576	15.506064189651722	0.05559192183965
2459713.0566339	15.57819404376289	0.067441803218336
2459714.8843969	14.85146638776671	0.0376859676492266
2459721.0436907	15.471015041849856	0.0278320081798958
2459722.8719029	15.278377704412677	0.0184193086953405
2459725.9882212	15.229650058324845	0.014248242690166
2459727.8455	15.478495738992372	0.0248568791551835
2459730.975788	15.47476094187738	0.0238872115903589
2459733.8376764	15.13422523360128	0.013842150891878
2459737.9542843	14.94288859052502	0.0135385441430614
2459739.9206544	15.384434191388676	0.0169884561868372
2459747.8164128	15.554754871032042	0.0545161273571264
2459749.8722413	15.532215520173573	0.0395213469203616
2459757.9280917	14.99903905371482	0.0132513995934129
2459760.9909763	14.6617976055251	0.0141906813131536
2459761.5705974	14.929163764489196	0.0173076587446576
2459762.7703658	15.500800496927896	0.0228382161025012
2459763.8236043	15.503283600661188	0.024076913352525
2459764.8353466	15.415885695799195	0.0209760110883952
2459765.8240743	15.173757319883723	0.018459153639
2459765.8265677	15.244701600842458	0.0284362338596759
2459768.9404738	15.158909191048508	0.010729711997082
2459770.8728189	15.45398960720144	0.0237586557398622
2459774.8613407	15.341739237819308	0.0528513638998013
2459775.9751236	15.451396042455642	0.0319022063598053
2459779.8484701	14.600744407036084	0.0171944394848826
2459781.9117181	15.23139005515496	0.0220974841345664
2459782.7028824	15.588133056158767	0.0279600503915971
2459783.7625309	15.649723087413124	0.0267925948698259
2459785.9692804	15.488351615932745	0.0216445171399413
2459786.6152449	15.181675497478045	0.0216601161093228
2459787.7717596	14.96172547792801	0.0162729560487104
2459788.7538709	14.696083183149666	0.0172247609806221
2459791.8896004	14.78712972169114	0.0136616772372964
2459793.6606717	15.352485589607722	0.0183349762573485
2459794.6846409	15.364133147609197	0.0182921836502741
2459796.4388648	15.367168143742996	0.0209108274357461
2459796.4401169	15.524570774762992	0.0344178269622888
2459797.4320642	15.385349093465823	0.0343654839129177
2459798.4283217	15.24990977231366	0.0395467726020111
2459799.6726612	15.552406862460296	0.0447458954916029
2459800.6988497	15.506669086219503	0.0408228690421705
2459801.0509343	15.467325326160733	0.0213016285334133
2459801.7329831	15.408020950484058	0.0449100329690179
2459802.0708329	15.285027208827447	0.0247886975300048
2459802.8869528	14.868558297839783	0.0273428871536546
2459803.9445363	14.834551444478324	0.0261716881825158
2459805.6417195	15.467395255693647	0.0724742733763938
2459806.9840074	15.425562641264523	0.0271925309211233
2459807.4095009	15.458828097910231	0.0583288211996474
2459807.6373217	14.957458835844166	0.0258880993204355
2459807.9890995	15.440181270827596	0.0274913809075763
2459808.3869357	15.411443880719744	0.0389848217546118
2459808.6482165	14.813216276913291	0.0201280152057913
2459810.6304063	15.557933624337345	0.0267755596070549
2459810.9235865	15.30353818205999	0.0161284795889151
2459811.8734669	15.053800303243644	0.0127141434803413
2459812.4304111	15.199801532062365	0.0181215446447833
2459813.0308941	15.34711157791012	0.0178108189196064
2459813.5204446	15.208587460424264	0.0197991083835969
2459813.6945689	15.557060195163604	0.0261025548054854
2459814.393215	14.999002677319544	0.0176506015255518
2459815.3708128	15.184232020973816	0.0144634689937589
2459816.758356	15.534648268600217	0.0297105751170452
2459817.6090749	14.979013303654083	0.016679519615539
2459818.3735166	15.58827587030292	0.0286489359543078
2459818.3750583	15.589201937205114	0.0345808269955721
2459818.7697434	15.37118887636181	0.0176829522521401
2459819.3880486	15.434461684857474	0.0235629398268377
2459820.0352338	15.343759130729662	0.0174860309784434
2459820.4549463	15.402248327224315	0.0183575917360303
2459820.8607725	15.266239243080832	0.0156060333255085
2459821.5977784	15.48131131100474	0.0228391828507527
2459822.0046189	15.400287564703923	0.0182129433865284
2459822.4698076	15.386812915533422	0.022202379789084
2459822.962131	15.204004144331972	0.0102205785225766
2459823.8773009	14.840038286468763	0.0130796828709711
2459825.4816672	14.94546898866792	0.0174661229802625
2459825.96753	14.846100692264026	0.0136473916465629
2459827.5804455	15.0621395113324	0.0211484106460697
2459827.5817439	15.064289757721642	0.0297150075507879
2459828.5785007	14.797993806631478	0.0237326067852013
2459829.3541363	15.32291753321536	0.0814915018792928
2459830.3290998	15.59586229588877	0.0857916068593829
2459830.9237581	15.371856798360652	0.0317789660568475
2459831.6492975	15.38405744197999	0.0564670875739831
2459834.5667303	15.292752526556267	0.0488681301564406
2459835.3162331	15.683314217198298	0.1185654942478965
2459835.5552272	15.238513011637586	0.0232928464411311
2459835.7277342	15.384119522250472	0.0354750885628386
2459836.347063	15.35366310793605	0.0485260006898649
2459836.6582405	15.378940745805048	0.0376368060636121
2459837.325228	15.683759970202177	0.0465561346985602
2459837.956098	15.318469302063754	0.0247239486886653
2459838.4474339	15.606712717257	0.0590368514049892
2459838.8380415	15.644627946724308	0.0398550054650623
2459840.5973173	15.0370955636858	0.0190132394731202
2459840.9770424	15.509713358672451	0.0253161435297278
2459841.5376966	15.562529035174448	0.0311426454305726
2459842.3077543	15.049542723185514	0.0193608457817755
2459843.2878631	14.82839407425418	0.017443239627624
2459843.8102629	14.802752961694235	0.0146879976829902
2459844.3678136	14.947745825748004	0.0170498259649663
2459844.7600974	15.39796638690856	0.0179250244656247
2459846.5200346	15.219988621616894	0.0131280477846366
2459847.5204419	15.068088072254536	0.0154154356294337
2459848.7332303	15.46718238781196	0.0208133580650007
2459849.3016686	15.523117494375644	0.0251190513377199
2459849.8162963	15.446289166304243	0.0196007465738484
2459850.609917	14.737905229900209	0.0173212355340357
2459850.9356901	15.498194957953498	0.0227883681410029
2459851.7543436	15.151214655879432	0.0093952569435232
2459852.50842	15.559718686737105	0.0291993557298592
2459853.8967134	15.24913810832654	0.0138437797467304
2459857.3224438	15.466613835856808	0.0515603325457263
2459858.557964	15.246712037329422	0.0372789729885208
2459860.7772697	15.3558738605655	0.03736449737848
2459863.6184904	15.98344731656522	0.1195369092202663
2459864.5516388	15.578120282526069	0.0389381451188972
2459865.819299	14.933900402033908	0.1547420712673343
2459866.3888827	15.069784331367726	0.0479340678642694
2459867.8980575	14.717786181197184	0.0181789459356161
2459869.8672471	15.516380872290004	0.0224551508705296
2459871.8506673	15.447348225425833	0.0209036465346058
2459876.6060994	15.498712603301117	0.0242821199477136
2459878.5984004	15.436299982529192	0.0228025513385324
2459879.6764241	15.536078451824046	0.0290194395539275
2459880.8578737	15.476574740410127	0.0235531178199545
2459881.5833712	15.126624979091265	0.0155619319502497
2459881.5859331	15.13150217085637	0.019773728465889
2459881.8498342	15.492203713535686	0.0229512569898629
2459882.8186006	15.35159383537736	0.0183071753523008
2459884.5771811	15.222615368772209	0.0214772906531266
2459885.5740321	15.587717959872451	0.0462098878395599
2459886.5667379	15.571026518630182	0.0519805633487931
2459887.5634686	15.544739019152123	0.044101702100933
2459890.6702402	15.265186461795093	0.0417328052183886
2459895.5715013	15.366915436821582	0.0291081499202409
2459897.5452917	15.573695591749914	0.0347111330237049
2459901.2589955	15.491813300517732	0.0689288795311453
2459906.7796472	15.21597825325994	0.0136333179520141
2459909.7683873	14.888468873261251	0.0138504017644234
2459911.6365508	15.42398188536712	0.0201522379515154
2459913.6692134	15.424464281247994	0.0266162001603746
2459915.6154863	15.012285857754438	0.0191063953456366
2459933.6051826	15.374830481106834	0.017842723097546
2460030.1481576	15.3929653289926	0.0914137751431072
2460031.1446646	15.419674521718946	0.0580251159285692
2460039.9828219	15.189668376810388	0.0567305593794709
2460057.0814821	14.948412413754909	0.0143149183220104
2460060.0776504	15.401418530519363	0.0219505339736674
2460065.9197185	14.89437589725834	0.0209744994669264
2460072.0514059	15.400565168375683	0.0443967332541348
2460074.0363598	15.540753529264926	0.0532974198487991
2460093.9576215	15.342642105681074	0.0720401620050532
2460099.9185967	15.440112954644633	0.0693350791749437
2460100.915222	15.442030185680215	0.0914958632359598
2460110.9367719	15.465307308750816	0.0239343063701686
2460112.8072399	15.360676939928084	0.0218833927959355
2460114.9184056	15.406205122491489	0.0210089267332299
2460118.5825685	15.373318598291332	0.0197190090921155
2460118.9300543	14.988493798034474	0.0129649682415565
2460120.9255885	14.885849914761458	0.0158564113729809
2460121.9232738	15.395478761134957	0.0271901445155014
2460123.9266471	15.43335030266527	0.0311499143924368
2460125.9632494	15.57466682816301	0.0523850010134286
2460127.5434983	15.413407869466203	0.0712588718573949
2460130.8766969	15.174826419833316	0.0300902492253665
2460132.003905	14.968722229440989	0.0249373405363898
2460133.7915689	15.72242545221367	0.0640758538458315
2460134.8083728	15.358011895583829	0.0402841444188188
2460138.0268568	15.4826907037369	0.0200929736395519
2460138.7554836	14.868962106038412	0.0163500163163711
2460139.8884744	15.03261899302064	0.015569594736482
2460140.9330742	14.96045734731843	0.0184177517934633
2460141.7242959	15.553316422562844	0.0253622729863678
2460142.8601198	15.560163515818104	0.0478476211850581
2460148.8071656	15.035612255334668	0.0175481964720216
2460149.0247007	15.426633580436595	0.0198948168633279
2460150.8799473	14.936301573350644	0.0163312164142219
2460152.78862	15.508736800421005	0.0309995705406032
2460153.7188169	15.452866234930314	0.0338028323947712
2460153.8672542	15.526173693199729	0.0334690306503693
2460155.7249769	15.364198067337558	0.0385457444317374
2460156.7854479	15.32101471392194	0.0384089952865743
2460158.0395497	15.410910954339323	0.0491261715099396
2460161.8145288	14.68147918107947	0.0149029638068082
2460164.5248046	15.044312382227762	0.0393320828885897
2460166.7680554	15.371618402773752	0.0168542070844596
2460170.8395182	15.055996152403974	0.0157394136228215
2460171.8177766	14.83756742781634	0.0152072805402104
2460172.9024064	14.953869727760988	0.0161064238472861
2460180.0460197	15.514339148635738	0.0255476425750915
2460184.3594349	14.615633312271154	0.0298094651643709
2460191.7556424	14.958578460415028	0.0131676036172915
2460194.9666451	15.216624156840195	0.014379945591102
2460198.9024081	15.519006783491502	0.0242106573149973
2460201.9654105	15.468820889735367	0.0204845861158438
2460204.9721368	15.28453988566839	0.0146197985313268
2460208.8369142	15.494319471153752	0.0230518321353898
2460212.7189396	15.046425850676464	0.0193754352551071
2460213.790662	15.099774508051157	0.0234566903814686
2460216.7709638	15.272811491061615	0.0494643870577992
2460217.5791966	15.498904192735155	0.0790778493801293
2460219.3643302	15.43041490253778	0.0641987119061407
2460221.6529072	15.237336749171655	0.0195724863896103
2460223.8026363	15.2310582969576	0.0117210410656595
2460224.871246	15.240193603959064	0.0124690442430347
2460226.5794176	15.471336716759446	0.0222003671056203
2460230.8327858	15.395088960445849	0.0205178843575833
2460233.8897344	15.33884641169832	0.0170356629062547
2460235.5219164	15.642951244708216	0.0309947491186471
2460236.8165255	14.897550363452396	0.013892899476529
2460238.8209886	14.954759618085706	0.0149647305985917
2460239.6141883	15.57012961099135	0.0423050330548352
2460241.7783297	15.476443100796748	0.0268609296665906
2460243.2985911	15.50627773872355	0.0669309027220769
2460245.7651162	15.004106053106964	0.0307628435821747
2460247.5890146	15.66905082046774	0.0684483634587913
2460249.2804133	15.369373173874708	0.0209841551365958
2460250.7897697	15.520977340870324	0.0233271909129434
2460254.7396055	15.270809629121125	0.0129598978990518
2460257.7504925	14.739234876403698	0.0137008892126274
2460259.5527965	15.489816494029236	0.0253184343282375
2460260.5318457	15.528816680372174	0.0268750420802274
2460261.5483785	15.414729690286002	0.0241330837620513
2460264.7415516	15.32750825983429	0.0172048518932967
2460265.824478	15.4660128399433	0.0214278244115141
2460267.6495231	14.829643198402223	0.0167819692835238
2460269.5562972	15.810252701368642	0.0689112035825229
2460270.6789447	15.503552820340138	0.0390236463204586
2460271.6880457	15.717460674519613	0.0590473200365957
2460272.6865639	15.409312310469025	0.0579883994468485
2460273.6385946	15.445978713100956	0.0447201008049415
2460273.7713062	15.52255184318076	0.0385770340570817
2460277.7295497	15.171701853843452	0.0186147806919333
2460279.6595604	15.1681636408528	0.0220694374304238
2460280.6557281	15.448028543401534	0.0238970414536217
2460282.6406073	15.428261544093193	0.0195569798624055
2460283.6144024	15.355538832504124	0.0183054045526859
2460284.6184516	15.249730691380474	0.011636926537725
2460285.7343391	15.386145949862442	0.0179397635610535
2460287.597471	14.92718901180819	0.0158009908812244
2460289.6489029	14.97594970139425	0.0171453205946973
2460302.697452	15.359694259184876	0.044539956618198
2460303.6939886	15.370984354834862	0.0402341755465581
2460304.5981772	15.689133448972424	0.0648148596016525
2460308.5837291	14.75381184375246	0.0166348128090757
2460310.5741251	15.431403145079353	0.0202472221222089
2460312.5731443	15.478640792486964	0.0237891515876997
2460317.5625932	15.133271819909206	0.0134578057980494
2460430.6690211	14.763895544982724	0.0677457501876225
2460432.0540674	15.662865731979672	0.0454203975377701
2460433.0509193	15.484948649910528	0.0316511907224681
2460435.0625724	15.362077043472846	0.0197502139599622
2460437.0412886	15.315694232116591	0.0387827845869261
2460440.0317635	14.898337314998535	0.0165230513610715
2460442.9120799	15.446219379066298	0.0262580825404492
2460444.8936843	15.206900585904704	0.0159920373865912
2460447.8867668	14.860706722225586	0.0219348798987395
2460449.8668462	15.626101149540093	0.0493168660250076
2460453.0147868	15.430764745684328	0.0976687433663834
2460455.872395	15.174230037937214	0.0420209257906861
2460456.8439006	14.746301438015577	0.0240226308467024
