2458034.9999017	15.486221332516203	0.046964087694476
2458043.9901855	15.646814334512712	0.0157658991921801
2458049.9663373	15.692337864746465	0.0175774874998801
2458052.9062706	15.685735998338671	0.0198299240625669
2458054.8976109	15.344309529402182	0.0157681877203703
2458055.8851784	15.743908858168613	0.0194789528019176
2458056.8842364	15.650055191805416	0.0224329935222567
2458069.9813215	15.717402876146252	0.0194379046165292
2458072.8950117	15.74302544002706	0.017694314416737
2458074.8768593	15.38021696120622	0.012772901539475
2458075.8813998	15.734374979364423	0.0211022699567422
2458077.8684456	15.342769835693916	0.0164452982788247
2458079.8754269	15.640331891745692	0.0176351875423349
2458080.8424876	15.316729632169974	0.0133728367327098
2458082.8175236	15.575726438670332	0.0119417567559783
2458083.8114576	15.325054090581478	0.0148288334842703
2458084.8002867	15.676817611586442	0.0177891161499988
2458087.7534319	15.654383649063046	0.0328025796071108
2458096.8204406	15.464002021627005	0.0249612227931694
2458104.7051722	15.740872881017644	0.0234735025154444
2458106.8484063	15.486521204560177	0.013782082538918
2458107.8416081	15.411102963687316	0.0134528849359019
2458108.7238956	15.587521970379248	0.013940347535671
2458108.8076503	15.713918468252054	0.0168469366588632
2458110.7745388	15.405932714733447	0.0130840578541493
2458112.6603564	15.422564087814374	0.0221355072933115
2458112.7821462	15.521638197786618	0.0160456924430672
2458113.7938491	15.367643964335748	0.0121214842409968
2458114.6537488	15.592263659791822	0.024437138672229
2458118.6798616	15.593700497436886	0.0761898325938
2458123.7002059	15.601641096314536	0.0329719513411877
2458124.6674104	15.700101084440536	0.0386814313580116
2458125.6645125	15.432413303379736	0.0168770760423386
2458126.7662635	15.38848809039724	0.0158875455069806
2458128.5120141	15.667095009575135	0.025972362861544
2458128.7479341	15.5850408349423	0.0167191536453946
2458129.4496471	15.581306335913704	0.014979765202927
2458129.74867	15.36292313644397	0.0153464687154004
2458130.4149989	15.339252975810709	0.017561070746741
2458130.7415579	15.639616871317958	0.0169030573321005
2458132.5071414	15.694274218519173	0.0212673753420177
2458132.7351651	15.409091099267712	0.0110774445266211
2458133.7320534	15.440310908991774	0.0131050812078078
2458137.7225809	15.69664040554728	0.0167863191016802
2458138.7193481	15.58549719853633	0.0152625252860813
2458139.6874328	15.457501595104674	0.0151319807580844
2458139.7148131	15.35425815584915	0.0155251484091228
2458142.6020353	15.609452308222313	0.0229717121427428
2458144.5571649	15.32502542250338	0.0300637985929139
2458145.5755866	15.630293577847976	0.0453676674451152
2458146.5922826	15.857162473384914	0.0650039132256209
2458151.4540736	15.53438136100664	0.0573399289638894
2458152.6195156	15.547940118553043	0.0447688913178395
2458153.482081	15.398216742457429	0.0396526400687554
2458154.4821529	15.398070157143469	0.0271114956858682
2458154.6745916	15.623153783356331	0.0192205864657399
2458155.4774893	15.798092136713851	0.0415692001750228
2458155.6704106	15.333984640206316	0.0139304751124546
2458156.4719057	15.436569058897977	0.0249634929078521
2458158.6575574	15.384908451179706	0.0129165272423673
2458160.6593111	15.741534274209082	0.0209009116490821
2458162.6489904	15.401679126132032	0.0156082185904148
2458164.6534634	15.60569077782318	0.0202132724823837
2458165.3725996	15.566125061236264	0.0130677754318193
2458166.6678845	15.58735631567843	0.0189302077102317
2458167.4428386	15.475163801179706	0.0171769374279075
2458168.4419728	15.75861543127794	0.0273265223464462
2458169.3855328	15.422134416921368	0.0184410312056804
2458170.3665908	15.5867124103535	0.0184428193619897
2458171.3305665	15.623381713188	0.0201545832423574
2458171.6563361	15.460457948999885	0.0244073645737478
2458172.3402989	15.369368807417734	0.0270960575810314
2458180.4079951	15.902132936536791	0.0988808989626606
2458180.6674443	15.672536061797164	0.1033367459780715
2458182.3967817	15.479557000247562	0.0369382983523195
2458182.6559483	15.383778467529892	0.014088851843664
2458182.6579776	15.45900892077286	0.0403462695379237
2458183.392521	15.47323487174208	0.032061411547617
2458183.6164055	15.814695091192808	0.0409902061618957
2458183.6627487	15.744961447345432	0.0186626311714047
2458184.3915762	15.784656202354576	0.0490658557387201
2458184.6523898	15.69364688251646	0.0444691542560235
2458185.6520556	15.345514151218444	0.02463354703232
2458188.6047652	15.428330195657052	0.0171356917946865
2458190.6481285	15.752071100768411	0.0306900722247604
2458191.627738	15.443993202866515	0.0185800309428428
2458192.6306274	15.37368636988261	0.0191361582975459
2458193.6297777	15.80685968957052	0.0278916233726992
2458194.6215664	15.519880043010591	0.0213422153714543
2458195.6204338	15.426992572747569	0.0204776131535037
2458196.5978552	15.810043823678235	0.0348246943024604
2458197.6115136	15.584105326016118	0.0181476748040522
2458198.5953927	15.366901184729596	0.0188079916977619
2458206.577396	15.865362921147367	0.0689821060519519
2458207.5695575	15.558076665952225	0.0578513389654214
2458209.5864377	15.762344985000803	0.0817560245746686
2458211.3164218	15.470861834612924	0.0410246740967019
2458211.5809273	15.422269097821705	0.050815341114047
2458212.5772332	15.684322235327397	0.0418309346020768
2458214.5716856	15.402664430930496	0.0202083716063493
2458215.5665699	15.57024296233332	0.0239347692849897
2458216.5622844	15.743636952521983	0.029414972094333
2458217.5578562	15.453240704065657	0.0215259251630677
2458220.560117	15.53864019960438	0.0191297432607063
2458221.5597989	15.425094863205588	0.0213448139537434
2458222.5551079	15.811970184331557	0.0306786866241722
2458223.5459531	15.556577199215472	0.0172646881179615
2458227.536719	15.468995793722945	0.0227535634702062
2458228.536082	15.568369845473224	0.0298205462101466
2458232.6430593	15.250342662651049	0.0296675419444342
2458233.2501416	15.770397101096856	0.0541171806053018
2458233.4995773	15.603740655061182	0.0817148122978808
2458236.5038721	15.705946008764617	0.0559448451209054
2458238.4953605	15.624047156070285	0.0692246286165419
2458239.2349607	15.64741408682278	0.0422656755012945
2458241.4786158	15.638584402307128	0.0254920990747914
2458244.2066412	15.413241991638827	0.0335595852064059
2458244.4870097	15.385377270426416	0.0228179223478783
2458245.206282	15.448514690712203	0.0408323035041304
2458248.5112529	15.638373655594368	0.0591569291473854
2458250.2083194	15.636899755307423	0.0305892652362049
2458251.2026449	15.35865769023366	0.0307769986938436
2458253.1981525	15.704062070182266	0.0542493834465057
2458253.4545977	15.537541226680805	0.05347223308386
2458254.1964764	15.54201924295764	0.0942904627009936
2458372.9821596	15.323719541899605	0.0227567144712975
2458384.9544566	15.487325980435113	0.0256658325266447
2458389.9425347	15.57640082244214	0.0515234431574078
2458399.6250868	15.3102083558107	0.0260553813522159
2458400.6268346	15.740016334981703	0.0478764615798695
2458401.6188264	15.623141064021643	0.0215438769642677
2458417.9096489	15.688708490507164	0.0460208138077605
2458424.9622708	15.625345426290078	0.0189087453364453
2458425.9511045	15.334572906161144	0.0167273739393455
2458426.9464733	15.604588081838266	0.0142401081644031
2458428.9343506	15.37175059991486	0.0139798310821042
2458437.9340032	15.662600459880831	0.0171396209028222
2458442.7711967	15.783534597555636	0.0425984426195831
2458452.9469668	15.30819256458823	0.0129660863018632
2458453.936509	15.73260413552566	0.0211207318253068
2458455.5376942	15.373659738578471	0.0154491463143807
2458457.5541486	15.715170710471426	0.0209235044013506
2458458.0167932	15.74098682638493	0.0174320179336355
2458458.7334821	15.741060489782663	0.0230930845797226
2458459.8025551	15.695627747171503	0.0226879706583768
2458463.465817	15.712323875365756	0.0251757213492448
2458465.7373931	15.763074270364736	0.0255892166095521
2458467.5517495	15.658811519117403	0.0218148571736661
2458467.7042051	15.433342580035076	0.0187975322315261
2458468.6860269	15.758022010969215	0.0322603370733
2458469.5513395	15.474868551769044	0.01592025412302
2458472.5297326	15.391401945532214	0.0341941790695002
2458472.8976162	15.449315779083788	0.0323009855238262
2458482.51059	15.428177940721232	0.0192391303280726
2458483.4734245	15.693303708147695	0.0201309904770853
2458483.8599624	15.679781431231364	0.0199609083287894
2458484.437164	15.35139129829292	0.0156262997719718
2458484.8600191	15.38985796297136	0.0146303396078076
2458486.9621608	15.437328793629876	0.0118004863246789
2458489.6242836	15.421988409721806	0.0180290205671704
2458490.6533329	15.472662211997577	0.0215147652149741
2458491.502211	15.379086290860096	0.0166036983565657
2458491.6320473	15.645390610841634	0.0237133280176967
2458491.9677727	15.566473444982506	0.0122576558439472
2458492.6131071	15.369275043106349	0.0219822727504614
2458492.9854069	15.36216318949888	0.0152594088601288
2458494.6089501	15.69648317798294	0.0308235123695391
2458495.7905698	15.716588109700195	0.0213558704462929
2458496.6208305	15.397925044081006	0.0169224459786544
2458496.7912369	15.526972310942288	0.0093692787344659
2458498.7491324	15.65803620842819	0.0198040962695075
2458499.7647641	15.665953993080318	0.029343436904999
2458501.3724524	15.531148733021514	0.0480741405476734
2458501.822594	15.123711463653496	0.0335679179137056
2458506.8941431	15.655150979337346	0.0482473491863857
2458507.4773059	15.484027580888068	0.0471620580663512
2458507.9812097	15.748656619927951	0.0363815883120669
2458509.4408138	15.779563275964696	0.0425526812047165
2458509.6798599	15.456568007375708	0.0125040195464001
2458510.7645705	15.386221970843856	0.0130624756265148
2458512.7531666	15.744233311307692	0.0461717120741444
2458513.4836137	15.731162785385427	0.0265206957413452
2458513.54504	15.786916180110422	0.02881399058412
2458516.542861	15.681080073670117	0.02896422977602
2458516.8902249	15.936050718630677	0.081607502649388
2458517.3919338	15.36379452647099	0.01825734274622
2458517.5352353	15.757302143507328	0.0339019480023608
2458518.5378768	15.431210720974336	0.0197084742642955
2458519.442552	15.74770865063922	0.0221953709696772
2458519.5298459	15.54985231795354	0.0303179429860083
2458520.4199461	15.479971527822444	0.0156777288298696
2458520.5296845	15.774848364459377	0.0325582817837583
2458521.3982495	15.378076881346336	0.0144395806129498
2458522.3722456	15.719774590928695	0.0267635846632049
2458522.5246012	15.496168076088445	0.0342406558955709
2458523.5239612	15.774578695043465	0.0404961768037625
2458524.3909813	15.442071063675062	0.0167514477376937
2458524.5271543	15.50195478134854	0.0172785293480153
2458525.5187662	15.443214054266114	0.0496657201540729
2458527.2851281	15.619424977104256	0.0292662331685153
2458528.3136613	15.813014184564446	0.0477950377561856
2458535.7020237	15.986835248961135	0.0889896442177914
2458536.7006288	15.581022100733282	0.0530414410355227
2458537.4199973	15.425536434935063	0.0473718353506992
2458538.696261	15.823112564919386	0.0492919252908045
2458539.3975291	15.689529977182682	0.028651660417737
2458540.8032967	15.53688164587098	0.0129728908013731
2458543.7866941	15.523748783985065	0.0173890488010666
2458544.3815144	15.375828002425154	0.0162410629367848
2458544.7879666	15.347629008953916	0.0145537362385127
2458545.3919099	15.829926741549784	0.0278381350045593
2458546.6701042	15.39941771462066	0.0188635788670409
2458549.3572313	15.65687780466831	0.0256875676145427
2458554.2758831	15.774387534026662	0.0295136017156588
2458554.5542454	15.670392224775146	0.0233509626265852
2458555.3455315	15.765747743526443	0.0251489300316545
2458555.5909436	15.560284362211531	0.0243095271313265
2458556.2814121	15.344956768296344	0.0235824709659644
2458561.7391286	15.53724352489002	0.0775632851569095
2458562.7326698	15.635205884915864	0.0821539855952657
2458564.340739	15.473526627420004	0.0668794573197765
2458567.3214126	15.403237362855904	0.0289909045292139
2458567.6045714	15.627121525722597	0.0473791325413995
2458568.2743323	15.723176470849012	0.0217864588451646
2458569.839901	15.748568192394456	0.0184483682184594
2458571.6037434	15.650640560688034	0.0283975181085151
2458580.4851183	15.719626411564509	0.0305082323351605
2458581.5659499	15.62126197932938	0.0274506690566515
2458582.5616201	15.318066875471226	0.0191518334708354
2458589.7717127	15.764027992244964	0.0446364286963221
2458591.539402	15.696182053392976	0.0803857072900366
2458592.5988839	15.485179957007125	0.0472258191228287
2458593.6559492	15.24958131992805	0.0367797744593698
2458594.5307346	15.656013510979337	0.0682751260663341
2458596.7334638	15.68106811568704	0.0722691019267795
2458600.2941995	15.420841896537048	0.018978819077857
2458601.6321146	15.737085420427592	0.0283337673852325
2458604.6127891	15.740132245563492	0.0261660875392872
2458607.6408224	15.7052882839794	0.0279665660187188
2458609.6386697	15.455788744617998	0.0167619039949633
2458617.4735072	15.4854214683658	0.0478679011349813
2458619.4616645	15.536098643366763	0.0552003448789421
2458622.4597824	16.169389625205763	99.999
2458625.4525722	15.433658296120234	0.04766238564328
2458729.9847186	15.272030517301967	0.0689671384356832
2458734.1280986	15.630227100479084	0.0236048034834018
2458737.1182699	15.63411726563647	0.0159506648325579
2458753.0645963	15.823409949951069	0.0324160583541356
2458758.0705475	15.318506962517748	0.0146265333493826
2458763.0752369	15.699924632583818	0.0191522182738384
2458764.074635	15.471221002700048	0.0145773058570983
2458764.8971828	15.66667011740947	0.0257426595087151
2458766.0996447	15.724050309364976	0.0170853849099436
2458766.9484419	15.367719795020149	0.0187007027723342
2458768.8874461	15.517097578790176	0.0446891555905867
2458775.0428411	15.468165841120875	0.0276568224957459
2458779.9347687	15.321806515032163	0.0169294383078885
2458780.9652285	15.505898789563773	0.0194813655639265
2458783.9105781	15.652568601718077	0.0226456000315667
2458784.9025343	15.70423995616585	0.0268754383698637
2458788.9419142	15.575457550048617	0.0167134126203169
2458789.937617	15.343079252501074	0.0145887512496893
2458791.7984067	15.311633363949074	0.0224371132516452
2458792.9398807	15.362613988073267	0.0160586593970182
2458796.1324109	15.571705768901683	0.0108345676654853
2458799.8042295	15.889792679619504	0.0809454127585865
2458800.8113635	15.737056992458308	0.0959639114244375
2458808.1202379	15.348825070962972	0.0164077518456481
2458809.5940375	15.455566259488652	0.0362542776961609
2458812.9790224	15.476076885057491	0.0174692451724245
2458813.5242945	15.731297782230168	0.0236785801775407
2458814.054963	15.405828933714323	0.0113804024240771
2458814.5328992	15.724896253635787	0.0283377819559615
2458815.0743388	15.347708219900529	0.0127693265765323
2458815.5186202	15.412960948648692	0.0185486740641653
2458816.0405842	15.707661663885492	0.0221546563234998
2458820.8926121	15.769589091036115	0.0209002307771052
2458821.9046111	15.668651019178544	0.018710631451633
2458822.4923315	15.324252228557064	0.0170872750935433
2458823.4751798	15.714850029648655	0.0311386635884414
2458824.91671	15.81718432670952	0.0464781038111299
2458835.9545209	15.466928357741676	0.0251415458154798
2458838.6871763	15.776751365206978	0.0275312580872549
2458839.85378	15.459904553935992	0.0122809974209473
2458841.4568369	15.42958866803474	0.0173913992651942
2458842.914743	15.336419483720718	0.0156464723302632
2458844.7176763	15.353552512134767	0.0174780837370474
2458846.6557284	15.475662535472187	0.018477096428917
2458847.6557319	15.408733967977696	0.0194848334904063
2458849.8019277	15.724819073357336	0.0353488468452388
2458849.8634241	15.425133429572773	0.0126041605720981
2458852.4550702	15.435950690927427	0.016449199776496
2458862.757595	15.602845158003436	0.0846918870752882
2458863.7682411	15.731030320727836	0.0514866424102397
2458866.9909944	15.298584178966216	0.0134961535248587
2458867.9793544	15.571440537694636	0.0102164327390674
2458868.6233065	15.84175935036339	0.0579239808768306
2458869.6268034	15.444303463854023	0.0264380616600011
2458869.9431989	15.286951383027754	0.0205634433395399
2458872.9159628	15.406598293933646	0.014315852621446
2458873.6175523	15.363906150290433	0.0300697788571617
2458873.9127252	15.539266960842168	0.0141860199334304
2458874.6024827	15.816009670180268	0.0489288078551132
2458875.6127885	15.677962178442517	0.0223490187570585
2458877.898772	15.80343605908891	0.0227414534274116
2458879.571328	15.268935824951273	0.0430597957848126
2458880.8367883	15.80566957010723	0.0250287032411156
2458882.8185338	15.381171516347717	0.0168670697846936
2458890.5301417	15.610349160588177	0.042300296177046
2458891.3823781	15.384520877051395	0.0420403036527084
2458892.4430353	15.367262634274168	0.0469937324764715
2458893.3992977	15.623558011546834	0.036644163818433
2458893.72335	15.508894170565956	0.0545828663622143
2458894.3950154	15.33690836077369	0.0205301384666511
2458897.363396	15.3698773875001	0.0181735249344242
2458897.5178662	15.594080571014644	0.043454435630015
2458898.5733441	15.81908311994778	0.0495653759149534
2458898.7168184	15.642867713025073	0.0235134566819646
2458900.5315548	15.774992827107384	0.0310837614711021
2458905.2758606	15.69276971699713	0.0210195970911568
2458906.6595979	15.46849869479615	0.0159822790280262
2458911.2916961	15.658163772479137	0.0426656342569428
2458912.3429846	15.986313111543897	0.1029770008390985
2458919.7590238	15.682813216096028	0.0535980763873232
2458923.6458935	15.362127437958936	0.0405186091129782
2458929.2542274	15.480312334042411	0.0190786986862585
2458931.7467591	15.32146937640608	0.0148493684627913
2458956.7610168	15.804305508539509	0.0192426111381967
2458962.6469375	15.651792243841909	0.0209177552470991
2458980.2221405	15.523444417910884	0.0267353562518435
2458984.2520748	15.600326478398356	0.030499223621995
2459087.1300266	15.707674707458915	0.0371472050933162
2459088.9806428	15.55442374084613	0.0759785980820912
2459090.1232949	15.747220564114045	0.0274564947855003
2459091.1186487	15.60295328387263	0.0215003029300577
2459097.1108119	15.709144295122616	0.0394421966555436
2459103.1031205	15.757251525866424	0.0327077105627444
2459118.0522669	15.32118122218682	0.0139018666047832
2459122.0342953	15.59702648816591	0.0364694280841757
2459126.0560735	15.777194493580156	0.0571688247499225
2459127.0273175	15.622890119786083	0.0361872772557713
2459128.8885903	15.404443256792016	0.0640693937666551
2459138.0227748	15.32151200217587	0.0131150019113473
2459142.9974637	15.702817467926824	0.0157759080014346
2459148.9757314	15.73263214302168	0.0281224513502392
2459157.8025094	15.708268772606033	0.0613703276941653
2459167.928907	15.547014287619987	0.014617589159312
2459174.0118251	15.411708922412064	0.0125746379132885
2459179.8868948	15.299990880167933	0.0269798338802386
2459190.0601721	15.728840628868353	0.0271062311256205
2459191.8758227	15.683957926016472	0.0199226559127319
2459192.8322982	15.377532106039515	0.014413080507256
2459195.8342876	15.358668472255822	0.0152244910631009
2459196.852822	15.372343207391708	0.0172488715029031
2459201.8310431	15.669947814741054	0.0209516172229147
2459203.765471	15.72629458733612	0.0172347289624502
2459206.7964301	15.558697400454628	0.0263071174646943
2459207.755846	15.66456732288528	0.0179737469288319
2459209.7661676	15.618871491077147	0.0399362256026126
2459216.6945561	15.805642139096712	0.0770496145604602
2459216.9178943	15.356799159335097	0.0342136736798026
2459217.7906707	15.741308825202744	0.0571771310730198
2459219.9277417	15.499255262451925	0.0233843324800138
2459220.7056294	15.604509433678205	0.0265951317633698
2459221.9498728	15.670189862859411	0.0229508525180923
2459221.9646772	15.670565215522156	0.0166907631580026
2459222.7393281	15.508392583792524	0.0229629624219152
2459222.7857592	15.41998635007035	0.0271330163554404
2459223.6827228	15.744593326289136	0.0296011608133704
2459226.7415104	15.809219583427144	0.0384662955441364
2459227.9255219	15.512806263496014	0.014130756039612
2459230.8364706	15.701973675729665	0.0153914933895994
2459231.8382778	15.665518579269037	0.0193523065335775
2459236.7911807	15.620349038598484	0.0270383084179759
2459237.849521	15.788694060760076	0.0337149418214843
2459244.4733978	16.205834675329413	0.1599175756380079
2459249.484387	15.392622208548394	0.026705302160092
2459250.8624851	15.615725109642904	0.0234231658224327
2459255.4598604	15.467541943620445	0.0231068559321402
2459257.7995038	15.739248005456965	0.0146336756181131
2459260.6907091	15.59439443926276	0.022733279782653
2459261.6565374	15.357580028256464	0.0219040231471082
2459264.5618038	15.700827246427004	0.0328709262522585
2459265.5874117	15.766003859560453	0.0338629249700321
2459273.4256248	16.133732549748753	0.1504978669158659
2459277.8141887	15.748433810369022	0.0168439114951881
2459278.7831914	15.397495775567688	0.0350366346196382
2459279.6551612	15.807329688632413	0.0281701809589342
2459280.6617023	15.580368961631892	0.0243880237563038
2459283.6501066	15.520371670252723	0.0221857659514952
2459287.6366566	15.397849384170376	0.0191918330079183
2459288.6324154	15.631368956057957	0.0251529102315483
2459290.6272308	15.444749391260029	0.0233193688744875
2459291.7560507	15.409151043984211	0.0185288690938409
2459298.7731412	15.43916965672332	0.0232278724892499
2459300.5780028	15.154685072397982	0.0480179459823978
2459310.7986002	15.7519423114613	0.0203193398341534
2459311.5720224	15.754172281439836	0.034031704490108
2459313.7653102	15.750711991270329	0.0189649808731729
2459314.6861781	15.370927906367998	0.0242391609256746
2459315.6783879	15.461429090868132	0.0190267403503233
2459317.6535426	15.319764156194664	0.017544422810555
2459318.6806117	15.387007516449405	0.0152176429313877
2459319.6680784	15.685499902876268	0.022536026895551
2459338.6148164	15.685535199003407	0.0295409707943943
2459340.4781205	15.65667728694912	0.0255743871705838
2459342.4772857	15.372546452770605	0.0223420978183258
2459343.4869882	15.463560094344546	0.028797192458395
2459345.4803086	15.555039479828691	0.0292326433365118
2459348.46988	15.639490234611754	0.036625551108573
2459353.4534724	15.553291372173156	0.0658902985362165
2459357.4508405	15.844045277220776	0.1508376119765312
2459468.0877463	15.555229703022365	0.0173128364206261
2459472.9105986	15.318870057902556	0.1465593814067934
2459473.106242	15.31478218199072	0.0173870941073237
2459475.9006455	15.81404207182987	0.0425964445145959
2459482.873971	15.534236907272192	0.0549362378515475
2459493.0308299	15.588891035601318	0.0162363625793281
2459495.0197177	15.373063596158987	0.0151712476991809
2459495.6351298	15.35154797287511	0.1205113164788374
2459496.9130306	15.485520341715516	0.0154845524083804
2459501.000674	15.499499212756264	0.0158005176087837
2459505.8283799	15.719174529160783	0.0750121664635751
2459506.8292447	15.283433782577005	0.0451910126175131
2459507.8419253	15.644380184657278	0.0628085459951322
2459510.1158122	15.437592049825744	0.0280989718336111
2459520.953005	15.402498620615122	0.0140041103436363
2459523.1071446	15.31087738223588	0.0155361106563307
2459525.0599652	15.503734026026	0.0130077083990358
2459528.7826749	15.550143267264897	0.0170771047002164
2459529.9245586	15.682532977650116	0.0171654183275236
2459533.7623162	15.635959175158158	0.0299537190280686
2459534.857625	15.602363571269592	0.036395329193655
2459534.9198924	15.418849928484262	0.0221333373013613
2459537.8358933	15.645765575354124	0.0438461559929824
2459537.8472613	15.518037892316675	0.0249946918780352
2459545.0265572	15.515341582304512	0.0168211056047342
2459550.0023606	15.616416783482537	0.0271602287980753
2459551.9069828	15.557107703029832	0.0142708363001309
2459558.4577382	15.86927020235562	0.0334594510576807
2459573.6278113	15.726999219982227	0.0319295832731241
2459577.9542417	15.33209738080335	0.0207153165137974
2459583.6076017	15.64717718488209	0.0342651641429598
2459585.4409105	15.64174758724826	0.0215906755400695
2459586.4474794	15.390158194678609	0.0242047259917275
2459587.9192271	15.363240059152714	0.0144747917678828
2459591.0338256	15.677837141044462	0.0165493999268622
2459593.4470895	15.447785068806375	0.0505314994547116
2459599.9024605	15.640255471564796	0.0337568624923768
2459600.779298	15.71310144681597	0.0622466030196252
2459601.5938364	15.363898266953784	0.0238821621438782
2459602.3936505	15.398717461405644	0.0370758827063298
2459602.8722553	15.640187519571167	0.0224640317558371
2459603.7147351	15.755092630206205	0.0594878493054648
2459606.6495903	15.715699381639512	0.0263923751639405
2459607.4410791	15.566202074546736	0.0201158514215003
2459608.6889371	15.33776852816472	0.0209711167662584
2459612.9622087	15.763855455615962	0.0171992949164808
2459613.5961276	15.66471476885078	0.0219295987930985
2459613.9637824	15.609505761638252	0.0143007964438129
2459614.4810435	15.65555180111724	0.0260824843560521
2459614.6065453	15.361435178015055	0.029785796983572
2459614.9633525	15.323967638572752	0.0158378280502211
2459617.3844122	15.802812708837983	0.0341527095690626
2459618.3591979	15.528052266489462	0.0206551913399293
2459620.7449975	15.849302361730578	0.0432110818669937
2459621.8684627	15.684328974377983	0.0276561254619992
2459627.3543926	16.1071797667717	0.1624949729919469
2459628.5630656	15.538782827340183	0.0475920837899049
2459629.8206217	15.396807801320566	0.0421808782712928
2459631.5458995	15.436640583136247	0.0216345665144732
2459632.414861	15.43130027771377	0.039069843193152
2459633.3746243	15.53498187830208	0.0189445397720631
2459634.417983	15.713862629212974	0.0387915457826783
2459634.6884575	15.711830041526934	0.0404343411531597
2459635.4289617	15.689758704283424	0.0279920904823303
2459636.7526503	15.287494621170667	0.017268926319104
2459637.6567054	15.672423622459725	0.0255087338020266
2459638.5903557	15.34499231145688	0.0218607410421046
2459640.8674582	15.296184391667166	0.0122235868146269
2459643.6988079	15.71982940928525	0.0187043175631093
2459644.6260819	15.492430912359334	0.0230738172291197
2459644.6691437	15.622246859267468	0.0217864754372081
2459644.6764516	15.580285993708925	0.012855035336523
2459647.3939659	15.82184985955802	0.0369021717708936
2459649.6142809	15.690072082305178	0.0342490971000597
2459654.3202866	15.564511001084291	0.0681268290109431
2459656.3254827	15.215066350040267	0.0576119667566007
2459657.6038034	15.491488944379316	0.0489277883813798
2459658.7129432	15.478105091444732	0.0437634355233688
2459658.7141602	15.453956983476932	0.0521096738984043
2459659.8294956	15.46300718752274	0.0248140967809552
2459660.6200947	15.673778914759591	0.0727595655235182
2459662.7298261	15.385222706891506	0.0161339456068625
2459664.5090031	15.39627443433868	0.0164184840269159
2459665.6003938	15.452910565511155	0.0192568631638018
2459666.7169423	15.339982417529958	0.0162024209159451
2459667.5453902	15.31102233094719	0.0185738610823518
2459669.7062719	15.372387561412696	0.0179434680933444
2459670.7105065	15.731032280657548	0.0239107164503663
2459672.6853826	15.36183833399818	0.0157759066726264
2459673.7045531	15.654790571836736	0.0210323297677946
2459674.5818879	15.457782113114176	0.023242895484074
2459676.6413264	15.63084630871427	0.0250092225826477
2459682.6564789	15.544089091052273	0.0402074681313049
2459687.5400952	15.31978656973564	0.0414699686259497
2459688.6442866	15.344865270557506	0.0194653600299646
2459691.5250136	15.39354054517213	0.017714461213312
2459692.5267095	15.712675318129277	0.0256349407357916
2459693.6435539	15.737884851004836	0.0254950650113533
2459695.6370109	15.326909372695772	0.0178281844898533
2459695.6382512	15.370543201032037	0.03414310477982
2459697.222678	15.503289887946393	0.0197970016022221
2459698.5097031	15.764927557013769	0.0296912452522596
2459699.5075521	15.72451576274268	0.0221252805485911
2459700.5037773	15.377472382130655	0.0179223513609862
2459702.6182194	15.483059522405185	0.0191088849056475
2459703.4635766	15.263080579406516	0.0248366105694004
2459704.2409975	15.449975590352508	0.0306790584121411
2459708.4840274	15.889430458174589	0.071173938806949
2459709.2195159	15.8930387057564	0.0863831418213523
2459711.2184752	15.32626530993725	0.0532712056625389
2459712.2032853	15.940208252757124	0.0907704133120273
2459714.4621616	15.54018045392696	0.0705698468035374
2459716.2050212	15.803742296493043	0.1199875591739738
2459717.4538079	15.37940054330656	0.0342879083994551
2459720.4792119	15.452552262679689	0.0350614385327929
2459835.6481707	15.294835310701416	0.0784182788180666
2459837.9069708	15.580209803593853	0.067338707002488
2459844.6408942	15.532091039075205	0.0377875705235712
2459848.8550435	15.637028337659206	0.0181150072255247
2459849.9099202	15.701616016914048	0.0214671770431524
2459850.616896	15.752604174210036	0.0347024830394946
2459851.8705614	15.394510282941706	0.0238694462925024
2459852.8819275	15.830632504053057	0.029472704520048
2459853.8604276	15.532103596353924	0.0187971809016269
2459854.8605217	15.380050953671674	0.0201067709889475
2459855.8572213	15.731469400345729	0.0233552609814018
2459857.9879279	15.714461572393551	0.028853814949783
2459865.970108	15.809152376938467	99.999
2459872.5813367	15.528410503611113	0.0296581460799826
2459874.8289241	15.313913045257433	0.0189697293484087
2459876.8212689	15.566703129841205	0.0195642000320859
2459878.8758635	15.460764247938055	0.0350123113678361
2459882.9717277	15.281644414296572	0.0151356854877824
2459893.7844215	15.517908696554269	0.0607521249004423
2459899.4987082	15.796577275737846	0.0493735201402653
2459900.9371554	15.607186458026378	0.0223874441366246
2459911.4714961	15.42521491819902	0.0277781976678055
2459913.9589831	15.714317678968436	0.0209650460733372
2459919.5082185	15.554580481750984	0.1423793384081452
2459934.6434021	15.65455014378918	0.0187073607905161
2459935.3967606	15.78907577310622	0.036177031464057
2459935.3992528	15.756800465549048	0.0662936120463684
2459937.821028	15.315005201606017	0.0204510135059137
2459940.4622169	15.522935635185616	0.0154511186506833
2459940.5128981	15.457404797749476	0.0388227646965316
2459941.4751291	15.399493586786985	0.0155787076121769
2459941.5728452	15.375158847985224	0.0246923537568595
2459945.6051363	15.38405327193728	0.0207505747306565
2459947.3697715	15.915966774234915	0.0909804454021369
2459954.5417746	15.29544417017757	0.0870985076467246
2459954.5430035	15.119090358933695	0.126377718964117
2459955.7040704	15.612249526189515	0.0476696661947437
2459957.8240314	15.243478073595815	0.0364122604799279
2459964.8517575	15.386706582145507	0.0142050610600793
2459967.5396989	15.54768211062802	0.0239559738691085
2459967.5422375	15.51269019414004	0.0435287927555634
2459969.4603591	15.662841109855624	0.0186367506151425
2459969.5002476	15.66748366038218	0.0232353772291504
2459970.3648127	15.39392662863345	0.0132120031458768
2459970.3836829	15.375922383694594	0.0145744090755517
2459970.4409342	15.364369208492567	0.0179993917202598
2459970.4434507	15.358655604479182	0.0211504903438068
2459974.567328	15.445592951937686	0.0326954546067525
2459984.7311714	15.622186184861782	0.0608706756165707
2459985.563067	15.343616459608562	0.020197952679948
2459988.6536541	15.415779662630475	0.0198154578627784
2459989.7150382	15.471344651488328	0.0251902120129665
2459990.7129731	15.386740537121216	0.0218328746371381
2459991.7028901	15.679176481629646	0.028789558929762
2459993.7207412	15.34262499345962	0.0272421705830282
2459995.65338	15.487684351735282	0.0182414646337651
2459996.6750326	15.397074098171032	0.0183544190931545
2459997.614445	15.682551755717151	0.0207686164731883
2460008.5811036	15.378623305910653	0.0454900211852616
2460008.5823455	15.232029208231772	99.999
2460012.4079961	15.933097074345044	0.1204941308670471
2460016.6393936	15.49710381038907	0.0538314086848509
2460017.5515674	15.510393170316554	0.0193340295456831
2460018.6223501	15.40721355638091	0.019635209940189
2460019.6250959	15.413686414297194	0.0215742036908931
2460020.6282346	15.671093214497851	0.0279012864895618
2460024.5337064	15.446661748759752	0.0133557400458218
2460027.7179603	15.63295015934983	0.0206317027396194
2460028.5616299	15.36115511539629	0.0216850107765372
2460039.3281936	15.213435029778555	0.0658536353653192
2460041.6484358	15.59543990034297	0.0661200739144072
2460042.5426352	15.619824024678834	0.0491605593912618
2460043.6942281	15.528150150788434	0.042722804190016
2460044.5668796	15.633146859322098	0.052741324541708
2460044.7077058	15.792627885175571	0.032211357977941
2460045.5397685	15.456970033036768	0.0234044526590574
2460045.5544357	15.345959836764468	0.0237927576579958
2460046.6784444	15.415338535818698	0.0158766129892027
2460047.5613692	15.511668195746507	0.0186399969876807
2460049.6694414	15.29971004224162	0.0237850376477442
2460050.5504549	15.629679352095437	0.0251008662437385
2460051.5463412	15.377960264574742	0.0210358511837954
2460055.789994	15.668076908954964	0.0213438767422553
2460057.7503161	15.541871411280216	0.010196698216057
2460067.5018028	15.246091867927518	0.0442175151394445
2460072.4614338	15.57083475044892	0.0377501163482716
2460073.4763547	15.41110035243332	0.0243534387338847
2460074.483334	15.386692896005544	0.0232346129945298
2460076.4639153	15.56961876188894	0.0242545639690763
2460077.463466	15.367759257540968	0.0246385473045429
2460078.4592399	15.76342045078514	0.0422882180974964
2460080.4544875	15.245767870702077	0.0452226310693612
2460181.1301357	15.433521340081857	0.0276585605919601
2460186.1154729	15.49119764177798	0.0154764531338414
2460192.1153353	15.736571081800523	0.0365805863567927
2460201.097414	15.69940563683343	0.0196840176610077
2460206.0813885	15.404756779755155	0.0181119080623849
2460211.0705834	15.719608509824107	0.0218932165802645
2460216.0670808	15.385637005247624	0.0321098402367692
2460219.6071077	16.207222129103148	0.1204641322023111
2460222.0214102	15.420579038654765	0.030879875634942
2460227.0087539	15.65525149027362	0.016668782708543
2460229.8324193	15.5765638871019	0.015428536955104
2460230.9925412	15.595302565993624	0.0167954004367233
2460232.987538	15.525247254017987	0.016672974413654
2460234.0071617	15.648080826420587	0.0180143076636159
2460235.0001623	15.406667765087583	0.0143523766725073
2460235.8260695	15.698216657121106	0.023091482565503
2460236.1141095	15.449418717160349	0.0163565283071475
2460237.5672917	15.408076432509604	0.0208017393314088
2460238.0053456	15.550934928875574	0.0159646096639342
2460238.98077	15.40576241748262	0.0162227635737852
2460239.9764805	15.620422234704762	0.0169602498168567
2460241.8211367	15.776995417820103	0.0242465625604547
2460242.9651204	15.53039549650968	0.0395243807167652
2460243.8355577	15.397397309116132	0.0257447511471896
2460244.5889605	15.607874807359403	0.0596353105261292
2460244.9602407	15.278202384213976	0.0317406483143139
2460245.9617413	15.403310269747932	0.0614394572871656
2460247.9476508	15.359945021006268	0.0414431771388779
2460248.5337713	15.174376674723389	0.0834818522207933
2460249.536704	15.12801410980218	0.0695853890362356
2460250.0469829	15.443386007743932	0.0239476665272751
2460255.9498981	15.539711358964489	0.013402871982237
2460256.7855229	15.3744772087334	0.0245876914818429
2460257.5094852	15.371775238588976	0.018870545679459
2460258.9258403	15.461843890561507	0.013663488488331
2460259.5919372	15.730995701983588	0.0305794327435242
2460260.9198632	15.4286391389234	0.0118665300597661
2460261.5068337	15.598236182664332	0.0233844734945156
2460262.050285	15.51318191846648	0.0169383805382916
2460263.4944975	15.445920813672805	0.0158069276402477
2460264.7600917	15.752037998022244	0.0260673697694716
2460266.489736	15.560396811873924	0.0173206205566868
2460267.4960678	15.368169935880742	0.0240619571639046
2460267.9126594	15.383574448528048	0.0213050516823137
2460270.4721044	15.481067798579843	0.031884124404291
2460270.7277886	15.613080476926758	0.0282422060461676
2460270.9510189	15.508225635144727	0.0222478721136862
2460271.4760403	16.180922541262166	0.086843530038142
2460271.9092092	15.573467502198648	0.0278952965360183
2460272.8844406	15.603617742951688	0.0402473376648477
2460273.4750445	15.312795453418238	0.067513465728672
2460283.125715	15.362584043613833	0.0278602258295283
2460285.5827628	15.978621763478085	0.0880850285187208
2460287.9455825	15.43397205551718	0.0184517910222309
2460289.9032821	15.552954309372694	0.0169721552675999
2460291.9805856	15.353943884286895	0.0161739995645882
2460294.6806877	15.52416359566125	0.0114528487806088
2460296.6892138	15.578090869591286	0.0178036959645173
2460298.7190089	15.399962178472231	0.0186679459057974
2460303.4214263	15.436756804669765	0.09354366331849
2460303.8801199	15.53271635422934	0.0902046932972685
2460308.8060888	15.512714463860958	0.0224958854322687
2460309.8518328	15.556032152216074	0.0250309129200219
2460312.0122206	15.45858195596078	0.0223155210625601
2460312.8227194	15.4814799242508	0.0145874920681879
2460313.7813614	15.409102656486574	0.0219994225924572
2460314.3954927	15.776638106046372	0.0322909043323167
2460315.4620831	15.70702992321465	0.0270434262239175
2460316.6812013	15.750730450303749	0.0187004126268745
2460317.896961	15.404553413093128	0.0180651535803423
2460323.6330748	15.71486658628755	0.0297376157967815
2460337.580725	15.430902350571415	0.0490847549361803
2460338.6376572	15.311563877347776	0.052967478266304
2460341.9402997	15.44077059470682	0.0171776205327873
2460342.8775305	15.352603232274314	0.0346263627155814
2460348.8335372	15.678241107408686	0.0219725209030049
2460350.5234791	15.315950532515329	0.0354504845356798
2460352.5337496	15.75612779819138	0.0242264451005209
2460353.8250536	15.369045911482155	0.0179324941324868
2460354.818166	15.665130627523974	0.0216954095848395
2460357.3310714	15.530966798320335	0.0324247658277706
2460359.2954967	15.827422607150195	0.1119531800851136
2460364.3061349	15.350122079770443	0.09012335342477
2460367.693554	15.824645978645291	0.0895554980400221
2460369.327999	15.40934946537405	0.0843698295515153
2460370.4216094	15.653025306155747	0.0740796749230726
2460370.675845	15.76961641977479	0.0505907117700485
2460370.8908845	15.394102994916803	0.0219967959497122
2460371.4116573	15.595652005805867	0.0574938618116341
2460371.8999253	15.662962746288812	0.0294895399103131
2460372.3855787	15.363229654497912	0.0367460473532718
2460375.3864984	15.35749862851951	0.0216239410430961
2460378.3535712	15.372482934227005	0.0185562003669766
2460379.3444251	15.430579943241549	0.0192721454308538
2460380.3445119	15.650034656924896	0.0262462740957779
2460381.33931	15.438597131156357	0.0195052689485648
2460382.8707437	15.647480182882855	0.0202118820490381
2460383.8672243	15.310130285779053	0.0174911830062988
2460398.3242315	15.253868397701613	0.1160539711745608
2460398.825159	15.644512565053745	0.0314302783887701
2460400.8218337	15.4584688549507	0.0187423768705446
2460402.3165515	15.475820184675204	0.0330207744801196
2460403.3299455	15.747114995297345	0.0373641822630473
2460404.3077015	15.54874987094574	0.0298104590470441
2460404.7907821	15.674187458844424	0.0253137813354794
2460405.3075473	15.373952430522628	0.0293835282328162
2460405.8078825	15.489590709601814	0.0148013761064939
2460408.7802323	15.567980115040038	0.0208432922833465
2460409.7767508	15.324846614514527	0.0211058948254515
2460410.7771359	15.74844026467052	0.0311433721380993
2460412.2450178	15.738009042785956	0.0277131971158261
2460413.2563882	15.67300661699781	0.0307723040767498
2460418.7373287	15.383983558087133	0.0229823996311403
2460419.7536799	15.6669790347246	0.0517583588281276
2460420.2502008	15.568429966981263	0.0608174514602486
2460421.2783862	15.134731204568697	0.0485216482028769
2460421.7456153	15.596125640572009	0.0307477032020203
2460422.7422674	15.472257078123064	0.0365221467420475
2460423.7387077	15.702850662581492	0.0635269081059243
2460425.2506285	16.206492523895538	99.999
2460430.620011	15.522387188165345	0.0349124495023804
2460432.4791236	15.542366940937413	0.0184688234136188
2460434.4963947	15.65391546309624	0.0234335909786516
2460436.6084669	15.652493273951569	0.0542040995773653
2460439.4831591	15.456176279913398	0.0352725678467834
2460440.4793014	15.351080153801307	0.0203143212621188
2460446.2058858	15.476427161346082	0.0527516217246491
2460448.4536459	15.627728779867024	0.1041347352890042
2460449.4556575	15.192370767224508	0.0366821378943449
