2458261.950903	14.190007432525666	0.0143002062495568
2458262.9477061	14.077955917225678	0.0086092458578082
2458268.947291	14.106426794390163	0.0186728826972247
2458269.9445555	14.02782771164119	0.0110573523533507
2458270.9414924	14.121484222554743	0.014376378852564
2458271.9455288	14.17041318889791	0.0111661335699908
2458289.8823628	14.150228992979017	0.0059317750876418
2458319.9387539	14.079975865635236	0.0046009912501908
2458325.8309135	14.175311077131967	0.0163913565193602
2458329.8349822	14.110229709571485	0.0128109372882709
2458336.8565319	14.181790114447368	0.0068433320336065
2458337.8934094	14.050724009716753	0.0061550901782929
2458356.8777482	14.098882860341869	0.0178240749877859
2458361.87489	14.061463083030477	0.00855678817588
2458362.8836066	14.081836360261946	0.0081247157626398
2458372.8301452	14.087898462346562	0.0044821975646432
2458374.7958981	14.06868684195852	0.0042860585207722
2458384.9245155	14.062274180899143	0.0094532996681179
2458389.6997549	14.234148186830216	0.0113195019109704
2458390.6023332	14.07893710165611	0.0049588792875203
2458394.7481932	14.170815486646012	0.0057669497125209
2458401.8668804	14.07748096252518	0.0050262708452205
2458403.6980462	14.049380904570812	0.0073360632648856
2458405.7655269	14.175522927092054	0.0060166621919519
2458416.8432428	14.127347705126446	0.0196599836875906
2458418.8304794	14.0077832613375	0.0117552195958743
2458419.8194364	14.070924929592314	0.010692196349794
2458420.7297743	14.056355824798349	0.0077672838537453
2458424.8042039	14.000239533515398	0.0060957682893799
2458426.8176467	14.119897088636677	0.0045423918509929
2458428.7801931	14.182190361054976	0.0060597618845139
2458430.7766547	14.025586636473362	0.0060267753329265
2458433.7569745	14.095227118333916	0.0036214943609365
2458442.6563485	14.150797043492105	0.0115665388332114
2458450.7195207	14.06480703349597	0.0066826168396488
2458452.6555363	14.185714128527284	0.0074036379621838
2458454.6592615	14.09697347747266	0.0036254125631005
2458455.6895347	13.989748421418502	0.012562330773981
2458456.7261831	14.06229915109773	0.0047753566575413
2458464.7555281	13.995352032556507	0.0040225357532927
2458465.829431	14.019995678030575	0.0040450757145526
2458469.7769694	14.0346465062287	0.0061828008202259
2458472.6720078	14.057338423732851	0.0116986672588687
2458475.6668058	14.173581838808252	0.0171064335049385
2458476.6672461	14.140212296883323	0.0132397905194969
2458477.6635245	14.087501329223436	0.009207224397922
2458478.6568512	14.073151445045486	0.0061672860001636
2458480.6504509	14.085733401579215	0.0040521081098701
2458485.7708647	14.084827883413496	0.0036958513992892
2458487.6287088	14.142224977194262	0.005575734991144
2458488.6274852	14.137549280718984	0.0052404764743319
2458492.7467642	14.053216676824116	0.0028768684735916
2458495.6016478	14.13484141445256	0.0044968776093455
2458501.7078768	14.035946588259732	0.0124580443745002
2458505.5552687	14.107859366501623	0.0100368299772477
2458510.5655646	14.077114529996466	0.0049758137553645
2458605.1200297	14.095986993905056	0.0092853132468174
2458606.1205041	14.063375727197847	0.0065850312891033
2458612.954216	14.123908984847994	0.0071768727997593
2458615.1100946	14.036709930672366	0.0074722324395938
2458616.1029464	14.090276009018188	0.0041747902859171
2458620.1006504	13.999073553001482	0.0048358931640922
2458625.9337677	14.152181302600956	0.0122840883195755
2458628.0610429	14.067405746502292	0.0074527365473353
2458631.0578412	13.992879533344691	0.0053761051496822
2458633.0580876	14.052352899988987	0.004253558897754
2458636.0473392	14.010237793055436	0.0034148264473839
2458638.0450441	14.0057249309974	0.0039494791144872
2458640.9008009	14.06882886164271	0.0046090474241397
2458641.9321372	14.164942294449808	0.0063626967298431
2458643.0222469	13.990869674041091	0.0042838012483969
2458646.0232949	14.117990467674504	0.0048536166837773
2458646.8993437	14.139639092177836	0.0047909698782626
2458648.0116616	13.991652253557763	0.0079664065391386
2458649.0675928	14.01860464029215	0.0054943560569349
2458650.8590895	14.03497456225854	0.0198089407813582
2458651.8587794	14.085572684404246	0.0355644481064031
2458653.994049	13.999573972094655	0.0115573765082529
2458659.9755985	14.004831869171516	0.0056109128186173
2458660.916957	14.091039706457536	0.0060504278072685
2458668.9556344	14.088404965593991	0.0040418695714644
2458671.0294948	14.00502768056257	0.003923541425234
2458672.0670259	14.02681608446442	0.0032207344127447
2458678.9254494	13.989029897345668	0.0118904462575075
2458683.0363149	13.96519783423554	0.0116485926539435
2458686.0586093	14.022764730382123	0.0142390753011151
2458690.7916554	14.128037132522271	0.0036918691247558
2458692.9462758	14.090213690873238	0.0036199892583243
2458693.85709	14.169838810781382	0.0062578512539796
2458693.938016	14.104957752044475	0.0039807350138662
2458704.8310284	14.116427565906768	0.0049646979318048
2458708.874395	14.068554972406274	0.0112292398584005
2458717.7232878	14.108957770461345	0.0049660730251565
2458722.869592	14.12329884015244	0.0045060751212984
2458727.7128396	14.070469165991357	0.0049148180180734
2458729.688229	14.088788547457163	0.0051300131354106
2458731.0664436	14.10739692876451	0.0043184564046877
2458752.7936309	14.082596831318998	0.0031071101669295
2458755.8247536	14.023487551637205	0.0034685806361383
2458757.7784808	14.220102087318718	0.0080781230318804
2458760.8204466	14.142741294981942	0.0060333781493646
2458761.6990982	14.078117034672427	0.0047431373693835
2458762.7435681	14.093458457953474	0.005810687685378
2458764.7538176	14.15697929898824	0.0075627969494979
2458765.9265117	14.047542327543187	0.0061262293143055
2458772.6831856	14.15467221017422	0.0112673041287834
2458775.7983033	14.139966775723394	0.0077519257426711
2458777.7894284	14.03871952092086	0.0060364792343485
2458778.8467763	14.062448331285204	0.0030513285377452
2458779.6068311	14.132052910578256	0.0038823764064652
2458780.5952109	14.028532360705029	0.0056152356940523
2458780.7300419	14.068757927236296	0.0027022480051317
2458784.6471426	14.077908283285176	0.0062616954425688
2458790.6948915	14.00090769367094	0.0062018531908852
2458791.7180435	14.03767171379912	0.0051569745144417
2458802.7842649	14.171872723184675	0.0137978564416221
2458804.7650457	14.170157955569548	0.0119049827368706
2458806.6785813	14.09100241959396	0.006133351946735
2458808.7522816	14.107912194820775	0.0029500236938344
2458809.7222503	14.206749255206468	0.0071975523718947
2458811.833539	13.99828990365831	0.0036000526132526
2458812.6229248	14.12837681992796	0.0038247982445424
2458815.7920332	14.065955535880136	0.0041269545291403
2458820.7407683	14.185905227379044	0.0075460383051163
2458823.7325184	14.031251273043694	0.0082907840064328
2458833.7376832	14.089673062113686	0.0033781946915282
2458837.7392223	14.081157197766348	0.0034209001159741
2458838.5731364	14.080882760516436	0.0042016498066107
2458839.5623369	14.120093799126476	0.0041335848961646
2458844.6581491	14.105349840051302	0.0023028273456919
2458846.6641871	14.151363385619751	0.005254929771073
2458847.6609224	14.06168033822745	0.0050026200215299
2458970.1201205	14.006933862424129	0.0071008075597888
2458972.1128732	14.010913661846862	0.0045253594364028
2458974.1135246	14.104151990892122	0.0054099660637315
2458987.0902889	14.040577460759106	0.0035785338353282
2458989.0917264	14.007496322025125	0.00386096537748
2459002.0545037	14.0383780779542	0.00258149388095
2459004.0552238	14.068639771455878	0.0097384541573242
2459005.0477271	14.061288296151393	0.0106594478579154
2459008.0311261	14.024530667871296	0.0103041608533606
2459011.029289	14.011794880920013	0.0065639329894236
2459014.0388209	14.081946205234924	0.0053148031020989
2459019.0580907	14.065018384825189	0.0028683446260323
2459024.9862508	13.991420423779292	0.00380932663163
2459028.0300875	14.021323504217907	0.0036270786805755
2459032.0210414	14.13467926941482	0.0066140145980764
2459038.9522642	14.119561500319264	0.0089699313994252
2459041.0077299	14.003205130966824	0.0059669155001151
2459043.9334226	14.06464885021436	0.0030732697992086
2459045.886561	14.197716461708067	0.0069074297933734
2459046.7929242	14.21617299959253	0.0074696910445522
2459049.9261131	14.066781724011474	0.0027794445276717
2459052.9702189	14.02023761211023	0.0031877603707543
2459054.7684213	14.183089619594968	0.0061844792872764
2459058.9180508	14.00882298468196	0.0051944681484857
2459059.8989863	14.075889652029703	0.0046933408469209
2459060.8800183	14.109084321930927	0.0035863737683798
2459061.8902364	14.135371770329668	0.0046539289378748
2459062.8823152	14.209071189779916	0.0097931045120882
2459066.9834205	14.09507322655015	0.0103974304799205
2459072.7634274	14.068748651633843	0.0052928049565161
2459075.9110025	14.083482765138273	0.0053387880348728
2459079.0731497	14.00627804825442	0.003286552986864
2459083.8376526	14.069416543179743	0.0073311828392279
2459084.7742325	14.023270760215128	0.0065274309695327
2459085.760685	14.0840035344365	0.0066865896181263
2459086.8775654	14.20336367419944	0.0071535593489425
2459087.9047188	14.113893474163095	0.0040930845713288
2459088.7271081	14.165434484066129	0.0093379065483051
2459089.9724189	14.090704764394372	0.0068235269521689
2459091.6876198	14.03935137624632	0.0113538904368078
2459092.9201263	14.02317461979777	0.0100890123624713
2459101.894084	14.10429882098757	0.0051912485088406
2459105.0604137	14.118231204581704	0.0049233226920536
2459108.7885806	14.063978200543692	0.0027301961479735
2459109.9312038	13.998233152892382	0.0035243195306158
2459115.8254721	14.0982673166117	0.0050392168137706
2459121.9619862	13.992608859367532	0.0098007902545786
2459128.9016012	14.006685331271932	0.0070294008637521
2459129.9076703	14.231532615788524	0.0186331923210566
2459131.9766306	13.992990081346942	0.0055418507055137
2459134.0209225	14.12560865582546	0.0057778578941331
2459140.9193485	14.08406695625869	0.0043928001018993
2459144.8206982	14.04634096237182	0.0032848185364892
2459145.7327828	14.10338499418857	0.0050069198004882
2459156.8492519	14.01465051034995	0.0081764522677066
2459158.8677795	14.082316479603652	0.0068212599406319
2459166.7025232	14.021438404823389	0.0034140294128469
2459168.7773722	14.066807671391492	0.0046891467377523
2459188.874614	14.076002004522314	0.0075480045693502
2459192.8617223	14.086120435997664	0.0040087293248641
2459194.853262	14.095915824534671	0.0041777783174982
2459198.782037	13.991541965128857	0.0037389006130809
2459204.7111791	14.12656214279985	0.0071740588193316
2459206.7394007	14.08186996179602	0.0070711813946753
2459208.6702105	14.20140376036622	0.0109539116671481
2459217.7094772	14.056188116444645	0.0035087819896372
2459219.7636291	14.067895919727436	0.0029818158926521
2459221.7723561	14.000145242683198	0.0042302909527331
2459223.616294	14.066182847667584	0.0046752721413836
2459228.7408216	14.045449359439782	0.0034013661785905
2459231.722995	14.0654189039139	0.0035710721682334
2459237.7480882	14.035675134674683	0.0085249555826081
2459243.7237505	14.062273001666032	0.0132358623472862
2459256.5665362	14.167657042292756	0.0103656784624535
2459345.0856957	14.056966710917074	0.0031014553161985
2459348.0727817	14.053733948024174	0.0031587142140868
2459353.0686266	14.02503417440634	0.003981244811105
2459356.0574857	14.100853001438992	0.0052784344297953
2459359.1090672	14.028929555897523	0.0044428208804369
2459363.0322195	13.972778319287864	0.0113071486302697
2459368.0186448	14.087607948600546	0.0055522355943286
2459371.032014	14.056544397819156	0.00277781325063
2459376.0293465	14.000085518769389	0.003729159373972
2459380.1003939	14.00191471612136	0.0042215393226735
2459382.9910514	14.009141127034098	0.0034503111352943
2459385.037598	14.049768766169546	0.0031590633856432
2459394.9789799	14.014094168735731	0.0072245549593807
2459408.9190927	14.11324991794694	0.0045585625346854
2459410.9967116	14.012410009939614	0.0032746891105839
2459412.9174519	14.089948388257572	0.0033370771903945
2459415.9771882	14.0120528034354	0.0043143188462952
2459422.0479282	14.04427526284588	0.0077634453247672
2459423.8767548	14.024561840236816	0.0071277220575769
2459424.8132376	14.052352205931696	0.0067320888136983
2459425.7439537	14.092652318096448	0.0055811137307176
2459429.8547572	13.999574061693409	0.0041677921825278
2459431.0589348	14.006609143523097	0.0038086411943557
2459431.9131683	14.218718990217692	0.0075415617867055
2459432.9727557	14.033439674230388	0.0032422204792824
2459433.9340001	13.99717308991702	0.0041193229209156
2459436.8633386	14.079294640589534	0.0032229135413191
2459437.9703725	14.05180539420121	0.002767384070244
2459443.0877645	14.04585341421311	99.99
2459444.9045284	14.035514548084674	0.0083453151913768
2459454.7870254	14.033930133648855	0.0091224055899844
2459455.7841912	14.182583820342424	0.0107585629221151
2459457.8965372	13.99791688354899	0.0038846607584775
2459460.8451597	14.229282916450114	0.0088805482154113
2459461.9152091	14.116507501144104	0.0036974190177511
2459462.7585095	14.187235664785272	0.0066374356594752
2459464.7156558	14.139169098081844	0.0050166870144923
2459465.9140149	14.136067111574857	0.0050460137120943
2459466.938299	14.041372489684129	0.0033172651174002
2459467.8480977	14.07358348767628	0.0023131015137689
2459472.9465874	14.035792861516049	0.0039265061552715
2459473.9077975	14.133150398977545	0.0059170143620383
2459475.6882948	14.133827433447708	0.0121292151526152
2459486.010959	14.109589413267807	0.0048517378073377
2459487.9151705	14.130305294410432	0.0041617395995247
2459490.8056676	14.088062514852414	0.0039060911627833
2459492.7882474	14.103116206798482	0.0036054878411659
2459494.8034872	14.069910459773292	0.0029297606465056
2459500.7306511	13.989710952024694	0.0066313032117498
2459506.8655476	14.286452627806522	0.0231586242642987
2459507.8686236	14.202103146442148	0.0264835035543901
2459509.6664137	14.155805651429658	0.0156608164004271
2459510.8099708	14.075392335336264	0.013176969917768
2459511.6607257	14.133607313703983	0.0097371374821058
2459515.9848557	14.100428858324838	0.0061936184872029
2459518.7418668	14.087585568393235	0.0033553299026095
2459522.8131026	14.03785480670746	0.0027052362856025
2459524.8518364	14.074087740941376	0.0028957919048116
2459525.8180345	14.111581734300152	0.003394545988344
2459527.7929763	14.074997528115764	0.0044274729771472
2459529.9355097	14.043166266310678	0.0029431083542824
2459532.7401334	14.179461937403046	0.0098790978591861
2459534.7408718	14.07276943060278	0.0066700368844703
2459539.8396684	14.071305755389616	0.0119715532098006
2459541.7570552	14.119838218378264	0.0186293263526024
2459545.7263222	13.969913299696998	0.0040142898927012
2459587.7011182	14.033855191772496	0.0128497157311812
2459588.7040983	14.095750349380893	0.010097546123448
2459595.7341987	14.036845601707956	0.0120863443459233
2459600.7129629	14.094946912827591	0.0063611215122079
2459608.59446	14.183862444739464	0.0079678600497879
2459610.7211027	14.112861019727475	0.0055088461527362
2459695.1219869	14.096957997882663	0.0083401126403677
2459699.1117088	14.0152661317078	0.0048312902901258
2459701.9700569	13.81559143310104	0.0415904362306277
2459702.9630959	14.11506552694691	0.0126581533981912
2459711.0872292	14.042015865322632	0.0036267020383614
2459711.0897389	14.037059214877395	0.0050241406477756
2459712.0798505	14.082052748353023	0.0045500447216903
2459712.950059	14.122617407665324	0.0067369602212026
2459712.9526638	14.14393518370783	0.0123583222141278
2459724.0503476	14.101585431877057	0.009514006455888
2459726.0422471	14.074516444041912	0.0030952849683543
2459727.0422339	14.042356168201424	0.0035659130755291
2459731.0335244	14.13077406760308	0.0051553313726138
2459732.089254	14.020304506483544	0.0036047817865814
2459734.0336146	14.010564055885224	0.004110855175839
2459735.025161	14.038234478458753	0.0036353408375407
2459737.0145094	14.109839408053473	0.0043620339841418
2459738.0119384	14.08710635617592	0.003510265834682
2459739.0124965	14.001915258853746	0.0037838455417105
2459740.0068595	13.993375214580048	0.0044269345998344
2459741.0123735	14.102143429855824	0.004012175016484
2459742.0219458	14.11041607326892	0.0087666605623259
2459749.9797438	14.058332174161322	0.0059245154987583
2459752.8740555	14.093098429754004	0.0075292764853657
2459759.9994333	14.107793292520434	0.0042042749168748
2459764.9388981	14.043017322744456	0.0043274181871191
2459768.9866493	14.006789713203837	0.0035264841326356
2459770.8462633	14.091647921431132	0.0097765311422517
2459776.8647823	14.067635502677737	0.0113867714084435
2459778.8282422	14.188026107420178	0.0103426927169296
2459780.7649099	14.186481953547467	0.0070476450869296
2459781.7451174	14.163087597780006	0.006549814955554
2459785.0462598	13.986717956515069	0.0044329474354734
2459786.80581	14.121240781841896	0.0027450259983131
2459795.7103376	14.038574156464811	0.0055221863269424
2459796.7970264	14.186055298188304	0.0069710660945437
2459799.7199567	14.105244126061356	0.013078656410621
2459800.8120175	14.107521504297344	0.0110422427184913
2459801.7644767	14.106613940140477	0.0157881985344964
2459804.8961287	14.054267083828142	0.0091476917649987
2459811.0302427	14.087000169046098	0.0055993962243349
2459813.0424268	14.001732435460434	0.004479569143116
2459816.9080277	14.057369717992083	0.0029927316651725
2459819.0656294	14.02091680800144	0.0033112921534116
2459819.0681471	14.038503468064418	0.004274454486669
2459820.6460872	14.088006265448069	0.0046585135380309
2459820.6485677	14.07304955784915	0.007623444691773
2459822.8119811	14.04323841253289	0.0030452926570587
2459824.7951964	14.083498573794085	0.0048292620984748
2459824.7964611	14.068649405443374	0.0056413722904667
2459827.8236381	14.002808227944596	0.0072286610769412
2459828.870829	14.135179612628118	0.0045860987264019
2459837.8676507	14.126741069245796	0.0109999522832601
2459838.7356725	14.21051727753606	0.0085274406476818
2459840.8128227	14.03458526477962	0.0035542558121319
2459842.0023914	13.992800513219006	0.0047843959465685
2459843.8372624	14.007398161938784	0.0035153826961544
2459844.8696223	14.008409551945636	0.0038904802177512
2459846.0121729	14.045770253109096	0.0032907185321708
2459849.0065463	14.066972158099675	0.0037042552843631
2459849.6992398	14.21466573459827	0.0071765425463015
2459850.7573747	14.09988373448969	0.0031735687874255
2459851.9078857	14.106227983564066	0.004108753420938
2459852.8269603	14.097294020268276	0.0037267085610278
2459853.7839881	14.102990140110265	0.0039029484711773
2459855.5615917	13.98347500175844	0.0141478527015995
2459857.0215684	14.095676556603657	0.0043603406662654
2459865.5854054	14.057546685188328	0.006777467685636
2459866.9913212	14.11879575160502	0.0076877903158623
2459867.9537183	14.075173613232543	0.0078692271519131
2459872.9502132	14.094615192644069	0.0038181251087768
2459874.7080159	14.183372788629876	0.0081173563466804
2459876.5986214	14.130289473744796	0.0079636359253135
2459876.9669362	14.005115634293032	0.0041047856628744
2459879.6080169	14.157965733258829	0.0055479223681987
2459880.5698985	14.189077640552298	0.0062541380302562
2459882.7687075	14.2323103230036	0.0076265837748407
2459893.597696	14.114387205161703	0.0093535114933781
2459898.6403079	14.200080446871617	0.0141086939543222
2459900.7110335	14.104547067470437	0.0038773108063432
2459902.8418171	14.06449797312063	0.0030437172478021
2459914.839249	14.125312208034382	0.0063556497963667
2459915.7997339	14.089572463984643	0.0072660147757923
2459928.7101118	14.121965806746612	0.0048599919692986
2459928.711374	14.11266852571864	0.0059469292426411
2459965.7551438	14.001052048897977	0.0062334671977629
2459968.7437943	14.122266839538902	0.0045457652708336
2459968.7450472	14.12845736489048	0.0051652205789673
2459969.7280545	14.057765235519678	0.0045343756359078
2459973.5858793	14.015505941622392	0.0180072290744938
2460067.1088012	14.040582209317911	0.0039108203168485
2460069.9597575	14.080576634669251	0.0284486316164729
2460071.9535209	14.022489728798943	0.0148659164665475
2460108.0125073	14.045883375464909	0.0040416446568794
2460111.9950352	14.157239109910948	0.0060174541159263
2460114.0003653	14.002311310550056	0.0073636576040452
2460117.9835824	14.1346406906387	0.0053417401739824
2460121.1062929	14.11868337984185	0.004989389665203
2460125.0833769	14.01176463245934	0.0042888293033801
2460132.09118	14.11686754639549	0.007654028591378
2460141.9089539	14.109681233303498	0.0042054447369649
2460148.1076232	14.042238959050117	0.0050906029412131
2460149.9140215	14.016511254572858	0.0042031662893907
2460152.9247988	14.131047677864949	0.0063082343927875
2460154.9240308	14.053601990123752	0.0103603670038205
2460160.0430819	14.027365453977843	0.0107997843818443
2460171.061982	14.048112882761735	0.0029158235661188
2460183.9178283	14.017679398850008	0.0069934875518817
2460193.0517798	14.038709362810916	0.0058663433558071
2460198.9742601	14.091794762765526	0.0038961919977161
2460202.0338247	14.149440553539652	0.0051418457893653
2460205.9032411	14.066607624152612	0.0030731430373268
2460211.867806	14.037122745233487	0.0056027217475839
2460215.0565892	14.002359439811867	0.0090317865228139
2460221.9299558	14.100892168648498	0.0066355438485532
2460223.9242859	14.044548083466935	0.0045031624307573
2460225.8625858	14.052668463139293	0.0029722890096528
2460226.94006	14.089794329612182	0.0035550726955616
2460228.8836063	14.039153993622769	0.0034759409468285
2460230.7873833	14.04906568276827	0.0030182969890589
2460231.7908551	14.113715446375874	0.003122611684683
2460233.6997265	14.104665099933207	0.0035839128305952
2460234.9810223	14.053663516975154	0.0028159340545463
2460235.851382	14.072814700513923	0.00449646712564
2460238.7378596	14.03926156927103	0.0043415804674746
2460240.8472953	14.03343063388011	0.0060196572251025
2460243.7377757	14.12330729107844	0.0107988723209047
2460244.6757928	14.042551202727648	0.0104658894227852
2460250.7669063	14.069385512883992	0.003090853206988
2460252.5820283	14.084916921690098	0.0047613580923968
2460253.8197389	14.0443863529142	0.0036363177396621
2460256.6312169	14.100452838413132	0.0040907817719711
2460258.7579651	14.11302251274323	0.004330682252721
2460260.8364581	14.062635079236829	0.0022948494621483
2460263.7871224	14.120034231020613	0.0064633195012669
2460265.7827948	14.051554260682051	0.0032190695474147
2460268.7259605	14.105900612089322	0.0068440264498201
2460270.8103054	14.022711953671813	0.0070265892117151
2460271.7518346	14.101978131884277	0.0070289028502729
2460272.7504114	14.08374297955736	0.0078054321676189
2460273.7288118	14.08901450406562	0.0124732175293491
2460274.7064048	14.156205401324302	0.0129926299018997
2460279.7344648	14.12246437377772	0.0136208966164275
2460283.7234486	14.077639198293747	0.0044181440123733
2460284.7235297	14.110195883041769	0.0032592604114616
2460286.708097	14.088845055012014	0.0033759181175016
2460290.7089686	14.027851829227131	0.0033969763739677
2460291.8277509	14.077849422752768	0.0029334095171606
2460302.7884515	14.186292075916285	0.0129268913793692
2460303.807917	13.984293793312176	0.013604557907759
2460309.7230883	14.11936694952538	0.0045929245520085
2460310.7463538	14.04030749309111	0.0031774257493724
2460311.7693652	14.03095463880318	0.0034331279707289
2460312.7772715	14.080348262481266	0.003981962329802
2460320.6047578	14.105149055002189	0.0033964991921324
2460322.6096049	14.186567419757012	0.0063077404407607
2460323.5991423	14.23641992450765	0.0076852793712421
2460428.1228528	14.183712383311528	0.0185441008590891
2460432.1086586	14.053989115287264	0.0113478702811009
2460436.9567477	14.20028023739249	0.0116356434577804
2460439.9434567	14.093867828058952	0.0047249653274483
2460457.0462216	14.114732631463273	0.0215629199859794
