2458133.0092978	14.16642391712772	0.0072741040474032
2458139.9891842	14.362656494690253	0.0061733628066597
2458140.9890684	14.103525686086089	0.0082043197303334
2458141.9827595	14.078207153178298	0.0081568721190963
2458142.9816077	14.186292421631917	0.0094333015774093
2458147.8815204	14.634713151514037	0.0278216586380066
2458147.9666164	14.130690838529434	0.0123379433174475
2458148.8811156	14.4734218130611	0.015300251333612
2458148.9635129	14.05719504511268	0.013887183434775
2458149.8769197	14.127702657559691	0.0294515934958142
2458150.8764595	14.024694811647906	0.0190820180619119
2458151.6177347	14.500114927347305	0.0183985439047612
2458151.9579342	14.51677663330698	0.02015343101655
2458159.9963523	14.559637304357016	0.0124898931756767
2458161.8604491	14.617446570739316	0.013770996951243
2458161.9936542	14.037175385700834	0.008687301290577
2458162.8599375	14.561326413659655	0.0113463674921595
2458170.8356361	14.335038808100668	0.0052274626184254
2458172.5946843	14.457663779550172	0.0085600278239736
2458173.8257234	14.213032018560538	0.0080254105049916
2458174.9169805	14.62451127977136	0.0133229281928068
2458175.6287076	14.125642510839151	0.0080146407709874
2458176.5713003	14.15903841533402	0.007320237070423
2458176.8196779	14.61945060776902	0.0142842255856322
2458177.5629857	14.108633749286444	0.0113752916949948
2458178.5584974	14.157775070457769	0.0135406337817348
2458178.8106504	14.160133445250246	0.0195069423060048
2458183.9942956	14.175995275518938	0.0101321202082239
2458187.8274476	14.27361839895795	0.0082913336251075
2458188.8618549	14.608977936022022	0.0134214888662409
2458190.8741436	14.195796081774132	0.0076341441721608
2458193.9063901	14.449021089935744	0.0083163033179162
2458196.7950434	14.575275539635284	0.0108639069846623
2458198.7847646	14.58569541940134	0.0116304382223274
2458200.5530145	14.322882261275277	0.0051505386084984
2458200.8238009	14.104372481051488	0.0081558533400375
2458201.5521438	14.522244552065128	0.0100138072093947
2458203.8382261	14.651696815621628	0.0167933750923757
2458204.4915991	14.605875046559014	0.0183195771943965
2458204.7758374	14.616727221982838	0.0123850264517609
2458205.477855	14.466876108535892	0.013399055315192
2458205.7523119	14.337229839296842	0.0066994405613932
2458210.9444439	14.138021402979753	0.0165897681808807
2458216.4636587	14.391011225269605	0.0084118758613323
2458216.8568065	14.593886563465226	0.0143233139628755
2458217.7747078	14.542751019587364	0.0117647050666208
2458220.8318603	14.058399492982703	0.00860271323501
2458224.7378529	14.3897457819747	0.0059847566545057
2458226.8800554	14.098722288323184	0.0091665734889108
2458228.7610382	14.096924786730511	0.0086487857616541
2458233.4094518	14.60302895632072	0.0163855091641442
2458233.6775506	14.547760794083054	0.015493289318565
2458235.85103	14.324721539806935	0.008176072764262
2458242.4637697	14.09108210499172	0.0115105673708689
2458242.7421508	14.087994599688404	0.0140908487062872
2458243.4431279	14.151852967858202	0.0096577788120949
2458243.8044133	14.323926516900151	0.0111631700987517
2458244.4127128	14.228108358359286	0.0097135044654224
2458246.752183	14.64002640099098	0.0142821633809698
2458253.7301081	14.63511025714374	0.0130457962126746
2458257.6937973	14.074776664075916	0.0089091931748077
2458264.5937241	14.530918118968598	0.0245993146279819
2458265.338796	14.03543142225885	0.0166547808084939
2458265.5851495	14.361272254289814	0.0256030360222016
2458271.7622867	14.251577329509429	0.010198875492264
2458283.7342951	14.12973873158653	0.0078863967540418
2458284.6817664	14.211880362923337	0.0071872115942879
2458285.6668316	14.135863240849307	0.0077431422399936
2458286.6328212	14.099228998204062	0.0084159105099572
2458288.8568105	14.05907049545439	0.0087355304620267
2458290.8572218	14.311725139910504	0.0051466269412493
2458292.2626757	14.63660234286639	0.0180060255847581
2458303.4610515	14.14062136450992	0.0084488546893471
2458303.6286067	14.505961205414904	0.0148158077073307
2458305.5394019	14.237916563354256	0.0075015541495623
2458314.7449573	14.455201824405137	0.008931338694024
2458316.7706506	14.544652177587786	0.0119256817314051
2458317.2640593	14.362307404912231	0.0078421865357474
2458328.4987442	14.610522770441928	0.0195250811791011
2458329.6405496	14.206169086339829	0.0157495558528929
2458332.6452825	14.612451457054362	0.0189941654337068
2458335.7310322	14.49160273637126	0.0104521677983659
2458336.6393456	14.268713258311386	0.0086065813348539
2458338.6252598	14.571269032291998	0.0115216075176352
2458344.6161842	14.35368670381416	0.0052337333049833
2458352.3395944	14.638734471663636	0.0253893249796266
2458353.6689526	14.480036143181644	0.0200178122061305
2458356.6967747	14.344748419549273	0.0248812985984631
2458358.5724741	14.165626851283168	0.0165848881773864
2458360.5658895	14.540454847493018	0.0124130242465075
2458362.6568452	14.065880706049043	0.008703525641939
2458365.5526285	14.13853441661265	0.0091152833262698
2458366.5496	14.281817978391716	0.0066766679720229
2458367.5161385	14.372138689280558	0.0053062392182611
2458368.539145	14.563454927401857	0.0120960834491684
2458369.5391723	14.5638997238349	0.0134777889374595
2458370.5207906	14.534094891138738	0.0105225936208301
2458372.6260152	14.436213988876048	0.0093864500463176
2458382.5004041	14.415855622866756	0.0165914652530967
2458390.5724442	14.330525075064902	0.0106105575633136
2458391.571656	14.086798526834652	0.0111193608618118
2458492.1696831	14.27989558967389	0.0110524142102799
2458496.1580122	14.235217008001666	0.0066486768071535
2458497.1568638	14.079406839956558	0.0067503782114865
2458498.1519809	14.062145859177445	0.0063911969481401
2458499.1478377	14.159628546557832	0.0056591984734594
2458507.9938545	14.084479097696384	0.0120706730750068
2458517.6210748	14.352423129397575	0.012906792032329
2458519.0998339	14.044048710036572	0.0063983056112749
2458520.8592222	14.615477564752087	0.0129906685772939
2458522.6031544	14.100513829328	0.0080415013405786
2458523.8533369	14.121522672094464	0.0087962602606157
2458529.6128902	14.118448908506842	0.0077578995410809
2458533.8451346	14.384083377516896	0.0188105760632689
2458534.626238	14.438907430233826	0.0207296522375962
2458542.5668089	14.516805090228782	0.0116877442711274
2458543.8294557	14.517440876006322	0.0117077130913751
2458548.5350456	14.638510297169878	0.0138260157477064
2458554.5192764	14.396350772865588	0.0064502571354224
2458555.7854196	14.40344716398535	0.0065356006020669
2458558.8922757	14.101754357987684	0.0092134165604138
2458559.8703968	14.179459614722983	0.0086291948182879
2458562.8297927	14.504328313942064	0.0270694059545587
2458564.5551892	14.089924216728807	0.0180060703262365
2458570.9790726	14.079428379692429	0.0063625067399757
2458571.8569575	14.146340125876565	0.0098789391111548
2458575.7189654	14.072350002301174	0.0086327758777318
2458576.7142868	14.174879374131208	0.0078460463205242
2458577.7136403	14.302332183529336	0.0063524137608885
2458578.9164747	14.054600904453665	0.0062977161586236
2458580.0793988	14.520682224745936	0.008353583056759
2458581.0047921	14.555321796884744	0.0087786423529153
2458581.9606707	14.649624600588172	0.0146314880907135
2458582.8621019	14.555964417903173	0.0108482211655642
2458583.769158	14.381176335155493	0.0077879484504062
2458588.9889261	14.45274200024365	0.0103284615164153
2458591.9406073	14.060672674660722	0.0140524658019126
2458593.8407853	14.037806381086453	0.0181162703555434
2458598.9336309	13.988597374588776	0.0068058166026553
2458599.4411337	14.62290890312779	0.0163782625910482
2458599.7269168	14.5893017753255	0.0146840530618809
2458600.7854942	14.22012243087285	0.0084221575552484
2458601.7592058	14.154307992244084	0.0087678660707317
2458601.8552875	14.17528579416492	0.0087863480200228
2458602.5609807	14.54980230713096	0.0115037902543211
2458605.8039457	14.591588403910578	0.0134075242353554
2458608.6194938	14.64953943873578	0.0152733025480261
2458612.6125384	14.06181329363054	0.0096881015246819
2458614.0073076	14.462777125490067	0.0066362917531659
2458615.9008776	14.408232803498937	0.0071062822190045
2458617.8710808	14.271744454491593	0.0052838381934343
2458618.862975	14.590043529688794	0.0172164076989314
2458621.4155383	14.611235685614384	0.029687997049373
2458627.5117001	14.130594809150107	0.010692121341494
2458628.8119296	14.059487090867515	0.0063244725377254
2458630.878781	14.60185622464572	0.0149645581321516
2458632.9180724	14.06304591661625	0.0059450856597666
2458633.9233334	14.074904425069937	0.0091262108830688
2458635.7975196	14.124023520435689	0.0091387986805782
2458638.6695228	14.078310941835106	0.0096069482533772
2458641.8421166	14.125151851338968	0.0088049760208671
2458643.9678901	14.556814803431273	0.0088781095680786
2458645.5167994	14.61188923563428	0.0186271762723813
2458647.5469784	14.09690916911574	0.0118319724051178
2458648.550325	14.091097707747403	0.0159358322793083
2458652.3970587	14.17331503974176	0.0209821166988833
2458653.5828091	14.184883323429176	0.0143568224661458
2458656.9554578	14.480944144616895	0.0095250563500171
2458657.9233737	14.58378285884329	0.0099478226404463
2458659.9444447	14.122773588777644	0.0060257954024748
2458660.7603755	14.474742306398568	0.0111994813377473
2458666.9349487	14.148930943640682	0.0058551008673203
2458668.2450636	14.11704324748375	0.0079481815504514
2458670.4041864	14.555199460821884	0.0110188523053694
2458670.4775731	14.100707358646398	0.008921412257746
2458670.9234696	14.425778046839223	0.0059442030802007
2458671.9234834	14.540270563197966	0.0091303712656546
2458673.7627377	14.3532429112892	0.0107043453189343
2458678.7879501	14.05752471377685	0.0113466236170092
2458679.3431452	14.16523368234106	0.0198544596647059
2458679.8465312	14.525556401519008	0.0181680699200761
2458681.3749414	14.258210087322295	0.0099788455284824
2458686.4108358	14.091883888560837	0.0114797900561953
2458687.6858029	14.111077899878804	0.0102335746856521
2458689.7340898	14.60512970351086	0.0134655068870482
2458690.625681	14.398289917021472	0.0069799638582744
2458692.8577173	14.370654971261496	0.0049251846606244
2458693.7720636	14.18104447165976	0.0120240988504609
2458698.7405364	14.19627705135868	0.0078861962755171
2458700.765748	14.162184053998295	0.0057606425351367
2458701.7106766	14.16381615604958	0.0094072981185556
2458708.7193368	14.306224106381858	0.0239121725396635
2458708.7930641	14.45130613851135	0.0209100521502595
2458710.3510019	14.48841339848476	0.0227851966459264
2458712.3287951	14.62362993003367	0.0320420465575567
2458713.7919142	14.124993477591072	0.0080638062518529
2458714.7737163	14.232268081511307	0.0047298670213661
2458715.2857497	14.141113275467392	0.0075359175821509
2458715.7181279	14.15042131654972	0.0170083734348874
2458716.3446821	14.247115203226876	0.0066556925060487
2458716.7979049	14.59492877105282	0.009397681698726
2458717.3417751	14.445967929512932	0.0084009633243091
2458717.7967656	14.46909702295164	0.0076602140190786
2458718.3383118	14.587677317784491	0.0123689008379451
2458719.5938128	14.55200921988184	0.0117583166314504
2458722.2539063	14.297424893761256	0.0043327677192594
2458723.7609208	14.558918196365758	0.0087858321514516
2458726.5736464	14.430960095923746	0.0087010896011472
2458727.5609682	14.3729573412479	99.99
2458727.5692752	14.601622522025304	0.0130413607121264
2458728.5578122	14.637054139686215	0.0127673213673645
2458729.5624351	14.521783099621237	0.0101420487921026
2458730.5693825	14.141402836304572	0.0106237576026772
2458730.6379983	14.133359713421989	0.0113749876754205
2458734.3025269	14.63659305628865	0.0291845381232647
2458736.247846	14.51253006010463	0.0368082943626971
2458736.7223447	14.235580891717596	0.0103805318769448
2458738.5226796	14.18674417140701	0.0166406755081048
2458740.2310546	14.279317848702371	0.0239806977747844
2458741.2610902	14.625697740717754	0.0234543582609197
2458742.5379575	14.622554822131754	0.0241715030762925
2458743.5090914	14.634500534077372	0.0132516838629038
2458745.5097127	14.159042201564432	0.0092541168007201
2458747.502919	14.1576539045988	0.0090127524319472
2458747.5329009	14.291977810997745	0.0075469590656777
2458748.4921217	14.323689271673654	0.0107360561935981
2458749.4933112	14.505074733224747	0.0103202888784294
2458750.489935	14.589307963864211	0.0143653985625372
2458751.482239	14.372090624119163	0.0089680932508881
2458752.4907637	14.168843529625647	0.008795818447868
2458752.4920406	14.173470988152433	0.0091381443777476
2458754.47981	14.095065191233688	0.0154964160165538
2458755.487722	14.336518886347172	0.0118179960276107
2458756.5276415	14.592894558161843	0.0156645828234009
2458757.5320517	14.596526547428637	0.0155714946822222
2458874.1689684	14.561015786639178	0.0119396713477873
2458875.16543	14.577622056795086	0.0113367299097298
2458876.1618159	14.45762484369159	0.0083152536188944
2458880.9687314	14.122109850451729	0.0082262055221812
2458882.9642205	14.126676053902766	0.0086445037107715
2458885.1026501	14.10372288692094	0.006123066889124
2458898.833826	14.085706594146307	0.0095373134092652
2458902.8257637	14.609932102962755	0.0156283762521982
2458903.8420517	14.341007179744	0.0081214396556996
2458904.9066659	14.126921224391127	0.0082259576387253
2458905.8158945	14.087730563060086	0.0089913796396956
2458906.8345612	14.237320667274291	0.008606825478784
2458907.8377669	14.49003586435849	0.0102570603023258
2458908.851851	14.645132148773492	0.013382850891731
2458909.8588534	14.591073668776758	0.0123167893771311
2458910.8002934	14.604466210951138	0.01639434218276
2458911.7972438	14.296645163522829	0.0070225381572804
2458912.7910675	14.201743362152277	0.0074395175484678
2458913.8490339	14.304838401510676	0.0082447772551453
2458915.783641	14.367263127128098	0.0218239853513567
2458928.8399225	14.4690477733093	0.0100845407940369
2458930.8533696	14.509316127235143	0.0108909079184461
2458932.9729347	14.466057241998158	0.007641528637081
2458941.9593616	14.604806176594154	0.0122481737587743
2458955.952201	14.523396060802082	0.0119161205175151
2458957.9073683	14.28083802356275	0.0057984366526583
2458960.8909013	14.18080760570977	0.0053826580287372
2458962.8146875	14.265144777016427	0.0067443568965314
2458963.8004973	14.37559281867873	0.007454011355151
2458965.7806892	14.61057095579551	0.013103408974879
2458967.9247547	14.379746620545507	0.0074962481546856
2458968.8959234	14.41168747488328	0.0073775036655284
2458974.9111852	14.420208451094869	0.0106105259653476
2458982.9639612	14.572179834526358	0.0109914135817306
2458986.5260097	14.309341745815312	0.0064172907790511
2458989.0108588	14.543232139599944	0.0086017917051622
2458994.7971256	14.233814274666445	0.0043202650106638
2458997.7138376	14.05392370900544	0.0087045226840115
2458999.966731	14.049930424196395	0.0061869731588553
2459002.0012368	14.543046253048988	0.0121326493400687
2459007.9919992	14.2780496630537	0.0140688623247176
2459012.9804421	14.030161545208625	0.0070872031737629
2459014.8689926	14.101876978086905	0.0092240812257805
2459016.9359568	14.48556839396694	0.0076148147182795
2459020.3721505	14.255082607897789	0.0069223158011224
2459022.9729558	14.44716449391109	0.0068602529089464
2459025.8764658	14.61268880562024	0.0139001044148548
2459029.8467722	14.027842921550832	0.0077367767171783
2459036.2082751	14.096040704119124	0.0206031920499317
2459043.8051828	14.09894112320586	0.0057598459135331
2459044.7895333	14.084252659847644	0.0086256727978609
2459050.8937395	14.124844092513344	0.0057272802468524
2459062.7855027	14.509399079272914	0.0140477041763062
2459067.2456311	14.605040269731242	0.0164116889827445
2459071.7813548	14.130832646781144	0.0056185567516041
2459075.7568289	14.373921289111244	0.0056999281190612
2459079.6820671	14.568767074748996	0.014651845474548
2459083.3415845	14.207006459352652	0.0076192656650726
2459088.6955772	14.081930141712975	0.0203962323044811
2459092.7498695	14.38890384143971	0.0110756978544258
2459098.6376228	14.323910401506946	0.0058141787974754
2459100.7332727	14.102435653112291	0.0061307440649859
2459125.5685501	14.112228262738675	0.0164381611279531
2459127.5631822	14.312961985870444	0.0165885326150271
2459129.5615629	14.56334829304054	0.0261975215134038
2459218.0187492	14.618527408414856	0.0260953616610454
2459218.1599541	14.077699184764809	0.0089809202014778
2459219.0194844	14.439087626882824	0.0170161136032464
2459221.0202028	14.072874604811073	0.0108319176971441
2459230.1285918	14.544975865837424	0.008574654051791
2459231.9843984	14.594122288248837	0.0123853532468914
2459232.9911616	14.585393950312344	0.0128164910444949
2459238.1059698	14.352233238917956	0.0055160684547009
2459238.9722981	14.608674314586942	0.0135352406664235
2459245.9663809	14.667112674174838	0.0283378165363095
2459246.1017448	14.1105194907246	0.0098619913346169
2459247.0818782	13.982072246889938	0.0135806107785869
2459252.6221891	14.55019617636437	0.0159577766532485
2459252.8842116	14.260629283790076	0.0136453511252211
2459253.0611823	14.304814393450018	99.99
2459253.8837204	14.52098901820164	0.0161205002834354
2459253.9876524	14.537935550052348	0.0108568363622356
2459257.0751112	14.451663403334422	0.0071114045638088
2459259.0524472	14.552953997774072	0.0091725473731841
2459260.8360131	14.305380961417576	0.0087934823354515
2459262.8246118	14.60390533245748	0.0142205601460153
2459264.8877451	14.045445395463688	0.0106382361374048
2459266.8176645	14.10306248930217	0.0098567201534632
2459268.0220787	14.095933295782167	0.0075674678076048
2459269.5843355	14.281631823279284	0.0060368281271251
2459280.857404	14.371067091321676	0.0060408994181999
2459280.8860561	14.389890906370306	0.009491326083808
2459280.8872732	14.368348955264354	0.011704307037938
2459281.8242412	14.27694095373407	0.0092112833514027
2459286.8002349	14.178208187790633	0.0089923064182924
2459288.8602106	14.459306700668597	0.0099147773358562
2459290.7437267	14.467811103425417	0.0085182590488862
2459291.7783499	14.670764730744498	0.0189278326233458
2459291.8732558	14.10901312907966	0.0095950086146553
2459294.0541497	14.488138184847898	0.0072902945082804
2459294.8540956	14.291346826243762	0.0074490455102496
2459294.8974528	14.480633848143247	0.0090311014732107
2459295.4682542	14.387129018823932	0.0067099567008532
2459295.7456531	14.142073181297686	0.0083274606378139
2459295.7761838	14.1418702636091	0.0096890205436159
2459295.9453248	14.271439257086362	0.0042226463724986
2459298.4651764	14.666609116462707	0.025630689196493
2459309.4378519	14.29780660407513	0.0076502296261808
2459309.6919998	14.157994439211553	0.0106041653987458
2459309.79788	14.3740920417003	0.0059079259678308
2459311.4848877	14.613766032215176	0.0138436053169254
2459313.4417617	14.59885867090444	0.0120492858996994
2459314.8490649	14.11170097990719	0.0082317832469685
2459315.8003358	14.095858504613425	0.0091445612379795
2459315.8082842	14.166160688112118	0.007134579477307
2459316.5898681	14.628360550549113	0.0141049315660173
2459316.6698484	14.36080187614537	0.0047598836806799
2459316.6989552	14.108022062820464	0.0086211913755868
2459318.8879109	14.218531138764051	0.0050184294431852
2459320.7419011	14.6492623279461	0.0146424851336572
2459320.7952594	14.279629547322196	0.0072398388820021
2459321.4924474	14.0822897610581	0.0090934146706341
2459322.8429997	14.26198672714175	0.0090341561379566
2459322.8909692	14.365169140017349	0.0039376683113283
2459323.6660995	14.419304444935452	0.0065753563113258
2459323.8676979	14.30389940868781	0.0020467678129445
2459325.4672059	14.593783390272224	0.0132422967242585
2459327.5325525	14.073232651553484	0.0093899963502605
2459336.5768035	14.531842754367494	0.0131834571532832
2459336.8572602	14.419730059860225	0.0058446220259506
2459337.3555332	14.2656259035892	0.0070589876370505
2459337.7845535	14.28489177156253	0.0080753704930974
2459338.7274002	14.239991780692096	0.0083223504231268
2459339.9203189	14.088481556063924	0.0089158131563652
2459342.9140946	14.476531834695152	0.0097984168970246
2459344.072146	14.032940042003954	0.0063872209397673
2459344.3536676	14.182525753203944	0.0070944086836879
2459344.3549078	14.200325858992064	0.006933905288103
2459344.6781916	14.25452240731394	0.005188273689275
2459344.8129429	14.313532083899728	0.0022069633274568
2459345.7993754	14.559507506318155	0.0119663401940451
2459346.8139703	14.602641904751506	0.0135844460416021
2459348.5940741	14.2474798998294	0.0079621557669468
2459350.8586524	14.367619213386195	0.0080987642142235
2459351.3223516	14.331845319708648	0.0038752854859898
2459351.5737595	14.56866412148302	0.0106253512340028
2459351.6196848	14.576107013649422	0.0130788042133694
2459351.6708038	14.314899033802815	0.0034661926670867
2459351.8322708	14.360440226901064	0.0038190835046572
2459353.811067	14.65406396723294	0.0150890844313486
2459355.8741977	14.09045256648443	0.0073648567219522
2459357.847493	14.398477371551447	0.0092169307530348
2459358.033994	14.099857035318772	0.0102981830774211
2459358.3160213	14.299436392033948	0.0158675649875329
2459358.606493	14.38054493813249	0.0118427890562075
2459364.7857439	14.193812647573004	0.004974348156026
2459365.2847163	14.502739003118288	0.0135982632357316
2459365.5429703	14.577817959841898	0.0117811815710869
2459365.6506208	14.380319776188005	0.0091686502597001
2459365.7594444	14.4488669749767	0.0063263553752087
2459367.5330857	14.473140879752462	0.0108809831927106
2459368.930569	14.244337820015245	0.0038421522594881
2459371.4190484	14.094928080998274	0.0083860627610214
2459372.2599894	14.33550035398302	0.0045636259870761
2459372.5198983	14.295650565349884	0.0058145262222811
2459372.563139	14.58170218048199	0.011872813241063
2459374.5208945	14.52238149124774	0.0112873700197567
2459375.8489762	14.106804633997108	0.0094342029902541
2459376.8444835	14.097822183889884	0.0081482496476473
2459378.9800756	14.381868196790697	0.0053626856890348
2459379.2483402	14.242857600885046	0.0060039826398728
2459379.5142365	14.479971813227976	0.0077058025597603
2459379.7491804	14.419467676204755	0.0078234126711753
2459379.808936	14.443934536586616	0.0103550382031885
2459380.6929005	14.176625979030671	0.0090436567000707
2459382.9215325	14.114788999265029	0.005926411173628
2459383.7303287	14.563394067554276	0.0144027693404479
2459384.7835418	14.096671602586952	0.0091203870391766
2459385.9783368	14.459518090277552	0.011619936574527
2459386.3120184	14.228279780574402	0.021629884184551
2459386.5426816	14.385859898389532	0.0125418323980875
2459391.9351056	14.559236030905492	0.0161906433169203
2459392.9440779	14.630839063180064	0.0185540305274117
2459393.4601446	14.19653420610848	0.0096020924942468
2459393.4614429	14.19484978854374	0.0102142770071458
2459393.5616448	14.510802450965793	0.0107428685918315
2459393.7769803	14.307589141849578	0.003612528144746
2459394.6348086	14.112018616129344	0.0098416730157022
2459396.9314228	14.152483855644016	0.0058837666493044
2459397.7372996	14.512748846812087	0.0143376801018769
2459399.91953	14.567176447439913	0.0093454532270112
2459400.2005047	14.557200598581408	0.0229820318042457
2459400.7500573	14.178396849060029	0.0105267214266183
2459401.7380559	14.363184240092677	0.0076118102092578
2459402.6722598	14.256232108555036	0.0096353170732141
2459402.7215922	14.460531166092151	0.0095478675687541
2459406.9015285	14.5379114707802	0.0085875507190917
2459407.2215865	14.551692784366402	0.0136548553550169
2459407.5621623	14.324166670786068	0.0064455276002934
2459408.7099928	14.273605793133116	0.0089233458279353
2459410.6388157	14.3297025387767	0.0077878072480988
2459412.4897955	14.124406766239243	0.0101312874346765
2459413.8367505	14.362899057113738	0.0071278504334924
2459414.2014362	14.22751622336915	0.0072035177291573
2459414.7864964	14.369999175610836	0.0092760381712307
2459418.5887216	14.301030072730498	0.0221615336918687
2459420.6289574	14.593909110542334	0.0266945676833402
2459421.5931709	14.27676642694345	0.0134641311670525
2459422.5484049	14.482283698798902	0.0126809529545281
2459423.4152692	14.554013395502473	0.0215480114796987
2459424.5913866	14.177102403334064	0.010294472917186
2459424.8452434	14.034257093759749	0.0066913703717462
2459425.7284645	14.55226109662295	0.0120329501596823
2459426.6251773	14.591828112154005	0.0120109006197588
2459427.623438	14.524197804743524	0.0120496940413606
2459427.8484605	14.425870219394785	0.0065672261370172
2459428.5430282	14.445465064702017	0.0069138461281011
2459428.7474251	14.34848408474544	0.0049372854444873
2459430.7926437	14.55893265180168	0.0089278451567274
2459431.7467741	14.621996079288436	0.0151736700616175
2459432.6753877	14.632576088817563	0.0142304063128768
2459433.6287533	14.631001535081564	0.0147838216599302
2459434.5774631	14.620719251117151	0.0148383148322831
2459435.4655969	14.409843825529034	0.0061600139452825
2459435.8233875	14.509969420178548	0.0081795771249344
2459437.2815804	14.10856195982396	0.0083001995326403
2459442.2354248	14.332088371517871	0.0087466326902855
2459444.495051	14.367227451664863	0.0107752059651728
2459448.3363804	14.336851971619533	0.0356523879897614
2459448.7601121	14.132123037963416	0.0100600362163376
2459449.2414814	14.532143588088164	0.0298468226529684
2459449.5438403	14.652905456362031	0.0291429068417364
2459449.6120988	14.146193681463402	0.0128365738886958
2459451.3316354	14.281257058334926	0.0219599520887995
2459451.7697203	14.56802066182711	0.0091578706842821
2459452.6726633	14.586013025758255	0.021557233389624
2459453.6082667	14.502254367866826	0.0184382771349655
2459456.3375345	14.083707687079844	0.0116421857669343
2459456.4691668	14.568893026970084	0.0129111502285315
2459456.7663389	14.310424682293144	0.0035943427824818
2459457.214486	14.587075814790047	0.0215523006591222
2459460.5280935	14.13402666319943	0.0107701093024192
2459461.6517611	14.623609194469264	0.0152121690769789
2459462.4902428	14.390334824923832	0.0071193086274448
2459463.4755953	14.588578097672958	0.0119008703353735
2459463.6388941	14.111015993274457	0.0087113319812794
2459465.4799021	14.59330462176741	0.0147680127702232
2459470.5867961	14.2392651407186	0.0117523505996381
2459470.726395	14.193279120425304	0.0077762640556979
2459472.5977308	14.111035979401692	0.0160888096319293
2459475.2452913	14.49196696612319	0.0196213792650369
2459476.623952	14.510001469475093	0.0240395683216883
2459477.261292	14.498139258186706	0.0286779608745608
2459477.5122817	14.663158120553028	0.0310889908801908
2459478.5114619	14.649026114887828	0.0313707465703062
2459479.5042844	14.296545944012042	0.0194729694679909
2459480.5009209	14.18410427628045	0.0090879033691404
2459483.2471547	14.602873456534358	0.0147367341757441
2459484.2413539	14.602783138315289	0.0154213996281606
2459484.4993784	14.59982547533132	0.0154336270699829
2459485.5847647	14.150894072743815	0.0081435587740547
2459487.5754861	14.152553943124552	0.009091001838233
2459491.5681081	14.580810054753206	0.0194202973447726
2459495.5974998	14.435198731715502	0.0101526158301464
2459595.134849	14.375546406070708	0.0081318524754941
2459597.0052994	14.256174349182515	0.0186292878944865
2459600.1222917	13.962743215931043	0.0123589953636457
2459603.1237117	14.549471432790313	0.0109744791241738
2459609.8627624	14.55313380882768	0.0142273856967414
2459610.9794664	14.134322710407003	0.0084426283335029
2459614.1058637	14.03134847481772	0.0063195047358627
2459617.1397939	14.597382400895423	0.0104573302127795
2459620.064858	14.54790727020142	0.0091222580182459
2459621.6008969	14.564295122540384	0.013642546551446
2459626.0575697	14.583308810626544	0.0188734760964372
2459627.5868301	14.407318564266609	0.0297244489145048
2459628.9376414	14.608731249962702	0.0202308554677095
2459631.583584	14.177293757380394	0.0185064611024697
2459634.0937885	14.194753854511198	0.0078630025398644
2459635.8222656	14.283609297788226	0.011745064409982
2459636.8352796	14.52822314235344	0.0143998293636463
2459637.8236407	14.613805156689184	0.0144037567861849
2459638.8337106	14.524556282780186	0.0121288827069991
2459640.5834373	14.27226459530921	0.0069444905960236
2459643.9983306	14.03621681527268	0.0062691899032628
2459646.0115333	14.333037720052817	0.0040886410363452
2459649.006649	14.492172620221377	0.0073437721814875
2459651.015795	14.0202787819679	0.0075475177454017
2459653.994617	14.429225580002027	0.0177508714361139
2459657.839663	14.669339247668503	0.0224771367337231
2459657.8409032	14.67630114510843	0.0389387740828484
2459662.8153798	14.184440548424671	0.0085384670350569
2459666.5165175	14.502084406722268	0.0119078157921961
2459667.5815112	14.109340476712838	0.009370962567831
2459668.731094	14.529218230119206	0.0100884413687094
2459669.8449832	14.247772397922168	0.0070151534062172
2459678.7650119	14.33990571771501	0.0099270758199713
2459682.4337262	14.182283086938128	0.0209133776699476
2459688.4708504	14.216956709221977	0.0374946527027683
2459690.8878647	14.534482143506612	0.0150147194671676
2459691.6565564	14.165640180796473	0.0108578105153801
2459692.8034734	14.53635724157938	0.011353562295193
2459693.7653058	14.542250928672171	0.0117968954084179
2459694.8581546	14.12175502207525	0.0089214715545982
2459695.7823449	14.360056127493868	0.0059192802692696
2459696.7384308	14.238812754187116	0.0068314009055189
2459697.8550127	14.35022646634392	0.0054828804309569
2459698.6312791	14.526306260967612	0.0100380363946881
2459700.3748215	14.367304421417156	0.005625895657257
2459701.8843586	14.093056144385866	0.0083341421939393
2459702.7536461	14.540999213740095	0.0107150910250644
2459703.8852108	14.307858281965316	0.0067441854655964
2459705.8660357	14.6186317316711	0.0133999337396372
2459707.7101439	14.37626947877586	0.0077196900196833
2459709.8678537	14.101609012931554	0.0081113201621
2459710.8091444	14.09482289249996	0.0086704835409099
2459711.7625944	14.082389432677369	0.0114210338009286
2459712.3599023	14.175423187290818	0.0203169931667125
2459713.8242877	14.528781484877443	0.0180767304896127
2459714.7862693	14.627623661667602	0.0289580590015328
2459714.7875097	14.590495835941493	0.0479667459811516
2459714.7887615	14.850649892997186	0.0537288613885881
2459716.6443424	14.50620096686124	0.021636514492817
2459716.645606	14.68289947903352	0.06113341551581
2459716.6468473	14.273509244985052	0.0325345306779267
2459719.5857817	14.644422764327608	0.019477530041153
2459722.6762304	14.417425141762603	0.0065672186583479
2459724.4373522	14.119105772714365	0.0084766159776565
2459725.8255871	14.301154467131	0.0059095588840295
2459726.7110378	14.08088258165919	0.0082896144563839
2459727.3108474	14.145645906445312	0.0081384745597118
2459727.7541651	14.433332961769285	0.0069329915089226
2459730.5364467	14.063433032565552	0.0093318999434618
2459730.8482913	14.06725522767874	0.0086662481342255
2459730.8495317	14.070626742834682	0.0093989759613118
2459732.8296097	14.278931911690506	0.0063126233597607
2459735.4015579	14.53906389676305	0.0100953142372639
2459737.7039595	14.610197640714574	0.0115004618211555
2459739.3700466	14.12571885240741	0.0123984874465879
2459749.5500458	14.15528890005084	0.0084058718773819
2459749.8111817	14.475062158087166	0.0110281404662946
2459749.8124335	14.402484785416648	0.0093758150605739
2459751.7578869	14.350499931884892	0.0114215792349219
2459753.733443	14.065281926724971	0.0087283412720369
2459756.2740348	14.076244973679255	0.0087091443191456
2459756.2752866	14.090354946875925	0.0092602935483039
2459759.4230837	14.143481553458225	0.0092099540381509
2459760.8411793	14.499016111992836	0.0105834114683413
2459762.6895513	14.170055657396684	0.007695786877781
2459763.7270649	14.54102366849278	0.0111267079609848
2459764.6771161	14.5571140226102	0.0106826131521126
2459774.2280058	14.5263374029509	0.0359062292873381
2459777.4000052	14.595177452838271	0.0258565662600166
2459783.6681567	14.12096198780439	0.0082102360772118
2459784.6159172	14.151242616352963	0.0080130463801971
2459786.6790057	14.681753465153015	0.0154524601269825
2459789.4088984	14.0829220508296	0.0094482339687715
2459790.7562599	14.566223213478512	0.0120666547728715
2459791.6371748	14.228513838994948	0.0079022173498856
2459792.7431092	14.588445935753525	0.0132479753410029
2459793.7248739	14.46755016437514	0.0096475758201647
2459794.7403893	14.0772490984154	0.0086487509124969
2459795.6304697	14.441859412583248	0.0091400801554508
2459796.619945	14.089956225155229	0.0126334331894974
2459798.3380387	14.308569084046727	0.0239911731093071
2459800.4894026	14.063515720506684	0.0116212719584394
2459800.4907009	14.066173169256349	0.0117291659074237
2459800.491976	14.039309368851724	0.0142699332864139
2459805.6218047	14.196090055467632	0.0167423172644154
2459806.5713957	14.27917278702964	0.0141614692197713
2459812.2330878	14.075218364971168	0.0087792385146533
2459815.3045138	14.61550245013691	0.0142743229202027
2459816.495331	14.43256887199616	0.0089250729942633
2459817.5769315	14.470866203143384	0.0085292660894249
2459819.4935061	14.352532951582583	0.0061853807048007
2459820.5006072	14.08989969378063	0.0085830156124942
2459821.6772214	14.612348046228458	0.0135805418071627
2459823.5975565	14.574337421237276	0.0145144314343585
2459827.5093192	14.04069898230015	0.0137447810974532
2459828.6355862	14.582721549869664	0.0182299871136077
2459830.2912632	14.604493272575636	0.0305303328919471
2459834.5314376	14.12586861772483	0.0143979319944273
2459835.6288816	14.648439064773228	0.0197021843912328
2459840.6090692	14.188249332202847	0.0076240562646171
2459842.4918291	14.14750664292496	0.0086215558089446
2459843.5038929	14.346599942496889	0.0072178438322977
2459844.5081686	14.57949293887155	0.0149794022608177
2459845.5017727	14.629570235836717	0.0145565582252851
2459846.494357	14.567586608444625	0.0118035265492034
2459847.4965593	14.200249846055524	0.0090340547646234
2459848.5019227	14.083876196883027	0.0093446623641649
2459850.4875503	14.2615744569547	0.0120206154275581
2459851.5725402	14.59878783677662	0.0167191749314901
2459853.6032292	14.059592147660355	0.0114407035880387
2459971.87173	14.112881171356156	0.0118879409962158
2459977.8653715	14.262048047510214	0.0071383295415027
2459986.9263862	14.314870677189289	0.0117124970236068
2459987.9241733	14.557702161822927	0.0180756144365122
2459997.8279083	14.615252706535394	0.0142148631903133
2459997.8292129	14.618700033273136	0.0169062264855093
2459998.8499575	14.29436452870007	0.0070986145388767
2459999.856388	14.081852476852358	0.0093032349961526
2460001.8192567	14.158586933364033	0.0085407261287705
2460001.8205549	14.159757838256777	0.0097532957511393
2460002.7962658	14.235019590801947	0.007560249486151
2460010.8801394	14.319958902154998	0.0128376463966024
2460012.8774698	14.141310834721068	0.0133661720312721
2460012.8800546	14.107876606273894	0.0204926182380022
2460016.5416886	14.543104455869958	0.0198604645194983
2460016.5445404	14.578887797318982	0.032611581191521
2460017.5896614	14.541122527653595	0.0219397993457932
2460018.5800655	14.15834504322482	0.011910237119106
2460026.9069867	14.07736767419678	0.0100845070719998
2460028.9014025	14.396791917175358	0.0074839738355044
2460028.9333675	14.507718752520912	0.009959746376461
2460031.4736782	14.50945890896687	0.0105979423092014
2460035.4695564	14.10938790767344	0.0117936320042142
2460036.786775	14.102385680576344	0.0135112948220181
2460039.9117266	14.128061599603434	0.0138615547307503
2460043.6770456	14.483645916392105	0.0265240968672259
2460043.6851946	14.268242637866845	0.0192705075151705
2460044.9216657	14.589682003817988	0.021085636704528
2460045.8559041	14.59300195306526	0.018139958126329
2460047.9099436	14.083093005316933	0.0111473188971316
2460048.6881365	14.605700918839371	0.0132768057867189
2460056.7982581	14.086962756167846	0.0089922782460117
2460064.3968786	14.084690327305802	0.0266646168677431
2460067.3738661	15.055203068245536	0.0360092841948619
2460069.9202775	14.295550984892929	0.0422186396362874
2460073.4940294	14.579813024076254	0.0179825375923783
2460078.6129895	14.610473538049083	0.0123737348697323
2460079.6348429	14.174761657013695	0.0109993516254238
2460080.464118	14.5714298670735	0.0110793731217406
2460080.665887	14.115715192605938	0.0090350591423417
2460081.4596879	14.65942435952484	0.0137582105716036
2460082.4680258	14.472693121183529	0.0091169597663804
2460082.632209	14.302359347939117	0.0072953739735287
2460084.4518935	14.053772457272816	0.0092532000743751
2460085.6031168	14.587126372865791	0.011522619635007
2460088.4561722	14.612503317564183	0.0118023476583192
2460088.6308257	14.129598653044596	0.0110820686212875
2460089.6759323	14.538580081789744	0.0128665011549464
2460091.3505025	14.622857354833863	0.0146346255272074
2460092.3427917	14.29248250532096	0.0079492942892812
2460093.3533519	14.066559080785426	0.0103269907449042
2460096.644451	14.447538867336586	0.0199105051051248
2460097.8660291	14.165100872341403	0.0215724248223814
2460100.5562389	14.641176183960358	0.0320163320224437
2460100.8792183	14.659769467468353	0.0437065283078841
2460110.7112813	14.603746900087062	0.0138968852014103
2460119.6600338	14.31451030351419	0.0052948096196665
2460119.6767145	14.50761999591851	0.0093509952073446
2460121.9193889	14.300020650370124	0.0058151407874352
2460124.8307502	14.07719726031948	0.0107400976050159
2460125.6122473	14.472896329976027	0.0234713025991143
2460127.6613444	14.050551904538162	0.0223143103079378
2460128.7261996	14.353288198754951	0.0327541304648511
2460129.6317305	14.116499897523196	0.031529760977602
2460130.756117	14.634100680608068	0.023685453968727
2460131.9111352	14.244756623117054	0.0111273990554181
2460133.7193332	14.144434238777704	0.0146458746886265
2460134.8264347	14.44661054929287	0.0174893638924777
2460135.8265956	14.594351358210286	0.0140063820738668
2460139.8742201	14.29288008636477	0.0039868665546345
2460142.2907325	14.13432717369272	0.0076925258927851
2460148.8308864	14.533522509765431	0.0110079096137753
2460152.8563704	14.122760395132357	0.0081853599642335
2460154.7464777	14.053205957249483	0.0162820340640927
2460156.700967	14.203595981637084	0.0278435991333027
2460158.681185	14.510542451746224	0.0217718492745249
2460162.2273593	14.578655680839807	0.0121230121616972
2460162.7685758	14.286127408129374	0.0057478975310252
2460165.6932632	14.530814412160796	0.0118796895995639
2460171.6511445	14.218718053788246	0.0124681801255723
2460176.2137033	14.593547700401697	0.0170995019688538
2460177.3439744	14.128969538163096	0.0079156104117668
2460185.3321745	14.212496893046874	0.0265704592317662
2460187.6540411	14.55301188245313	0.0397773951719266
2460192.6481458	14.215778675990514	0.0081274722283556
2460198.595002	14.141114928646314	0.0097474165922901
2460202.7459499	14.13297065386997	0.0061464471479575
2460210.6034151	14.625563517805416	0.0208251344019184
2460217.4962279	14.346176439808392	0.0177628729582581
2460219.4852638	14.611201800546404	0.0326800504825763
2460314.0225188	14.13560365357511	0.0101779651679334
2460316.019978	14.136633525206994	0.0090997297971111
2460317.0166596	14.308185203044664	0.0077790048587463
2460337.9769061	14.25829270013748	0.0407548279141542
2460344.9920011	14.339603409664049	0.0085532482957337
2460345.9923684	14.56010810074086	0.0129146836091219
2460348.9603087	14.52594965150448	0.010815898168969
2460352.9624004	14.375684707568476	0.0080538363649505
2460353.9629527	14.61119885307748	0.0134245964332987
2460354.9597414	14.667893206645218	0.0154323974495045
2460357.9233859	14.093247543375153	0.0089012842930633
2460359.8414338	14.068688501076036	0.0091301409975184
2460361.5802251	14.526624420362293	0.0106691025377407
2460364.6155437	14.034289706765144	0.0189725324321459
2460367.8169032	14.099635362189344	0.0175736819582245
2460391.9789708	13.978697742923092	0.0121753352614277
2460403.9884458	14.128451065164365	0.0201714600862763
2460405.9670871	14.021803707748944	0.0099252692595688
2460407.9680265	14.340426060663676	0.007578161662712
2460408.9722802	14.461438713800543	0.0102298934582367
2460409.9690234	14.597053757877896	0.0146177795846325
2460411.9663085	14.071617249026414	0.0090328958261846
2460414.9389736	14.233510406074604	0.0065275530026133
2460416.9288705	14.5938669038081	0.0131507444699499
2460418.9074143	14.569808606456451	0.0124907168513204
2460419.9117427	14.107241535230632	0.010403236460062
2460421.6780666	14.523998511429186	0.0226268397936722
2460428.831103	14.14729378620798	0.0156318813044363
2460429.672583	14.668099998794773	0.0442840703895488
2460430.39381	14.215471706229067	0.0127003941226977
2460432.6569403	14.10611412175264	0.008765418472873
2460433.7481243	14.444431869535675	0.0206870105962105
2460436.8685967	14.20490993728516	0.0068249672308933
2460440.4411535	14.493862965436584	0.0116692375317532
2460442.3952178	14.608573118150506	0.0130306413482553
2460442.3964349	14.636722808060306	0.0191376469613922
2460442.7970104	14.20113122684703	0.0113050057642724
2460443.8282443	14.108482914742584	0.0094121889533877
2460449.4426894	14.555233499146071	0.0294529655057055
2460457.6673514	14.65142203158576	0.0183339213729617
