2458014.5020775	14.38440523100432	0.0057637339645564
2458015.5010352	14.372313897185052	0.0062335668100166
2458016.4804552	14.635387553898312	0.0140919045999697
2458018.4987047	14.384661853695924	0.0057234419940877
2458019.492668	14.673480558434928	0.0127776835828029
2458032.4872279	14.340064140822308	0.0108647407902765
2458060.5141002	14.338434461797307	0.0122703426453466
2458174.9005662	14.671138268323553	0.0437794647363126
2458175.9000825	14.608294045757138	0.0397903396201138
2458176.8957027	14.439350415353578	0.0152090662053785
2458178.8969534	14.522584332837445	0.023833469343784
2458180.8821986	14.470815544425696	0.0210159251666974
2458181.6288571	14.25293570930522	0.0129785636834096
2458192.9076222	14.638538467200284	0.026176237795802
2458194.8984807	14.363282420347277	0.00776148222986
2458195.6412041	14.189898245636329	0.0078585617539796
2458195.8820922	14.307346387748565	0.0086802505333816
2458196.88935	14.55615158248888	0.0102521916437155
2458197.628152	14.182182812694997	0.0056039047451202
2458197.8692668	14.428488076805728	0.0073883263788328
2458198.6188394	14.132911462092965	0.0067334403905822
2458198.8794689	14.36102330787407	0.0069841066961088
2458200.5948294	14.06785696765776	0.0074387984675691
2458200.8933809	14.485728441828629	0.0101548473193897
2458201.5865076	14.195409190462591	0.0078017955374508
2458201.854567	14.298360616019	0.0086923719896128
2458202.8423942	14.465687325813374	0.0095349720217467
2458203.5994999	14.238019628026086	0.0065261957265799
2458203.8453727	14.49389293873947	0.0089825969492224
2458205.8927453	14.35519996612362	0.0071144665239406
2458206.8391567	14.538869937664554	0.0177451869759713
2458211.9697171	15.315425352541093	0.0425508182812856
2458213.8483037	14.546126825633358	0.0149239734958916
2458220.8927632	14.371813938429522	0.0121658317509308
2458221.8458657	14.52507159210512	0.0094937771014116
2458223.893543	14.25850995562624	0.0075237226394241
2458224.8286374	14.558129936950325	0.0100543321439956
2458226.8207133	14.341199352809372	0.0067640805535288
2458227.8333248	14.466220945126256	0.0071554128414682
2458229.8549408	14.474768101943225	0.0071499318458456
2458230.8244132	14.246674726952698	0.0080373612701946
2458246.8752234	14.313733310142675	0.0090600122196558
2458249.8326012	14.581825341719709	0.0102356837116198
2458250.750844	14.451945121106696	0.0079489683473246
2458257.5095168	14.086805283533373	0.004463159960264
2458258.7310513	14.269264478592428	0.0081474585454799
2458259.8103942	14.523123791388684	0.0097916886010643
2458262.6749318	14.354408176893358	0.0074940546036887
2458263.667124	14.432774514175302	0.0083361649742114
2458264.8545768	14.506299923237805	0.0079422763206965
2458274.4804371	14.118302072890486	0.0081476325505625
2458275.4299119	14.27439971737208	0.0086348335447373
2458277.7244208	14.533923964915164	0.0089779982544988
2458280.445868	14.196856291995635	0.005492981349746
2458281.44314	14.048777970998504	0.0071255402203105
2458282.4454687	14.232187892370089	0.0048749742943209
2458283.5606799	14.281876963497028	0.006607000609396
2458283.7128822	14.338964826573736	0.006904304135469
2458286.4682822	14.30409726724951	0.0071545352166324
2458286.7867482	14.415605135621698	0.0051352985795441
2458287.785159	14.24454953994906	0.0080935646571627
2458288.8159072	14.37192112437578	0.0058120837797247
2458289.7427669	14.463080358758686	0.0083302665834552
2458290.3382778	14.261405428466746	0.0102172333561399
2458291.7981411	14.529777310148408	0.0102881749495258
2458294.6079448	14.552424751438153	0.0213074496705501
2458295.8170002	14.610775969041892	0.021994004822658
2458301.9257891	14.957771756074486	0.0478514418236574
2458305.4063646	14.165145034018671	0.0057476685851037
2458306.4106779	14.166815913476574	0.0066351265480828
2458306.636668	14.42521163161716	0.0050164256481767
2458307.4073292	14.2692857388109	0.0065748057232502
2458308.4039364	14.244626877246969	0.0049500248256869
2458308.7748745	14.267905688009694	0.0080254250439199
2458310.4014408	14.273734342917743	0.0067473731165964
2458322.8591359	14.814706609784867	0.0256116800727449
2458323.2623871	14.299840994143224	0.0174329045858993
2458323.5975458	14.533025586400065	0.0181478773656254
2458328.5216018	14.10541849471	0.015440964381816
2458329.7176477	14.266875185440009	0.0147941688218037
2458331.5332628	14.341939927537368	0.0072383306891024
2458333.3283139	14.077051000541235	0.0048271424551077
2458334.4636394	14.40943653086672	0.0120947353867538
2458335.7353474	14.4680219658905	0.0085447325526875
2458336.6188281	15.053075507388474	0.0191811926485877
2458337.3119661	14.098772948120626	0.0076023914916012
2458337.7184366	14.928315186348405	0.0144085667476521
2458339.3195614	14.137705750081096	0.0054822673959948
2458340.3163288	14.207153257359304	0.0048647887732314
2458344.3031256	14.077059091820685	0.0067882927605383
2458344.7550747	14.669057836683884	0.0140543725881283
2458345.3075577	14.262459903912784	0.0062933953341006
2458345.7126452	15.149972750443474	0.0238969497586751
2458346.340871	14.168837899089928	0.006713951244901
2458346.6244698	14.219365016116187	0.0082004793010344
2458347.699851	14.38034804564673	0.0072375454915523
2458349.5809033	14.512310094110196	0.0116771896425068
2458356.5232423	14.27649629694484	0.0160057961115819
2458358.5130827	14.43334143952724	0.0122097410429442
2458360.5211073	14.409787116915728	0.0057925815099198
2458361.5590944	14.55142967101926	0.0124485519468417
2458363.5519485	14.45996297214229	0.008739608315761
2458364.6870175	14.295293837923213	0.0074906205882613
2458365.2821485	14.165410393328791	0.0059344130777868
2458365.6979814	14.776133773359703	0.0174244493405484
2458367.5311485	14.210259443711031	0.0085993237984482
2458368.5615753	14.591543319644362	0.0124385538275634
2458389.2414632	14.172432403051038	0.0068429079438352
2458391.6683718	14.918869529254131	0.0138040943054625
2458394.6693378	15.09474118524682	0.0186302814566096
2458396.6526653	14.780985256577663	0.0147752252604427
2458397.6026065	14.444775062673544	0.0081857969091554
2458399.2834521	14.245907577829753	0.0055809250445966
2458399.6478587	14.921458364144458	0.0137223028251692
2458404.5786811	15.01487135855074	0.0147134510057927
2458405.6236223	15.08571498296918	0.0187111673534762
2458415.2422481	14.015061724329597	0.0147711101806272
2458417.5439954	14.683783758890868	0.0200818294443765
2458424.2631985	14.001466687334831	0.0087108337221485
2458424.5218841	13.795038572510244	0.0060747448244843
2458425.5147378	13.85643435261606	0.0055618006511072
2458426.5146558	14.491720948857216	0.0096420468217
2458427.2777207	14.057486026200436	0.0088303429699826
2458427.5120428	13.866052196852491	0.0053716061496779
2458428.5605758	15.110650885993822	0.0202469823810126
2458429.5602201	15.052362397035106	0.017502684486954
2458539.8983465	14.37349866114525	0.0281675195512303
2458540.8982426	14.727813768736445	0.029126872547246
2458541.8935547	14.689529693923578	0.0181987481191973
2458546.9000139	14.503736786418893	0.0177347017231115
2458547.8886302	14.585056362099944	0.0153977705290231
2458550.8821284	14.504224509640398	0.0099466202871679
2458551.8736068	15.199479078459074	0.0238411740552083
2458552.8842894	14.964888461476978	0.0129793220733843
2458554.6079849	14.150873725257547	0.007578392954693
2458555.6077582	14.091551782532596	0.0058179790062467
2458557.607381	14.247967193679557	0.0078538186140529
2458558.6123778	14.228176193159356	0.0093697554143769
2458560.8770502	14.491407262766252	0.0088039489083325
2458563.6147871	14.022552772681228	0.0192799872870484
2458566.8583349	14.538108985407424	0.0189262122660527
2458567.6380776	13.976465582895925	0.0098828553948792
2458567.8505544	15.017498314259308	0.0249266244828396
2458568.8714372	14.336376786615922	0.0160689422432936
2458573.9003249	15.15578607120065	0.0202687580752054
2458575.5697023	14.256722104278612	0.0067054150230596
2458575.8178243	14.792956320112976	0.0134955666978189
2458576.8171446	15.061959492695443	0.0195585774622879
2458577.8124764	15.237396992392927	0.0259546995089643
2458578.8152659	14.673635558941845	0.0126265188054587
2458579.8145265	14.772512539243692	0.0162295888736538
2458580.8016065	13.86815672714685	0.0060178496090399
2458581.8011845	15.020543286010495	0.0169185370835956
2458582.7967638	14.633415874114048	0.0148026301210338
2458583.7959261	15.26707432977444	0.026102607543625
2458585.5347681	14.107402639482718	0.0064922344548835
2458585.9056917	13.809341480958148	0.0033744431578186
2458586.7825394	13.919045985448443	0.0067900878746324
2458587.7789991	14.448840291943164	0.0087331736976246
2458589.1036689	14.055120819211524	0.0057483775279703
2458591.5184467	14.059928322554851	0.0141260881915454
2458595.7648861	14.581694311767476	0.0230746598195099
2458596.1175046	13.901798790121758	0.0082492213842117
2458601.745628	15.118512025341497	0.0206650983931976
2458602.7312709	14.404326216277427	0.0064762281441253
2458604.4807057	14.116736441093565	0.0054419840062556
2458605.0862181	13.996296192130956	0.0042820640889466
2458605.7326832	14.499139301472466	0.0106430883876038
2458606.7438777	14.338816725586367	0.0079133804062668
2458610.0517321	14.00077560903842	0.0045134212033949
2458611.0635058	14.084651516275592	0.0066171829829634
2458612.0544104	13.940795445771917	0.0035755752013388
2458613.4530284	14.237445405747858	0.0055540936058664
2458615.4524678	14.001041834567204	0.0059224648269075
2458618.7225891	14.524390284615777	0.0130990124188391
2458620.9305754	15.023959439402825	0.0389957258114671
2458628.5724463	14.288670913454643	0.0116874645247838
2458631.0073107	14.027388348688278	0.0059895184613793
2458632.0654215	14.03612887119272	0.0061713418707019
2458632.9879213	14.005904207874195	0.0057036571921476
2458633.5491037	14.230777061646895	0.0083159541403686
2458633.9088664	15.1002766919986	0.0198061420146141
2458635.9810419	14.05060441639478	0.0060599990820298
2458636.6484002	14.981207219433864	0.0140048495925872
2458637.6835484	14.80868719698936	0.0129844141589767
2458642.0408436	14.035998001208725	0.0052916695432327
2458643.6245158	14.595075222378748	0.0128812321568175
2458644.6371044	14.453689464187944	0.0097201754918964
2458645.400768	14.24324887007728	0.0062367392920604
2458646.6333006	15.039555135889543	0.0259606149510495
2458650.3492214	14.087249110054692	0.0163411015706108
2458650.8830497	14.492453774870494	0.0189728337126869
2458650.9123341	14.283424019209686	0.0219464185323808
2458656.9204472	14.022710891317852	0.0078565055582028
2458657.9408917	13.961459075985768	0.0065486031719982
2458658.3341081	14.389110627567556	0.0102445889009335
2458660.7093059	14.334699481550883	0.0079657132357067
2458660.9057839	14.767913180881871	0.0157291180368232
2458661.5450425	14.215774773425514	0.005969253352656
2458661.9934986	13.884137911121584	0.0044325053498789
2458662.7389032	14.356697726338796	0.0081412399930279
2458667.6670942	14.801104503297228	0.0118818115664539
2458684.8159841	14.850198870434747	0.0370772647440197
2458686.3744416	13.985167065155387	0.0083862351817205
2458688.8104581	14.553692919637172	0.0111882208745298
2458692.77514	14.749311120957554	0.0143006018532415
2458693.8249896	14.1079751624576	0.0075491374062548
2458694.8098376	15.200288454661028	0.0256009163447989
2458695.6649924	14.7017282127817	0.0111641963937836
2458697.398314	14.09678835682335	0.0071110331030586
2458698.5355087	13.989865388693476	0.0071322921883118
2458699.882667	13.994549902784208	0.0052624141469501
2458700.8698507	13.851339980569284	0.0047291966462432
2458701.4916614	14.55067431483178	0.007546314634105
2458702.7625032	14.432851424830018	0.0084570187255291
2458703.5510358	14.627616761956617	0.012973794941788
2458703.8025915	14.825020800048032	0.0199416256095732
2458705.7677524	14.35948132913829	0.0125496743525778
2458711.555032	14.427099891576274	0.0236652582763926
2458715.4820062	14.12581908660758	0.0108097934626139
2458715.8136308	14.025532413025344	0.0049477710871381
2458716.4861204	14.29145166738522	0.0129919776013996
2458716.8366581	14.054777484581589	0.00680055961113
2458717.8315505	13.947079608667543	0.0040894438087573
2458721.715352	15.194456780187622	0.0281572491969325
2458722.7835882	14.000732794941566	0.0047132548078742
2458723.812639	13.999187113839042	0.0043183377711932
2458724.8017527	13.875610607710636	0.0053137252528504
2458727.7417088	14.89065698006419	0.0129141664340297
2458728.8048919	13.826583596529264	0.004589190649565
2458729.6028617	14.511014839959628	0.0116671888896779
2458730.7778965	13.9989996579623	0.0061121851212529
2458738.5451173	14.36239617792574	0.0178175305047403
2458740.5579043	14.92807219524633	0.0289207348261551
2458742.3636813	14.246403570792516	0.0174695491721618
2458742.5957305	14.640130229691144	0.0146419240275388
2458743.4100792	14.140134896546702	0.0127330730566755
2458743.5813024	14.41115080581261	0.0140671821634262
2458752.6595551	14.60881321498759	0.0167594731981787
2458754.6833643	15.198500008765032	0.0265440867418183
2458755.5975833	14.366838874985318	0.0104804661694504
2458767.6385332	15.195085811642013	0.0531508782808468
2458769.6422803	15.092089598750784	0.0499440394887138
2458773.2514125	14.197847232653544	0.0067207267052102
2458773.5858628	14.211443648904098	0.0127147068315994
2458774.5860522	14.83269727195293	0.0162388982674589
2458775.5943054	14.843131329122626	0.0279455487008358
2458775.6234604	14.937977765870738	0.015487690647889
2458777.6198742	15.142222257933058	0.0206788692412227
2458780.6127671	14.67509639300337	0.0128806314826855
2458781.5604477	14.457628834036234	0.0088338451331621
2458782.5537203	14.431181617966534	0.0104161548546482
2458782.6124235	14.994823928282727	0.0178425266271793
2458783.5600579	14.321915742799334	0.0120428123414759
2458785.6061125	14.876367601534763	0.0154292645594956
2458786.531418	14.58786328390757	0.0086428989694409
2458796.5028634	13.98125909727102	0.0143985312810876
2458798.5491212	14.519119667311015	0.0286833121688003
2458800.5502168	14.410954598649774	0.0282212543711852
2458802.5387788	15.067617168125684	0.0403769052394285
2458803.5360322	14.862495259017544	0.0376853179781331
2458904.8950616	14.594968099185532	0.0225561922714387
2458905.8979403	14.474373768245885	0.0221510424176339
2458906.8938232	13.84674893184808	0.0090788920097944
2458907.8968518	13.993195646784269	0.0142860152359735
2458909.6312027	14.025006445930938	0.0054001181500441
2458911.6257255	14.13231026216625	0.011020648672345
2458912.628509	13.997969716921554	0.0079534175476871
2458929.5921754	14.13859387225523	0.0076536198746747
2458931.5864959	14.314924435107509	0.0088775657484366
2458933.9877989	15.090262492436093	0.0234754714120851
2458957.9408353	14.713408836299136	0.0134566491806146
2458959.926805	14.636179941175032	0.0125793508240034
2458967.0727966	13.99423637649745	0.0043069621929752
2458968.9020887	14.839822338121031	0.0101248802928876
2458972.0543948	13.888935085790544	0.0052793457905259
2458999.0008363	13.97289533908575	0.0036926942849668
2459004.0198461	13.898054747040314	0.0081507117330834
2459014.9499364	13.969023998661552	0.0035825289114053
2459019.4101372	14.088626205573826	0.0041146277718095
2459022.4565103	14.270315672968971	0.007207416308401
2459027.9138806	13.898462498126827	0.0040406306980895
2459030.9576298	13.96162236992281	0.0076966653292094
2459038.5113589	14.224618809207962	0.0166995017386238
2459041.8732786	13.912984189020094	0.0049075577862389
2459043.9173749	14.032403852850612	0.0053225156138823
2459046.2679383	14.235530978386173	0.0060307783909701
2459048.852386	13.86112184036321	0.0044637920652387
2459051.8495868	13.92433473000292	0.0035037291368654
2459058.8435395	13.960826270739732	0.0053919032666207
2459059.8170983	14.631581644404593	0.0165950435823489
2459073.772896	13.856087898539982	0.0045146500851752
2459075.8174394	13.983891180490325	0.0040565732779705
2459078.7586873	13.993825458254816	0.0042476941847028
2459084.7704527	15.15455973781167	0.0267191319624835
2459085.7495086	15.11917370404851	0.0505172292656276
2459104.7571788	13.93542019463684	0.0037352500155065
2459129.6398018	14.723466275738184	0.0213715146432726
2459132.6192135	14.860963079494764	0.018966086531226
2459149.2545191	14.07013860099784	0.0126001866331932
2459149.5503273	14.79127238505371	0.0222312552421623
2459266.8899286	14.376625535309309	0.0185742982984819
2459271.8908623	14.428927221549518	0.0191278602562295
2459285.9034977	14.53735727447669	0.0212478212327422
2459287.8914361	14.33067236237801	0.0118850714109931
2459290.8811406	14.37304631050106	0.0110045859951846
2459291.8255447	14.809937646306317	0.0169365704387808
2459295.835026	15.047264344501276	0.0189400908017267
2459298.8177198	14.84366051882115	0.0187705414383395
2459299.8099918	14.56907029720603	0.0250615758284613
2459300.8190846	14.398916154750516	0.0254435246940528
2459302.5641731	13.991910025975674	0.0377569413310327
2459311.5377279	14.335882709363046	0.0119462430726399
2459312.9681296	14.770247445425078	0.0136722989928401
2459315.1290286	13.972193780069528	0.0042512301698362
2459316.7728289	14.82798431532649	0.0164460588604255
2459318.5370988	14.279837243531055	0.0079623273376923
2459319.9031973	14.350842156699857	0.0094532780159359
2459321.496215	14.086821252908406	0.0057874767012636
2459325.4859148	14.1298941142518	0.010915271464758
2459328.1098749	13.927706047010188	0.0035222099758723
2459338.6954032	15.03992664952844	0.0189698840228456
2459340.6524271	14.037251933519537	0.010928264488226
2459343.9102094	15.051839551071811	0.0150273128393082
2459344.5518359	14.230424325221556	0.0048236232375012
2459344.9029503	14.829174134705603	0.0109870841666337
2459345.8292844	14.23887513904348	0.0112131538208079
2459347.0769875	14.005173733408023	0.0054642918579033
2459348.7050071	14.682772156089428	0.0126711212478028
2459348.7596556	14.379236181790844	0.0106121557607553
2459351.4238524	14.207731328327572	0.0082724531896155
2459351.6711352	14.992654185569648	0.0182756407498701
2459351.8225347	14.406006434787209	0.0076279717860131
2459352.8654852	14.452893306231925	0.0094363790055995
2459352.8667033	14.509502089880089	0.0112493886150479
2459355.009792	13.938889114837334	0.0043675106914911
2459357.402678	14.263718057038034	0.0186624495966274
2459358.6472786	14.584338732857152	0.0286853506710988
2459358.8443974	14.319475019318162	0.0160401619434376
2459359.8438297	14.862716215220091	0.0282928794352407
2459365.7985439	14.9405794591408	0.0412019902000926
2459366.6361798	14.447919845983058	0.0115153351011832
2459367.6314709	14.242773621196656	0.0103713317231571
2459369.5787543	14.228441006166818	0.0060709491659566
2459369.9148876	14.785896515635152	0.0150584017032624
2459370.8760319	14.39415970693902	0.0100072857095777
2459371.7947211	14.516575879189372	0.0096606123796403
2459372.3618561	14.017363308797012	0.006960668314239
2459372.6044666	14.404603753108638	0.0127036135513889
2459372.8276227	14.433047308640212	0.0104498366525191
2459374.8128173	14.709951183639378	0.0140380888668229
2459377.9608749	14.069305235822927	0.0066087932121522
2459378.8347781	14.807528642847652	0.0151096137832734
2459379.5952963	14.563639435188293	0.0133379443309277
2459383.5931484	15.097941112563184	0.0208509485652605
2459384.3455881	14.274572032986132	0.0085610445978272
2459385.3644266	14.295289632599024	0.0122891477208169
2459385.866464	15.03542135511498	0.0188098021683775
2459386.6346803	14.96266148343299	0.028681803110899
2459386.8090089	14.234119257125792	0.0140135529215993
2459387.8774735	14.465919404038916	0.0131682349534531
2459389.8091055	14.439268054062657	0.0390502717775083
2459394.7035698	14.566045728685758	0.0162622208102825
2459396.5465935	14.76009953165286	0.0139432355371173
2459397.9352356	13.939418281841938	0.004343753928963
2459400.8123426	14.547193888471202	0.0406007844480945
2459402.2931366	14.310480627184624	0.007334683139135
2459403.8430373	15.015452903181671	0.0172113647693722
2459405.7094089	14.399215229818443	0.0058833015688847
2459406.4874448	14.132398265244516	0.006218675192558
2459407.5089591	14.444093901100384	0.0070369652169207
2459408.615288	14.784465012230283	0.0140568815916876
2459409.7622959	14.950373969443802	0.0158421189184925
2459412.2650537	14.25461574463264	0.0099698118243734
2459412.8349951	14.618872228419985	0.0193063367609866
2459414.4898376	14.304762650107808	99.99
2459414.6892625	14.379970572078946	0.0160300783955811
2459420.6533619	15.030006125171314	0.036010369843965
2459426.6727338	14.99461561736445	0.0156871308900508
2459427.6194907	14.730243280480604	0.0133836867696638
2459428.6876628	14.206791403518476	0.0100321864189616
2459428.8782503	13.967932708176376	0.0064650197244551
2459429.5702238	14.634378687026969	0.0150189054003517
2459431.5689571	14.65635435693754	0.016158165444078
2459432.8266929	13.953373980711198	0.0037644208034183
2459434.8028598	13.95183411847345	0.003745504805795
2459435.6550404	14.825922569106243	0.0154661635515156
2459435.7824499	14.328218273689908	0.0098390489631523
2459436.6160239	14.911081263247766	0.0155558899701294
2459439.7341115	14.480121185234204	0.0147064622602196
2459442.3298857	14.074339992696114	0.0075491343001864
2459444.4784951	14.34041097699353	0.0160143263017272
2459450.426182	14.15576679664047	0.02300087651953
2459450.821173	13.857181936197785	0.0091065119414049
2459451.4071651	14.092462330708496	0.0172079332382081
2459451.8042663	14.003196329033845	0.0053463001761306
2459453.6179123	13.978538121711264	0.0070527945582868
2459454.6566787	13.960759876721015	0.0076150549749062
2459455.6368447	14.676692694575191	0.0089906126429988
2459457.3525916	14.0401901207287	0.0058139654545386
2459458.5630458	13.873754656669576	0.0110010755067809
2459460.5849515	14.316022973485309	0.0097112357380555
2459461.6442367	15.081352252041784	0.019072961309991
2459462.5359177	14.332660901407396	0.0087566713155345
2459465.5698484	13.935748290901572	0.0051501268571756
2459466.5678647	14.26200311891201	0.0102189860275594
2459468.2799953	13.93038308171906	0.0147582324790656
2459469.7385952	13.971594819125222	0.0051650126409521
2459470.5120458	14.334650255634358	0.0109547117184341
2459475.2875141	14.07947252236514	0.014847411096399
2459477.4005566	14.340073356265927	0.0282894019894406
2459477.5605661	14.233145653050014	0.0200613398888922
2459482.7299594	13.97071406717972	0.0052636759984754
2459484.3520337	14.242153628450804	0.0059002215978596
2459484.6394501	14.246448005462842	0.0110878504312362
2459486.6712035	15.221852350071066	0.0242685475684703
2459487.6743422	15.242805313305416	0.028194093235065
2459489.5008403	14.38361067243977	0.0096929057046913
2459493.3331688	14.153343703188836	0.0078534338859331
2459494.6435107	15.117713874548397	0.0175310212631383
2459495.6582856	14.541763263354856	0.0149128738091002
2459496.3580746	14.070415220038388	0.0071332292789985
2459497.6123614	14.93431131427629	0.0133291855387165
2459498.5202295	14.103151270479096	0.0113154125296093
2459502.5456969	14.427380064560625	0.020865368000266
2459503.5042475	14.455840137476915	0.0149780685165733
2459504.5763733	14.929448167391854	0.0228090933661451
2459505.5094598	14.750451770057946	0.0263839882955751
2459506.3155949	14.212138997699231	0.0212279061196669
2459507.6106604	14.94122553563212	0.0402724903356176
2459508.5567641	14.5287443271144	0.0283978685597254
2459509.5540052	14.432155790049098	0.0223747514540272
2459509.6154882	14.852312609876662	0.0352970757333008
2459510.6086973	15.0138322404929	0.0302625394465428
2459512.2914618	14.259490554195969	0.0092971993733425
2459513.2995311	14.220836900162476	0.008999221723902
2459515.5922449	14.893798723560929	0.0144255525536755
2459516.5491142	14.141555496612408	0.0119497215523008
2459516.5954369	14.561071667320949	0.0133336074089273
2459517.5386724	14.45910084488368	0.0140799360073701
2459518.573201	14.953959846553705	99.99
2459520.5857126	14.580367723783008	0.0156502946726819
2459522.2690002	14.21608426330302	0.0087952097318936
2459522.5161277	14.99501782030388	0.022065590690878
2459523.5561634	14.691454444210628	0.0190311618610299
2459530.5091773	14.399262408890596	0.0300052556394262
2459532.5468985	15.246042997707203	0.0508218972052546
2459533.5501811	15.063695970816646	0.0361208154902553
2459539.536003	14.914558897784891	0.0803478400437722
2459631.8943421	14.59137300610202	0.0403266420479915
2459639.8915593	14.343918918476035	0.0183321679221986
2459639.8927996	14.41223550507572	0.0256196707423846
2459658.8525942	14.674657957329352	0.0188265015206171
2459661.5910723	14.159854958174895	0.0161241707281319
2459661.5923357	13.974564561750723	0.0183588262547002
2459667.5702089	14.135210274171596	0.009100537951645
2459668.8199176	14.586200692708594	0.0113401564571867
2459668.8705627	14.709042374411665	0.0111783261127151
2459670.8990648	14.953319784230514	0.0137771139581428
2459670.9649327	15.159496210354874	0.020244157904523
2459672.803695	14.566603940728236	0.0119461070384967
2459674.9762494	15.378729662293363	0.0299958017503335
2459677.7893628	14.446686599581447	0.0066946161412521
2459684.7482224	14.486554426722108	0.029385386579194
2459687.9601877	14.964748176317098	0.0527945560218342
2459693.8681262	14.581925119348046	0.0131059872817319
2459694.7282313	14.450036380316728	0.00747991533747
2459696.5849235	14.23599999918394	0.005454566021607
2459697.5958082	14.228735925523054	0.0075698577384959
2459697.5970716	14.000135099722977	0.0092843151869155
2459698.897401	15.031199564291333	0.0168238774114834
2459704.8871684	14.830892121611791	0.0117080377977098
2459711.4425033	14.140621311253849	0.0136343902969251
2459711.4437436	13.988457601700654	0.0188745894630897
2459711.4449837	14.068563062525232	0.020560342384975
2459713.450514	14.167430991413177	0.0174359210362547
2459714.6920612	14.716708726159666	0.0266185868771295
2459722.7120243	14.386057517946554	0.008240205898976
2459725.6459146	14.515809266092605	0.0115924897022255
2459727.5826409	14.25518737698112	0.0069166947700416
2459727.7994234	14.434702908624178	0.0098953908630586
2459727.8079777	14.757467460448574	0.0149521051953262
2459730.4316593	14.391453528078536	0.0122498972456554
2459731.5288718	14.259782009419844	0.0058554305312271
2459731.921286	14.867861769581893	0.016191969018048
2459733.505795	13.97961428542559	0.0083530397889626
2459737.3607245	14.083887474196937	0.0095414176008094
2459738.9202947	14.671337927810775	0.0146563126400453
2459739.8194406	14.588058994987549	0.0119436327378249
2459740.9197117	14.660593891789931	0.0163437402226772
2459741.8122645	14.858200606911938	0.0155208284179392
2459741.880122	14.51964818486812	0.0099528157639584
2459743.5910794	14.39042974499846	0.0319146432609134
2459748.884138	14.243027862454134	0.030748566889003
2459753.8018307	14.70551972339788	0.0168179043617768
2459753.8030825	14.897453916918876	0.0165161431956492
2459756.3306497	14.17576716569168	0.0092554625124828
2459758.8517264	14.42018947616459	0.0072383084281235
2459760.5650025	14.529976446454562	0.0115285974466654
2459762.7914896	15.223914919861448	0.025661137063308
2459763.8394856	14.704605624217647	0.0118711000582904
2459765.5484211	14.56170154080114	0.0165022346341123
2459766.859973	14.647899219832114	0.009606707443233
2459778.4109608	14.2548941873826	0.0141559961907514
2459781.5400931	14.295630133950732	0.0113362691437815
2459782.7342066	14.903633706040704	0.0099863185258317
2459783.6943075	14.378872984418376	0.0050841927662955
2459784.6567442	14.55005682088981	0.0112410211906902
2459787.2536576	14.289006364585042	0.0150219321485413
2459787.5933016	14.181939868648763	0.0093588227872274
2459787.6317123	14.529229272891213	0.0138977370150165
2459788.865122	14.836899363181171	0.0130333795681463
2459788.8663507	15.028205587763706	0.0295551123671697
2459789.7046255	14.64350582780886	0.0081349947959572
2459791.7705866	14.916977710584014	0.0132141926490379
2459793.2751342	14.257505924192484	0.0113801020515176
2459797.4791162	14.16475202131875	0.0092683105618011
2459799.5163587	14.952112526753965	0.0281701747513802
2459805.7652874	14.69929205245018	0.0264701429966581
2459807.6404656	14.48061353129205	0.0122692773530167
2459812.4494122	14.320236078261484	0.0088488176935749
2459820.6651232	15.17793137398234	0.0231191709649166
2459821.693093	14.633376101993882	0.0114989658850284
2459821.6943914	15.104566696582095	0.0328514787288052
2459823.2639526	14.25718564811425	0.0144349740756538
2459826.2998792	14.215973873793269	0.0110868795533443
2459832.5672361	14.81975494426064	0.0308421062197246
2459835.4097177	14.121113753284671	0.0178636507220775
2459838.6791844	14.947093932933136	0.0195919068286751
2459840.6520528	14.75532757425806	0.0119411318177444
2459843.5759362	14.39387952633539	0.0078428496120503
2459844.5613552	14.418670058533294	0.0083781001720582
2459845.5615529	14.591936332515829	0.0126043080697283
2459846.5391863	14.362759843621944	0.008080052034201
2459847.5997839	14.413503973941497	0.0104968339088971
2459848.5969562	14.35084420668047	0.0085709345818282
2459850.6326754	14.350626379640982	0.008244204859064
2459851.6142638	14.245366747714332	0.0098077743687689
2459852.5714387	14.86325584776706	0.0121931619362601
2459853.5563515	14.846686148928969	0.0152784308999764
2459854.523654	14.270981643084856	0.0133309559126806
2459859.5407634	14.574182723950283	0.0217670400750815
2459861.5265965	14.19269618335784	0.0153712789157034
2459864.641812	14.583339413219656	0.1411240567129081
2459865.5324799	14.8413885923049	0.0107450385090412
2459870.574448	14.983774720259522	0.0172020966961767
2459871.5093317	14.316400746042811	0.009353708047813
2459872.5029464	14.521161959048044	0.0094984040013778
2459874.2729222	14.121204190538734	0.0095860928930541
2459875.2744166	14.290506639924526	0.0079339551208979
2459876.5044311	14.54595737077799	0.0117905305609772
2459878.5526879	14.548871752097842	0.008928203951803
2459879.533919	14.23734355674637	0.0116058428709254
2459880.5259866	14.588964129657288	0.0104501760954854
2459881.587729	14.98624418615836	0.020918140787298
2459885.5224817	14.791184530630954	0.0279902421193466
2459886.5183612	14.247238942775768	0.0124609673516132
2459887.5117996	14.826883060256192	0.0240977185603346
2459888.5083946	14.915847298471936	0.0290064746575473
2459894.5044845	14.691646093019928	0.0339555617349326
2459896.5510446	14.795290629736916	0.0146575186024478
2459901.5381404	14.84640141697593	0.0318336087092065
2459995.8949009	14.304617683855051	0.0356469916993548
2459998.8964616	14.345482109118915	0.031473855493143
2460000.8985786	14.468251339192864	0.0318791577952449
2460002.6410048	14.303589708808428	0.0173082872486187
2460004.6281885	14.052296328828817	0.0111220935632972
2460004.6294404	13.91995043835272	0.0142619468247639
2460014.6266601	14.01249746417301	0.0130818387517873
2460014.8877856	14.773889350178994	0.0252189389484203
2460015.8908928	14.625201671619871	0.0194035715520322
2460022.8349319	14.453604400289786	0.0096231704250342
2460023.8401089	14.432602358800288	0.0136621400271488
2460026.8277706	14.352969665896016	0.0119513203148969
2460028.9879774	14.908307367000358	0.0177266334276335
2460030.8216219	14.279296532218211	0.0104298622522869
2460030.8392015	14.755348110365322	0.0128933629507193
2460030.8404997	14.739456159731844	0.0152861609120079
2460031.8044665	14.821001176666302	0.0178790173574826
2460031.8595774	14.54957391868492	0.0142006854190296
2460034.5785109	14.286005863909244	0.0097032358713632
2460035.5428084	14.200766886723615	0.0084553502787461
2460036.5618177	14.221849800511611	0.0057099238615167
2460039.5536572	14.07090873726071	0.0163105023695109
2460043.8110559	14.438366432006212	0.0235037056297922
2460045.6557789	14.268764756257452	0.0167020771813415
2460045.7642433	14.769644981575963	0.0302462267410374
2460049.8886015	15.058196793073694	0.0181195814604156
2460050.8278059	14.447662648004322	0.0107756373967418
2460051.7628119	14.318222352324812	0.0118493285462279
2460052.6709526	14.22539909218569	0.0152206933224586
2460056.7462563	14.926275530734625	0.014068439889265
2460056.748854	14.84635869848706	0.0204190721863353
2460057.7544188	14.650185009121351	0.0093089218132522
2460057.755706	15.04874161512832	0.0160359269229898
2460062.9711408	14.9105602032777	0.0455350287620167
2460064.9075301	15.26725907018882	0.029578427523534
2460065.8804395	14.53868025888597	0.0128621903786868
2460069.4498827	14.224858281160412	0.030519050415191
2460070.4747044	14.085712422527251	0.0280883358837511
2460072.7696967	14.254252135228857	0.0212603974032153
2460081.0294494	15.222854398224564	0.0206159513561672
2460084.715432	14.45217310447026	0.0112610632765093
2460085.6891201	14.393149340508751	0.0089383587763657
2460086.0265731	14.547739276487196	0.0147895787665608
2460087.0192933	15.588868891894528	0.0369430464631993
2460088.0195573	14.7624871766231	0.013951067039615
2460088.413799	14.022389821560798	0.0082236154568714
2460089.0161445	15.1781773919164	0.0194159843516333
2460089.4026991	14.24138014086724	0.0130550277890212
2460089.7063647	14.422538555589794	0.009969442492426
2460091.0032919	15.432547111094614	0.0273133519758766
2460091.4044388	14.221754070135324	0.0072233436731353
2460091.6747037	14.975573084324507	0.0205242385371271
2460091.9993924	15.138132806106192	0.0073551219340249
2460092.3998489	14.236532911783655	0.009174734925387
2460092.6870735	14.517714647793875	0.0135500217834334
2460093.0065308	15.0590411250791	0.0141124763138241
2460093.4026559	14.284642634715093	0.0137566755691558
2460093.9921924	15.534775489112944	0.0381384267644716
2460095.0085386	14.74481735565359	0.0178328390710454
2460104.024995	15.721548067273837	0.053967862431437
2460105.0175871	14.808823016202178	0.0194892931040301
2460106.0228047	14.697857921983177	0.016127196962244
2460107.0270205	14.86949016615114	0.015823146488979
2460109.9458821	14.659446442984654	0.0452544442897529
2460111.77209	15.37129162095103	0.0525378985750077
2460113.6666724	14.438961365322278	0.0073548812340971
2460115.9994149	15.737799870839623	0.0466942658012087
2460118.7308226	14.717346172896772	0.0260778546600507
2460121.5669668	14.4316968378905	0.014895816714435
2460123.7460578	14.457452558995216	0.0076206684744864
2460123.8540081	14.602703651514954	0.0142752978848484
2460124.868293	14.837900097467443	0.0132199890318422
2460126.6775678	15.00481399922676	0.0295406704720126
2460131.6852822	14.595970129203526	0.0270993300670871
2460132.8134729	14.9213042543316	0.035789063023435
2460133.8567714	14.242824558862958	0.0147488045343441
2460136.7963252	14.682674892939412	0.0140570969898832
2460138.8246587	15.108618291246502	0.0208527409166506
2460141.9166071	14.99079005414239	0.0125810178981582
2460144.8314564	14.64063954690172	0.016032747481501
2460145.8400592	14.70587067486315	0.0137408517034636
2460148.8346796	15.21746631913265	0.0208391987128721
2460150.8284139	14.835956730881282	0.007529658668573
2460151.9111062	14.566613929558086	0.0160526245811324
2460154.5824593	14.499968205263649	0.0131413273755184
2460159.4625821	14.146181114558178	0.0186971163447616
2460159.8648758	14.999582840271843	0.0288092111128296
2460161.8712872	14.783921700114831	0.018044469326052
2460166.8256903	14.785427527704986	0.0151695518537721
2460171.7721644	15.059452302971724	0.0171105934067677
2460172.8283712	14.581160546293738	0.0162465967503824
2460173.7956293	14.881067339605536	0.0166075780390855
2460180.8119574	14.859394803861118	0.0185928684712993
2460186.7738904	14.8047373534475	0.0430966167553151
2460187.7887968	15.107759669248336	0.038353560780493
2460189.7302354	14.852305103547774	0.0195852853466682
2460191.7398939	14.905133675870337	0.034752948729653
2460192.762389	14.757830998317097	0.0180992953576456
2460194.7354526	14.87089355972417	0.0131183839106479
2460195.760669	15.248723642256577	0.0225078756841257
2460198.7223815	14.64307493287393	0.0154311529615431
2460200.4047131	14.214415771052796	0.0071988101257709
2460200.7737559	14.843373984125934	0.0197072976839018
2460204.767186	14.590282725155449	0.0153162787360869
2460206.7121166	14.658173685520683	0.0147378984010995
2460209.7207178	15.017480843133477	0.0208771191317165
2460216.5810498	14.914382884930248	0.0445700496903448
2460218.5294082	15.01007882599372	0.0229098234068039
2460220.2889194	14.339664821743543	0.0183380055539622
2460222.7046544	15.35267103296604	0.0424176641556272
2460223.588815	14.468852050287085	0.0105320572820907
2460224.5515312	14.24164225234292	0.0095428706445606
2460227.2836264	14.230440981324389	0.0079293888320774
2460228.6494245	14.511156793750535	0.0143360992890524
2460230.5785331	14.79440468619756	0.0123913603883254
2460231.5798722	14.373591602371558	0.0107696132528082
2460235.5088405	15.244370045374474	0.025884212429126
2460236.5459828	14.278413235468047	0.0103990376985092
2460237.3138318	14.117749003094724	0.0112840674574111
2460242.2906842	14.131563871553531	0.0130599204470392
2460243.5279232	14.605112276755332	0.0215763988108606
2460243.530381	14.50708267335128	0.0257608064839687
2460244.5362615	14.282633153334626	0.0160953635964953
2460252.5320455	14.581134835869802	0.0117718565270464
2460254.5198203	14.383454198898775	0.0121373616215908
2460255.2870913	14.253086311873558	0.0095727327389
2460268.5375215	14.914374605293284	0.0583327526924797
2460362.8938066	14.754006748423487	0.0280136059974307
2460366.8828402	14.807022647074351	0.0351667883346664
2460367.6313672	14.339304731234796	0.0404651377507583
2460369.6319874	14.056332461646106	0.0314978107324007
2460369.8881814	15.024435744471248	0.0290009713736923
2460370.8873356	14.930693817297684	0.0246942259033713
2460371.6265703	14.603451704238203	0.0363389831280289
2460371.8826017	14.598875241497044	0.0187735722258954
2460372.8818664	14.6525842948799	0.0181204618762071
2460390.595763	14.072581506748696	0.011682225586293
2460391.9939705	14.93584723275062	0.0467801523679246
2460397.9781245	15.115723138995868	99.999
2460398.8500652	14.865914951393783	0.0323436802279536
2460400.1452595	14.841268887966065	0.050252929659586
2460400.609364	13.978495390497724	0.0409372453068497
2460407.1241255	15.421556577465624	0.0397231825328445
2460409.120928	14.995668565075434	0.0232915046249625
2460410.1173812	14.687544606143105	0.0211134134310936
2460411.1137722	15.283510947201888	0.0314077083122856
2460412.5233296	13.960704613766062	0.0076450515545378
2460413.5368131	14.073739830908435	0.0070703492336783
2460414.5369983	14.118961038716648	0.0074335821696608
2460416.529332	13.932319408979533	0.0085408105879043
2460417.5230674	14.091358058097567	0.0076863154702169
2460418.524567	14.033619737403797	0.0078628042006582
2460420.5012929	14.076662430436478	0.0143013509426828
2460425.4937016	14.100616436640186	0.0317685269360354
2460425.8110805	14.64641453663546	0.0269989894112642
2460428.0884643	15.046317537706036	0.0451017139232806
2460428.0896814	15.010135147772967	0.0472348066756122
2460432.8860308	14.811505042919158	0.0200057317526667
2460433.8794555	14.742395326914542	0.0145209001082378
2460434.8791147	14.719841483809464	0.0136896327558101
2460436.8835725	14.75096088768806	0.0148732386165583
2460437.957287	14.99584578699931	0.0355007491261324
2460440.0355455	14.930495242536534	0.0224182882909203
2460442.7095483	14.628351387996029	0.0201984251268855
2460443.9190285	14.490389361128775	0.0170348341514655
2460444.8825454	14.632682456655925	0.0146175751824687
2460447.8667253	14.64934978098962	0.015630888203454
2460448.8798896	14.909807668183548	0.0177332510838132
