2458088.8043197	15.280344358167415	0.014388632591223
2458094.8191727	15.137270640118224	0.008843494483042
2458095.8315973	15.01573940485651	0.000713890074805
2458096.8358949	15.056901134340166	0.0049041052584253
2458097.8400814	14.759268070464104	0.0098469582930246
2458099.7801676	15.032076887441468	0.0030883391890884
2458101.7626298	15.301240160809218	0.0151643852041776
2458103.7426475	14.593750938878143	0.0115720838995306
2458113.7106294	14.992039653182376	0.0034471403499099
2458114.7085509	14.959910722297492	99.99
2458115.7148487	15.014737150219036	0.0001763675884367
2458118.8172091	15.220578777637146	0.0308514836596978
2458119.8134925	14.986951448031732	0.0326270151541168
2458121.8260247	15.496134260985428	0.0713382978256007
2458123.6816415	15.014040635867524	0.0006371920050688
2458123.8028044	14.382143695665356	0.0192131588745133
2458124.7195262	15.216686895432863	0.0119999910714555
2458124.8028755	15.337270093525015	0.035225022675707
2458125.7194589	15.014944726432969	0.0002841914538658
2458126.8594789	14.796486376808565	0.0213569369882808
2458127.5533076	15.154781614149806	0.0157355049400062
2458127.6942772	15.182713764762854	0.0106876642071357
2458128.5349633	14.40910891776917	0.0140173921334315
2458128.6830255	14.997329868982892	0.0030310160879717
2458128.8369226	15.34544776568736	0.0292347722009882
2458129.4868876	15.277573497151671	0.0203209318828951
2458129.6722429	15.01461232630497	0.0003136028515168
2458132.4931553	15.287258758958242	0.0201076579206987
2458132.7786265	14.877362123847114	0.0160070329351924
2458133.452245	15.10184339944554	0.0117513774131718
2458133.7788018	15.06116488625591	0.0121038252409278
2458134.48913	14.670751369999222	0.0127996287966205
2458135.4626189	15.348308385894324	0.0220334453116697
2458135.7709743	15.016418230801182	0.0123194377471756
2458136.7707381	14.398359580278504	0.014523501328477
2458139.7588031	14.449790780572132	0.0149796972535443
2458140.7621573	15.297582099330745	0.0238859163741915
2458141.7581525	15.285453510046615	0.0216443604774677
2458142.6579995	15.014848222499923	0.0001695504390785
2458142.7503576	14.645369928283936	0.0142239320279959
2458143.624153	15.014601282836995	0.0003229467793995
2458143.7500613	15.454324579973465	0.0287801295573391
2458144.6239762	15.000348688770512	0.0027623925398727
2458144.7495745	15.322575935647604	0.0232131168406086
2458147.7402729	15.263335674768877	0.0429883004005098
2458148.7360063	14.98584230843278	0.0319318958084691
2458149.7398044	14.613115315644269	0.032123081706759
2458150.6253113	15.013661877993114	0.0007807575445614
2458150.7504985	15.28355159101335	0.0556569255976085
2458151.6248461	15.014753728477142	0.0001489068916637
2458153.3449198	14.511978125801566	0.0161727754326084
2458153.6075626	15.141855235826258	0.0090362456457213
2458153.8396728	15.144520609777254	0.0248548959807817
2458157.7844712	15.366700443129735	0.0250469134192702
2458157.8762961	15.414783612361472	0.0319077296910162
2458159.8777961	14.679380353951728	0.0159346727985276
2458161.6984821	14.843157158983074	0.0140407373643865
2458162.6978465	15.062613836464308	0.0149201315344929
2458163.6928925	15.286827055091878	0.0234686417441188
2458164.6889613	15.000786456036405	0.0141515742112105
2458165.6615386	14.927033419879708	0.0064732678705327
2458170.3332246	15.381222711586895	0.0235156429327476
2458170.6752435	15.213875513721684	0.0200831939265426
2458171.2909847	15.26254146512902	0.0206762676234425
2458171.6749914	14.768759103458567	0.0098985121794399
2458173.3104573	15.318549183928958	0.0302258770385341
2458173.7168901	15.364451743138082	0.0246654090131782
2458174.3274528	15.229923408354146	0.0248272775501459
2458174.683269	14.904109426532372	0.0160745436121626
2458174.8050822	15.23080823684998	0.0186057776250235
2458175.7110752	14.48001056021356	0.0183790812387854
2458176.8539601	15.162466807421866	0.0169910236829913
2458178.2990085	15.136917886901111	0.0336791598612753
2458178.6581592	14.449002659181565	0.0243275245251345
2458179.2976353	14.474651744216883	0.0264254323951394
2458179.8208564	14.835853014736738	0.0368984702198946
2458181.8414454	15.171934185358914	0.0351729107961381
2458182.5092695	14.959910722297492	99.99
2458182.6430446	15.394433130085176	0.0385289286631802
2458186.6115906	15.15444420648812	0.0104867219266433
2458186.7397091	15.286377626289871	0.0291508863708151
2458188.6680143	14.9644209544635	0.01301305598736
2458191.6911208	14.44696767244931	0.0135002384275274
2458193.6185913	15.06357902874452	0.0147899220230441
2458195.6800966	15.305302092039618	0.0205771911652937
2458197.6740523	14.852422236409003	0.0121968241505503
2458198.788548	14.52602334313532	0.0150965314722646
2458199.6699868	15.314315063818626	0.023337624023829
2458200.6617652	14.90016880940198	0.0140550981269196
2458201.672997	14.675893502827158	0.0144514613113445
2458202.5396925	15.184365385443968	0.0107524628270916
2458205.6480273	15.281238244415258	0.0319102640701942
2458211.2561132	14.81698857597782	0.0133971102108353
2458217.6587057	14.483309727041904	0.0148722049683419
2458222.7347217	15.432381209405465	0.0270831230062691
2458225.6575713	15.360433738766533	0.023993010797231
2458226.6002775	14.820833767939776	0.0129592293914316
2458228.532285	15.2759127956201	0.0255137756414846
2458229.2304607	15.365901374015714	0.0228081046911213
2458229.6883528	15.201381712350557	0.0184175883583948
2458230.2336777	15.122582521919565	0.0151005985730777
2458231.2918602	14.656214176606596	0.0135249548004515
2458233.655061	14.702371457858156	0.0217096306510145
2458235.538155	15.090067165657814	0.0276824911969949
2458238.2244026	15.288112709585558	0.0309024278152566
2458247.4906499	15.392432166642475	0.0277319823474311
2458247.6061822	15.338085490315244	0.0241292726031193
2458249.5234655	14.42426791240846	0.0135302959142795
2458253.6407892	14.399965273680966	0.0153777846944092
2458254.6330919	15.346183782312828	0.0280331702407526
2458255.5023909	14.779870372409826	0.0144540566480776
2458257.4646503	15.306505331477505	0.0205334466728672
2458257.6133845	15.316342871102089	0.0247505199895253
2458258.4936161	14.92538869840178	0.0141210862526132
2458261.5639123	15.249957550694798	0.0251858084134377
2458262.485178	14.42944237760247	0.0175738127905763
2458274.4500591	14.949520018611215	0.0210300580117614
2458274.5803897	15.2674803083987	0.0198815354922853
2458286.5436465	15.335534192081209	0.0245029383211082
2458288.5404357	14.675784443357175	0.0160255198273888
2458294.514612	14.975994069869834	0.0382362375565849
2458296.5150948	15.296222783432054	0.0548532939399749
2458308.4735079	15.09819038876888	0.0187213631171596
2458311.4707807	14.366997237788173	0.014571284989539
2458314.4605924	14.400295256582298	0.0204340543721031
2458410.8808683	15.048432541735933	0.0807351659301611
2458412.8779897	15.23238182927432	0.0445384409399558
2458413.6183017	14.54954144378566	0.0356246070783371
2458414.6155402	15.354001916675603	0.0469390697607191
2458415.6175799	15.432341333400563	0.0647384766199156
2458419.8596279	15.34404247868606	0.04268171598216
2458422.8691923	15.389325971854076	0.0652491921357226
2458423.8505003	15.1482340398118	0.0186572230768657
2458424.6099328	15.3075422617578	0.0382783811991117
2458425.8436131	15.318790542168308	0.0230688105419778
2458427.8376332	14.723986956040283	0.014187356872752
2458431.866142	14.624560310122584	0.0111045520888319
2458434.8460708	14.465853077404384	0.0143030273623211
2458437.5677331	15.32667946482846	0.0213507921757677
2458437.8479143	14.797002720974632	0.0093279970872177
2458439.8322384	15.015606019116705	0.0006615038135442
2458442.827774	15.169937446732074	0.0101820201537329
2458443.8131771	14.865751785026651	0.0277453450684451
2458444.8107846	15.015002280651045	0.0003343563803875
2458446.8034123	14.926694133001138	0.0317281684062451
2458447.8004096	14.488350011894118	0.0201399407433156
2458448.7976456	15.29361873369991	0.0148815948774858
2458449.8194141	15.015956364547334	0.0007917651871413
2458450.8178573	14.543233136355656	0.0173386549988086
2458452.5407634	14.273638011212268	0.0149665824910475
2458452.8298478	15.279326261322462	0.0225020672952043
2458453.8000063	14.83432037068612	0.0087107691170419
2458454.8162897	15.015495189789457	0.0006146056984921
2458455.7900305	15.283028704088768	0.0212596497450817
2458458.7735222	15.2843719922741	0.0223954394798675
2458461.8144401	15.321393890229889	0.023218453620904
2458462.8594304	14.953445974845325	0.0841160019977916
2458463.7879664	14.614383731992444	0.0111712019328539
2458464.8569627	15.26863413096384	0.0603756019716273
2458465.7656846	15.186176575851126	0.0185143127017407
2458467.7563099	15.015464184998155	0.0006008336323716
2458469.7317085	14.806816553245	0.0091767398701923
2458472.7887772	15.01530882822796	0.0005264479091432
2458473.7368685	14.940300196532233	0.0256681943847577
2458473.8349041	14.543203437272505	0.0240093141459568
2458474.7847432	15.208367594138288	0.0116821396327647
2458475.582538	14.479168232635963	0.0289672362646508
2458475.718147	15.01524469655839	0.0004924864380343
2458476.5828699	15.205826627621464	0.0660232295862401
2458476.7378092	14.296141693892004	0.0217137641441022
2458476.8248213	14.63889768174858	0.0257078199810433
2458477.7921074	15.1226350148798	0.0082143365862421
2458478.5797283	14.669706377779775	0.0193102549837593
2458478.7862652	15.24719419637646	0.0304734935817124
2458479.7489071	15.014112127190456	0.000606271989243
2458480.7865227	16.82024283753019	99.999
2458480.8270233	14.768216857368149	0.0299444930067394
2458482.7988933	14.966780946409228	0.0152101475759222
2458483.4291091	15.127383364815785	0.0145251243896534
2458484.4482916	14.53326221281648	0.0136892433251271
2458484.7911395	15.110178747612968	0.007658847831271
2458486.8131562	14.586294843431828	0.0141988270634034
2458486.8402562	14.66602453479471	0.0207719195588873
2458487.7426396	15.09699524311998	0.0070451432274266
2458487.8267473	15.300969895893124	0.0241434934055172
2458488.7542552	15.085782985741735	0.0064963422040957
2458489.7466451	14.44806672475112	0.0148525492022508
2458490.7544913	15.093693251920753	0.0068864008640199
2458491.7903061	15.160397625151196	0.0097987186414997
2458492.7209737	14.554620480657324	0.0144346612298901
2458493.8392162	14.45628860654957	0.0139596063698716
2458494.783651	15.361912226773905	0.0246127203078357
2458496.7326166	15.159147353677074	0.0184768247548706
2458496.7907703	14.430924919339056	0.0162222552251647
2458497.6564213	15.015075716053769	0.0003890923269451
2458498.4377107	15.310689886426005	0.0222121251762848
2458498.7909478	15.127149951174204	0.014317949191196
2458499.7125308	15.009920956800114	0.001615170137557
2458499.7795936	14.479923916350028	0.015062087367176
2458500.8206069	15.279208618543612	0.0196945799598126
2458501.7756038	15.197181405798494	0.0112514521992628
2458503.7478344	15.40662249490188	0.0484680567676717
2458505.7338939	14.633708865937155	0.0291812110939868
2458506.6763577	15.013935761323657	0.0006800009386675
2458507.4256363	14.42471823574575	0.0187282860254168
2458508.5401739	15.315062859262827	0.0327639672247317
2458508.7608874	14.874392000465722	0.0215724213379518
2458509.7685347	14.485247666505716	0.011775442092094
2458509.8608094	14.675395615586131	0.0233858090562122
2458510.3550879	14.60441974641389	0.0140946065225432
2458510.635658	15.269936783420432	0.0217139408229903
2458510.8506555	15.298187680149107	0.0335968282860554
2458511.442425	15.342806959085902	0.0220003497604079
2458511.6344233	14.79464239270804	0.0093632993878783
2458511.8244159	15.219437011394898	0.0210000594666582
2458512.3795712	15.179858221949171	0.015896540868525
2458512.7791083	14.509026721364451	0.0163707379284276
2458512.8163988	14.621305707668506	0.0155904513147621
2458513.4317796	14.748605074201516	0.0128160129109372
2458513.8120231	15.346986301539824	0.0257282835616149
2458513.8497473	15.210548440259554	0.0262120411500483
2458514.4304308	15.305840722055152	0.0225556962502512
2458514.7967219	15.283700043641382	0.0145133218046295
2458515.7628468	14.77433456041068	0.0114096301234203
2458515.8074197	14.822604464584126	0.0158747498406024
2458516.6736552	15.209090815285151	0.0117098491120877
2458518.8057177	14.957466400975258	0.0107505419674647
2458518.8541418	15.25939817525863	0.0338259745982738
2458520.6070112	15.03502757970998	0.0138240335450116
2458522.754757	14.424189889903973	0.0119365473115667
2458523.7951872	15.353393520893784	0.0287177757179661
2458524.6125709	14.759431332631811	0.0098449077865444
2458526.6308945	15.282666002812352	0.0224903050428552
2458527.7621598	15.273105567985253	0.0209008280094419
2458528.7459024	14.655692463409087	0.0145349777658603
2458529.7321974	15.207437455109307	0.019917354859955
2458529.7396389	15.334426418954564	0.0264458619941607
2458531.7382259	14.864079796810737	0.0239692674333382
2458532.6734195	15.330000229801364	0.0162316033715021
2458533.3471115	15.140184010614362	0.037629750339374
2458533.6604193	15.292290824360547	0.0450920402347481
2458533.8209837	15.28901112989099	0.057046690903027
2458535.752574	14.340665379075276	0.0235127240072366
2458535.8536523	14.65688967855911	0.0335177564925754
2458536.7487179	15.291911982290223	0.037537093029097
2458537.3534487	15.341998866893146	0.033089045979683
2458538.5579472	14.8444738391308	0.0129573267238127
2458539.2974282	14.36974754302786	0.0141711151543957
2458539.5513899	15.212719354031805	0.0198260422112925
2458539.7394219	15.34264779925055	0.0167017032580271
2458540.738413	15.222272367733847	0.0201846953467944
2458540.857296	15.233807261151496	0.0299011967820792
2458541.6710106	14.413094446053629	0.0148793539067225
2458541.7267172	14.713355651684076	0.0151242824964765
2458542.3025491	14.580584947050086	0.013523832713312
2458542.7337838	15.406531178555571	0.02646594223453
2458542.7598379	15.36362851001256	0.0292343782877974
2458543.3051795	15.387844951260629	0.0235738401220064
2458543.7260617	15.286056904650424	0.0202494729174693
2458543.7738533	15.35821751790814	0.0283269644444479
2458544.6173862	14.37954648556553	0.0144398699519974
2458544.7477257	14.90975506386244	0.0153481535712425
2458546.7196169	15.39549519594377	0.0241826814748455
2458547.6697319	14.791405570505267	0.0094110540883393
2458548.6274077	15.363792210099692	0.0174898175540169
2458548.7941952	14.552575009174788	0.0160346800341138
2458549.6162875	15.225715284346268	0.0123429154539428
2458550.6784955	15.08070128490915	0.0062374928713843
2458550.7730519	15.243105138553409	0.0227364584775929
2458551.6290714	15.060680771162689	0.0051328964937814
2458552.6732306	15.284013543875368	0.0201265706625046
2458554.584267	15.01015140799919	0.0015767740611707
2458554.6176311	14.409972683731713	0.0153492428456926
2458555.6395663	15.262638715011589	0.0137294917792331
2458556.7875722	15.335586288842734	0.0285415224384903
2458557.6719276	14.685175775176688	0.0176554577669524
2458557.695587	14.7961214814209	0.0128063777718704
2458558.2394664	14.873473693847446	0.0221046782581828
2458558.683641	15.221231676343283	0.0249721148124255
2458559.7602695	15.264156280775817	0.0483278761979041
2458560.5844624	14.68007750372433	0.0106788412205757
2458560.6963172	14.922028884109892	0.0309856333158174
2458561.6792916	14.904266366958772	0.0275066168366236
2458561.7538419	14.510521810221723	0.0258749078297661
2458562.5404994	15.254479542256574	0.0134247827363029
2458563.3562828	15.370410074694952	0.0585284588328733
2458563.762507	15.211648496652645	0.0702675131105359
2458564.2743609	15.060418730585202	0.0275161208456309
2458564.6315303	14.974902237731133	0.00451057391243
2458565.673431	15.353409256874691	0.0401208590978659
2458565.6864983	15.185638998174158	0.0426179182086643
2458566.6673673	15.23133924738338	0.0315874407812326
2458566.7746617	15.39106733637048	0.0404146160478408
2458567.2805536	15.191661521133426	0.0170084816991907
2458567.6627958	14.563765420096878	0.0171427534562688
2458568.2377879	14.502749883925311	0.0160900637737808
2458568.6581328	15.334749074542346	0.0353301554162059
2458568.7771838	14.6586376200365	0.0225706533848541
2458569.6582635	15.253482838428154	0.0230149890178005
2458570.6623527	14.735404125375632	0.0138721788709
2458572.5003248	14.99178334859526	0.0101393942734915
2458574.532617	15.305862828442333	0.0214636212650946
2458574.6698456	14.79046834642549	0.0118557685952534
2458575.6571253	15.366953032202568	0.0176079309887557
2458576.5333495	14.613968153953556	0.0158584593489521
2458576.6057794	14.867682553591075	0.0129875090029304
2458577.6179472	14.801711675218128	0.0174627781748301
2458577.6560794	14.507969041788805	0.0139370122844203
2458578.6722752	15.232367348947522	0.0206097752515391
2458579.6041639	15.077431703073268	0.018545110575712
2458579.6740969	15.1226236733034	0.0169105536401027
2458580.5745157	14.690343226901703	0.015974947342715
2458580.5930367	14.441855111273416	0.0118967191289812
2458581.5436362	15.229948778520104	0.0125030782832123
2458582.541535	14.947653313734754	0.0160910333850992
2458582.5460557	14.992943661214762	0.0115795869702068
2458583.534442	14.462151990816253	0.0167861170568527
2458583.5381744	14.622669959350738	0.0128945644409342
2458584.5194162	15.325164679857384	0.0273718908694824
2458584.5789675	15.34701636645951	0.0168642783858513
2458585.5830891	15.17796073680228	0.0152752013364852
2458586.529101	14.34907427251137	0.0174600964846045
2458586.5550316	14.636839281878402	0.0165332562716792
2458586.6551048	14.956029922584742	0.0256903630474203
2458588.479137	15.086934725890032	0.0065540611999659
2458588.5742728	15.274868811509927	0.0358048783149766
2458589.5232473	14.871571051222055	0.0079604734391883
2458591.3330944	14.70812779771992	0.026136668453384
2458594.6910018	15.187000733439495	0.0555897926779697
2458594.6968892	15.162161524738888	0.0338758163803088
2458595.5458685	15.061873737757235	0.0310683004573259
2458595.5533187	15.033861081872882	0.0032478483784682
2458596.7190401	14.95629095513765	0.0205207697689914
2458599.6260013	14.8412876598101	0.0136958934806348
2458601.352529	14.693494174532734	0.0132194034605094
2458601.5291343	15.206484007704296	0.0184503543773648
2458602.2472309	15.094590296715438	0.0116041063600734
2458602.5942943	14.907682840686451	0.012014007442121
2458602.607305	14.909560780533564	0.0171307047773842
2458603.4387739	15.113214327861206	0.0315570963065868
2458604.451067	15.19499947400278	0.0159909509203079
2458604.5903356	15.367906168162708	0.0245186932054626
2458605.2385506	14.826127509675944	0.0109724487521968
2458606.5757095	14.308666963219643	0.0120825312620891
2458606.6840063	14.747219913308172	0.0161599209551556
2458612.5938142	14.776480417868743	0.0151273224459026
2458616.3822326	15.421773503929316	0.0293391083961567
2458616.5634651	14.8721946764664	0.0233422599642567
2458618.3566958	14.469292658444989	0.0193425455721312
2458619.400479	15.190138081782049	0.0295768315161787
2458620.3402374	15.032586974292537	0.034626680139598
2458620.644893	15.325238342379544	0.0477501240022798
2458624.4956583	15.16082794305292	0.0208326571900416
2458625.6624557	15.081756368010792	0.0422848641919868
2458634.5430279	15.146466082386858	0.0165741050481723
2458635.5621015	14.601984223091112	0.0167141049885048
2458636.3556489	15.25468483418836	0.0177628988828787
2458637.3525283	14.723598635077062	0.0125672178777921
2458638.2379818	15.345980317846234	0.0223976212805676
2458638.4538781	14.38702879600341	0.0167758061486536
2458640.532726	15.307076035773202	0.0313219517103175
2458642.5345207	14.977897544800165	0.0123326143712154
2458643.4850184	15.328525765523969	0.0244371396282576
2458644.4614273	14.80955928747796	0.0152484459270954
2458644.5179299	15.01716654168278	0.0184568145882781
2458645.2274524	15.31209029354531	0.0242262920929711
2458648.4852412	14.41745537859444	0.0183221762296485
2458649.2486306	14.96558993510968	0.0288806034168333
2458649.5545852	15.229905980046375	0.0577782442969039
2458650.219199	14.76335263628579	0.0220857579751504
2458650.5768479	15.12903032002809	0.0563048276959256
2458652.3156416	15.321289973512007	0.0546989777270631
2458658.2231617	15.257708207414405	0.0181835029222292
2458659.2576011	14.966266103992638	0.0109420484925956
2458660.1981459	15.435413099733102	0.0304454127571128
2458668.1963113	15.171687978521142	0.0256324390412877
2458670.4876589	14.98302551875294	0.0144916082794201
2458670.5012051	15.041921301386626	0.0133469420688639
2458675.2136393	15.03588004134206	0.0160405925137088
2458678.4878915	15.227851032458338	0.0387749147863527
2458679.248432	14.641775722354014	0.036418644446278
2458690.212512	15.312398195855696	0.0228026451088176
2458785.8500058	15.325159389899651	0.0345252971577429
2458791.8359808	15.113255572707509	0.0146360930105392
2458792.6069579	14.780871377899985	0.0269118448096168
2458797.5888219	15.124419055612409	0.0363590623734668
2458798.8415289	15.366336057115708	0.0523652096777154
2458799.5995536	14.480059241746256	0.0289279552739725
2458800.8350228	14.754000326633596	0.0270144493073171
2458801.8356645	15.441548418855502	0.0582943112257464
2458803.8429715	14.940798311173062	0.0060005330032906
2458805.8228907	15.242004528782056	0.0299450016004692
2458807.8358522	14.403578368298488	0.0166662235936787
2458808.8406923	15.418757703297878	0.0298795195489451
2458810.8262448	15.014897833792244	0.0002355568651345
2458811.8149333	15.194539793023033	0.0111491224558903
2458812.779017	15.140461161948018	0.0183249595682891
2458813.8362312	14.709494170387984	0.0150635717304634
2458819.8251603	14.982665303419124	0.0119037012905029
2458820.5375555	15.36854808372154	0.0274222865923951
2458822.5179628	15.153419889003084	0.0149363545010513
2458823.5838158	15.365622098169364	0.0265449171251253
2458824.8161256	15.135645506792288	0.0087747088788752
2458825.7929631	15.298215982163706	0.0547151852109822
2458826.8105209	14.722337557459973	0.0193681387709053
2458827.7763	15.254103741140336	0.01341072982322
2458828.7659796	15.270221716073388	0.0522688236459867
2458833.8333354	14.465147766744042	0.0208339253103231
2458834.8404556	15.01895446693274	0.0015014613818774
2458835.8449059	15.258541193162714	0.0272649172593261
2458839.8185511	15.015349152208488	0.0005467254972953
2458840.4871129	15.016483806134584	0.0098270021642283
2458840.7827342	15.391415774940109	0.0286700913220085
2458842.8166683	14.990923705528605	0.0035279375656232
2458843.7903118	14.951291896814748	0.0055990984374563
2458844.8537055	15.312729081183496	0.0360545869026688
2458845.8625931	15.527322794086311	0.0706941897792366
2458846.7804833	14.393579819262774	0.0155893510643688
2458846.8014106	14.959910722297492	99.99
2458847.7806327	15.27759645610569	0.0254686207638047
2458849.5345255	15.322414044844209	0.0223323776362251
2458849.8489473	14.805371544093084	0.0166039079255883
2458850.7876902	15.10954570363666	0.0076300368748312
2458851.6521277	15.0141049228251	0.0006094592407298
2458853.8531075	14.49738293041252	0.0161974346817771
2458854.7804864	15.159866797140518	0.0097772281362896
2458855.8531296	15.101364837461826	0.0182852175730755
2458857.8489697	15.2913395222183	0.0290034911078813
2458858.8489542	15.11315251992385	0.0374606627983742
2458861.7966459	15.314443798338406	0.0450501481462611
2458862.3855738	15.309777448448347	0.0457656733528485
2458862.6061387	15.460094558120392	0.0579011555652454
2458862.8609746	14.75999844086902	0.0410310625609891
2458862.8642202	14.934869477159856	0.0264073336497659
2458863.6004721	15.270342532168286	0.0282964735819781
2458864.5621462	14.655078815116042	0.0193486989647258
2458866.6721428	15.281658274020836	0.0144374614690414
2458866.8512664	14.379157137029052	0.0174000252249266
2458868.8464727	15.147310097260362	0.0238247816709648
2458868.8731173	15.392866001562329	0.0786918433299324
2458869.8421797	14.618465586441454	0.0150025114556943
2458871.8388006	15.264277988151363	0.0245188117992581
2458872.8381299	14.684469329616029	0.0154662552801158
2458875.8259935	14.796212278384122	0.0145169155990618
2458878.8206251	14.943895905183329	0.0146918964789654
2458878.8721539	15.128312093492266	0.0231422745294477
2458879.8161831	14.581939848122936	0.0143418140858417
2458880.8120881	15.331062693293076	0.0254568071026285
2458880.8677901	15.275327871964835	0.0277830845033551
2458881.6064392	14.70013056610428	0.0149101413768986
2458882.6208591	14.991924227915536	0.0034555968399701
2458882.7296398	15.13770160995148	0.0204450480857694
2458883.6245054	15.277216743292666	0.0214765642073418
2458884.7209918	14.968447426206591	0.0350309719218472
2458884.7958956	15.204156127621054	0.0117975981537136
2458885.7164572	14.725955466986411	0.029224167195864
2458885.7965381	14.542212388427725	0.0180334327427475
2458886.8679835	15.107110968589016	0.0170422412303812
2458887.7908198	15.182739747168648	0.0309109933374724
2458893.7780488	15.27601928791614	0.0313095525779548
2458894.5591945	14.903777875990675	0.0130094759221516
2458897.7668045	15.120385753389904	0.0170000475350963
2458898.815039	14.78913536816167	0.0134059318552688
2458899.8222832	15.215813612036422	0.0211335974174673
2458900.3435269	15.311427979106575	0.0208776290758388
2458901.6937043	14.435258127428328	0.0119122062024852
2458902.8179005	14.921405088873252	0.0137554257261953
2458903.8009951	15.25675892050928	0.0229217938129244
2458904.6938047	14.58404714506894	0.0172265234516655
2458904.7691508	14.922138740073848	0.0131622084554177
2458905.6772408	15.281073971384844	0.0237970133283627
2458905.6775222	15.28404879634709	0.0287198562141031
2458906.6225294	15.015029762194626	0.0003558260111527
2458907.709421	14.84279924950754	0.0123240396587569
2458908.7124777	14.971198793411505	0.011989593285061
2458909.6180375	15.021464855306393	0.001904603055663
2458909.6292466	15.31320872324915	0.0258167250321427
2458909.737724	15.274885922060848	0.0275799161211245
2458911.5224356	15.346199501561577	0.0380964557007408
2458911.7774709	14.62987223699968	0.0175621487027571
2458911.7787003	14.623295604751272	0.0174796682615019
2458915.3068163	14.6109953406769	0.0390631853671621
2458919.8280041	15.207612282166142	0.0584332707317393
2458920.5423648	14.492492047401605	0.0218713559046044
2458922.3491252	14.407265714950109	0.0148194525476251
2458923.366088	15.385723971257576	0.0257306880765938
2458923.7173004	15.048010094285146	0.0345313167040226
2458924.7782212	14.65455753038202	0.0174087673500089
2458925.2652914	14.47652011354803	0.0161698831805617
2458925.2665793	14.457323742466766	0.0197997075326444
2458926.3286015	15.317703023816405	0.0212777919286907
2458928.261557	14.42380292330184	0.0140252652624554
2458931.3101304	14.87202118038573	0.0126268216544766
2458984.4122945	14.782330510499742	0.0133831126678004
2459001.3260367	15.28031050226172	0.0293033893505368
2459009.3462744	15.240548589907588	0.0506870466936302
2459010.3279471	14.583680381985957	0.0174128712809036
2459015.2929736	15.340203557245577	0.0224074226088896
2459017.2455057	15.315188201287256	0.0217903633524557
2459018.3135875	15.283099908551868	0.020369380470242
2459024.2942542	15.369217397205528	0.0232660485585824
2459034.2712391	15.379298513688925	0.0532742119595648
2459035.2042988	14.962835281960256	0.0432780336968637
2459036.200805	14.959942390521569	0.030436178300814
2459046.2121471	15.106177093596411	0.0132540028234448
2459050.212929	15.301532782563916	0.0212720891308749
2459052.2100921	14.505312710167802	0.0143554503057219
2459055.1999442	14.6227786510089	0.0285818563747217
2459057.2007275	15.2740812428049	0.0484143969324578
2459058.2023462	14.769712093717084	0.0380880729156036
2459144.833025	14.959910722297492	99.99
2459145.8713882	15.014009947129496	0.0006500120597949
2459151.8592584	15.014047618980811	0.0006342385026922
2459155.8440081	15.316761093401166	0.0486429927908392
2459156.8407041	15.058448046543871	0.0357071028599339
2459165.8064263	15.226948367893623	0.0189205553267255
2459167.7907651	15.23806764797061	0.0235134768535784
2459170.7628698	14.64201091685798	0.0147891274878863
2459171.8142464	15.299729408056798	0.0262931712499831
2459173.7737103	14.463041789039146	0.014763035061336
2459174.7574104	15.261304245684483	0.0217727503658753
2459175.777393	15.015205209765451	0.0004703609738371
2459177.7513874	15.342100405210893	0.0310442991529628
2459177.7870129	14.959910722297492	99.99
2459180.7530657	15.183067101922887	0.0351867673723194
2459181.7326668	14.959910722297492	99.99
2459185.8104621	15.178715567077305	0.0454498634116208
2459186.7298418	14.41233613977224	0.0181878515832037
2459187.8395039	15.324723438121875	0.0391417415134494
2459188.7250939	15.066644763031205	0.0181440743127027
2459188.754277	15.014811681751423	9.515682861711077e-05
2459189.7184583	14.388004129750456	0.0191083399334997
2459192.7111515	14.595387335102169	0.0150969955740406
2459193.7697213	15.058316007640505	0.0139329955105269
2459194.7206681	15.38405173245411	0.0250415768795776
2459195.7708664	15.015892577119295	0.0007696828739203
2459198.7677556	15.14079607955994	0.015961141541199
2459199.7189709	14.325366305868988	0.0144516538915174
2459200.6814545	15.014934940822773	0.0002747535677524
2459202.7661203	14.695450246846091	0.0142768282986652
2459203.7388597	15.291154180205949	0.0252482930901569
2459204.8464608	15.257186406925946	0.028229835422404
2459205.7076783	14.676050350410188	0.0140632700943853
2459205.7864922	15.014122938664052	0.0006014571216556
2459206.7663131	14.802269298045426	0.0143777173955322
2459207.7295555	15.0148043093846	7.128779220842521e-05
2459208.77221	15.043224352251016	0.0154765420940307
2459209.6784583	15.234443422155392	0.0349405256258642
2459209.7062189	15.015162449817046	0.0004451659536616
2459210.6594558	15.374767352477331	0.0493103923197257
2459215.6643549	14.391711196791508	0.0231623348867474
2459216.8305244	14.43590589850976	0.0201352752240995
2459217.6475977	14.959910722297492	99.99
2459217.7159597	15.273456724723555	0.0400654913892738
2459218.8382714	15.059936621515387	0.0415490805541131
2459219.8586499	14.686435332908196	0.0210652953375571
2459220.7319788	15.014712277392704	0.0002109646538227
2459220.8381211	15.394859800939644	0.0343099937060092
2459221.7690203	15.126941582069245	0.024180012720563
2459223.7955355	15.413285684814213	0.0303734908528014
2459225.8321397	14.918187592878096	0.0154152430880626
2459226.6850308	15.015233496374067	0.0004863127234971
2459226.6977428	15.317162985565336	0.0234195213137552
2459227.6748811	15.016109756908335	0.0008425161336431
2459227.8680466	15.140639031625197	0.0526491726695089
2459229.5919259	15.351275386085756	0.0234125133161292
2459230.6003538	15.098426070873456	0.0168927536460465
2459230.6176827	15.01478514382435	7.242750501303793e-05
2459230.7378696	15.320090987548763	0.0270475578420266
2459231.7073947	15.015196752303916	0.0004654856373432
2459231.7301622	14.898480984301996	0.0158626360698814
2459232.818996	14.53959095425396	0.0164430739023543
2459233.6098114	15.015444547474326	0.0005919457190128
2459233.6975518	15.286184865961015	0.0238583696836374
2459234.7294059	15.0009781507596	0.0224847613495127
2459234.7330393	15.134538036626024	0.0168131358653834
2459235.6978401	14.829821991500287	0.0087915551537745
2459235.7443371	14.505489218595027	0.0146571263516334
2459236.7003555	15.209648521349068	0.0117312065429546
2459237.7394176	15.097102886150308	0.0070502810221401
2459240.5888349	14.882829461318265	0.0402593498101744
2459241.8217989	15.127344427430984	0.041205105561679
2459241.8639092	15.188916757992423	0.0242092081418789
2459243.8629648	15.385108846325826	0.0655524467295738
2459246.696101	15.32333666052714	0.0442430349251979
2459247.827503	15.278240419180714	0.0143104241462655
2459250.8212333	15.294435620116865	0.0295805522082185
2459252.8110867	14.659113941750824	0.0235169734108099
2459254.7847857	15.035885125856408	0.0235559733620382
2459255.731201	15.204088574476163	0.0212418934266582
2459256.7188129	15.347825956726847	0.0250887282323169
2459257.6622728	14.851276192156424	0.0083883059468294
2459257.8163618	15.219833183634826	0.0240865847624527
2459258.6420731	15.242734490240435	0.0129846846573209
2459259.6572216	15.340558428746371	0.0247037696591688
2459259.7054979	15.33654575410764	0.0164747984816211
2459261.7133466	14.42752338259825	0.0139401529882518
2459262.7259532	15.322683586973367	0.0239310971215197
2459263.6569812	15.059337717696527	0.0050525196818991
2459264.68026	14.504671019410244	0.0117094176735024
2459265.6676753	15.14677385332374	0.0092410374387107
2459265.7215318	15.269480188032018	0.0269871700863045
2459266.6577055	15.16187827122815	0.0241837345795159
2459266.6776933	15.233312849805133	0.0283332523232628
2459266.7156413	15.326211754877638	0.0237031362200208
2459268.5710971	15.318781821330838	0.040498933472045
2459268.7058348	15.169308794242482	0.034001487899644
2459269.7488375	15.327300244222693	0.0547450764834159
2459272.6374055	15.400330196129095	0.0560704470485325
2459274.6890392	14.369755055178166	0.0305860916330719
2459274.7606961	14.693841919157377	0.042291407936926
2459275.7203713	15.35375016707081	0.0422445871618759
2459278.7719964	14.753151518758877	0.0176283112712893
2459280.8082379	15.151324036251395	0.021568023938185
2459280.8295125	15.197403707467664	0.0230417523605761
2459281.6390099	15.341268485675512	0.023873466165386
2459282.6338031	15.325828971667455	0.0266376289970873
2459282.7130008	15.21537216018472	0.0175495153726131
2459285.7569183	15.342064895427852	0.024909222190013
2459286.7210433	15.154387831606044	0.0200921389996557
2459288.6404026	15.329682749927027	0.0290507411568738
2459290.6160287	14.391360953496726	0.0142332443316042
2459291.7612404	14.669267394382036	0.0156345853264301
2459293.5511377	14.493849229888152	0.01174714881822
2459294.5664974	15.38145658998902	0.0450179305416511
2459294.5816969	15.170887271149072	0.0102198976966936
2459294.6505435	15.22332107360432	0.022950208664616
2459296.5427666	15.016662657768848	0.0010045327461097
2459296.7102278	15.137169497450875	0.02295151040821
2459297.6324524	14.87298659832022	0.0148908891075195
2459298.6539344	15.161646672086327	0.0213608416575424
2459298.778224	15.235472084763472	0.035822489218885
2459299.6299314	14.962619562118856	0.0224287715480097
2459299.7231408	15.268877617863062	0.0403756975190902
2459309.6080249	14.814910064146645	0.0090463214334747
2459310.5986682	15.175208472256577	0.0103916166671365
2459310.6509655	14.668461429076253	0.0150080244365685
2459310.8057114	14.864024707037016	0.0183703415669519
2459312.4002838	14.722523076222869	0.0120963545435708
2459314.385276	14.997843605013212	0.007164021730716
2459314.6588623	15.35101199657619	0.0275250742878301
2459315.5201451	14.99854754363268	0.0029259027123496
2459317.543207	15.24019645765682	0.0284516721535764
2459318.4041832	14.547504753521444	0.0146575783496208
2459319.6191199	14.770206468111963	0.0138684134315486
2459320.5465901	15.14053933012455	0.0089811114030888
2459320.6033069	15.458425716030751	0.0364809763033226
2459321.5718788	15.15719974640522	0.009668976191639
2459325.385001	15.028195477060574	0.0168018814997097
2459327.6566365	15.446876512558614	0.0528894534585544
2459327.6607863	15.312416098929315	0.0390888377483465
2459328.6384421	15.1797338600858	0.0565744099195222
2459329.6880807	14.782922833693014	0.0339264465758126
2459330.5661383	15.385250883412391	0.0705552951551045
2459332.7606292	15.521235242265895	0.1132066398759852
2459333.5115914	15.46701889367007	0.0502701476562935
2459333.681141	14.481241756560392	0.0258039742930749
2459336.4503127	15.291710528446949	0.0330204496286998
2459336.6737998	14.365460826942511	0.0190678290135574
2459338.5695103	15.015845012603044	0.0122178486444164
2459339.5540291	14.995814317539253	0.0147928186559572
2459340.6668728	15.323882681214023	0.0250289344030764
2459341.2681347	15.1874660036069	0.0142254665441733
2459342.5888313	14.48490339360684	0.0117765438904507
2459343.5365647	15.404250375514772	0.0299289009894648
2459345.2222957	15.29069435663833	0.0197274522756843
2459346.417614	15.272128687455927	0.0205830177103258
2459347.2178153	15.061178409699158	0.0123808441380969
2459348.3917168	15.180825986173696	0.0170841347282532
2459349.3504163	15.226235352936646	0.0264709926042192
2459349.4623331	15.25949723510876	0.0313751489145999
2459350.64827	15.309582054488295	0.0226951399306239
2459351.4689071	14.573273334014884	0.016944309655453
2459351.5332337	14.920647723830433	0.0066752643339762
2459352.2652917	15.31578245757811	0.0192662554359063
2459353.237903	14.587735522685737	0.015872436205497
2459356.5317386	15.308317626450252	0.0154269318225975
2459357.2818994	14.425994711779037	0.0180833460387624
2459359.6171297	14.867621507390892	0.034675983328608
2459363.4613733	15.125410252593095	0.018056775074087
2459367.3169091	14.48386706645116	0.0143611934662951
2459369.4727113	15.170131910964583	0.0170476872388978
2459369.6611557	14.81208717411172	0.0187806390754724
2459371.5106806	14.650424324934852	0.010919921560715
2459373.4878711	15.171801766318811	0.0102563203564223
2459375.5666677	14.70402120870176	0.0156766304408696
2459376.5215734	15.268127455210967	0.0139340908164321
2459378.33319	15.218435803993096	0.0229058700382332
2459379.4540598	15.277065534832616	0.0330332873764447
2459380.5000577	15.011805912794262	0.0207511426594059
2459383.5609894	15.33817435930256	0.0351057190228169
2459384.3146526	15.340555440390942	0.0303370695570983
2459385.5540278	15.244328831607358	0.034689124938366
2459388.5183948	15.585926289386256	0.1116989461388169
2459392.5178632	15.313134267681196	0.0336840297400102
2459395.5103098	15.321383735651631	0.024732734423135
2459398.2782407	15.227637899470746	0.022257416261956
2459402.494336	15.300803414283056	0.0232549082256642
2459405.2324072	14.789249066588232	0.0130315039406295
2459407.5394007	14.614201717725624	0.0180594389481331
2459410.2229147	15.331315853097331	0.0241675169041012
2459410.459957	14.46288920127876	0.0167900434714597
2459410.4914469	14.60564568366621	0.0190155694886962
2459412.4935326	15.2697516988965	0.0317648442789453
2459413.2048253	15.262173334367848	0.028578728389632
2459416.4751356	14.7539527314485	0.0329613372753158
2459422.2121605	14.356676535645672	0.0152495296852614
2459428.4707085	15.243749925226505	0.0307224858566478
2459485.8970006	14.959910722297492	99.99
2459488.8920308	14.688908974104738	0.0340224540542532
2459492.8850311	15.014809283261386	8.810390473008374e-05
2459494.6223165	15.232220778803793	0.0401906677905776
2459494.875223	14.530927812486524	0.016312789208114
2459496.89057	14.959910722297492	99.99
2459500.8620883	14.910006789586776	0.0129326774213415
2459512.5829641	14.611751061830544	0.0221031048036615
2459518.8505722	15.360851429748468	0.030152172735757
2459521.8440221	15.0160358058994	0.0008184392094645
2459523.8379312	14.734765958493147	0.0144534844365366
2459525.8032644	15.298529358069842	0.0272526678394203
2459527.8057545	15.10787192631467	0.0206446099656635
2459528.8146467	15.132739963988833	0.0086510973272781
2459530.7997876	14.56987328642404	0.0148127851466695
2459531.8285592	15.014544318259526	0.0003673855591495
2459534.7904087	15.014659515999735	0.0002700535567441
2459535.7835181	15.230231989220552	0.0450166483901856
2459536.8121456	15.050221871464796	0.0044776058607196
2459537.8136739	15.014272696787147	0.0005302677953306
2459538.7855423	15.176740178745131	0.058944170361001
2459539.8358644	14.959910722297492	99.99
2459542.7464921	15.014736631890454	0.00017715753415
2459543.7516725	15.01381569479192	0.0007259043114772
2459547.7340725	15.014624137862718	0.0003032902737998
2459548.764749	15.015359883481786	0.0005519967853385
2459548.8003341	15.199751433844328	0.0207446944655605
2459549.7919258	14.993183644661205	0.003362025361315
2459551.720384	15.01398305872899	0.0006610393533049
2459552.7289958	14.620310838215389	0.0160992331187652
2459552.7564241	15.014744002598825	0.0001655703947567
2459553.7216889	15.227840141119945	0.0124233512054808
2459555.720214	14.77428834307499	0.0151702876311406
2459556.7049507	15.277411416435562	0.022900611454731
2459558.7827536	15.097372272483906	0.007063128815668
2459558.7978351	15.233742784123397	0.0216159228463222
2459562.6932285	15.015107340554216	0.0004104244468632
2459563.6935827	15.2026069646538	0.0114608557643732
2459563.8252991	15.030449199469018	0.0192731690918721
2459564.7775408	14.959910722297492	99.99
2459564.8419114	15.3121095457931	0.0281178945849747
2459566.699892	15.209329058038994	0.0640582433571033
2459568.8311336	15.139152388181309	0.0462746321940992
2459569.7301337	15.049936236657883	0.0044586372781043
2459573.433228	14.797901600325776	0.0180738566925685
2459573.8442798	15.31265487579641	0.0577866553609436
2459579.6462514	15.281199644894482	0.0256957630659574
2459580.7000462	15.296537913569344	0.0276668360199698
2459581.8495967	15.185770394655746	0.0108074920800588
2459582.8420251	14.695622883611588	0.0199384983273085
2459583.7586334	15.140046540361723	0.0089604254363979
2459583.8594014	15.281480569701593	0.0392569862176483
2459585.8270368	15.01856896861051	99.99
2459586.3785081	14.677598688136142	0.0147218287149024
2459587.6227118	14.995053924936046	0.0102927873280397
2459588.679723	14.615142860591533	0.0111663417507368
2459589.6163913	15.35921814983615	0.0324970594556431
2459591.8106247	15.041538356673245	0.0223096833512959
2459591.8220903	15.029476558215922	0.0028414172668708
2459595.6067471	15.34494068740835	0.0686972720227772
2459597.7385855	15.263243008967592	0.0743765149742056
2459597.7398386	15.000639638459656	0.0867467899278867
2459598.6971934	15.01514001458078	0.0004313597090355
2459598.8412187	14.875831695188957	0.0427305274366734
2459599.7883368	15.005372820621954	0.0319289768469071
2459600.7851766	15.239882142689094	0.0421993257903317
2459602.5307542	15.219083713470964	0.0362207202913115
2459604.5818622	14.430379777728565	0.0181984198299337
2459605.7707327	14.959910722297492	99.99
2459606.7935445	15.261697739227593	0.0290165900265906
2459607.7797795	15.099976651761882	0.0071866177472743
2459607.7941795	15.121840041409795	0.0206825341340823
2459608.7154956	14.534006240505944	0.0115945208180698
2459609.7411677	15.133846757885522	0.0086982813721538
2459609.7873177	15.304119768791733	0.0266081595997559
2459610.7339836	15.192504238562403	0.0213919697369912
2459610.7767394	15.191175798599858	0.0241608309519257
2459610.7793128	15.1544424270668	0.0339547889281351
2459610.8291	15.1538937289312	0.0095341262237216
2459612.8066472	15.076784163373873	0.0228094038909005
2459613.7366171	15.151962328188247	0.0094549915359585
2459614.450804	15.305956143882955	0.0244615358633404
2459614.8016039	15.008279998676317	0.0163828069977954
2459614.8240893	15.12026188711786	0.0235765964757922
2459616.3115151	15.301064142674738	0.0248714773096965
2459617.6709629	14.628035356414824	0.0186461593491021
2459618.3097358	15.033647340593838	0.0118363031188111
2459619.6453609	15.292952789544174	0.0296251130612425
2459619.8359908	15.392572801046365	0.0305501970603541
2459620.5950725	15.014880197020602	0.0002144310652313
2459621.5946363	15.244709476239915	0.0261849439864633
2459622.5234447	15.114826403561704	0.0455126167437125
2459622.8064871	15.329127446607046	0.036185949946936
2459623.7832029	15.277856057726202	0.0518403814854594
2459625.7281494	15.243820671652092	0.0733281095513172
2459626.777025	15.358887267177808	0.0886065607170005
2459627.3886419	15.1848418860223	0.0404039842071145
2459627.662872	14.631169325688171	0.0318484018936044
2459628.6578555	15.3109485433269	0.0447181839632166
2459629.5529611	14.992518077514704	0.0332349802109808
2459629.6459687	15.173098058012274	0.0460192596634911
2459629.7688626	15.485840968295944	0.0432666515628953
2459630.8058057	15.014888763805445	0.000224940406599
2459631.3941031	15.165079539399102	0.0316080703402899
2459631.667213	15.382884945325966	0.0550457616173944
2459632.3309577	14.274719117190973	0.0143416733927392
2459632.6438502	15.2397474528989	0.03094525047196
2459633.2796134	15.353596765648703	0.0235000584025574
2459634.5514817	15.293645516392004	0.0276387589816633
2459636.4114362	15.0853221533865	0.0134014535698498
2459638.3266122	14.694374398370034	0.0141129987066763
2459638.5524918	15.167190015044492	0.0100721759839172
2459638.6547168	15.278505291187347	0.0270598887554996
2459639.6642447	15.241851589525998	0.0293892574211858
2459639.7236658	15.303382002418305	0.0282009481585051
2459640.7289104	14.912599892595988	0.0126133247352138
2459640.8064249	15.12405951336816	0.0231219920474766
2459642.7393797	15.209377318600376	0.0117208219326167
2459643.6509953	14.7139172819759	0.0175641862046906
2459643.7548085	15.132085305865225	0.012923962691758
2459644.652685	15.20171284430898	0.0171401685803649
2459644.6551782	15.335926481209398	0.0418160557218289
2459644.7515978	14.551027715996224	0.0115188502723188
2459644.78763	14.592329694269775	0.0147587804087791
2459645.6830944	15.3342188687135	0.0255417707659066
2459646.5639722	15.01497862668844	0.0003147077190138
2459646.5827679	14.681240634864244	0.0141081415224158
2459646.678042	15.027665078802151	0.0128494534018565
2459647.5212696	15.014514100500072	0.00038890045924
2459647.6956867	14.395053874681894	0.0154483896890276
2459648.389506	14.873650285873762	0.0132746804338284
2459650.6570625	14.436593649141304	0.0168234182521361
2459651.2542542	14.512550919391895	0.0215218033363236
2459651.5217307	15.014864960578826	0.0001943411842434
2459653.3185059	15.214646344874003	0.0388204558633749
2459653.6945834	14.990718350945023	0.0127497483522845
2459654.6140348	15.153327831918023	0.0095109675260109
2459655.3229447	14.628472283296404	0.0245963055073153
2459656.3293425	15.246224876086483	0.0501674374355702
2459657.5808568	15.066258519466167	0.0054569586206654
2459658.6294774	15.193217817946572	0.0459570490382566
2459659.3101445	15.292665649073554	0.0456084135007542
2459659.7275045	15.278601835239805	0.0379277721475976
2459662.8382904	15.268178133378594	0.0603923578654404
2459663.7834598	15.036979116089192	0.0155657058800318
2459666.3258279	15.278860735142237	0.0188235363817401
2459667.5912304	15.390782567908037	0.0281726191906254
2459667.7744907	14.503361086006624	0.014531376266572
2459668.7012828	15.32818685712661	0.0161642597467197
2459669.7795798	15.28867915723711	0.0249423572113535
2459670.7372377	14.503042549844324	0.0166491142902677
2459671.618787	15.386854018886158	0.0291687724705266
2459672.6060009	14.902692745680286	0.0158759807093308
2459673.2599818	15.047633720645017	0.0147247921230973
2459675.6596961	15.162300090450152	0.0164076344287763
2459676.6611617	14.605115501438146	0.0139874764878517
2459676.6977084	14.795523213183367	0.0093501730374361
2459677.6558845	15.171548735845809	0.0102462470969709
2459678.6013586	15.124887090031944	0.0123351230710628
2459680.6548557	15.24086436867943	0.0249840555663366
2459681.6615363	15.22172967404348	0.0303498115869954
2459681.6627895	15.284049714855154	0.055397778076266
2459681.6640303	15.094361779889166	0.006918721815343
2459682.6738167	15.079787485164395	0.025899100501242
2459682.6778856	15.1096607590889	0.0076352777790139
2459683.6713621	14.377617056776716	0.0185651230347828
2459683.6879546	14.627156185519956	0.0110870251858406
2459686.653718	14.366228298907249	0.0264463576422577
2459687.4685668	15.082064443033577	99.999
2459690.6929634	15.286267389587891	0.0371832731690886
2459694.3210676	14.39377873390953	0.0138328445819756
2459695.5938046	14.778245269309602	0.0133136732675649
2459697.5616197	15.29226898930985	0.0233304077899312
2459698.6833562	15.208447782933035	0.0189582088605543
2459698.7438465	15.381637818836856	0.0286556354637089
2459700.6770087	15.32964004142679	0.0236495627643957
2459703.2720117	14.731707129382452	0.0133174844212075
2459703.2732403	14.744181542123147	0.0175794325975735
2459703.274492	14.8077051765691	0.0207627499125041
2459704.5653592	15.063837298446623	0.005318119822597
2459705.4625723	15.161676253142357	0.0298600323468853
2459708.6288448	14.935928472986134	0.0157275077191047
2459708.6301432	14.875082886277855	0.0200857658471529
2459708.6314531	15.027774256253496	0.0259246080697958
2459709.3248257	15.0523870037469	0.0238283550528668
2459709.3273184	15.015319753840252	0.028412049818599
2459710.5168928	15.2907864966794	0.0371666434848123
2459710.550202	15.095867720789052	0.0069911880609048
2459710.5514542	15.322377282633084	0.0159485829660208
2459710.552718	15.193772114120886	0.0111193361906994
2459711.6121739	15.117068221084422	0.0194514700397304
2459713.7151155	15.209545172905727	0.0559851416456689
2459713.7163789	15.365823337376629	0.0969615038286941
2459713.7176308	15.149445846661164	0.0846886931215342
2459714.6941378	15.386002974382482	0.0581142305447891
2459714.6953902	15.19746858589748	0.1103758113367608
2459714.6966305	15.376091294748186	0.0973451847598414
2459716.4058685	15.426126626683567	0.0872476397374182
2459716.4071087	15.426170285019843	0.1186988891078939
2459716.4083836	15.213310649317206	0.1280150792182344
2459722.1955331	14.9381857704385	0.0271188571622439
2459726.3593116	15.076772693860027	0.0166104992489404
2459727.5234061	14.975324981109912	0.012420999933808
2459736.6180739	15.319936919186253	0.0307825058965652
2459737.5405505	14.943837654353931	0.0155980557499087
2459739.5377897	15.47596716744546	0.0438082684042868
2459741.2843214	15.35428168199138	0.0372447108014113
2459741.286802	15.20759859859378	0.0450234230009746
2459746.6092888	15.40024883006322	0.0784810653809058
2459749.4853203	15.216718625098965	0.0120011997594196
2459759.5870896	15.240130584668286	0.0261659701946605
2459760.4978289	14.706294181998196	0.0142062678911966
2459763.4535536	14.756576681008188	0.009880535249785
2459765.480629	15.313286413931989	0.0252338113368917
2459765.4890853	15.361053083702467	0.0256705658749788
2459769.2377114	14.52841131534026	0.0215364964454666
2459773.4802903	14.677926265056872	0.0286855095499938
2459781.2285049	14.947882910755563	0.0109826078790183
2459785.2073967	14.321164747040722	0.015507617218477
2459785.4641054	15.284444612121124	0.0278477734337993
2459787.2157148	15.09932666224566	0.0203651419010367
2459789.209228	15.23678579131388	0.0262895922818608
2459796.4794999	14.601372566827395	0.0204617652333485
2459859.8746959	15.291173158897468	0.0290561558859488
2459862.8683719	15.46028636045476	0.0690997976764701
2459863.8688588	14.923364871293431	0.032828894026498
2459878.844801	15.01487186253437	0.000203687238209
2459880.8602622	14.572966146229092	0.0149663932209723
2459881.8568081	15.33021238592883	0.0255399624141701
2459892.5536728	14.964412181457892	0.0484932847191863
2459897.5576621	15.05353415307763	0.0230194408703814
2459898.7841932	15.36232751983424	0.0306337317776444
2459901.7839794	15.222730212106026	0.0232081428391974
2459901.7852784	15.242906578196422	0.0269336959247829
2459906.5182518	15.25194635721519	0.020279408472642
2459908.7588899	15.12813093706975	0.0154725034423797
2459909.7940276	14.582505692531049	0.0150360105269686
2459909.7953259	14.595975986696455	0.0167064861959155
2459911.7963025	15.014725891775784	0.0001927985299942
2459914.5333076	14.640874369941075	0.0151519933102517
2459916.4667302	15.194655784856277	0.0349287125117456
2459917.823102	15.01362862841204	0.0007921127553917
2459919.8516189	14.76199933950766	0.0222916217776447
2459921.7088803	14.998298698046748	0.0421320723395681
2459924.8194632	15.236438221330854	0.0337067284348316
2459924.8207541	15.16352682863418	0.0577145640477147
2459927.7868723	15.015257037124524	0.0004992005649479
2459927.8436743	15.26341541865701	0.040929962278476
2459928.7318253	15.00173138038524	0.0026293778169333
2459928.7330772	15.003891322010164	0.0024057745483157
2459929.6818255	15.014689705496531	0.0002380466149225
2459929.7376227	15.135513892840308	0.0194214477050813
2459929.7389326	15.096122704686344	0.0305923186738334
2459929.8331365	14.415509619712228	0.0179238281204039
2459929.8343883	14.438236657288856	0.0223619716040764
2459932.8457611	14.71085539433994	0.0167049098476688
2459932.8482533	14.68834817432806	0.034732963479315
2459933.8310363	15.184878082676011	0.0107725532659306
2459933.8427547	15.21234182753141	0.0267845458308539
2459933.8452378	15.224157662820453	0.0488938509618241
2459935.7608138	14.5590277648731	0.014443190755236
2459937.8249168	15.322755909614024	0.0305354002403936
2459937.855626	15.119601361290036	0.0080809292944719
2459940.4044457	14.45595011774203	0.0151849149893625
2459941.410148	15.29794078878561	0.0191183814425377
2459941.513204	15.357029321462406	0.0260221296487457
2459942.4603671	15.103282333037855	0.0186471411810271
2459942.4616191	15.16485439894402	0.0276319374812508
2459945.4074723	15.246487686073936	0.0369556490075367
2459946.8229357	15.030435526981794	0.0029346913652598
2459948.6366099	14.671667578160308	0.0198964611748059
2459948.7787201	14.726993033846622	0.0282194193125298
2459949.7333442	15.014302840759264	0.0005147456426024
2459952.7555104	15.054262484057489	0.043626681933906
2459953.6229431	15.154116974389112	0.0329179701983731
2459953.8268522	15.323982426515038	0.0514344491970841
2459956.8237951	15.170736181893307	0.0102138757632412
2459957.6222642	14.723948349152618	0.0140227931396774
2459958.7398637	14.421943463057769	0.0163358944070773
2459959.63708	15.015394851632502	0.0005688356501821
2459961.6984254	14.792904850136743	0.0093890280032863
2459963.598022	14.977517451671645	0.0111894497607881
2459963.7627813	15.40002430258978	0.0294280956915161
2459964.6705347	14.679911941264075	0.0131862009707692
2459964.7005447	14.75898700657698	0.0134919655537161
2459964.7764683	14.992985738581371	0.0189587998493883
2459965.7001886	15.249043551667	0.0203408356143393
2459965.7697031	14.5844597232339	0.0143607765124378
2459966.6659163	15.015243754729182	0.0004919702634091
2459966.7513902	15.29721240495334	0.0231719978058813
2459966.7526652	15.327070126712798	0.0317511450086181
2459966.7723153	15.340884870536	0.0298272920882777
2459967.7566967	15.013952409762457	0.0006733877375234
2459968.5929871	14.997485842000366	0.0030177761739626
2459968.5942506	14.994056905434006	0.0032953841722526
2459968.7334003	14.9790631465147	0.0042811288810859
2459969.7223434	15.272481588388654	0.0212754114546891
2459970.7210548	15.015123306186783	0.0004207840384009
2459970.7222952	15.120818548228574	0.0081345919940605
2459971.5687479	15.014584105544786	0.0003369654826828
2459971.7505094	14.542176141832895	0.0174534546735708
2459972.7584904	15.214511306203322	0.0186816169780258
2459975.5304723	15.265455434656657	0.0189207580027743
2459975.8773994	14.517346843697364	0.020237909939863
2459977.4679053	15.2579625624027	0.0311644631720887
2459977.4704211	15.35803648384054	0.0570790403883543
2459977.7406765	14.817017855307231	0.0260579529983467
2459977.8070217	15.058435449774322	0.0049979624451733
2459978.7214245	15.143208217954635	0.0347428250774014
2459979.7030528	15.292729194809567	0.0570426590808086
2459979.7460763	15.28302316380186	0.040081594507937
2459980.7043808	14.88538328861642	0.0407724028500907
2459980.7292779	15.00691680797826	0.0334452111616977
2459982.7530453	15.31886775760416	0.0595615127871156
2459982.7675232	15.31855351887156	0.0380533523424091
2459983.8583806	15.4067533541022	0.0472185517431579
2459984.8116033	15.015055690765012	0.0003749583771536
2459985.6543229	15.307355191045213	0.0392357150337589
2459986.6974266	15.176773953545345	0.028834939356798
2459987.5846168	15.030909937465909	0.0150054670585978
2459987.821873	15.042327215850577	0.0376182642983463
2459988.6021366	15.305701330028327	0.0250116013233019
2459988.6650372	15.21842108263275	0.0120660142234497
2459988.8775517	14.543244600614592	0.0243129473438618
2459989.6988744	15.014861795669258	0.0001899018331494
2459992.889797	15.026254805586593	0.0306757744184081
2459993.7166747	15.01820362468157	0.0013585043051994
2459994.7373778	14.479553325476768	0.0128194348814601
2459995.7026343	15.412418190250012	0.0375378188493747
2459995.7038992	15.499753368739128	0.0601592643683126
2459995.7968405	15.170072230291662	0.0163425345286604
2459997.5985662	15.01580149992988	0.0007370144822542
2459998.7192579	15.300474743210769	0.0230497716991445
2459999.6690195	15.111874413859605	0.0077357249976056
2460000.6853634	14.602269624292338	0.0158869887576721
2460000.7166006	15.013813275902256	0.0007267991490759
2460001.6974879	15.238032045454728	0.0128078947520245
2460002.661954	15.183860531998208	0.0107326685277149
2460003.7524118	15.019235068791485	0.0130881589110104
2460004.719026	14.807980280247076	0.0153876419345824
2460004.7905228	14.475978481821413	0.0145637432178469
2460005.7152508	15.47983280172498	0.0420132341130629
2460008.6006234	15.219217753754217	0.0120963192780878
2460009.6885758	15.027296591016324	0.0026180470722548
2460009.7458936	15.39765143288695	0.0699696594952261
2460011.7080134	15.414807984415653	0.0615331372969938
2460011.7151888	15.268907078880678	0.0615256591897364
2460012.8272033	15.37947087559568	0.0647883154729723
2460013.5807058	14.661868324149598	0.0249820423678633
2460014.7987242	14.35026203937535	0.0191473125449863
2460014.8164132	14.42358538810369	0.0258536241740572
2460016.4542287	15.277790351349749	0.0244289617144853
2460017.7975077	14.616642324807188	0.0202190262770961
2460018.6338845	15.198786534009871	0.0113135087192617
2460018.8130022	15.389775053033093	0.0385766258811096
2460020.769181	14.706206502042267	0.0205624924762787
2460021.5288416	15.014528207352337	0.0003790086951442
2460021.5325164	15.195900682182277	0.0186084311066711
2460022.315354	15.249696852127297	0.0201060428528814
2460022.7854105	15.251427069304404	0.0242512024496969
2460023.6619024	14.52641884740203	0.0151328916978623
2460024.754415	15.102386256141028	0.0072997495842045
2460025.7149153	15.014831999590289	0.000141436417982
2460026.7375251	14.98397058004873	0.0170835952537135
2460027.7924135	14.452246843716685	0.0159629624695013
2460032.5190322	14.508815806007364	0.0139579043916041
2460034.5045296	15.186335212216267	0.0153964360463283
2460034.5786618	15.014710782548851	0.0002128647984045
2460035.627157	15.064888451962236	0.0053787248065363
2460037.5947753	15.351053001106973	0.0476702468669161
2460037.6710775	15.027233785011507	0.0026113491620143
2460038.6435783	15.241009665750926	0.0642931163585174
2460039.6574175	15.01449012031463	0.0004051607819354
2460039.6976668	14.88955307550998	0.0321919454634855
2460039.7264419	14.919223554986026	0.0402684775073033
2460040.6685762	15.219842395994128	0.0563874355504302
2460040.7789909	14.39177151722582	0.0382055978415218
2460042.7451132	15.077269660098985	0.0351537500193196
2460045.7362578	15.266799556237933	0.0315529325320978
2460045.7369997	15.277708924972792	0.0418067210407573
2460050.2162305	14.996832113459996	0.0078968416133197
2460052.354171	15.274473623461608	0.0186008791382423
2460053.5539765	15.182400706829045	0.0135113693060402
2460053.6226	15.402256336996942	0.0264103896750913
2460054.6252322	15.014870114592586	0.0002013613267905
2460054.6531585	15.22775147337044	0.0192546134273731
2460056.4869989	15.418383257891824	0.0335930795639451
2460056.620112	15.01526155452498	0.0005016359332697
2460057.5461085	15.152487039827465	0.0290711567196511
2460057.6112517	15.014737197906785	0.0001762947332193
2460059.639067	15.015221069855048	0.0004793702262463
2460060.6166115	15.014667805687177	0.0002616553074503
2460060.6548888	15.300486405042166	0.0319945960033885
2460061.6105932	15.08293876665824	0.0063523328718874
2460061.6992958	15.331199532567457	0.0295719575873292
2460062.6935101	14.760994580686267	0.0145266329882193
2460062.7195992	14.846584082141124	0.0190175226328487
2460063.6859002	15.375858644619743	0.0310446642889142
2460063.7434394	14.63292183034975	0.0170703835406016
2460065.598539	14.621614728817011	0.0177785007369281
2460065.7280333	15.045374136461708	0.0314797116113992
2460066.6124502	15.13488843934341	0.0087425797249296
2460066.7498111	14.370824002645207	0.0220578699942344
2460068.6383216	15.043060257842956	0.0218064426066257
2460069.7360637	14.502458254984118	0.0405620190771471
2460071.217299	15.105209536272492	0.1702748312745388
2460072.2283727	15.061282599313031	0.0196482362918104
2460072.469017	15.015301038041894	0.0005224400479041
2460073.2546755	14.59805986683828	0.0151231257324037
2460073.4916941	15.024662599811489	0.0023217234297106
2460074.5426922	14.905274704548086	0.0158218199692033
2460076.5203256	15.015353540672663	0.0005488872454647
2460076.6532981	15.305088743305973	0.027335881247974
2460077.5225266	15.023778487823868	0.0132111482102919
2460078.5185752	14.299801542864184	0.0147765828831629
2460080.5136957	15.137361204756992	0.0163287538893756
2460082.5050122	15.293170781189485	0.0240247205616135
2460085.4924454	15.366032667147897	0.0255251510790277
2460088.4877202	15.218143880042955	0.0281170908196196
2460089.4836428	15.419841352886044	0.0374619299376572
2460091.4791763	14.669518824209254	0.0154729839391747
2460092.4751459	15.309650448296768	0.0366796267358021
2460094.4707408	14.41550805914632	0.01794414633679
2460096.462605	15.234645085015073	0.0495900746445013
2460097.4584436	14.557794247702065	0.0260245076497075
2460098.4583883	15.284435402429562	0.0655140860246037
2460100.450304	14.767522976409456	0.0256945473010607
2460101.4502906	15.36868525076949	0.0333383275184305
2460102.4462737	15.364204093555689	0.0449686566508175
2460103.5678721	15.275775429638996	0.0299718130504014
2460107.503083	15.015011867733543	0.0003419991020418
2460107.5108048	14.698810722352071	0.0152506519118075
2460111.4960368	15.143100456344907	0.0221050030338861
2460111.5030675	15.080413717378509	0.0143646489695065
2460113.4827877	14.92230368499788	0.012651230566602
2460116.2243197	15.067653051676755	0.0115519464055485
2460119.2914977	14.577038518520698	0.0161548113975127
2460120.2842117	15.372891307327002	0.0343357379324006
2460121.4677464	15.295265955032576	0.0270389210486516
2460121.47054	15.264166808484369	0.0320611241787641
2460126.5151687	15.033794160839912	0.0294497618292644
2460127.1997461	15.407951609201756	0.0489989808021512
2460129.1974553	15.077397544095462	0.0358260731473705
2460130.2083722	15.269412284537816	0.0270858855867488
2460130.5052108	14.519934708592482	0.0212133065667142
2460131.2007187	14.898499404462395	0.0147399212849823
2460132.2481295	14.372400008895443	0.0166065646342232
2460136.2326762	15.394467676664616	0.0290077908040381
2460137.2290991	15.257216776396035	0.0175969163236582
2460139.2220467	15.371429556239152	0.0241735899327284
2460139.4643698	14.950679589974536	0.02245550312034
2460140.473629	14.591885111959495	0.0149873005167661
2460142.2154683	15.009204984651376	0.0095324341995625
2460147.2025184	15.131385811242216	0.0220295999600635
2460148.2216385	14.528829270936424	0.0139679073916958
2460150.2072826	15.223367230790528	0.0241290359334394
2460150.5241364	14.280717320637816	0.0191779716015464
2460154.2013159	14.921091966041129	0.0292266261531887
2460160.4598906	15.448375451703882	0.0638721847697706
2460223.8850628	15.016541667324727	0.0009713712010032
2460226.8754119	15.073433490292276	0.0188456346149581
2460228.6231867	15.054368100870006	0.0231224249918342
2460229.8650268	15.040892633627829	0.000620412777774
2460230.8735487	14.702394977451254	0.0151231818475003
2460240.5812143	15.395488245425136	0.0263100395752551
2460241.8716423	15.032669041279949	0.0031420894176111
2460243.5756258	15.324357599284726	0.0376317876592087
2460248.5792109	14.7628711396249	0.0398175431978431
2460255.806932	15.042549697507877	0.000731748755503
2460259.5479575	15.354757846939632	0.0232628498358891
2460261.540785	14.582772799318692	0.0141362954836623
2460262.7902117	15.013223874783804	0.0009190906340967
2460264.7942694	15.367353529052169	0.0260744237352363
2460266.531358	15.24991143299281	0.0204738448584588
2460267.5454931	14.904023377837326	0.0232738429477646
2460268.7604342	14.977301432870734	0.0043800737307536
2460269.7948967	14.620225178002034	0.0111333422370507
2460270.7542065	15.014773925190884	0.0001062583828204
2460271.7677995	15.131825260486254	0.0235213078991636
2460272.7577676	15.04225544450149	0.0006096836107214
2460274.7708877	15.340399552159615	0.0437848822274965
2460276.7471948	15.04229432281164	0.0006271690200015
2460277.7768625	15.267171307360904	0.0320475695036712
2460282.8300838	15.030275563150102	0.0024865003595141
2460286.8337067	14.781147322634556	0.0100570840634005
2460290.8384158	15.341134330047629	0.0289555297971966
2460292.4563639	15.227601690883796	0.0245412779010492
2460294.6986587	14.975267566830397	0.0057967867676335
2460296.437418	14.870369346155549	0.0154557304802859
2460298.4264897	15.408506328887936	0.03103748782801
2460298.8498217	15.04342032947292	0.0010103040204867
2460299.8500751	14.437858293731638	0.0121429144721844
2460301.4159987	15.41262311973922	0.0487110605831501
2460303.4182269	14.386679710035876	0.0330690688011798
2460309.8339219	15.048757186449093	0.0020052116998945
2460310.7909868	15.3049080026971	0.0342861082114495
2460311.7714376	14.939268054031244	0.0070241242951164
2460312.6006159	15.395625923195716	0.0540627306997159
2460312.8429783	14.523612596353557	0.0119137210511914
2460314.8344256	15.133885559518848	0.0228263856888216
2460316.8309951	15.43217357938642	0.0274304675231835
2460317.7190229	15.016125301318985	0.0110365046058178
2460317.8555494	15.275809824254289	0.0134194025126378
2460320.8159148	15.294299195740823	0.0262736176853161
2460320.8309149	15.041537735869944	0.0001646494489722
2460322.5323789	15.13991913265554	0.0187545673533511
2460322.8126615	15.069899172359024	0.0165635311465465
2460323.5404701	14.718389635647975	0.0146047261618491
2460324.538715	15.33953600215411	0.0258207531245534
2460325.529174	15.310651880584388	0.0231493702639764
2460327.3949983	15.439033897677083	0.0309174103658681
2460328.3784595	15.107640272399488	0.0219361467818965
2460328.6687751	15.167014157938354	0.0091028176008812
2460329.378606	14.52711464583028	0.0179282386284107
2460329.6609536	15.042639194900874	0.0007650392125078
2460330.3948162	15.069057508716746	0.0391995539600951
2460330.6565975	15.042291754051902	0.0006260287386235
2460331.3694253	15.067420377315678	0.0336532741302877
2460331.6487012	15.097154939564446	0.0268147534877529
2460331.8358528	15.041795336197351	0.0003405077523516
2460332.8384492	15.020292551744763	0.0120420840850632
2460333.3806903	15.321460972587795	0.0564176475881028
2460334.4371891	15.237814074593704	0.0566204742083484
2460336.5095163	14.743634126621693	0.0304222527036352
2460337.5132498	15.238032386541684	0.051682052169605
2460337.8249365	15.117195212415712	0.0334269182815687
2460338.795644	14.586798664721336	0.0116488632553478
2460339.8027526	15.041798648350566	0.0003431989997151
2460369.7635101	15.374491773247868	0.0445209027985437
2460373.7246649	14.752310859656408	0.0153478210203278
2460373.8446368	15.099913163071898	0.0236049105262744
2460374.6546208	15.364570521203484	0.031621480403413
2460374.722948	15.272138914433524	0.0221469168366921
2460375.7190329	15.33048852443102	0.0237269672685108
2460376.7880365	15.052096033841394	0.0204193882703717
2460379.8082031	15.2608231703895	0.0486746562122397
2460381.8022344	15.343537491762104	0.027334160435499
2460383.7973943	14.941836149902349	0.014949842096027
2460384.7636043	15.279308109441692	0.0256407471085119
2460385.6761397	15.040632587296008	0.0007272998125804
2460385.720952	15.274161726823907	0.0238873360229516
2460386.6898749	14.64426176944064	0.0150032084958019
2460387.5990433	15.304859109438988	0.0349219214270211
2460388.6774395	15.32938427536818	0.0280024363734494
2460388.7178483	15.29937968351759	0.025509021973201
2460390.6789425	15.159655132955097	0.02690137870718
2460390.7960533	14.569312664434424	0.0174129316839449
2460394.652373	15.954670869752189	0.0429311754377904
2460396.6448368	14.37923051293306	0.0202449686392582
2460396.6919458	14.684745300057438	0.0271651633649314
2460399.6427842	14.591582734286972	0.0187786843139254
2460400.6422681	15.37251702598719	0.0484877850663651
2460401.6374764	15.26841646751224	0.0244929592064698
2460401.7472754	15.388202466375231	0.0405336325318082
2460402.6364186	14.74372190968504	0.0147402405064903
2460403.6317302	15.23014926211644	0.0180034707671479
2460403.7528684	14.469812364926344	0.016578856540866
2460404.6271869	15.041880606555411	0.0004041308455023
2460405.6264195	14.909839585385424	0.0115977519268118
2460405.7327438	15.24668571010604	0.0231950794081434
2460406.6255626	14.90613292984522	0.0139254314421789
2460406.7317917	14.65321023985152	0.0163748283237835
2460407.7354087	15.300326701722277	0.0247698202998405
2460409.6157417	14.318735902583446	0.0145604904400176
2460409.7257156	14.793591200553085	0.0147507631931404
2460410.6108451	15.04179293461832	0.0003385430160167
2460410.7211354	15.1549325523246	0.0180728306369943
2460411.6088373	15.152579673156662	0.01502243610757
2460411.7170674	15.311245600490146	0.0302694284133794
2460416.5972631	15.332025918866393	0.0243838281866626
2460416.7212219	14.380305239822928	0.0164390170356401
2460417.6042404	15.300770916568764	0.0244397222231404
2460417.7220302	15.337981575304408	0.0272124590626372
2460418.5862643	14.794987325815844	0.0151777451329652
2460418.713413	15.273439701979612	0.0309733658997766
2460419.5858812	15.213866358079596	0.0274100503157139
2460419.7127571	14.595230395754538	0.0197354513332887
2460420.5945008	15.352609622183248	0.0306221447313311
2460420.7122656	15.421047317779855	0.0416164067430131
2460423.5931992	15.37365566205503	0.0418946785622803
2460424.6524861	15.218587168426945	0.0628910332952216
2460425.6116198	14.594870105034596	0.0241564634592719
2460428.4253326	15.255046957735695	0.0734224502090105
2460430.4317496	14.861498998976986	0.0262904217397804
2460432.6114314	14.70489685215026	0.0137858502477402
2460433.5203929	15.322221296974297	0.0220949186976588
2460434.5874933	15.045889505378495	0.0103349082441157
2460436.5185221	15.190277502474094	0.0100727830858826
2460437.510548	14.958211490111154	0.0064237589596746
2460440.2910428	14.643975922920005	0.0176189230544447
2460441.4974298	14.94877507307698	0.0067337010074337
2460443.3989103	14.835883843287004	0.0125103362285151
2460447.4738998	15.041592704531508	5.837928533690714e-05
2460448.638912	14.629350031441543	0.0168530531097587
2460450.543899	15.16273438170082	0.0261155939785194
