2458003.83350  10.54988 0.00107
2458017.94254  10.49261 0.00080
2458018.93788  10.46249 0.00091
2458019.93701  10.54445 0.00051
2458050.88199  10.48913 0.00081
2458052.86831  10.49967 0.00076
2458053.86519  10.59429 0.00049
2458054.85968  10.45530 0.00094
2458055.85174  10.49545 0.00078
2458056.84747  10.50940 0.00072
2458058.79527  10.22656 0.00128
2458068.94729  10.49552 0.00079
2458074.85091  10.45964 0.00092
2458075.85105  10.48288 0.00084
2458076.87180  10.49963 0.00076
2458077.84292  10.50041 0.00076
2458079.83888  10.54611 0.00049
2458080.81184  10.44816 0.00096
2458083.77255  10.48212 0.00084
2458084.72871  10.52244 0.00066
2458085.72602  10.48456 0.00084
2458085.74570  10.24678 0.00121
2458086.79937  10.22939 0.00126
2458088.38342  10.52229 0.00066
2458088.80055  10.33776 0.00083
2458089.43374  10.44799 0.00102
2458094.74042  10.62270 0.00080
2458095.70100  10.20387 0.00134
2458096.75247  10.23028 0.00126
2458097.72351  10.28159 0.00108
2458099.71429  10.28777 0.00105
2458101.68865  10.31163 0.00094
2458103.67898  10.25961 0.00116
2458104.77894  10.27444 0.00111
2458105.78318  10.26816 0.00113
2458106.79909  10.22844 0.00127
2458107.76884  10.32393 0.00087
2458108.78418  10.25715 0.00117
2458109.78065  10.23920 0.00123
2458110.73769  10.57316 0.00017
2458110.77735  10.23407 0.00125
2458111.78512  10.32126 0.00088
2458112.75944  10.31525 0.00092
2458114.78972  10.27597 0.00110
2458115.62325  10.32862 0.00086
2458116.33036  10.46358 0.00090
2458116.62719  10.28343 0.00109
2458117.63571  10.54998 0.00059
2458121.66296  11.02873 0.00224
2458121.71623  10.49776 0.00088
2458124.42101  10.49175 0.00075
2458125.47398  10.48959 0.00076
2458126.74321  10.48588 0.00083
2458128.47368  10.49276 0.00073
2458129.45718  10.46516 0.00086
2458130.45232  10.46406 0.00087
2458131.45010  10.50129 0.00069
2458132.44478  10.53613 0.00042
2458133.39593  10.45046 0.00092
2458134.39967  10.50765 0.00065
2458135.39917  10.47242 0.00084
2458140.58074  10.30049 0.00099
2458141.60939  10.32593 0.00086
2458142.62823  10.24188 0.00122
2458144.56086  10.29747 0.00102
2458144.77064  10.55831 0.00042
2458150.33037  10.48251 0.00088
2458150.61028  10.63137 0.00086
2458152.56043  10.30819 0.00096
2458166.58113  10.36073 0.00060
2458168.27865  10.49028 0.00075
2458169.29429  10.48614 0.00077
2458170.62708  10.26595 0.00114
2458176.35864  10.51664 0.00075
2458177.35021  10.56623 0.00060
2458178.27629  10.45570 0.00101
2458178.58716  10.72730 0.00076
2458180.59656  10.71643 0.00065
2458180.59777  10.29382 0.00114
2458181.59916  10.35148 0.00076
2458182.34079  10.48144 0.00085
2458182.59842  10.34747 0.00074
2458182.60347  10.61301 0.00062
2458183.61828  10.67633 0.00104
2458184.58909  10.28470 0.00106
2458186.56615  10.34764 0.00072
2458189.56614  10.31286 0.00093
2458190.58723  10.24147 0.00123
2458191.56076  10.28346 0.00107
2458192.56732  10.31150 0.00094
2458193.56655  10.29332 0.00103
2458194.56192  10.27752 0.00109
2458195.56101  10.31765 0.00091
2458196.55692  10.25807 0.00117
2458197.55570  10.30038 0.00100
2458198.55447  10.31409 0.00093
2458199.55040  10.30495 0.00098
2458203.28194  10.54127 0.00047
2458204.27722  10.50902 0.00073
2458205.26891  10.53106 0.00061
2458205.51512  10.33381 0.00085
2458207.53234  10.68925 0.00059
2458207.53478  10.27905 0.00121
2458208.52718  10.76050 0.00099
2458209.52320  10.70258 0.00060
2458210.51798  10.33091 0.00087
2458211.25985  10.51751 0.00062
2458211.50293  10.32679 0.00085
2458217.48739  10.26868 0.00113
2458220.50069  10.31874 0.00091
2458221.23545  10.51958 0.00057
2458222.47977  10.28191 0.00108
2458223.22020  10.52002 0.00060
2458223.47896  10.25635 0.00118
2458224.21944  10.51280 0.00065
2458230.46409  10.71192 0.00084
2458323.94047  10.29453 0.00111
2458324.94071  10.32281 0.00123
2458328.92733  10.37979 0.00052
2458330.67510  10.71216 0.00146
2458332.67592  10.61232 0.00087
2458333.66540  10.58030 0.00059
2458334.66194  10.55787 0.00038
2458334.91828  10.35256 0.00069
2458339.91779  10.31229 0.00095
2458340.91834  10.29960 0.00101
2458353.62986  10.55862 0.00029
2458354.62250  10.53314 0.00061
2458355.87429  10.31273 0.00100
2458356.87845  10.28920 0.00112
2458361.63108  10.61514 0.00089
2458368.84111  10.30572 0.00097
2458371.83092  10.35993 0.00061
2458372.63936  10.55571 0.00021
2458373.63964  10.45903 0.00089
2458375.82662  10.28659 0.00107
2458382.79675  10.28349 0.00109
2458383.79885  10.33644 0.00088
2458395.58297  10.55211 0.00017
2458396.59174  10.53162 0.00047
2458398.58404  10.59852 0.00069
2458402.56295  10.65053 0.00104
2458405.76581  10.29765 0.00101
2458409.45706  10.57260 0.00053
2458409.72376  10.37193 0.00051
2458410.56495  10.59140 0.00063
2458414.60002  10.54683 0.00040
2458423.61274  10.51896 0.00082
2458424.58781  10.57609 0.00050
2458429.66936  10.62679 0.00046
2458436.67013  10.34605 0.00072
2458437.52325  10.58603 0.00059
2458437.67900  10.30458 0.00098
2458438.77603  10.26249 0.00115
2458439.63514  10.30687 0.00098
2458440.74803  10.39792 0.00038
2458441.76252  10.49282 0.00102
2458442.62280  10.36452 0.00066
2458442.87937  10.59817 0.00055
2458443.80151  10.52533 0.00090
2458444.63943  10.83141 0.00129
2458449.88249  10.56909 0.00031
2458452.79949  10.61510 0.00066
2458454.43489  10.62447 0.00088
2458455.46407  10.51148 0.00062
2458456.88362  10.59042 0.00043
2458458.55586  10.60873 0.00076
2458459.57925  10.34354 0.00074
2458462.79139  10.48429 0.00102
2458463.71047  10.54090 0.00081
2458464.56522  10.39347 0.00025
2458465.52632  10.53396 0.00045
2458465.58075  10.35594 0.00065
2458465.88363  10.50299 0.00045
2458466.30207  10.55558 0.00019
2458466.59211  10.32047 0.00089
2458466.91415  10.55058 0.00036
2458469.49225  10.53441 0.00045
2458469.58886  10.53444 0.00086
2458469.77305  10.34963 0.00070
2458469.93986  10.44876 0.00072
2458471.57232  10.34802 0.00080
2458472.45604  10.53279 0.00065
2458472.53987  10.53657 0.00092
2458477.61460  10.30160 0.00102
2458477.84242  10.67307 0.00108
2458481.51678  10.64291 0.00101
2458483.55696  10.29180 0.00103
2458484.83779  10.68572 0.00109
2458485.45953  10.52744 0.00053
2458485.90556  10.51034 0.00040
2458486.65409  10.32162 0.00088
2458487.45850  10.59920 0.00069
2458490.48709  10.65127 0.00104
2458491.65798  10.29734 0.00101
2458493.92876  10.45743 0.00067
2458494.66800  10.31464 0.00093
2458496.53103  10.34315 0.00082
2458497.45350  10.55935 0.00029
2458497.71770  10.55755 0.00047
2458498.35269  10.52126 0.00056
2458498.77256  10.50830 0.00045
2458499.73861  10.40015 0.00039
2458500.54201  10.52202 0.00097
2458505.60311  10.32393 0.00094
2458506.41462  10.59462 0.00080
2458506.57289  10.28529 0.00108
2458507.68188  10.55967 0.00040
2458508.70475  10.62840 0.00076
2458511.32504  10.53232 0.00046
2458512.56701  10.34085 0.00077
2458513.68819  10.56112 0.00070
2458515.68460  10.53958 0.00152
2458517.37721  10.60576 0.00075
2458519.36508  10.59607 0.00067
2458520.30098  10.52380 0.00053
2458522.76507  10.69576 0.00114
2458524.37110  10.60357 0.00073
2458531.35245  10.58650 0.00076
2458532.27718  10.58995 0.00078
2458533.33968  10.59049 0.00087
2458535.63198  10.60232 0.00053
2458537.36089  10.59377 0.00076
2458537.62651  10.55361 0.00077
2458538.29079  10.65056 0.00104
2458540.58596  10.37467 0.00045
2458541.61516  10.46820 0.00105
2458542.61506  10.54953 0.00076
2458543.63442  10.62725 0.00074
2458544.34452  10.55347 0.00017
2458545.35493  10.66136 0.00110
2458546.60381  10.37313 0.00049
2458548.29179  10.67358 0.00117
2458549.29336  10.58862 0.00061
2458558.65633  10.80515 0.00177
2458559.28198  10.58078 0.00066
2458559.65648  10.74372 0.00151
2458560.28143  10.55558 0.00038
2458561.55631  10.43890 0.00093
2458562.28159  10.62769 0.00101
2458562.66004  10.74707 0.00150
2458563.29728  10.58714 0.00089
2458564.28547  10.59148 0.00083
2458567.28797  10.60830 0.00077
2458568.23406  10.61448 0.00083
2458568.48393  10.31480 0.00097
2458572.59336  10.70050 0.00118
2458574.61493  10.84880 0.00190
2458578.61278  10.88934 0.00208
2458580.47404  10.38732 0.00065
2458581.50292  10.38307 0.00033
2458582.49713  10.39960 0.00038
2458585.48874  10.35118 0.00070
2458588.49527  10.36668 0.00070
2458589.49144  10.57244 0.00075
2458590.48966  10.43125 0.00086
2458590.51983  10.67274 0.00100
2458591.47361  10.53246 0.00093
2458594.47868  10.55364 0.00075
2458596.47016  10.58514 0.00057
2458688.94164  10.61403 0.00093
2458696.68154  10.65992 0.00127
2458697.68040  10.91143 0.00253
2458699.94046  10.91135 0.00223
2458700.93371  10.61538 0.00044
2458701.92919  10.60031 0.00061
2458702.67372  10.64466 0.00103
2458705.66713  10.67173 0.00117
2458706.13034  10.74251 0.00148
2458708.65692  10.67412 0.00119
2458710.11686  10.66213 0.00117
2458710.64068  10.71712 0.00163
2458712.89873  10.40279 0.00060
2458713.89531  10.45395 0.00104
2458717.91649  10.65943 0.00079
2458722.90019  10.57428 0.00061
2458724.91064  10.54355 0.00079
2458726.88593  10.64239 0.00058
2458729.60687  10.64527 0.00102
2458731.96841  11.20360 0.00368
2458734.58424  10.83333 0.00200
2458735.11100  10.51364 0.00037
2458738.05268  10.66457 0.00110
2458741.04803  10.61260 0.00099
2458741.80952  10.38923 0.00042
2458753.53543  10.87945 0.00222
2458753.99768  10.64826 0.00093
2458754.56627  10.73809 0.00151
2458756.06354  10.53596 0.00017
2458756.83172  10.38653 0.00028
2458762.03038  10.57379 0.00053
2458762.55955  10.67755 0.00120
2458763.02575  10.51752 0.00034
2458764.04097  10.55270 0.00037
2458766.89197  10.88026 0.00207
2458767.75352  10.39324 0.00056
2458780.13784  10.52002 0.00032
2458781.13750  10.47863 0.00058
2458786.49132  10.78609 0.00175
2458788.55877  10.62123 0.00091
2458788.77029  10.73525 0.00137
2458790.02472  10.51320 0.00038
2458791.65551  10.48917 0.00121
2458792.73828  10.41017 0.00056
2458795.01536  10.58183 0.00058
2458795.42053  10.76599 0.00166
2458795.90134  10.54845 0.00034
2458796.48241  10.68807 0.00135
2458797.93944  10.60885 0.00084
2458799.05623  10.49708 0.00067
2458799.66334  11.02498 0.00224
2458799.83571  10.58972 0.00093
2458800.81933  10.92535 0.00183
2458804.73747  10.45030 0.00096
2458808.09671  10.53103 0.00021
2458808.63545  10.41805 0.00063
2458808.97853  10.52135 0.00030
2458809.47626  10.71461 0.00139
2458810.50040  10.83445 0.00199
2458810.63631  10.64884 0.00064
2458811.59445  10.66437 0.00118
2458812.85912  10.58607 0.00055
2458813.62406  10.68969 0.00094
2458814.62064  10.66234 0.00074
2458815.56381  10.68645 0.00124
2458815.63936  10.35261 0.00069
2458816.65235  10.60341 0.00034
2458817.04043  10.45585 0.00069
2458817.53966  10.70025 0.00131
2458817.66434  10.42399 0.00067
2458819.35423  10.67573 0.00119
2458819.62700  10.62074 0.00035
2458820.62095  10.42612 0.00077
2458820.97604  10.55843 0.00043
2458821.37803  10.76503 0.00171
2458821.83936  10.51379 0.00039
2458822.36311  10.71867 0.00143
2458822.66139  10.55700 0.00071
2458822.66265  10.55767 0.00046
2458823.37677  10.67583 0.00123
2458824.59282  10.47544 0.00113
2458824.76708  10.62781 0.00074
2458825.41670  10.77294 0.00185
2458825.83758  10.55243 0.00055
2458826.87156  10.56000 0.00055
2458831.67111  10.56962 0.00098
2458831.69117  10.36880 0.00063
2458832.66042  10.37218 0.00059
2458833.71071  10.40390 0.00063
2458833.92267  10.69485 0.00123
2458834.71543  10.57675 0.00063
2458836.96930  10.47023 0.00065
2458837.39639  10.65596 0.00109
2458838.53226  10.62866 0.00058
2458838.81927  10.64527 0.00085
2458839.84569  10.63079 0.00076
2458840.53275  10.46373 0.00109
2458841.42721  10.66063 0.00110
2458841.90972  10.44979 0.00070
2458842.50298  10.76778 0.00166
2458842.58421  10.56134 0.00069
2458843.56717  10.51400 0.00136
2458844.45797  10.65325 0.00105
2458844.58477  10.59305 0.00045
2458847.50255  10.71057 0.00137
2458847.61196  10.43550 0.00079
2458847.98369  10.52561 0.00026
2458849.35565  10.66745 0.00115
2458849.78644  10.55159 0.00036
2458850.76460  10.49191 0.00053
2458851.62076  10.57140 0.00065
2458855.63291  10.62153 0.00082
2458862.59121  10.40234 0.00043
2458864.54912  10.41160 0.00055
2458864.74062  10.72377 0.00121
2458865.55016  10.48038 0.00114
2458865.95205  10.51733 0.00035
2458866.87715  10.52497 0.00037
2458867.82610  10.70143 0.00117
2458872.81409  10.74417 0.00140
2458874.80732  10.68423 0.00108
2458875.81788  10.78620 0.00159
2458877.79753  10.67426 0.00104
2458878.81889  10.90538 0.00216
2458879.79039  10.70212 0.00118
2458880.79215  10.67628 0.00104
2458887.76595  10.64479 0.00100
2458890.56756  10.45043 0.00098
2458892.78688  10.82906 0.00184
2458901.29470  10.70534 0.00134
2458903.52806  10.42119 0.00067
2458904.61064  10.65059 0.00065
2458905.60661  10.40026 0.00040
2458906.70068  10.62973 0.00075
2458918.58764  10.54054 0.00175
2458920.58194  10.51799 0.00150
2458927.31066  10.82797 0.00196
2458928.31010  10.78677 0.00176
2458929.30518  10.77904 0.00172
2458930.30414  10.85518 0.00210
2458932.61850  11.19523 0.00363
2458932.61972  10.72315 0.00131
2458936.75202  10.46492 0.00068
2459054.68064  11.00810 0.00291
2459059.67464  10.98338 0.00276
2459063.12659  10.63513 0.00123
2459078.08525  10.70185 0.00115
2459081.08048  10.73087 0.00130
2459084.07800  10.67545 0.00106
2459087.06892  10.67143 0.00104
2459089.08000  10.59036 0.00064
2459091.07140  10.62908 0.00085
2459095.06369  10.64651 0.00137
2459096.04380  10.59645 0.00075
2459106.08423  10.49767 0.00048
2459110.99948  10.69438 0.00111
2459114.54022  10.96717 0.00265
2459120.52487  10.91022 0.00247
2459125.99156  10.56515 0.00066
2459133.95869  10.55635 0.00040
2459134.87021  10.84788 0.00189
2459136.87234  10.74447 0.00139
2459139.94194  10.58049 0.00057
2459144.92448  10.59212 0.00064
2459145.92777  10.59608 0.00062
2459147.99507  10.49107 0.00052
2459153.77204  10.42792 0.00093
2459155.86193  10.42762 0.00089
2459159.72466  10.61753 0.00041
2459161.73176  11.10984 0.00317
2459164.39206  10.97227 0.00268
2459169.85673  10.60420 0.00071
2459171.63168  10.63978 0.00056
2459173.48151  10.74141 0.00152
2459174.34844  11.22318 0.00404
2459176.42462  10.80841 0.00188
2459176.62986  10.45937 0.00098
2459177.70634  10.90263 0.00221
2459180.07288  10.52361 0.00028
2459180.43581  10.76901 0.00173
2459181.42110  10.75091 0.00164
2459181.77681  10.63027 0.00060
2459186.39888  10.79543 0.00202
2459187.78811  10.72859 0.00141
2459188.44080  10.85171 0.00213
2459188.74492  10.58555 0.00061
2459190.03741  10.57488 0.00057
2459190.65939  10.85302 0.00192
2459192.68739  10.77444 0.00154
2459194.29471  11.02887 0.00297
2459195.70475  10.40568 0.00047
2459196.53351  10.73417 0.00124
2459196.76767  10.42727 0.00071
2459196.93365  10.75578 0.00145
2459198.57896  10.46822 0.00106
2459200.67411  10.58873 0.00051
2459205.73869  10.60709 0.00074
2459207.79721  10.58129 0.00061
2459208.87726  10.78085 0.00158
2459209.76223  10.61568 0.00045
2459210.89402  10.49071 0.00063
2459215.34629  10.74948 0.00171
2459215.73309  10.62029 0.00058
2459216.76974  10.48429 0.00126
2459217.89303  10.83026 0.00208
2459217.95667  10.46286 0.00071
2459218.95734  10.54142 0.00031
2459219.78404  10.65854 0.00095
2459221.65593  10.41803 0.00061
2459225.94121  10.51069 0.00039
2459227.83137  10.77978 0.00156
2459228.65427  10.60872 0.00025
2459228.69297  10.38871 0.00017
2459231.91603  10.50088 0.00046
2459232.47985  10.89654 0.00231
2459232.71428  10.72425 0.00115
2459233.73867  10.78832 0.00150
2459237.36689  10.95611 0.00274
2459238.60937  10.63951 0.00064
2459238.63395  10.45765 0.00108
2459246.44685  10.99110 0.00289
2459246.68108  10.59753 0.00188
2459247.79466  10.92623 0.00229
2459248.67691  10.61787 0.00036
2459249.76630  10.91477 0.00220
2459252.78853  10.48693 0.00053
2459253.42172  10.93430 0.00248
2459253.64443  10.45829 0.00097
2459255.82184  10.47134 0.00061
2459260.53440  10.53008 0.00146
2459261.64402  10.63659 0.00053
2459262.64662  10.71286 0.00108
2459269.83664  10.51386 0.00060
2459273.59706  10.50027 0.00138
2459275.60353  10.68017 0.00094
2459276.70138  10.84892 0.00189
2459278.69222  10.76939 0.00151
2459279.59613  10.68901 0.00093
2459280.59511  10.61977 0.00035
2459281.56665  10.53296 0.00149
2459282.59245  10.56189 0.00166
2459283.58814  10.52130 0.00141
2459284.57972  10.52914 0.00146
2459292.72639  10.49612 0.00053
2459295.30459  10.99381 0.00284
2459295.51718  10.46478 0.00107
2459296.28551  10.87005 0.00221
2459297.54307  10.67926 0.00097
2459299.55269  10.64840 0.00084
2459300.54296  10.47554 0.00119
2459301.53168  10.69404 0.00117
2459305.61630  10.90419 0.00215
2459309.51304  10.46441 0.00103
2459313.49860  10.64347 0.00060
2459314.52970  10.73000 0.00119
2459320.48624  10.56394 0.00168
2459323.22461  11.14409 0.00365
2459323.46850  10.51999 0.00149
2459323.48550  10.70633 0.00108
2459412.94409  10.78931 0.00212
2459413.93685  10.92267 0.00227
2459414.93723  10.83570 0.00178
2459420.92680  10.74515 0.00148
2459422.91954  10.56417 0.00176
2459423.92565  10.78733 0.00175
2459428.12660  10.72034 0.00158
2459433.12826  10.66814 0.00116
2459434.66389  11.11030 0.00342
2459437.68297  10.90754 0.00264
2459442.09622  10.66820 0.00099
2459442.09747  10.64840 0.00095
2459442.88771  10.79046 0.00151
2459447.88853  10.52770 0.00155
2459448.87000  10.71459 0.00131
2459453.06913  10.69248 0.00120
2459453.91141  10.48122 0.00120
2459455.85082  10.70105 0.00105
2459456.08400  10.65208 0.00100
2459456.58984  11.15576 0.00384
2459456.84754  10.77338 0.00144
2459458.97021  11.02865 0.00282
2459460.92175  10.47617 0.00168
2459461.97383  11.05142 0.00287
2459465.82462  10.76960 0.00143
2459469.02413  10.68227 0.00109
2459470.80669  10.83632 0.00173
2459470.89853  11.05545 0.00289
2459473.81884  10.62616 0.00203
2459473.86117  10.76471 0.00137
2459475.55741  11.01890 0.00301
2459477.78938  10.71294 0.00136
2459482.78970  10.72741 0.00149
2459483.59130  11.12345 0.00366
2459483.85894  10.65434 0.00076
2459489.78221  10.73524 0.00121
2459489.83565  10.47912 0.00113
2459490.97088  10.64885 0.00094
2459491.96311  10.66883 0.00100
2459494.01258  10.54417 0.00028
2459495.53312  10.95050 0.00257
2459496.73422  10.60800 0.00191
2459497.82838  10.48390 0.00116
2459498.73517  10.76947 0.00140
2459504.93850  10.86022 0.00198
2459505.70381  10.81518 0.00176
2459506.78958  10.94109 0.00272
2459511.73034  10.51117 0.00139
2459514.71592  10.69534 0.00103
2459514.72631  10.50686 0.00134
2459515.88619  10.72781 0.00134
2459519.13536  10.53109 0.00019
2459519.76882  10.70697 0.00104
2459521.95693  10.57842 0.00056
2459524.03713  10.49968 0.00046
2459526.65310  10.74460 0.00125
2459527.79782  10.69142 0.00095
2459528.69667  10.55116 0.00159
2459529.82545  10.77048 0.00152
2459530.72536  10.51176 0.00136
2459531.72774  10.69528 0.00097
2459532.76338  10.54299 0.00154
2459533.00132  10.82023 0.00176
2459533.62410  10.56476 0.00172
2459533.83567  10.74641 0.00126
2459538.69825  10.71145 0.00131
2459540.59938  10.54779 0.00161
2459541.00792  10.48678 0.00062
2459543.71841  10.66857 0.00085
2459547.06152  10.50043 0.00047
2459547.82221  10.50582 0.00132
2459548.89367  10.77870 0.00156
2459550.70613  10.79159 0.00162
2459551.79098  10.67580 0.00086
2459554.82263  10.67266 0.00101
2459556.82472  10.83972 0.00185
2459557.65772  10.67850 0.00087
2459558.60365  10.54745 0.00156
2459563.48420  10.99243 0.00283
2459577.71752  10.50550 0.00132
2459578.77915  10.73864 0.00122
2459579.70912  10.52178 0.00140
2459579.75752  10.71939 0.00113
2459580.77118  10.62997 0.00206
2459582.52898  11.17096 0.00373
2459582.77650  10.82922 0.00170
2459584.35125  10.96192 0.00263
2459585.37896  11.07422 0.00320
2459587.75752  10.49853 0.00049
2459591.73022  10.73053 0.00265
2459593.55380  10.68333 0.00252
2459595.83403  10.52665 0.00057
2459597.74454  10.72683 0.00145
2459597.74576  10.69633 0.00179
2459598.62474  10.55268 0.00174
2459599.74541  10.88632 0.00225
2459607.43352  11.14565 0.00359
2459609.76446  10.84383 0.00187
2459612.68950  10.82703 0.00170
2459614.43197  11.19018 0.00385
2459614.87160  10.54846 0.00023
2459617.80381  10.47315 0.00061
2459618.68004  10.65833 0.00221
2459619.76396  10.86402 0.00202
2459620.72555  10.55554 0.00050
2459623.75363  10.60011 0.00081
2459626.61043  10.55330 0.00184
2459630.39133  11.10571 0.00348
2459631.72821  10.64760 0.00090
2459632.61706  10.53050 0.00147
2459633.62959  10.75214 0.00130
2459634.63099  10.71436 0.00252
2459636.61759  10.54513 0.00156
2459636.69002  10.61615 0.00065
2459637.56438  10.63573 0.00208
2459640.35345  11.17178 0.00375
2459643.57511  10.65021 0.00066
2459644.64963  10.67127 0.00100
2459644.65088  10.63875 0.00081
2459645.58732  10.57873 0.00058
2459650.74385  10.46415 0.00076
2459652.62687  10.57401 0.00038
2459652.75972  10.53108 0.00063
2459653.29381  11.05400 0.00319
2459657.65912  10.76225 0.00182
2459658.56828  10.35912 0.00075
2459660.74255  10.50169 0.00052
2459663.72759  10.50285 0.00058
2459665.54041  10.56475 0.00067
2459666.54617  10.38052 0.00037
2459667.53486  10.59981 0.00038
2459668.52610  10.54020 0.00081
2459669.53267  10.58401 0.00054
2459670.52221  10.58765 0.00051
2459671.60962  10.74748 0.00141
2459674.51524  10.56593 0.00067
2459675.49864  10.57442 0.00061
2459677.47703  10.32701 0.00089
2459678.50394  10.53948 0.00083
2459679.49801  10.38766 0.00035
2459680.50622  10.61454 0.00040
2459681.49611  10.54525 0.00085
2459682.23210  11.13053 0.00414
2459683.48978  10.39757 0.00050
2459683.49228  10.90418 0.00168
2459684.48775  10.53653 0.00093
2459685.48673  10.57288 0.00082
2459686.48777  10.89297 0.00169
2459687.48575  10.32155 0.00095
2459688.48322  10.34159 0.00077
2459689.48142  10.63095 0.00048
2459690.48057  10.32690 0.00086
2459691.47708  10.37129 0.00051
2459692.46975  10.38043 0.00046
2459693.46552  10.56884 0.00077
2459694.46472  10.82573 0.00132
2459694.46595  10.33876 0.00089
2459783.93381  10.66135 0.00078
2459785.93398  10.63736 0.00065
2459787.92345  10.62185 0.00041
2459796.11778  10.80410 0.00158
2459802.11878  10.72419 0.00126
2459802.12003  10.71359 0.00124
2459805.88347  10.45479 0.00107
2459810.88102  10.54965 0.00081
2459814.86639  10.59066 0.00048
2459815.86175  10.61595 0.00032
2459819.63119  11.16812 0.00371
2459821.85086  10.62246 0.00038
2459821.85345  10.61989 0.00047
2459823.84400  10.57123 0.00064
2459824.84428  10.55621 0.00074
2459825.61916  11.15148 0.00362
2459834.79574  10.42906 0.00105
2459836.82653  10.60101 0.00101
2459837.80722  10.56902 0.00075
2459840.79525  10.42768 0.00076
2459842.04660  10.62328 0.00078
2459843.78552  10.39178 0.00024
2459845.14064  10.58272 0.00065
2459846.78452  10.99483 0.00254
2459849.62949  11.08220 0.00325
2459850.99769  10.67910 0.00105
2459852.76366  10.63068 0.00050
2459853.76002  10.61995 0.00036
2459854.75758  10.67016 0.00080
2459855.76881  10.62590 0.00041
2459858.74852  10.61903 0.00051
2459858.74981  10.64999 0.00075
2459859.80837  10.56032 0.00074
2459864.71268  10.47041 0.00140
2459865.80701  10.42810 0.00084
2459866.79925  10.34305 0.00082
2459868.07214  10.56530 0.00048
2459869.81274  10.37301 0.00053
2459870.80606  10.53291 0.00085
2459872.70649  10.59640 0.00043
2459875.72813  10.58959 0.00048
2459876.72043  10.35658 0.00065
2459877.75041  10.60337 0.00036
2459880.99447  10.55024 0.00028
2459882.69033  10.34460 0.00074
2459884.03693  10.54929 0.00023
2459884.90195  10.60624 0.00070
2459885.88686  10.69362 0.00113
2459886.67811  10.40580 0.00054
2459886.87887  10.67885 0.00110
2459897.62871  10.66623 0.00080
2459897.96180  10.66555 0.00103
2459899.46449  11.17509 0.00377
2459901.94236  10.52134 0.00038
2459907.81651  10.67862 0.00104
2459913.90316  10.79144 0.00162
2459914.79883  10.56928 0.00065
2459914.80143  10.58187 0.00071
2459915.94160  10.91411 0.00222
2459916.37740  11.20379 0.00400
2459916.70575  10.56119 0.00072
2459923.72373  10.54258 0.00091
2459926.90500  10.67510 0.00111
2459935.40053  11.21170 0.00397
2459940.36478  11.19058 0.00385
2459940.36603  11.17421 0.00376
2459942.36548  11.18291 0.00382
2459945.38824  11.13117 0.00355
2459952.75953  10.57757 0.00086
2459953.63063  10.36288 0.00067
2459957.75360  10.41195 0.00061
2459960.37845  10.59462 0.00064
2459967.89216  10.51896 0.00040
2459968.87302  10.58330 0.00054
2459969.86826  10.49720 0.00054
2459976.29742  10.60534 0.00088
2459980.68435  10.70980 0.00143
2459981.63755  10.38207 0.00076
2459982.58225  10.59415 0.00059
2459984.71714  10.67813 0.00111
2459986.72927  10.67822 0.00107
2459989.78348  10.80455 0.00170
2459990.64793  10.64848 0.00088
2459993.66435  10.49326 0.00124
2459995.53238  10.61099 0.00021
2459996.63482  10.64392 0.00063
2459996.63612  10.65464 0.00066
2459997.60623  10.43339 0.00079
2459998.62877  10.56386 0.00069
2459998.69166  10.66671 0.00099
2459999.61587  10.42934 0.00073
2460007.54851  10.54835 0.00082
2460008.60510  10.57745 0.00073
2460010.60256  10.40889 0.00076
2460011.58683  10.60687 0.00067
2460012.59694  10.46110 0.00112
2460013.58897  10.43101 0.00082
2460014.59177  10.41253 0.00072
2460015.58725  10.54224 0.00160
2460016.58231  10.63905 0.00057
2460018.57688  10.47512 0.00111
2460019.56651  10.62351 0.00040
2460020.57126  10.37534 0.00045
2460020.57251  10.37342 0.00063
2460021.57041  10.40253 0.00044
2460022.55813  10.43043 0.00076
2460023.55779  10.40694 0.00049
2460027.54208  10.56565 0.00069
2460028.54278  10.43129 0.00076
2460029.53337  10.43837 0.00086
2460035.61763  10.77970 0.00168
2460037.48907  10.58414 0.00059
2460039.52305  10.58473 0.00077
2460039.52561  10.59392 0.00100
2460041.60055  10.81750 0.00190
2460043.50901  10.55300 0.00078
2460044.50221  10.40693 0.00050
2460045.50332  10.64197 0.00060
2460046.47804  10.35807 0.00066
2460047.49789  10.59346 0.00047
2460048.48713  10.59754 0.00042
2460049.48326  10.37761 0.00044
2460050.48956  10.58504 0.00055
2460052.48162  10.58599 0.00054
2460054.47104  10.58337 0.00061
2460054.47233  10.59724 0.00068
2460057.46630  10.45497 0.00104
2460057.46754  10.45603 0.00119
2460061.46245  10.59916 0.00154
2460158.92893  10.65467 0.00098
2460159.68611  10.75900 0.00237
2460161.67013  10.75738 0.00171
2460162.66310  10.90148 0.00245
2460163.11695  10.72823 0.00141
2460179.07590  10.68040 0.00106
2460184.57412  10.81091 0.00196
2460190.10903  10.57820 0.00066
2460198.14145  10.54786 0.00077
2460201.04041  10.59319 0.00060
2460205.02139  10.60930 0.00070
2460209.01494  10.71566 0.00120
2460215.57839  10.72715 0.00184
2460216.05955  10.52901 0.00056
2460218.75936  10.39206 0.00056
2460221.95669  10.69334 0.00119
2460223.96992  10.60803 0.00075
2460224.98146  10.61803 0.00076
2460226.73898  10.68806 0.00093
2460227.93793  10.89987 0.00195
2460228.87957  10.44341 0.00088
2460230.71955  10.38227 0.00034
2460232.07494  10.47754 0.00063
2460234.01857  10.52866 0.00033
2460235.69863  10.36237 0.00059
2460236.99432  10.55180 0.00028
2460238.12469  10.50618 0.00048
2460242.45603  10.67245 0.00123
2460243.69269  10.63745 0.00077
2460249.43436  10.74839 0.00199
2460250.67410  10.33369 0.00088
2460252.06033  10.47950 0.00064
2460254.04015  10.49807 0.00054
2460256.86083  10.69435 0.00110
2460260.41270  10.75926 0.00161
2460264.73248  10.27857 0.00109
2460266.36489  10.95296 0.00258
2460267.93168  11.10714 0.00285
2460270.34864  10.95047 0.00262
2460270.68937  10.27841 0.00111
2460271.68257  10.30619 0.00100
2460272.66380  10.35598 0.00071
2460278.53491  10.66967 0.00127
2460279.75332  10.62095 0.00067
2460283.52235  10.66155 0.00110
2460284.03316  10.53440 0.00032
2460284.63368  10.32918 0.00084
2460286.03365  10.54174 0.00016
2460287.81807  10.35504 0.00067
2460288.78854  10.62195 0.00076
2460290.66414  10.28995 0.00104
2460291.65029  10.33526 0.00080
2460293.42022  10.77204 0.00167
2460294.63120  10.37006 0.00052
2460296.76073  10.31493 0.00093
2460297.77651  10.42686 0.00072
2460298.76902  10.30496 0.00098
2460301.31032  10.68092 0.00130
2460301.91714  10.63949 0.00082
2460303.66346  10.56990 0.00061
2460308.57999  10.32921 0.00084
2460309.85936  10.50252 0.00054
2460310.77144  10.73058 0.00130
2460311.66956  10.39040 0.00023
2460312.69250  10.35277 0.00067
2460313.88747  10.73208 0.00126
2460316.90752  10.48414 0.00061
2460319.75188  10.34417 0.00073
2460320.82885  10.59498 0.00026
2460322.82333  10.55412 0.00056
2460323.59109  10.31331 0.00093
2460324.38551  10.62691 0.00087
2460325.40131  10.63243 0.00091
2460333.58810  10.34749 0.00081
2460333.85397  10.53084 0.00050
2460336.88180  10.59654 0.00141
2460337.88971  10.59913 0.00087
2460338.88621  10.50773 0.00054
2460341.87596  10.53354 0.00029
2460370.36817  10.77317 0.00176
2460371.81138  10.48741 0.00059
2460390.73414  10.54631 0.00054
2460397.52707  10.49560 0.00107
2460399.61472  10.54637 0.00061
2460403.60592  10.54095 0.00064
2460405.59945  10.58485 0.00033
2460408.49552  10.25307 0.00118
2460409.49079  10.51046 0.00093
2460410.49376  10.56207 0.00069
2460411.48552  10.47288 0.00107
2460412.48485  10.27626 0.00110
2460416.47973  10.31989 0.00093
2460417.46975  10.28240 0.00112
2460418.46900  10.25885 0.00122
