2458014.48339820  13.99602 0.00558
2458015.49353320  13.93024 0.00577
2458015.49353320  13.92705 0.00628
2458016.47675760  14.10326 0.01124
2458016.47675760  14.11791 0.01265
2458018.48490380  14.17156 0.00940
2458018.48490380  14.16834 0.01094
2458029.50827560  13.86055 0.01007
2458029.50827560  13.83827 0.01102
2458032.49460080  13.95117 0.00948
2458032.49460080  13.97125 0.01211
2458056.52290250  14.04854 0.01156
2458056.52290250  14.08546 0.01186
2458057.55366570  13.99781 0.00983
2458057.55366850  13.97109 0.00968
2458058.51641260  14.10175 0.01163
2458058.51642420  14.13058 0.01180
2458170.89383010  13.78321 0.01291
2458170.89383190  13.79815 0.01230
2458171.88938820  14.22577 0.01493
2458171.88938820  14.21136 0.01240
2458173.88790010  14.13615 0.01024
2458173.88790790  14.10901 0.01014
2458181.62326930  13.83577 0.02276
2458181.87581120  13.81666 0.01794
2458181.87582100  13.82849 0.01918
2458182.89913000  14.00910 0.01660
2458190.63192610  13.95969 0.00485
2458190.90199110  14.16710 0.01143
2458190.90199740  14.15039 0.01101
2458192.88907520  14.07405 0.00750
2458192.88908560  14.09356 0.00656
2458195.84479480  14.15449 0.00959
2458195.84479620  14.18142 0.01077
2458196.61099990  13.83469 0.00678
2458197.60857570  14.15046 0.00885
2458198.60400780  13.86520 0.00592
2458200.57522470  14.01844 0.00672
2458201.57062610  13.86260 0.00545
2458205.55894030  13.82614 0.00643
2458207.81139790  13.85494 0.01463
2458207.81140450  13.83660 0.01364
2458208.81061090  14.14351 0.01614
2458209.82472190  13.80478 0.01512
2458210.83213550  14.18850 0.01587
2458211.89743230  14.03757 0.01180
2458211.89743230  14.03352 0.01176
2458223.82935170  14.06319 0.00775
2458223.83056510  14.07233 0.00875
2458224.86653120  14.05178 0.00578
2458224.86653360  14.01702 0.00615
2458227.84082260  14.19545 0.01041
2458227.84082450  14.19287 0.00862
2458230.55481650  13.95483 0.00457
2458230.74865560  14.13151 0.00850
2458230.74865790  14.14295 0.00889
2458242.48225390  13.85885 0.00975
2458245.85755820  13.91324 0.00810
2458245.85756630  13.90042 0.00717
2458246.77746970  13.97965 0.00736
2458246.77747240  13.97295 0.01094
2458248.83568340  14.25622 0.01776
2458249.82152370  13.84041 0.00664
2458249.82152580  13.86562 0.00655
2458252.83894900  14.18249 0.01010
2458252.83895450  14.15455 0.00990
2458255.76636540  14.18446 0.01375
2458255.76636570  14.12313 0.01315
2458256.52106350  13.86966 0.00484
2458256.78379430  13.85483 0.00687
2458256.78379510  13.84889 0.00701
2458257.51808020  13.98852 0.00522
2458259.72777590  13.88741 0.00611
2458259.72777810  13.93075 0.00585
2458261.67192170  14.00958 0.00506
2458261.67193010  13.95935 0.00449
2458264.66325880  13.95803 0.00650
2458264.87679520  13.92917 0.00561
2458265.65174120  14.05793 0.01344
2458272.92823730  13.93639 0.00820
2458272.92823740  13.92839 0.00735
2458273.83706780  13.98657 0.01117
2458273.83706970  13.96674 0.00768
2458274.67877550  13.81198 0.00863
2458274.67877570  13.84750 0.00733
2458275.76632260  13.79162 0.00877
2458275.76632840  13.85932 0.00769
2458280.47134260  13.83837 0.00542
2458281.46032710  14.08580 0.00701
2458282.46040200  13.89629 0.00610
2458283.55007970  14.01276 0.00990
2458283.90616230  13.99286 0.00511
2458283.90616740  14.01310 0.00557
2458287.60703590  13.88725 0.00670
2458287.60703990  13.92079 0.00568
2458288.59666360  13.94697 0.00503
2458288.59666360  13.92630 0.00533
2458289.75018680  14.13946 0.00908
2458289.75019000  14.10830 0.00800
2458290.48317070  14.03424 0.00622
2458296.62684030  13.92437 0.01427
2458301.55480470  13.93021 0.00888
2458301.55480940  13.89123 0.00741
2458305.38057920  14.00612 0.00529
2458306.38466550  13.93492 0.00415
2458307.37319160  13.90849 0.00452
2458308.37074210  14.06292 0.00646
2458308.72952950  13.96596 0.00516
2458308.72953090  14.01263 0.00539
2458310.37535740  14.09666 0.00724
2458310.71686300  13.87984 0.00677
2458310.71686310  13.91968 0.00592
2458313.68707200  14.21859 0.00933
2458313.68707380  14.19290 0.01095
2458314.74614240  13.89444 0.00632
2458314.74614570  13.94160 0.00511
2458316.74686140  13.85135 0.00710
2458316.74686150  13.85837 0.00678
2458317.30607270  14.15539 0.00939
2458323.23644530  13.85112 0.01253
2458328.54014840  13.85199 0.01547
2458331.53696770  13.97185 0.00559
2458331.53696910  13.92336 0.00628
2458332.52994420  14.10707 0.00789
2458332.52994670  14.12212 0.00835
2458333.29897220  13.82602 0.00531
2458334.29652520  14.20584 0.01008
2458334.57495660  13.90020 0.00730
2458334.57496010  13.91321 0.00606
2458336.74742320  14.16345 0.01041
2458336.74742320  14.16249 0.00849
2458338.61406970  13.83296 0.00755
2458338.61529090  13.86364 0.00780
2458339.27920010  13.88088 0.00531
2458339.62506650  14.16367 0.01033
2458339.62506760  14.17066 0.00984
2458340.27580460  13.98246 0.00497
2458340.62929220  13.83902 0.00720
2458340.62929260  13.86854 0.00675
2458341.28400740  13.91117 0.00427
2458342.26850820  13.91089 0.00432
2458342.77066960  14.21729 0.01058
2458342.77067040  14.21808 0.01183
2458344.27375020  13.88578 0.00503
2458346.28951950  13.88661 0.00507
2458347.67386690  14.14018 0.00810
2458347.67386890  14.12006 0.00840
2458350.50671430  13.88715 0.00867
2458350.50671780  13.78665 0.01010
2458351.49581070  14.16759 0.01571
2458351.49581900  14.15571 0.01398
2458354.39589660  14.14266 0.02476
2458354.58188040  13.94236 0.01488
2458354.58188040  13.95653 0.01241
2458355.61277940  13.86593 0.01506
2458355.61277960  13.90779 0.01369
2458356.57147400  13.86929 0.01357
2458356.57147400  13.82234 0.01398
2458360.51363020  14.07492 0.00845
2458360.51363020  14.03815 0.00757
2458363.72701400  13.88627 0.00864
2458365.27113530  13.83091 0.00560
2458366.53847430  14.09422 0.00652
2458366.53848230  13.99735 0.00517
2458368.65044770  13.88765 0.00740
2458368.65045120  13.85828 0.00777
2458371.58798970  13.99394 0.00652
2458371.58799270  13.95936 0.00624
2458373.54049500  13.81094 0.00748
2458373.54049900  13.84412 0.00717
2458378.64350660  13.90426 0.00876
2458378.64351290  13.92053 0.01024
2458390.25648620  13.99531 0.00577
2458393.64786760  13.83365 0.00658
2458393.64786890  13.87684 0.00616
2458394.64139650  14.07924 0.00811
2458396.28301000  14.01165 0.00696
2458396.63848550  13.94502 0.00515
2458396.63848680  13.97291 0.00592
2458397.63564570  13.98534 0.00479
2458397.63565130  13.98579 0.00522
2458398.63217510  13.91025 0.00588
2458398.63217660  13.86730 0.00798
2458401.35663940  14.12729 0.00986
2458401.56925470  13.98025 0.00531
2458401.56925710  14.03997 0.00707
2458402.27060220  14.18700 0.01004
2458404.60978290  13.83159 0.00641
2458404.60978360  13.83374 0.00658
2458409.32966220  13.81530 0.01069
2458409.53230020  13.82323 0.00950
2458409.53230080  13.84059 0.00956
2458410.59479950  14.05118 0.01060
2458410.59479950  14.08214 0.01028
2458411.58841640  13.81883 0.01058
2458411.58842730  13.85015 0.00762
2458412.51823290  13.93566 0.00968
2458412.51824150  13.94528 0.01028
2458413.51396680  13.99784 0.01300
2458413.51397130  14.00458 0.01457
2458414.58190590  14.09543 0.01891
2458414.58190690  14.15736 0.01832
2458417.31271520  14.08012 0.01754
2458417.57117230  13.82709 0.01299
2458417.57117310  13.86173 0.01177
2458418.56858690  13.99658 0.01279
2458418.56859030  13.96724 0.00799
2458419.56235610  13.98526 0.00656
2458419.56235790  13.95479 0.00678
2458424.55292420  13.82790 0.00700
2458424.55292510  13.83558 0.00686
2458425.54960950  14.24221 0.01128
2458425.54962100  14.17641 0.00936
2458426.54668460  13.86226 0.00636
2458426.54669440  13.83888 0.00661
2458427.53935230  14.10758 0.00866
2458427.53935390  14.15963 0.00780
2458428.53471170  13.91627 0.00680
2458428.53472250  13.87678 0.00884
2458429.53283770  14.03843 0.00813
2458429.53284140  14.06109 0.00818
2458430.53205580  13.92324 0.00904
2458430.53206630  13.92167 0.00876
2458431.52901140  13.95604 0.00644
2458431.52901140  13.96495 0.00734
2458432.52600450  13.99281 0.00829
2458432.52600450  14.05333 0.00727
2458433.52298680  13.89965 0.00789
2458433.52299380  13.86902 0.00790
2458535.89438060  13.88523 0.02398
2458535.89438320  13.90862 0.01953
2458536.89353520  13.98537 0.01271
2458536.89353520  14.03692 0.01737
2458538.88428770  13.91398 0.01389
2458539.88360250  14.04525 0.01197
2458539.88360840  14.03762 0.01343
2458541.88191750  14.21092 0.01135
2458541.88191830  14.13497 0.01169
2458545.62637630  14.08105 0.00697
2458548.60509120  14.04176 0.00709
2458549.61665100  13.88433 0.00647
2458552.90240740  13.82171 0.00984
2458552.90240740  13.88433 0.00997
2458553.86656160  13.90357 0.00602
2458553.86656160  13.90871 0.00716
2458554.86513410  14.09186 0.00843
2458554.86513970  14.09657 0.00902
2458555.58550310  13.84637 0.00605
2458555.86053310  13.88218 0.00705
2458555.86053310  13.83501 0.00745
2458556.85593120  14.15645 0.01214
2458556.85593530  14.14906 0.00888
2458557.58477810  13.89243 0.00589
2458557.85934160  13.83340 0.00629
2458557.85936050  13.79794 0.00727
2458561.85583100  13.83703 0.00827
2458562.83874260  14.02752 0.01576
2458562.83874480  14.12216 0.01689
2458563.57782070  14.16369 0.02201
2458563.84627510  13.87859 0.01370
2458564.83461060  13.92145 0.01043
2458565.85616210  13.90057 0.01426
2458566.85140210  13.92543 0.00951
2458566.85140500  13.91604 0.01030
2458568.82999610  13.83915 0.01101
2458568.82999610  13.85061 0.01082
2458571.80963570  14.15772 0.01035
2458571.80963770  14.20942 0.01041
2458573.80796560  14.07404 0.00727
2458573.80796840  14.09339 0.00714
2458575.55855930  13.91716 0.00565
2458575.79869950  14.01176 0.00725
2458575.79869950  13.96763 0.00660
2458576.79108020  14.05322 0.00859
2458576.79109130  14.06485 0.00873
2458577.59495120  13.99905 0.00541
2458578.78815380  14.10388 0.00766
2458579.78931210  13.90506 0.00715
2458579.78931210  13.89850 0.00835
2458581.78307870  13.82591 0.00716
2458581.78308260  13.84037 0.00655
2458582.52498830  14.04773 0.00702
2458583.88837560  14.17455 0.00887
2458583.88965340  14.16868 0.00962
2458584.76850830  14.15009 0.01079
2458584.76850830  14.13756 0.00972
2458585.76583960  13.86592 0.00890
2458585.76584770  13.87436 0.00765
2458586.74882640  13.94083 0.00752
2458586.74882640  13.94570 0.00598
2458587.75668320  13.96294 0.00548
2458587.75669310  13.99184 0.00713
2458588.76235350  13.94673 0.00791
2458588.76235520  13.87681 0.00801
2458589.76514560  14.00692 0.01082
2458589.76515470  13.99229 0.01160
2458590.86096110  14.14133 0.00956
2458590.86096240  14.15306 0.01078
2458591.88024620  13.91323 0.02037
2458591.88024620  13.85099 0.01537
2458594.74638230  13.81212 0.01052
2458596.74110280  13.84577 0.01205
2458596.74110490  13.83178 0.01129
2458599.48256060  13.88236 0.00864
2458600.57621610  13.84071 0.00711
2458601.56530320  14.13243 0.00886
2458602.70894610  14.21854 0.01241
2458602.70895420  14.22266 0.01116
2458603.90329560  13.86983 0.00658
2458603.90329690  13.82655 0.00669
2458604.72191230  14.13974 0.00763
2458604.72191840  14.11488 0.00833
2458604.80390580  13.79938 0.00900
2458604.80391040  13.87780 0.00747
2458605.71766230  13.82564 0.00693
2458605.88263640  13.94938 0.00648
2458605.88263640  13.93081 0.00712
2458607.46628440  13.85619 0.00669
2458610.65533430  13.86577 0.00771
2458612.81454300  13.94229 0.00678
2458612.81454300  13.91204 0.00803
2458613.82587370  14.03115 0.00683
2458613.82587370  14.00755 0.00835
2458614.71681930  14.00223 0.00816
2458614.71681950  14.00600 0.00588
2458616.43831110  13.84311 0.00766
2458617.90966360  14.24238 0.01158
2458617.90966360  14.20422 0.01090
2458618.77520230  14.16632 0.01097
2458618.77521220  14.20087 0.01105
2458620.75580670  13.99994 0.01717
2458620.85793410  13.90433 0.01048
2458621.78584120  13.85266 0.01096
2458626.65866560  14.02311 0.01270
2458626.65866600  14.04058 0.01207
2458631.66006130  13.85367 0.00794
2458631.66006130  13.83067 0.00750
2458635.63289710  13.90003 0.01238
2458635.63289800  13.89888 0.01220
2458637.62147980  14.08335 0.00781
2458637.62148240  14.03300 0.00693
2458640.64343520  13.88983 0.00564
2458640.64344260  13.89187 0.00643
2458642.62879510  13.82997 0.00756
2458642.62880200  13.85149 0.00656
2458643.64329380  14.14100 0.01093
2458643.64329780  14.17443 0.01040
2458644.66512420  13.86552 0.00662
2458644.66512620  13.90196 0.00585
2458645.66454860  14.12938 0.01054
2458645.66454920  14.10608 0.00948
2458646.68974570  13.92393 0.00902
2458646.68974670  13.94779 0.00977
2458647.67412820  14.15220 0.01429
2458650.37168550  14.02891 0.01448
2458650.80457920  14.09838 0.01288
2458651.75287250  13.88188 0.01951
2458651.75287840  13.84140 0.02291
2458657.67875540  14.10971 0.01205
2458657.67875540  14.11202 0.00959
2458658.55664360  14.01783 0.00788
2458659.54027790  14.05318 0.00833
2458659.75222390  14.14053 0.01092
2458659.75222390  14.11735 0.01082
2458660.70137580  13.90102 0.00606
2458660.70138580  13.91291 0.00667
2458662.82700380  14.08439 0.00787
2458662.82701370  14.09636 0.00980
2458666.85614510  14.09363 0.00845
2458666.85615260  14.14737 0.00979
2458667.78803910  14.15056 0.01017
2458667.78803910  14.17881 0.01027
2458668.53159860  13.84473 0.00685
2458668.53160040  13.87192 0.00673
2458668.78873300  13.82160 0.00802
2458668.78873870  13.82312 0.00800
2458669.45316300  13.84109 0.00577
2458669.71885230  13.88486 0.00696
2458669.71886390  13.91065 0.00638
2458670.38118310  13.88054 0.00475
2458670.78601360  13.79251 0.00806
2458670.78601600  13.84958 0.00745
2458673.45416260  13.83235 0.00594
2458674.39515780  13.85440 0.00629
2458674.57099870  13.89747 0.00615
2458677.28992460  13.79940 0.01119
2458678.50052030  13.97887 0.00928
2458678.50052390  13.94487 0.00910
2458679.55270280  13.82733 0.01508
2458679.55270850  13.93467 0.01809
2458683.66273430  14.22183 0.01916
2458683.66274050  14.23046 0.01929
2458684.69253970  13.92282 0.01119
2458684.69254540  13.88470 0.01184
2458688.75160270  13.94901 0.00823
2458688.75160970  13.98292 0.00951
2458689.66747420  14.07841 0.00845
2458689.66748020  14.11390 0.00827
2458689.68048060  14.16403 0.00800
2458689.68048480  14.12338 0.00860
2458690.42215360  13.95949 0.00442
2458691.43457420  13.95363 0.00405
2458691.66794690  14.04851 0.00738
2458691.66795580  14.04423 0.00607
2458692.25809030  13.83100 0.00667
2458692.82747940  14.13398 0.00956
2458692.82748000  14.17672 0.00976
2458694.60835910  13.97238 0.00477
2458694.60837170  14.01098 0.00489
2458695.70773030  14.11240 0.00766
2458695.70773590  14.10165 0.00770
2458697.51960360  14.22998 0.01469
2458697.51960600  14.24598 0.01399
2458697.82131460  13.92243 0.00797
2458697.82131890  13.92508 0.01005
2458699.25323770  13.90653 0.00587
2458699.79611770  14.09414 0.00763
2458699.79611830  14.06416 0.00708
2458700.72128520  13.93967 0.00620
2458700.72129210  13.95272 0.00635
2458701.67532890  13.85264 0.00763
2458701.67532890  13.82914 0.00806
2458703.72408530  13.93436 0.00665
2458703.72408830  13.96098 0.00731
2458704.57378520  13.80801 0.00828
2458705.77929660  14.15649 0.01200
2458705.77929720  14.10235 0.01169
2458708.56335810  13.84140 0.01223
2458708.56336300  13.88401 0.01400
2458709.47450190  13.84221 0.01525
2458711.40852950  14.23213 0.02822
2458711.60151950  14.15255 0.02150
2458711.60152420  14.10890 0.02446
2458712.55971080  13.97034 0.00737
2458712.55971690  13.99412 0.00886
2458713.50755810  13.85702 0.01580
2458714.50056970  14.13156 0.01586
2458715.58658780  13.93873 0.00519
2458715.58659260  13.98332 0.00624
2458715.76324540  13.82640 0.01138
2458716.65333540  13.80300 0.00938
2458716.65334010  13.84209 0.00778
2458716.74705280  14.16955 0.01200
2458716.74705470  14.20210 0.01462
2458717.59198560  13.95097 0.00574
2458717.59198560  13.89824 0.00649
2458718.56295200  14.12921 0.00794
2458718.56295200  14.14438 0.00807
2458719.37338960  13.89888 0.00651
2458721.72455050  14.06741 0.00867
2458721.72455500  14.05979 0.00897
2458722.40890420  13.95931 0.00414
2458722.75163550  13.96607 0.00635
2458722.75163640  14.02866 0.00802
2458723.34738440  13.83723 0.00565
2458724.39358520  14.15161 0.00902
2458725.69131040  14.21015 0.01197
2458725.69131760  14.20718 0.01085
2458725.73375760  14.15926 0.00899
2458726.69159880  13.80801 0.00648
2458726.69160240  13.82897 0.00738
2458727.58206170  13.82110 0.00782
2458727.58206580  13.86248 0.00788
2458727.70407710  14.13788 0.00931
2458727.70407730  14.13838 0.00798
2458730.71292170  13.90678 0.00846
2458730.71292170  13.82572 0.00904
2458733.25036170  13.94377 0.00686
2458740.53830120  13.88834 0.01583
2458740.53952350  13.97600 0.01864
2458741.58773650  14.18958 0.01602
2458741.58773960  14.13310 0.01428
2458742.68755500  14.14483 0.01702
2458742.68755640  14.16355 0.01590
2458743.49778800  13.80570 0.00850
2458743.49780030  13.86180 0.00690
2458743.69445430  13.84277 0.01401
2458743.69446020  13.88399 0.01734
2458744.50188820  14.23020 0.01182
2458744.50189640  14.22033 0.01010
2458745.49861820  13.81779 0.00867
2458745.49862460  13.84488 0.00773
2458746.49603030  14.14263 0.00903
2458746.49603030  14.14882 0.00949
2458750.58235260  14.00634 0.01360
2458750.58235260  14.08502 0.01180
2458753.66827390  14.14058 0.01391
2458753.66827670  14.12349 0.01156
2458754.23375890  13.80637 0.00793
2458754.66224520  13.87596 0.00709
2458754.66224680  13.83629 0.00749
2458755.55442760  13.82627 0.00806
2458755.55444030  13.84594 0.00728
2458758.28723590  14.01505 0.00619
2458760.29616800  13.87945 0.00704
2458764.48817950  13.91754 0.01066
2458764.48818450  13.86448 0.01078
2458765.37136190  13.88373 0.01294
2458768.33036250  13.81460 0.01544
2458769.35029240  14.10056 0.01841
2458770.35861100  13.82605 0.01546
2458772.25205830  14.15105 0.01108
2458773.27721520  13.87226 0.00626
2458775.60851300  14.13881 0.01540
2458775.60851650  14.22056 0.01512
2458778.29618490  14.12537 0.00851
2458781.53829140  13.83312 0.00974
2458781.53829730  13.85116 0.00830
2458782.58348820  13.96801 0.01118
2458783.54547450  13.87139 0.00573
2458783.54547560  13.90367 0.00567
2458787.31598900  13.85506 0.00600
2458791.29320940  13.97592 0.01019
2458792.54333000  13.97570 0.00830
2458792.54333000  13.97455 0.00895
2458793.54030460  13.96981 0.00987
2458793.54031200  13.93030 0.00863
2458794.53684730  13.90044 0.01007
2458794.53684790  13.88377 0.01036
2458795.26972820  14.19477 0.01575
2458795.53349830  14.11911 0.01564
2458795.53350190  14.08555 0.01257
2458797.52691680  14.10108 0.01511
2458797.52692970  14.17588 0.01671
2458798.52290170  13.79846 0.01532
2458798.52291040  13.86865 0.01509
2458799.52051570  14.21859 0.02195
2458799.52176830  14.21312 0.02508
2458800.26225750  13.89738 0.01695
2458800.51727960  13.80506 0.01510
2458800.51728390  13.84634 0.01404
2458801.51396310  14.06392 0.01400
2458801.51396560  14.08841 0.01536
2458802.51080930  13.88514 0.01716
2458802.51080930  13.92177 0.01750
2458803.50885720  14.00296 0.02553
2458803.50886220  13.95970 0.02611
2458899.88752040  13.91207 0.00738
2458899.88752060  13.90672 0.00836
2458923.84634800  14.05826 0.02602
2458924.83994380  13.96318 0.00956
2458924.83994740  13.93198 0.00810
2458928.65173610  13.92436 0.00689
2458931.57076490  13.88693 0.00583
2458983.45767570  13.88411 0.00806
2458989.45881050  14.02686 0.00717
2458992.40278260  13.87199 0.00630
2458997.39275650  13.88014 0.00620
2459009.40818820  13.80642 0.01435
2459016.33515420  13.84974 0.00609
2459017.36551310  14.19452 0.01019
2459022.44173240  13.88671 0.00531
2459025.31386500  13.83054 0.00682
2459031.31704040  13.85399 0.01027
2459038.45925300  13.93264 0.01211
2459039.27082230  14.12333 0.00883
2459046.24530440  14.16844 0.00983
2459049.22755440  13.86311 0.00670
2459050.36750260  13.84287 0.00626
2459051.22087210  13.90936 0.00584
2459052.21762800  13.98556 0.00563
2459053.21409910  13.97782 0.00543
2459054.23325910  13.98062 0.00653
2459057.23058470  14.01656 0.00966
2459059.40241110  14.13628 0.01314
2459069.36629160  13.84338 0.00737
2459096.27147120  13.89833 0.00924
2459142.57427850  13.97118 0.00780
2459142.57428410  13.94749 0.00850
2459146.50107550  13.93078 0.00969
2459148.50574520  13.98748 0.01154
2459148.50575050  13.98290 0.01159
2459152.29320690  13.98920 0.01626
2459153.55694600  14.06102 0.01905
2459155.54982230  13.92113 0.01198
2459155.54982640  13.88223 0.01936
2459156.54662840  14.04607 0.00884
2459156.54663000  14.03339 0.00955
2459157.54118080  13.88398 0.00757
2459157.54118700  13.89618 0.00917
2459159.53703540  13.83316 0.00808
2459159.53704080  13.82344 0.00757
2459162.54075760  14.17564 0.01143
2459167.52855170  13.96300 0.00662
2459167.52855180  13.92527 0.00744
2459169.52399600  14.00987 0.00928
2459169.52399600  14.01485 0.00994
2459259.89298190  13.95838 0.02496
2459259.89298700  14.06938 0.03084
2459260.89027860  13.90324 0.01572
2459260.89027950  13.83685 0.01578
2459265.89826530  14.17653 0.03477
2459265.89826660  14.04485 0.02861
2459267.88193300  14.18398 0.01797
2459267.88193390  14.23415 0.01955
2459268.87479580  13.81587 0.00993
2459268.87480080  13.83897 0.00806
2459269.87365890  14.06420 0.01043
2459269.87366520  14.13250 0.01143
2459271.88657750  14.09032 0.01204
2459271.88658000  14.09437 0.01526
2459273.87470310  13.99065 0.01636
2459273.87470520  13.97855 0.02130
2459274.86984040  13.98247 0.01342
2459274.86984190  14.03632 0.01599
2459277.64018170  13.85502 0.01013
2459278.88403750  14.07086 0.01310
2459278.88404400  14.13607 0.02028
2459282.88456800  14.14952 0.01338
2459282.88457260  14.14700 0.01096
2459287.82317140  14.13783 0.00923
2459287.82317260  14.16197 0.01134
2459289.82509870  14.23289 0.01219
2459289.82510150  14.18334 0.01205
2459291.80550500  14.11502 0.00948
2459291.80550750  14.15280 0.00959
2459293.82747510  14.22405 0.01228
2459295.81363890  14.06646 0.01008
2459295.81363890  14.06925 0.00878
2459296.80691890  13.91474 0.00628
2459296.80692200  13.93859 0.00743
2459297.85457560  14.22014 0.01260
2459297.85458410  14.18157 0.01112
2459299.78940110  13.83604 0.01220
2459299.78940110  13.88577 0.01198
2459300.80408260  14.06402 0.01956
2459300.80408440  14.16526 0.02270
2459302.82903980  14.01744 0.02596
2459302.88074010  13.80081 0.01457
2459304.81233440  14.12033 0.02316
2459304.81233860  14.12714 0.01998
2459305.80230840  13.80894 0.01239
2459305.82261770  13.92576 0.01212
2459305.82261770  13.90874 0.00960
2459309.89087560  13.97482 0.00675
2459309.89087820  14.00207 0.01245
2459311.62628150  13.81804 0.00714
2459312.84785750  14.14728 0.01045
2459312.84785750  14.15606 0.00852
2459313.75378440  14.13344 0.00754
2459313.75378550  14.09594 0.00746
2459314.76465570  13.87929 0.00669
2459314.76465570  13.86074 0.00701
2459315.75529120  14.18436 0.01290
2459315.75529500  14.24323 0.01324
2459315.78833890  14.11984 0.00915
2459315.78834040  14.07172 0.00767
2459316.51524940  13.88171 0.00639
2459316.74474140  13.97887 0.00600
2459316.74474610  13.98603 0.00630
2459318.52598570  13.86410 0.00690
2459319.83760000  13.88946 0.00577
2459319.83760050  13.90179 0.00664
2459319.87090170  13.87403 0.00831
2459319.87090260  13.85777 0.00902
2459321.47369220  13.82737 0.00632
2459323.51091860  13.91526 0.00800
2459324.75511260  13.96630 0.00755
2459324.75511380  13.97378 0.00730
2459325.84880480  14.08191 0.00888
2459325.84880940  14.11108 0.00833
2459326.83530670  13.81042 0.00809
2459326.83531830  13.85452 0.00946
2459327.75525100  13.85604 0.01129
2459327.75525100  13.89943 0.01509
2459327.77852090  13.97607 0.00732
2459327.77852090  13.97529 0.00887
2459328.72873130  14.15245 0.01821
2459328.72873190  14.26764 0.02289
2459329.75970290  13.89991 0.01253
2459329.76233730  13.87943 0.01249
2459329.76234000  13.89403 0.01407
2459330.70679650  14.08766 0.01842
2459332.72028890  14.12511 0.01628
2459333.69303040  13.90627 0.01270
2459333.71362550  13.95439 0.02285
2459333.71363100  13.90299 0.02163
2459337.61505350  13.93282 0.00833
2459337.69267990  14.18225 0.01304
2459338.68221510  13.83251 0.00829
2459338.68345180  13.85152 0.01156
2459340.68260830  13.82021 0.00701
2459340.68260830  13.82666 0.00752
2459343.45033950  14.04039 0.00828
2459344.82491930  14.20811 0.01785
2459344.82491930  14.28905 0.02046
2459345.86735100  13.88010 0.00712
2459345.86735250  13.87744 0.00728
2459347.44785110  13.91282 0.00584
2459349.65344200  13.84022 0.00843
2459349.65345060  13.83899 0.00806
2459349.68765770  13.90021 0.00628
2459349.68765860  13.92693 0.00674
2459351.65157700  13.79858 0.00764
2459351.65157700  13.84828 0.00692
2459356.63624230  13.99891 0.01042
2459356.63624470  13.99392 0.01007
2459356.67362410  14.12574 0.01254
2459356.67362550  14.14507 0.01514
2459357.69641000  13.84361 0.00675
2459357.69641180  13.83868 0.00660
2459358.62898790  13.88659 0.00851
2459359.76851220  14.06796 0.01349
2459360.81604440  13.87122 0.02320
2459360.83726990  13.90457 0.02425
2459360.83726990  13.89532 0.02243
2459365.61330250  14.04377 0.00999
2459365.61330430  13.97911 0.00989
2459367.80163740  13.98176 0.00626
2459368.82724750  13.92919 0.00836
2459368.82724870  13.92601 0.00944
2459369.78570700  13.82095 0.01089
2459369.78570700  13.85411 0.00772
2459369.82017810  13.93674 0.00748
2459369.82017980  13.91160 0.00597
2459370.73578930  14.11349 0.00799
2459370.73579280  14.12865 0.00851
2459371.74071480  13.93454 0.00471
2459371.74071930  13.90581 0.00475
2459371.81932290  13.90304 0.00746
2459371.81932290  13.91376 0.00771
2459372.34293830  14.12010 0.01232
2459372.58562820  14.20723 0.01463
2459372.58563340  14.22270 0.01241
2459372.77463580  14.16874 0.00953
2459372.77463580  14.13359 0.00887
2459374.92841190  13.83508 0.00767
2459374.92841960  13.84812 0.00684
2459376.33435960  14.06674 0.00790
2459378.32306140  13.93285 0.00998
2459379.56637220  13.95878 0.00554
2459379.56637830  13.92569 0.00672
2459379.75651100  14.17128 0.01427
2459383.56546780  13.95391 0.00525
2459383.56547080  13.96502 0.00619
2459384.62154800  14.16085 0.01050
2459384.62155470  14.22762 0.01070
2459385.66794440  13.90141 0.00694
2459385.66794880  13.88425 0.00573
2459386.55025520  13.86822 0.00927
2459388.58024900  13.84868 0.02407
2459388.58025640  13.86932 0.02302
2459392.70923950  14.20766 0.02502
2459392.70924130  14.13512 0.02129
2459393.53119920  13.95786 0.00652
2459393.53120170  13.93907 0.00818
2459400.77090840  14.16982 0.01138
2459400.77091020  14.13985 0.01018
2459401.70824460  13.90975 0.00819
2459401.70824560  13.90560 0.00774
2459402.59862050  13.92411 0.00928
2459402.59862050  13.94501 0.00811
2459402.65631870  13.80715 0.00734
2459402.65632580  13.85412 0.00750
2459403.68515250  14.12996 0.01106
2459403.68515250  14.09883 0.00832
2459405.52017450  13.86770 0.00720
2459405.52017780  13.90433 0.00700
2459407.52040780  13.92925 0.00646
2459407.52040940  13.91647 0.00643
2459407.74572400  13.91387 0.00764
2459407.74572440  13.94033 0.00863
2459408.64277520  13.93199 0.00759
2459408.64277550  13.94888 0.00693
2459409.77416260  13.90896 0.00641
2459409.77416320  13.84164 0.00669
2459411.82431080  13.87579 0.00677
2459411.82431200  13.83305 0.00780
2459412.75666300  14.05732 0.00774
2459412.75667130  14.05880 0.00699
2459412.79025770  14.07843 0.00840
2459412.79026000  14.07564 0.00767
2459414.32251180  13.91441 0.00931
2459414.63994880  14.19595 0.02009
2459414.70448310  13.82162 0.01203
2459414.70448440  13.86803 0.01271
2459416.55386700  13.86198 0.01484
2459416.55387390  13.90186 0.01583
2459420.76915800  13.83416 0.01553
2459421.54780890  14.11731 0.01460
2459421.54781150  14.11097 0.01553
2459422.26067980  14.03038 0.00791
2459422.56366950  13.84278 0.01064
2459422.56367030  13.88492 0.01054
2459423.53487230  14.12471 0.00989
2459425.37422940  14.16994 0.00931
2459425.75279660  14.04049 0.00854
2459425.75279930  13.98760 0.00819
2459428.49479600  14.20976 0.01157
2459428.49480470  14.21639 0.01058
2459428.66480990  14.03999 0.00900
2459428.66481480  13.99932 0.00792
2459432.50573870  14.18978 0.01150
2459433.35137080  13.98901 0.00556
2459434.35419670  13.97927 0.00516
2459436.58366800  13.99883 0.00506
2459436.58367690  13.96903 0.00622
2459438.35260410  14.13122 0.00906
2459439.77588430  13.83843 0.00668
2459439.77589330  13.83369 0.00712
2459442.29531460  13.96187 0.00986
2459444.48716830  13.83871 0.01447
2459444.48716830  13.83788 0.00988
2459447.51735050  14.15700 0.01802
2459447.51735050  14.13473 0.01732
2459448.58190530  14.19155 0.02774
2459448.58190530  14.10694 0.02065
2459451.39205790  13.81463 0.01344
2459456.64656900  14.16295 0.01028
2459456.64657300  14.17407 0.00940
2459458.63493020  13.89999 0.02311
2459459.60761580  14.07404 0.00953
2459459.60761700  14.09670 0.01155
2459460.63120850  13.88539 0.00577
2459460.63121170  13.95512 0.00675
2459461.62380560  14.10765 0.00809
2459461.62380870  14.08585 0.00879
2459462.34385210  13.86221 0.00667
2459462.61980170  13.88619 0.00666
2459462.61980450  13.84495 0.00662
2459465.45839350  13.92930 0.00806
2459468.22380760  13.91744 0.01076
2459470.56913540  14.04716 0.00878
2459477.60993710  13.80781 0.02196
2459477.60994700  13.87996 0.01786
2459480.52751550  13.93928 0.00991
2459480.52751550  13.88994 0.00757
2459481.50492270  14.17692 0.01267
2459481.50493360  14.17083 0.01232
2459482.55141360  13.95436 0.00892
2459482.55141360  13.90149 0.00897
2459483.51341730  14.20842 0.01364
2459483.51341730  14.20203 0.01205
2459485.50797880  14.11226 0.00896
2459485.50797950  14.09033 0.00920
2459488.50816950  13.89109 0.00904
2459488.50818240  13.89738 0.00830
2459489.64121120  13.84803 0.00849
2459490.60387410  13.87779 0.01029
2459490.60387790  13.92651 0.00844
2459490.63861710  14.15954 0.01352
2459490.63862920  14.07986 0.00958
2459492.51529230  13.94996 0.00554
2459492.51529230  13.92566 0.00670
2459493.60983750  14.06073 0.01025
2459493.60983750  14.06260 0.01081
2459496.53077100  14.00791 0.00704
2459496.53078270  13.98034 0.00682
2459497.50570760  13.83424 0.00875
2459497.50571010  13.82234 0.00742
2459498.52770770  14.14577 0.01266
2459498.52770770  14.17985 0.01414
2459501.49959390  13.84234 0.01098
2459501.49959390  13.85115 0.01047
2459502.55322600  14.09129 0.02128
2459502.55322600  14.08802 0.01633
2459504.59174890  13.95910 0.01696
2459504.59174890  13.96584 0.02313
2459505.56614170  13.90473 0.01782
2459505.56615180  13.87267 0.01490
2459507.59025290  13.89303 0.01956
2459507.59025830  13.85036 0.02017
2459508.58272260  14.11722 0.03223
2459508.58272710  14.20217 0.02581
2459511.51598430  14.02714 0.00957
2459511.51598430  14.00690 0.00792
2459513.57398750  13.89860 0.00950
2459514.54808150  13.93584 0.01152
2459514.54808150  13.96183 0.00876
2459515.56907900  13.91810 0.00698
2459515.56908420  13.93848 0.00807
2459517.51581470  14.24624 0.01591
2459517.51581470  14.18022 0.01358
2459521.54885290  14.22165 0.01383
2459524.29185580  13.89119 0.00613
2459525.53383620  14.13164 0.01413
2459525.53383620  14.12432 0.01289
2459529.51340190  13.89504 0.01298
2459530.28059080  14.13818 0.01740
2459531.50937000  13.82245 0.01432
2459531.50938000  13.99745 0.02053
2459531.51062200  13.84643 0.01844
2459532.53282970  14.06022 0.01430
2459532.53282990  14.09950 0.01404
2459533.52187670  13.85264 0.01207
2459533.52188390  13.80860 0.01226
2459534.51064170  14.16542 0.03875
2459534.51064620  14.30130 0.05722
2459624.89270730  14.19772 0.04233
2459624.89271080  14.19147 0.03079
2459625.89270070  13.84860 0.02548
2459627.88936640  13.83148 0.02119
2459627.88937080  13.84899 0.02580
2459631.63474080  14.02355 0.01302
2459634.63290950  13.88143 0.01148
2459634.63414980  13.86867 0.01681
2459638.87581630  13.84006 0.00735
2459638.87581990  13.86930 0.00832
2459639.87415730  14.10379 0.01851
2459639.90291210  14.08571 0.04342
2459641.87854110  14.18461 0.01047
2459643.87667850  14.16772 0.01025
2459643.87667850  14.18478 0.01221
2459644.90248860  13.80466 0.01204
2459644.90248860  13.84994 0.01175
2459647.84835660  13.95938 0.00653
2459647.84835660  13.95508 0.00632
2459648.89517580  13.82518 0.00850
2459648.89517580  13.85511 0.00736
2459648.89643930  13.84008 0.01087
2459650.82979870  14.16780 0.01056
2459650.82979870  14.20744 0.01025
2459654.58066910  13.98602 0.01577
2459655.83163480  13.79100 0.01408
2459655.83164160  13.80104 0.01172
2459656.83490110  14.10365 0.01475
2459656.85631790  14.08934 0.02179
2459656.85632190  14.15970 0.01907
2459656.88133060  14.16217 0.02015
2459658.81270340  13.99191 0.01376
2459658.84475660  14.13919 0.01475
2459658.84476040  14.12883 0.01592
2459659.86157640  13.84842 0.01074
2459660.83089490  13.97368 0.01218
2459660.83089910  13.95326 0.01091
2459660.83218170  13.98458 0.01601
2459660.83219220  13.95021 0.01471
2459660.85625530  14.02411 0.01404
2459660.85626630  14.11167 0.01400
2459665.81619830  14.15057 0.00839
2459665.81620020  14.16334 0.01098
2459666.78842030  13.83752 0.00794
2459666.78842560  13.85679 0.00667
2459666.78970670  13.87153 0.00798
2459666.79100890  13.83284 0.01241
2459667.80242730  14.18936 0.01049
2459667.80242970  14.22598 0.01012
2459668.80850650  13.82510 0.00745
2459668.80850650  13.81637 0.00812
2459670.79512280  13.90327 0.00744
2459670.79512280  13.93892 0.00637
2459671.85115790  14.18272 0.01076
2459671.85115790  14.23980 0.01039
2459675.79463670  13.86923 0.00761
2459675.79463670  13.92670 0.00563
2459675.79714480  13.85869 0.00919
2459676.76637390  14.19837 0.01037
2459676.76637390  14.18700 0.01166
2459677.77177310  13.84763 0.00653
2459677.77177460  13.84152 0.00573
2459678.77498610  14.21137 0.00952
2459678.77498630  14.13019 0.00778
2459679.80396320  13.87955 0.00527
2459679.80396320  13.91652 0.00557
2459680.83269460  13.99782 0.00630
2459680.83269860  14.02780 0.00633
2459681.80376630  13.90435 0.00565
2459681.85546760  13.90594 0.00578
2459681.85546760  13.90508 0.00542
2459682.85105110  13.96277 0.00725
2459682.85105290  13.94654 0.00485
2459683.90483640  14.17467 0.00995
2459683.90483890  14.18106 0.00969
2459685.74287920  14.07109 0.01355
2459685.74287970  14.04500 0.01508
2459685.76812580  13.92647 0.01303
2459687.75830130  13.99659 0.01097
2459689.71293980  14.19184 0.01762
2459689.71293980  14.26818 0.02209
2459692.85246690  14.19264 0.01140
2459692.85246820  14.21410 0.01195
2459695.59516710  14.01371 0.00755
2459695.59641300  14.01726 0.00860
2459696.62278850  14.00393 0.00629
2459696.93115280  14.03358 0.02269
2459696.93115280  14.01376 0.02987
2459697.70098270  13.84392 0.00678
2459697.70098420  13.83713 0.00696
2459698.72312530  13.99278 0.00568
2459698.72312780  14.02719 0.00727
2459700.92691530  14.19191 0.01563
2459700.92692750  14.21487 0.01459
2459704.46107920  14.08075 0.00981
2459706.69135120  14.11660 0.00788
2459706.69135510  14.10820 0.00654
2459706.74545250  14.17806 0.01032
2459706.74545590  14.18437 0.01015
2459708.71199220  14.10916 0.00823
2459708.71199260  14.09952 0.00868
2459708.71727340  14.12550 0.00935
2459708.71727850  14.13486 0.00855
2459708.71851970  14.15478 0.01009
2459711.92605840  13.97623 0.00633
2459711.92606090  13.94939 0.00596
2459711.92733360  13.97711 0.00762
2459711.92734420  13.95916 0.01239
2459711.92864780  13.96741 0.01091
2459713.70491440  14.00701 0.01314
2459713.70492070  13.99875 0.01260
2459713.73357330  13.89448 0.00858
2459714.70957230  13.90536 0.01385
2459714.71082710  13.86267 0.02005
2459714.71206770  13.92050 0.02436
2459715.74143290  13.90124 0.01390
2459716.79866560  14.11179 0.01325
2459716.85811460  13.94021 0.01807
2459716.85811460  13.92155 0.01204
2459721.62816990  13.88032 0.00661
2459721.62817100  13.82996 0.00840
2459723.41728270  13.88026 0.00605
2459725.42783500  13.84778 0.00657
2459726.92488750  13.91222 0.00653
2459726.92488750  13.92183 0.00575
2459727.79550140  13.94850 0.00381
2459727.79550140  13.96834 0.00467
2459734.35547520  13.83431 0.00836
2459734.35681970  13.86851 0.01138
2459737.34545150  14.11672 0.01079
2459737.34669210  14.09878 0.01587
2459738.59265770  13.84540 0.00929
2459738.59265850  13.81236 0.00845
2459739.85394560  14.15409 0.00891
2459739.85395410  14.20617 0.01006
2459739.85525550  14.16385 0.01022
2459740.80729490  13.87029 0.00648
2459740.80729490  13.83615 0.00821
2459740.80852350  13.90239 0.00898
2459740.85788180  13.83910 0.00642
2459740.85788520  13.85067 0.00704
2459741.83595130  14.16131 0.00927
2459741.83595880  14.13786 0.00897
2459743.56790560  13.91910 0.01528
2459747.70866770  13.94152 0.00871
2459747.70867640  13.93985 0.00904
2459749.66111820  14.20946 0.01417
2459749.66112190  14.18766 0.01182
2459757.56837390  13.95392 0.00638
2459759.54209050  14.12457 0.00830
2459759.54209080  14.13495 0.00935
2459759.54469470  14.14727 0.01070
2459760.63416130  14.13552 0.01227
2459760.63416250  14.13661 0.01106
2459761.56173920  14.06203 0.00856
2459761.56174300  14.10574 0.00765
2459762.64750160  14.22603 0.00989
2459762.64750160  14.20022 0.01092
2459762.71523170  13.88228 0.00588
2459762.71523170  13.90815 0.00571
2459763.80774530  13.96186 0.00772
2459763.80774800  13.94552 0.00609
2459765.54446410  14.14149 0.00950
2459765.54446670  14.13812 0.00991
2459766.87653810  14.13324 0.00945
2459766.87653810  14.15592 0.00966
2459769.32986740  14.12633 0.01382
2459772.68158630  14.10944 0.02001
2459777.28876180  13.83766 0.00712
2459785.22253720  14.11306 0.00990
2459786.43729330  13.83381 0.00719
2459787.63963740  13.94792 0.00681
2459787.63964190  13.96135 0.00514
2459791.23671400  14.04350 0.00796
2459795.47591690  13.99480 0.00595
2459795.47591990  14.01187 0.00641
2459796.51353270  13.83197 0.00734
2459797.53284530  14.18279 0.01358
2459797.53284530  14.21554 0.01174
2459797.53408570  14.21919 0.01329
2459805.54871130  14.01949 0.01106
2459805.54871130  14.03909 0.01042
2459806.63093800  13.89103 0.00832
2459806.63094130  13.89322 0.00986
2459806.63620280  13.89178 0.01165
2459806.63620280  13.90394 0.00939
2459808.64226870  13.87018 0.00669
2459808.64227640  13.86221 0.00685
2459810.55936370  13.97315 0.00517
2459810.55936520  13.99879 0.00610
2459811.61780390  14.16230 0.01057
2459811.61780820  14.11717 0.00747
2459813.45924580  14.00079 0.00779
2459814.60116640  13.93077 0.00588
2459814.60116670  13.97695 0.00535
2459815.62093330  14.04482 0.00746
2459815.62094350  14.02139 0.00624
2459816.66241470  13.80771 0.00783
2459816.66242340  13.86759 0.00685
2459816.66489600  13.87997 0.00995
2459817.69210400  14.16490 0.01224
2459817.69211310  14.17795 0.01039
2459817.69468910  14.10653 0.02087
2459817.69469310  14.18667 0.01335
2459819.36893390  13.85838 0.00650
2459819.37017410  13.86323 0.00811
2459820.43228950  13.85083 0.00771
2459821.48116220  14.16214 0.00981
2459821.48116790  14.14831 0.00985
2459821.48244920  14.16963 0.01198
2459822.56457730  14.16355 0.00989
2459822.56458270  14.19880 0.00983
2459823.56700700  13.84350 0.00760
2459823.56700700  13.87078 0.00705
2459824.58973080  14.14200 0.00897
2459824.58973400  14.12993 0.01063
2459825.59198450  13.88148 0.00765
2459825.59198450  13.85581 0.00904
2459826.66227080  14.02849 0.01013
2459826.66227080  14.03463 0.00862
2459829.67950110  13.85890 0.01316
2459829.67950110  13.84569 0.01442
2459832.30570590  13.86041 0.01610
2459834.65650370  14.18605 0.02245
2459834.65650370  14.24145 0.01977
2459835.51971240  14.02721 0.00563
2459835.51971720  14.03111 0.00655
2459836.50889180  13.99279 0.00612
2459836.50889180  14.00640 0.00703
2459842.27351830  14.05729 0.00673
2459843.57000080  13.97711 0.00516
2459843.57000080  13.98827 0.00673
2459844.55379400  14.04549 0.00795
2459844.55380450  14.02703 0.00656
2459845.55914900  13.89627 0.00640
2459845.55915000  13.89026 0.00704
2459847.53625010  13.81709 0.00628
2459847.53625140  13.82903 0.00687
2459848.52081840  14.17188 0.00915
2459848.52082070  14.16970 0.01046
2459850.50653300  14.00257 0.00765
2459850.50653760  14.00624 0.00590
2459851.65519490  14.17483 0.00987
2459851.65519490  14.17979 0.01185
2459853.50119580  14.04340 0.00817
2459854.50462850  13.90593 0.00822
2459854.50463510  13.94593 0.00712
2459857.29492390  14.00521 0.01756
2459859.62909720  13.82061 0.01611
2459859.62909800  13.81480 0.01451
2459859.63039530  13.86566 0.02391
2459865.61978620  13.91933 0.01267
2459865.61978970  13.82928 0.01018
2459868.51236270  13.91062 0.00588
2459868.51236620  13.90457 0.00720
2459870.35016680  13.84016 0.01218
2459871.55569640  14.17590 0.01027
2459871.55569640  14.09272 0.00912
2459872.54811380  13.86825 0.00678
2459872.54812110  13.89255 0.00815
2459873.54470800  13.99739 0.00734
2459873.54470900  14.00921 0.00688
2459874.51598100  14.12241 0.00740
2459874.51598100  14.13780 0.01219
2459875.53401360  13.90130 0.00634
2459875.53402050  13.93953 0.00685
2459876.53855360  14.01347 0.00677
2459876.53855420  14.05307 0.00679
2459877.54271920  13.87032 0.00818
2459877.54271920  13.88738 0.00662
2459878.57244140  13.93377 0.00806
2459878.57244190  13.92337 0.00587
2459879.55616490  13.89511 0.00599
2459879.55616500  13.90783 0.00770
2459880.54832270  14.15239 0.01180
2459880.54832490  14.17662 0.00927
2459881.26341290  13.90679 0.00871
2459885.55410440  13.88095 0.01147
2459885.55410590  13.83465 0.00804
2459885.55670400  13.85002 0.01604
2459886.55079010  14.19646 0.01406
2459886.55079190  14.18193 0.01222
2459886.55208860  14.18940 0.01978
2459887.54748160  13.86465 0.01076
2459887.54748810  13.91717 0.01012
2459889.53684940  13.94719 0.01255
2459889.53684950  13.94681 0.01419
2459889.53813610  13.91944 0.01395
2459891.27983180  14.31831 0.03361
2459891.53400190  13.99134 0.01913
2459891.53400370  13.98885 0.01556
2459891.53530120  13.97862 0.02590
2459897.53250730  14.14095 0.00923
2459897.53251110  14.14065 0.00969
2459897.53379930  14.14357 0.00987
2459898.52323420  13.83934 0.00982
2459898.52324280  13.83799 0.00793
2459900.51974710  13.85856 0.01164
2459998.64253910  14.12097 0.02361
2459998.87368260  14.13008 0.00887
2459998.87368390  14.11865 0.00976
2460002.61420170  14.06339 0.00770
2460003.86904000  13.84401 0.00915
2460003.86904000  13.82609 0.00831
2460005.87768480  13.86264 0.00827
2460005.87768790  13.81783 0.01347
2460011.84157760  14.17249 0.03057
2460011.84157760  14.18738 0.02226
2460014.63423190  13.85526 0.00983
2460017.87688920  14.13234 0.01276
2460017.87689420  14.18570 0.01420
2460018.63916890  13.83106 0.00864
2460018.64046720  13.83471 0.00984
2460022.86162170  13.84790 0.00856
2460022.86163060  13.89324 0.00669
2460025.56330040  13.84020 0.00577
2460026.86729970  13.92258 0.00784
2460026.86730310  13.95257 0.00492
2460028.83540260  14.17062 0.01061
2460028.83540420  14.16970 0.00889
2460029.79891620  13.87110 0.00684
2460029.79892230  13.84968 0.00649
2460031.54287840  14.05227 0.00647
2460033.54330490  14.08223 0.00791
2460034.78037110  13.90179 0.00709
2460035.77361650  14.11526 0.00827
2460036.77443480  13.86283 0.01153
2460036.77567960  13.86087 0.01257
2460037.79505350  14.12804 0.01319
2460038.82228530  13.95873 0.01230
2460038.82228530  13.92536 0.01142
2460039.79868320  14.07768 0.01079
2460040.81982570  13.91187 0.01527
2460040.81983330  13.87368 0.01404
2460040.82112390  13.86253 0.02457
2460040.83223140  14.11544 0.02359
2460042.76920450  13.83443 0.01698
2460049.49932740  13.93648 0.00415
2460050.88107210  13.88083 0.00900
2460050.88107210  13.86140 0.00823
2460052.76399260  14.14412 0.00954
2460052.76399260  14.15566 0.00968
2460052.80011760  13.95226 0.00665
2460052.80011760  13.95304 0.00677
2460053.75337200  13.82004 0.00809
2460053.75337880  13.83075 0.00706
2460053.75598050  13.83022 0.01045
2460054.73526900  14.18450 0.01221
2460054.73526900  14.19852 0.00948
2460056.72962920  13.97522 0.00692
2460056.72962920  14.01911 0.00647
2460056.73837260  14.07812 0.00851
2460056.73837260  14.08027 0.00852
2460057.72118750  13.98464 0.00719
2460057.72118750  13.94585 0.00712
2460057.80100460  13.85208 0.00711
2460057.80101280  13.83936 0.00697
2460057.80360250  13.84982 0.00833
2460059.71678710  13.99115 0.00510
2460059.71678960  13.98723 0.00423
2460060.72262940  13.88887 0.00586
2460060.72262940  13.92184 0.00685
2460061.72634330  14.09880 0.00780
2460061.72634330  14.04448 0.00807
2460062.70928190  13.84679 0.00653
2460062.70928190  13.87312 0.00603
2460062.79246300  14.14375 0.01167
2460062.79246300  14.17544 0.01042
2460063.77064490  13.86551 0.00643
2460063.77064490  13.87755 0.00602
2460064.81550580  14.13914 0.00805
2460064.81551740  14.09714 0.01035
2460064.87501870  13.96650 0.00640
2460064.87501870  13.97225 0.00684
2460065.86516120  13.85829 0.00675
2460065.86516120  13.82750 0.00833
2460067.46295900  14.02201 0.01381
2460068.70276410  13.84368 0.01329
2460069.77180510  14.15240 0.01796
2460071.74801500  14.25129 0.02521
2460071.74801500  14.23273 0.01859
2460072.86539750  14.16700 0.02149
2460072.86539750  14.13147 0.01784
2460077.74159450  13.96649 0.00813
2460077.92591180  13.83320 0.00679
2460078.73797070  13.97127 0.00646
2460078.73797760  13.99181 0.00727
2460078.92845330  14.19617 0.01217
2460078.92845330  14.18509 0.01392
2460079.91311560  13.82400 0.00879
2460079.91311800  13.82225 0.00722
2460080.57797290  13.82268 0.00699
2460080.90888420  14.16361 0.00900
2460080.90888420  14.13064 0.00958
2460081.56605220  14.09616 0.00901
2460082.83417410  13.81889 0.00839
2460082.83542600  13.81540 0.00860
2460084.55856450  13.89995 0.00782
2460085.83470440  14.11709 0.00935
2460085.83471190  14.08281 0.00908
2460088.40241410  13.84164 0.00788
2460089.81711520  13.97571 0.00711
2460089.81711520  13.95685 0.00628
2460091.39278220  13.99082 0.00828
2460091.66682680  14.13780 0.00952
2460091.66682680  14.13673 0.00885
2460091.83576100  14.00188 0.00596
2460091.83576100  13.96423 0.00628
2460092.38466390  13.83127 0.01085
2460093.37992050  13.89614 0.00874
2460094.72158020  13.95841 0.00912
2460094.72158020  13.91509 0.00856
2460095.73744850  14.00281 0.01245
2460095.73868890  13.91855 0.01796
2460096.74143660  13.93014 0.00928
2460096.74143660  13.95977 0.01533
2460097.82356010  13.83718 0.01134
2460097.82481190  13.84331 0.01458
2460098.82447440  14.17181 0.01808
2460103.83072690  13.86650 0.01200
2460103.83072690  13.85282 0.01208
2460104.83973310  14.16438 0.01918
2460107.90457420  13.86458 0.00827
2460107.90457420  13.84766 0.00982
2460108.86209620  14.22659 0.01021
2460108.86209620  14.19435 0.01572
2460110.86897950  14.08794 0.00951
2460110.86897950  14.09995 0.00825
2460110.93921280  14.07560 0.01872
2460110.93921280  14.03688 0.01228
2460111.90485170  13.81212 0.00837
2460111.90485170  13.82219 0.00920
2460112.77869110  13.82702 0.01269
2460112.77869310  13.85499 0.01377
2460114.63152190  13.89089 0.00723
2460114.63152190  13.91112 0.00741
2460116.56769750  13.87725 0.00660
2460117.61342070  14.12650 0.00899
2460118.30101160  14.14005 0.01027
2460119.65963640  14.04759 0.01112
2460119.91402300  13.91115 0.00731
2460119.91402300  13.90052 0.00761
2460120.64899190  13.85220 0.00739
2460120.64899190  13.85878 0.00759
2460121.54265830  13.85007 0.00825
2460121.54265830  13.82136 0.01001
2460122.54003780  14.19559 0.01453
2460122.54003780  14.15061 0.01295
2460123.55186250  13.83691 0.00864
2460123.55186250  13.84856 0.00918
2460125.66539140  14.14932 0.01884
2460125.66539140  14.22220 0.01739
2460126.55851130  14.09805 0.01692
2460126.83306070  13.98381 0.01797
2460126.83306070  14.00092 0.01461
2460127.27986160  13.80766 0.02778
2460127.55906090  13.87888 0.02519
2460130.51314980  13.95063 0.01737
2460131.26558440  14.20732 0.01598
2460131.51844770  13.95695 0.01338
2460131.51844770  14.08183 0.01345
2460132.25964610  13.82759 0.00895
2460132.81634010  14.17772 0.03544
2460132.81634010  14.03548 0.02486
2460133.82223340  13.82211 0.01424
2460133.82224070  13.82016 0.01043
2460136.53033800  13.85978 0.00844
2460136.53033900  13.84009 0.00970
2460138.24098630  13.95996 0.00511
2460138.83846140  14.18143 0.01317
2460139.36495550  14.03917 0.00633
2460141.27000810  13.96552 0.00894
2460142.22683990  14.13490 0.01130
2460142.67966680  14.12729 0.00841
2460142.67967880  14.14090 0.00847
2460142.71687780  13.92937 0.00712
2460147.24016660  13.92852 0.00424
2460148.43958700  14.04026 0.00731
2460149.21450570  13.91788 0.00745
2460149.77626870  14.01135 0.01080
2460149.77626980  14.04714 0.01080
2460150.53539300  14.02181 0.00993
2460151.79854380  14.11515 0.00978
2460151.79854620  14.16581 0.01047
2460153.60257900  14.19585 0.01305
2460158.35408100  13.92736 0.02210
2460159.51570700  13.91785 0.02490
2460161.49231840  13.90335 0.02269
2460162.48036860  13.79913 0.01624
2460163.51062540  14.02525 0.01719
2460167.44080670  14.02022 0.00858
2460172.42155170  14.19618 0.01719
2460180.24905900  14.14535 0.01014
2460185.22476750  13.83899 0.01959
2460194.46145500  13.89514 0.00665
2460200.44272190  13.90077 0.00718
2460206.41266140  14.18938 0.01652
2460217.61633070  14.22643 0.02205
2460218.58045880  13.86872 0.01225
2460218.58045940  13.82573 0.01027
2460219.61970630  14.19458 0.01821
2460219.61970630  14.18756 0.01539
2460221.33127000  13.88949 0.00764
2460221.60033710  14.22292 0.01073
2460221.60033710  14.19819 0.01045
2460222.64083110  13.91075 0.01114
2460223.51339670  13.83412 0.00746
2460223.51462550  13.83757 0.00869
2460224.55525250  14.08860 0.00853
2460224.55525250  14.13820 0.00943
2460225.60839140  14.08365 0.00902
2460225.60840070  14.06139 0.00727
2460227.31021730  13.84761 0.00672
2460231.27647840  14.02946 0.00896
2460233.32898870  13.86764 0.00791
2460235.49730200  14.18779 0.01333
2460235.49730720  14.19856 0.01095
2460236.53851750  13.91206 0.00832
2460236.53851750  13.96391 0.00737
2460240.27028700  13.83890 0.01545
2460241.56364680  14.06824 0.01699
2460241.56364720  14.07136 0.01456
2460243.51720040  14.19292 0.01751
2460243.51720490  14.12979 0.01390
2460245.53314010  14.21199 0.02148
2460245.53436890  14.20536 0.02757
2460247.56936640  14.22934 0.02523
2460247.56937260  14.21776 0.02171
2460250.25824860  14.20500 0.01652
2460251.56741800  14.27165 0.01531
2460253.26659830  13.86147 0.00775
2460255.55673250  13.80459 0.01256
2460256.27014320  14.11166 0.00934
2460257.51785330  13.82472 0.00884
2460257.51785330  13.80489 0.00945
2460259.53468820  13.83712 0.00740
2460260.27174570  13.97016 0.00874
2460261.52843960  13.89808 0.00859
2460263.51469580  13.88773 0.01312
2460263.51469580  13.92173 0.01100
2460372.88572370  13.92828 0.00935
2460372.88572550  13.92970 0.00957
2460378.87663060  14.18687 0.01032
2460379.87204020  13.88716 0.00741
2460381.90767610  13.95879 0.01002
2460383.90628280  13.89615 0.00915
2460386.84505580  13.91376 0.00797
2460386.84505580  13.95087 0.00866
2460387.64807980  13.94635 0.01067
2460388.63332810  13.95181 0.00710
2460388.83955030  13.90648 0.00688
2460388.83955030  13.85815 0.00674
2460398.83194660  13.85910 0.01392
2460400.84462090  13.90859 0.00963
2460400.84462090  13.90884 0.00865
2460406.89466890  13.91283 0.00920
2460407.89385440  14.06418 0.00613
2460410.91789340  13.89623 0.00915
2460411.91706240  14.07557 0.00909
2460412.58708350  14.00107 0.00745
2460413.59064540  13.90878 0.00718
2460416.58766180  13.90036 0.00623
2460416.81943960  13.93512 0.00887
2460416.81944160  13.92051 0.00831
2460417.56521580  14.16071 0.01133
2460417.83885430  13.97792 0.00603
2460418.57189530  13.87202 0.00641
2460418.79288170  13.85613 0.00620
2460418.79288170  13.81613 0.00711
2460419.84898960  13.90966 0.00601
2460419.84898960  13.93277 0.00516
2460420.53122330  13.90781 0.01082
2460420.82188160  13.88155 0.00751
2460423.83129970  14.17548 0.01594
2460425.48995750  13.82900 0.01786
2460425.73891130  13.85536 0.01220
2460432.46503730  13.92187 0.01176
2460437.44626590  14.18322 0.01806
2460437.66991420  14.19534 0.01158
2460437.66991890  14.21119 0.00946
2460438.86845110  13.87581 0.00678
2460438.86846270  13.96227 0.00822
2460439.71829880  14.10883 0.00903
2460439.71829880  14.16641 0.01467
2460440.68716660  13.89375 0.00857
2460440.68716660  13.81699 0.00750
2460442.42173990  13.99468 0.00846
2460446.43083170  14.09492 0.01033
2460446.68184160  13.96786 0.00852
2460446.68305870  13.96198 0.00915
2460447.40309560  13.85206 0.01543
2460448.64295980  14.16580 0.01673
2460448.64295980  14.15700 0.01263
2460449.64638630  13.88613 0.01228
2460449.64638630  13.80946 0.01091
2460454.64465350  14.09614 0.02583
