2458014.5094845	14.560653989226406	0.0110653835586563
2458015.5196524	14.536007785269089	0.0099388455800012
2458016.5099198	14.506847141471948	0.0092080903533738
2458019.5036967	14.601021443331604	0.0122712074625728
2458020.4967437	14.554451891058486	0.0107985188812306
2458021.489805	14.54591916092616	0.0107044981269569
2458022.4865207	14.573655384850214	0.0123738509156471
2458032.5240544	14.59711407487834	0.0172522348461753
2458033.4877069	14.4802692910223	0.010629602332198
2458035.492325	14.590975205651288	0.0123716068278899
2458037.491215	14.509078245240774	0.0105623820784283
2458039.4906844	14.496017750943984	0.0107624069191278
2458040.4874896	14.502965940552112	0.0122628406084885
2458041.491701	14.57991686426192	0.0124598244119277
2458043.4927445	14.565607642360018	0.0117148969970819
2458045.5418033	14.587634999015622	0.0115542991881485
2458046.5386842	14.59158442800895	0.0113405432224971
2458048.5471278	14.527605971963702	0.0099666327705708
2458058.5729724	14.48925716212135	0.0130383365404252
2458194.9059215	13.822057784495792	0.0106363849031791
2458195.901322	13.801422558117922	0.008676464927052
2458196.9005539	13.704381814191652	0.0087950293794895
2458198.6346714	14.49848437687396	0.0116011370170949
2458198.8950773	13.679473524471971	0.0085111803365518
2458200.6290114	14.49460745687778	0.0115867555712202
2458201.6280956	14.481448432908532	0.0110227670667013
2458207.8681861	13.784506523152178	0.0107102498705159
2458208.8673492	13.985481595076104	0.0129680075981038
2458209.8627489	14.310925130781518	0.0124314442805651
2458210.8691721	14.161697959322195	0.0098791477976049
2458212.8676232	14.399522658510367	0.0129948515903103
2458214.8779196	14.4037534710667	0.0094063515249529
2458222.8377848	14.568503881506423	0.0110825694073644
2458224.8360626	14.492573169935838	0.0097809422102104
2458228.8139615	14.569948180484978	0.0128973312888418
2458235.5356638	13.613920877659066	0.0102089841912966
2458241.8743335	14.526462613707636	0.0225997602947502
2458248.5706732	13.48012949121167	0.0089161491187937
2458251.5342711	13.812464509809391	0.0082758147356626
2458252.5077902	14.616994939587864	0.014148013374715
2458253.9502315	14.470788458716491	0.0154291310716695
2458256.8076146	14.43996340994758	0.0078547034554795
2458257.5659353	13.566661971144478	0.008803429806651
2458258.7607442	14.28476939307384	0.0035702294083125
2458259.7649464	14.278575559356518	0.0032560459462553
2458262.7158938	14.30782067480588	0.0044634522862572
2458274.9083881	14.561184847711246	0.011923227024958
2458277.7624373	14.006882994023927	0.0075867694801909
2458280.4982743	14.51833855020521	0.0120153001886094
2458281.8932028	14.38629159281984	0.0115011991292254
2458282.4946462	14.515494564411712	0.0115912935672883
2458283.5644328	14.510724718141592	0.0115482161453517
2458286.4831374	14.46763870371342	0.0102679576279313
2458287.9528563	14.450070994262273	0.0261291669996149
2458288.9270276	14.418776194464703	0.0123498903579152
2458289.9532709	14.381284801798875	0.0318924460908173
2458290.3827681	14.25839853964538	0.0059511045642981
2458290.8646412	14.188621940326282	0.0064266039841112
2458291.8163582	13.98771786496486	0.0076730118300807
2458292.8306147	14.021453818324296	0.0102184968741355
2458305.4284073	14.215921337075828	0.0034559832703279
2458306.4254514	14.181217365807209	0.0044575573532229
2458306.6700819	14.56428831424646	0.0108448708219798
2458307.4147478	14.12544095855356	0.0058503870270836
2458308.4149334	14.118520722970905	0.0056725107845749
2458309.8388495	13.761711228874043	0.0084241886471241
2458310.4168951	14.1014616574066	0.0059474847181595
2458311.5827972	14.561192445608189	0.0111602085645993
2458316.6551095	14.52401007576465	0.0099937553489399
2458318.3419014	13.517640716176258	0.0091706116069408
2458319.4551742	14.11918410519804	0.0056954967388491
2458319.8791042	13.717277253556098	0.0088469369351267
2458322.8442252	13.377951725057056	0.0107118081645346
2458323.8287757	13.42176523814874	0.0089406034846687
2458324.4350071	13.897733357875646	0.0146090228767493
2458329.6815651	14.478386904012376	0.016233013097547
2458330.3383125	13.84303587559166	0.0115730142762509
2458331.682082	14.52428346819982	0.0127618594847888
2458331.8549	13.578212449858562	0.0147213701228085
2458333.3465922	13.98175385301098	0.0074977077981143
2458333.8473589	13.92867687798658	0.0160655163386864
2458336.7042546	14.489614847508731	0.0148237641391203
2458337.3316681	14.534306100557606	0.0131729315717064
2458338.7999683	14.561563093259007	0.016720626613341
2458339.3342445	14.634272891406994	0.0144662097778137
2458340.3310009	14.653658220286635	0.015341752759076
2458341.6112754	14.428540271973166	0.0075650557364539
2458345.3185569	14.554628202957156	0.0125430810497975
2458345.6205124	14.346837869098657	0.0052067430396805
2458346.3041702	14.509545553566577	0.0114735272111244
2458360.2836608	14.455803967351915	0.009871536679578
2458360.7669541	14.444305331200448	0.0198336422350548
2458361.7371561	14.422967313844069	0.0159797348318533
2458362.7657884	14.454428289372787	0.0197307951514724
2458365.2932276	14.505888614453704	0.0109803611460402
2458366.7422318	14.430076155232506	0.0080383543297967
2458368.6316454	14.044100925827848	0.007397245571753
2458371.2813139	14.44081276398907	0.0093838205438265
2458371.5953663	13.823061977018	0.0084778749662057
2458372.7224231	14.31074823535007	0.0101375546752574
2458373.7327411	14.319514177486964	0.010292342760079
2458375.2879337	14.45022076020815	0.0101234446784346
2458384.6930062	14.03829234971645	0.0183151711400292
2458385.6398431	13.74726316028864	0.0143986741139203
2458386.6801687	13.985390132297953	0.0158578593976633
2458389.6848702	13.8953721138536	0.0114938445160806
2458391.6795453	13.770356194006348	0.0094397196814081
2458392.6661356	13.697985334967743	0.0089355100433395
2458393.56692	14.562307955676852	0.0116139851175085
2458394.669736	13.689550054006416	0.0086211068860197
2458396.663843	13.591619936386245	0.0091989128631549
2458397.6615554	13.59561487377225	0.00854915442076
2458398.3813619	14.465741749056283	0.0102628278481925
2458398.6592826	13.503446788004606	0.0082145834993814
2458399.334973	14.350680795314512	0.0076790597766397
2458401.2446495	13.95444245926183	0.0077212092177934
2458401.6412417	13.36985630083274	0.0093855394268329
2458402.2893729	14.146026787760276	0.0055506303017948
2458404.6407325	13.701180099098153	0.0081745628932121
2458406.6296464	14.355045585199202	0.0072859222702582
2458411.6199995	14.591498230307137	0.0179184629046602
2458413.3187448	14.057019833301611	0.0093873812724799
2458415.6090012	14.64066235319784	0.0227372976274684
2458417.3273928	14.050603242767393	0.0118390157435518
2458424.3211229	13.911539773340388	0.0080820418646769
2458425.317794	13.855335275644896	0.0081217868554865
2458425.5767687	14.497789741540474	0.0120013024990622
2458426.5739654	14.509549695370936	0.0122106375396949
2458427.5709347	14.516601887255078	0.0125697248679746
2458428.3282795	13.877709851027609	0.0082582965476409
2458428.5675978	14.504144036381808	0.012054927920172
2458429.324271	13.786294502958016	0.0085157423844732
2458429.5680341	14.499980299193696	0.0127799574293785
2458430.3028684	13.606106451661852	0.0088760272955123
2458431.5633779	14.453784657514358	0.0139926666689823
2458432.558183	14.507964915252638	0.0130074879564952
2458433.5527531	14.558866126268756	0.0118990431816452
2458441.2764276	14.049737532028884	0.0103253198470983
2458441.5295233	14.431442889215996	0.0145676204834299
2458442.5268039	14.403386401076252	0.0133938079715824
2458443.5228983	14.391322422361092	0.0129173809915
2458445.5177548	14.347354743019324	0.0189145600353723
2458446.5145744	14.303568448264288	0.0160594394829354
2458551.9069358	14.194734539300422	0.0241756881601055
2458552.9073401	14.237295929372689	0.0221373996377178
2458553.9028242	14.193788446495455	0.0108894736910898
2458554.8982941	14.154663467128133	0.0073843001251837
2458555.8964698	14.219660491372556	0.0077529107205148
2458556.8925309	14.085812844323886	0.0058599792747136
2458557.63782	14.501615075684766	0.0123542209992221
2458557.8956512	14.08430472672348	0.0060348222305238
2458558.6293022	14.515736855418968	0.0125818316804516
2458558.8972611	14.147137585765218	0.0068180213453407
2458559.885235	14.028442522697205	0.0078132969583605
2458560.8807409	14.029141084836104	0.0077197772402145
2458562.8961813	14.03130932524028	0.0115623723010113
2458563.8957404	13.991478201867714	0.0097545107236433
2458564.8908721	13.925022728816751	0.0110319038749278
2458565.8977666	13.970898161160369	0.0101825259248723
2458567.8845729	13.86292046506896	0.0094618640238584
2458570.8601868	13.668328959817844	0.0088375143519971
2458575.6040833	14.531193197320516	0.012240693818428
2458575.9145772	13.854798208407416	0.0086523388161158
2458576.8545836	13.43723297924543	0.0082700277372207
2458578.8464096	13.376041397630264	0.0082231312226068
2458579.8526236	13.384965838017076	0.0082380386042135
2458580.8438467	13.47247220512606	0.0082451592814584
2458581.8430986	13.599218319391884	0.0082371693818957
2458582.8424785	13.733916831554396	0.0079851214612219
2458584.8329736	14.299163523883516	0.0074864810783422
2458586.5684278	14.320794468106596	0.0077200937062529
2458586.87639	13.402191076226922	0.0085126126970138
2458588.8195465	14.632679176898137	0.016281601575588
2458589.8171308	14.704070671568063	0.0175638788474384
2458590.8768922	13.615547999289214	0.0086962075859183
2458591.9057193	13.400250314677235	0.0083945348146013
2458592.5579833	14.188622500342486	0.0179650399146856
2458594.8038621	14.550756194228663	0.0203133156581576
2458595.8014966	14.50479038010542	0.0154553923053114
2458596.9037331	13.504394194974624	0.0097194695219348
2458602.52386	13.900143593436054	0.0086373341499606
2458602.934307	13.412588823963103	0.0178619917991892
2458603.6532952	14.360171827816398	0.0092354178498098
2458604.7778862	14.494344193766349	0.0122470683279595
2458605.7700546	14.610336018252482	0.0138511167949331
2458608.7873559	14.574555783573766	0.0117699482061455
2458612.7539402	14.565200422960292	0.011376432779732
2458613.9186891	14.66414538554358	0.015645543785286
2458614.859256	14.513523357691566	0.0099265350445732
2458616.4866563	13.35469565244802	0.0088134715832304
2458618.4840428	13.59238209697179	0.0103928109663053
2458618.8590014	14.6039447463318	0.0123291534229671
2458620.5173183	13.39291965380118	0.0102208705880572
2458620.7512303	14.474686474569992	0.0157571125416021
2458621.7247097	14.427891164806343	0.0222031690049262
2458622.7470458	14.40002534832152	0.0196273125077995
2458624.8303933	14.475744315623816	0.0157762096782729
2458625.5730361	13.64399801278698	0.0104606929474597
2458629.6499767	13.995211043390576	0.0111293402973448
2458630.9380357	14.481170091484444	0.023036362468539
2458635.6939839	14.134536997673008	0.0073362576857062
2458636.6779053	13.994656050668103	0.0076183253208107
2458637.6873439	14.02401668019618	0.0067947951976232
2458641.6805503	14.288310343857187	99.99
2458643.6619656	13.844230133664674	0.0085040736160331
2458644.6792425	13.839519719890212	0.0076510280343516
2458645.6626516	13.755846818431568	0.0094460991289407
2458646.6990367	13.925267724313992	0.0082171704930124
2458647.6926057	13.87485418481412	0.0093777446160924
2458648.6653388	13.684229001166395	0.0092770091715442
2458650.4723463	14.50111110040272	0.0161104505382899
2458650.7973055	14.295963125281668	0.0128785148013164
2458658.5328362	13.77019059450323	0.0087166075006149
2458659.7083219	13.784160985354642	0.0086196207725207
2458660.731702	13.820953170546437	0.0086234735189935
2458660.9431622	14.457332249022548	0.0176823359052988
2458661.6419636	13.822288653678411	0.008670260647537
2458662.838143	14.321983409237337	0.0057704476739265
2458667.6901152	13.380949491985737	0.0084990004023208
2458668.8036346	14.02940799001296	0.0074386823257429
2458669.8091467	14.030687525044774	0.0074206350231585
2458671.6217036	14.60575122484518	0.014449242769658
2458673.3938893	14.278343334937263	0.0064863820211039
2458674.3197534	14.035790836795847	0.008052167207844
2458674.9146448	14.281624916114088	0.0095272239137007
2458675.9142602	14.265190426598547	0.0095926358871199
2458676.6409439	14.68254009999843	0.0167638275955568
2458676.9143356	14.283234472920974	0.0099229536118282
2458677.4177961	14.325543356917958	0.0101639781009207
2458678.6065028	14.531125099541107	0.0183758964639683
2458679.7251206	13.454203333489756	0.0110277341809045
2458689.6848267	14.72181786494354	0.0157356156639968
2458690.328355	14.019166545793018	0.0071157685940864
2458690.569395	14.55298487560636	0.0112617359838749
2458690.7462277	14.03369237989546	0.0069884428388744
2458691.5975783	14.511002613479798	0.0143445122299772
2458691.7057546	14.73480033106811	0.0160251469068288
2458691.8741868	13.930144087820556	0.0095253156125135
2458692.6957697	14.582559465231204	0.0142703959144771
2458693.2779197	13.420200830496054	0.0088302441691252
2458693.7573851	14.180764827801472	0.0034977147103759
2458694.8649478	13.794716738908177	0.0090543417708004
2458697.2593046	14.492759220907253	0.0115985114865261
2458697.6000595	14.585428139349409	0.0118796542573463
2458697.6720973	14.52280666324957	0.0127120098118768
2458697.8521225	13.599691938543078	0.0096590929439778
2458698.4140467	13.976265577849324	0.0075279411282586
2458698.6659974	14.531934117520006	0.0127902421746551
2458699.3719113	13.7162875408809	0.0086023241268429
2458700.365752	13.654273631625571	0.00882200894088
2458700.6687487	14.51759799270021	0.0129961050571897
2458702.5469609	14.451989887422709	0.0101623034120207
2458702.8046285	13.814307159869305	0.0074929605025378
2458703.5548913	14.386285809226624	0.0109526953654519
2458703.868985	13.56699922397403	0.0109682540192313
2458704.5893532	14.498708672666307	0.0133061050597545
2458704.8274039	13.422240703930758	0.0086960743534365
2458705.5885774	14.454007576343033	0.0124815145552851
2458705.6495268	14.33952593346872	0.0088217864179186
2458712.503272	14.072103520585388	0.0232861725014712
2458713.5644427	14.33030435127436	0.0107959812880323
2458715.7948628	14.62929823757812	0.028081977028128
2458716.4175955	13.56242566812126	0.0092965143740491
2458716.6384581	14.50040596592194	0.0106115204189076
2458717.3061491	14.624917506687876	0.0147746338520396
2458717.7194968	14.475626775488555	0.0152171799192561
2458718.5250159	14.093451346528152	0.0080566709228332
2458718.6282228	14.445784134344644	0.0108078467457889
2458719.5042284	13.994256929930817	0.0093105962324554
2458719.6256462	14.453123957138338	0.0105583573450813
2458720.7813752	14.482710683232822	0.0146762941460935
2458721.7784348	14.539014769568867	0.0152574420197897
2458722.7165667	14.503944831702878	0.0100618990686356
2458723.6844152	14.481805914638766	0.012103478490145
2458724.5270485	14.073430964813593	0.0075547969196373
2458725.6876208	14.571241690823603	0.0117443316005245
2458725.7611773	14.529075477108384	0.0131631410334078
2458727.5578054	14.112111876492664	0.0068040967460065
2458727.7453973	14.495664860756252	0.0157841149103488
2458728.4835128	13.69224724043033	0.0089233737120326
2458728.7740221	14.52052227946732	0.016402017777647
2458730.3927163	14.474004064048444	0.0110621832944565
2458730.7297552	14.52218740904396	0.0165861597902215
2458732.2392833	14.483028695426318	0.0120669529204325
2458734.7013641	14.594808143335907	0.0251940933812018
2458740.5717241	13.99447609932906	0.0138267779031513
2458741.6160907	14.072824269983874	0.0111915745412639
2458742.5646922	13.866463171871004	0.0084315549307146
2458743.4615202	13.908275294821248	0.0120867831489135
2458743.5619833	13.824959448166553	0.0081136101256647
2458744.5607645	13.834605909238793	0.0085385466029598
2458745.5551332	13.735546900603556	0.0080762870670467
2458746.5510248	13.723963966444204	0.0084720782725958
2458748.707918	14.409360979135768	0.0073920302787964
2458750.6968795	14.292537701757055	0.005529462344808
2458752.5179738	13.397936455199517	0.0082299785343822
2458752.7065829	14.267579551394237	0.0085952245767114
2458753.23692	14.372398635109024	0.0085227521810802
2458753.5128426	13.610509778272872	0.0086375378108915
2458753.7057083	14.23256952923766	0.0076785089022534
2458754.4151809	14.496097190972051	0.0110273982787197
2458754.6921026	14.208496517765958	0.004493631868687
2458755.6705325	14.097932485581987	0.0077152701556261
2458756.502943	14.396183828098518	0.0070991857479076
2458756.7057215	14.19638655748766	0.0090098779148716
2458757.6952593	14.165897415440265	0.008311180306213
2458760.2404683	14.286141608154535	0.0064756188450246
2458761.3079232	14.4820457614878	0.0150026106658046
2458767.3420331	14.472975505777764	0.0176770404341845
2458767.6609775	13.807331643023304	0.0152133195851153
2458768.31928	14.4070681620449	0.0148149022462806
2458769.6627048	13.759241263264403	0.0179352765541232
2458770.3892734	14.480107938265515	0.0263752535444707
2458772.5921351	13.4831578425044	0.0105228302322562
2458773.639948	13.54411448251378	0.0113102083461179
2458774.5937414	13.698769796805934	0.0082351713312392
2458775.3431285	14.426966693357748	0.0093591186804786
2458775.6348783	13.429938932084683	0.0094177707856413
2458777.6276601	13.338121718944954	0.0093927329985456
2458778.2771966	14.15638652679201	0.0058188625824126
2458778.6291899	13.307269711901627	0.0094301190741425
2458780.6215732	13.624701648941834	0.0082712070880634
2458781.6181102	13.859195090898169	0.0076656683922105
2458782.615051	14.071706075759591	0.0054718323037047
2458783.6117936	14.358892948119946	0.0089085854181959
2458784.6172099	14.278850638358756	0.0089156237490719
2458785.6097878	14.502943063175678	0.0153987383760414
2458786.3413692	14.24056757140081	0.0048409028282762
2458786.6070439	14.576258736376316	0.0173498056606581
2458787.3417414	14.266140249912972	0.0071958497468106
2458793.5826605	14.545480930581672	0.0165182047976722
2458794.5800064	14.497101797333878	0.0203398415691832
2458795.5771208	14.501426858425218	0.0178804226990373
2458797.3152478	13.998992044570391	0.0129587853786686
2458800.2918623	13.800054289505235	0.0135626301919796
2458801.5434641	14.607806163306464	0.0205049211861968
2458802.5418072	14.512546024482502	0.0136682729668259
2458803.5422764	14.429888512908484	0.0154899526687718
2458804.5344016	14.573868858571622	0.0129508276247494
2458805.5323392	14.505069996266917	0.0121759236953776
2458806.5282484	14.563987796801005	0.012659245923548
2458807.5272343	14.511355827519258	0.0123893659876562
2458808.5227847	14.481851299376524	0.0130857153428945
2458810.5163259	14.491024288903215	0.0131502911091159
2458811.51312	14.49088086184725	0.0188052241676391
2458814.3131791	13.576672145589503	0.0096450437228156
2458921.8921001	14.408518547804343	0.0133453183686158
2458924.8819057	14.336467836948811	0.0103659664827966
2458931.6281362	14.524410227555752	0.0130530622717567
2458973.9555388	13.68053322675323	0.0101391862174172
2458978.4921012	13.779125417919666	0.0175862159265129
2458980.5416348	13.94791429154554	0.018018346364218
2458986.4789386	13.55127267618956	0.0090136920406048
2458987.9174748	14.095955913067996	0.0046489775288541
2458993.4620955	13.414389195773762	0.0088279042666142
2458993.9074756	14.6042647234163	0.01837275999239
2459000.4385607	14.560255822458688	0.014915158411919
2459007.4243793	14.404973857783844	0.0317494405372217
2459014.8577866	14.49803024589793	0.0155036595587125
2459016.9226443	14.497219167028955	0.0150664287149115
2459019.8367447	14.452050444396177	0.014058766753066
2459022.8298472	14.443513000041134	0.0130862420998229
2459025.3728832	14.485293402432715	0.0119666799980328
2459031.3581952	14.42175301636949	0.0129667376844668
2459042.7722053	13.993636030943597	0.0070183700406571
2459044.7672318	13.942255068450812	0.0072122535020846
2459045.9156199	14.415707140248092	0.0149226180095092
2459046.8264337	14.139003596902644	0.0038974324728599
2459047.362815	14.252603581520187	0.0057927093138834
2459047.9048066	14.42554572278166	0.0134701891666407
2459048.4039017	14.379262930276504	0.0080355634835266
2459049.2991126	14.064223363428347	0.0065128314500789
2459050.2844523	13.901460382633806	0.0080801599804391
2459051.4255533	14.446969188085388	0.0096363429840967
2459052.2894462	13.98294240516776	0.0073508136042518
2459053.285039	13.839437355819353	0.0084780774362629
2459054.2740073	13.766695915747484	0.0087164188323715
2459055.2708637	13.70766010088416	0.00951435945549
2459056.2679949	13.701990385946468	0.0094927053156823
2459057.7771931	13.693409760940476	0.0089245026272631
2459059.5247907	14.455860740737055	0.0102078312535676
2459061.2579632	13.475564283359212	0.0103232970088666
2459067.8165023	13.668410786877349	0.0190258108114083
2459072.8195599	13.609340689335848	0.0099702618151731
2459080.7834981	13.97457923094261	0.0070568126239854
2459082.796726	13.886151083609873	0.0087092716467595
2459084.6646182	14.447246394094414	0.0145615252945616
2459102.4721811	13.804301154134508	0.00912138150785
2459108.4314723	13.480324264234236	0.0089172293795377
2459111.2710588	14.47179692710759	0.0115723487869905
2459116.2881642	14.493854590450152	0.0143280782711444
2459125.6761202	14.202811308897028	0.0291976217886567
2459126.672045	14.105486686442973	0.0180855493786455
2459129.6435162	14.113789158352184	0.0044277877146506
2459131.3849411	14.458864478315034	0.0110274129437049
2459139.6222627	13.78685065227278	0.0088500545391284
2459140.6344242	13.838751799449064	0.0084208621110638
2459144.286221	14.380657779194491	0.0090523824681932
2459149.2768356	14.15851271746245	0.0152712180565663
2459153.3037045	14.262170465816048	0.0162075384473439
2459154.3028825	14.33871362337787	0.0225514127512821
2459155.3174217	14.323716230398864	0.0151464487859486
2459155.5806998	14.076020785299278	0.0126489400221
2459156.2929335	14.250236631577206	0.0080202306761921
2459157.5762272	14.482563360560704	0.0144602803220524
2459158.5683989	14.630971615863269	0.0194264643162526
2459159.5679049	14.62503990522842	0.0184588524994796
2459162.5780215	14.582174473286347	0.019249277647743
2459164.5456334	14.566177192946816	0.0117642411603142
2459167.5235311	14.50761404009349	0.0107444936187847
2459168.5501664	14.519525112273753	0.0132451696813811
2459171.5095513	14.52285483438944	0.0424393976375394
2459175.5195747	14.486530339777987	0.0159417498051543
2459177.5460375	14.52075411779399	0.0168879047707026
2459278.9003772	14.479234550519395	0.0253958262810142
2459286.9035332	14.505940360792334	0.0161991459987215
2459292.6432481	13.529548733418162	0.0091216568805169
2459296.8624206	14.355948921121778	0.010173076837714
2459298.8575572	14.286277411744056	0.0074804540894359
2459299.8431192	14.248445265073212	0.0072457846562799
2459300.8768562	14.403001428454807	0.0176074953549133
2459304.8721904	14.361228253175206	0.0102352360481816
2459312.5648014	14.496729755941775	0.0129819207557949
2459313.6150689	14.459831531188993	0.0106179105230146
2459314.8180601	13.895833595608003	0.0078682662173784
2459315.8122151	13.806502561902212	0.0077234178209809
2459317.7958821	13.68967187660521	0.0088380738438892
2459318.8138144	13.834060797529128	0.0083207039955444
2459319.813895	13.829767776045133	0.0074829878775235
2459320.8996341	14.149711566289518	0.0038730614669627
2459322.5539118	14.495790134110717	0.0128027265779848
2459324.7813344	13.381167349114929	0.0087279164512499
2459325.8754813	13.971686088773057	0.0084813746380071
2459327.5968155	14.477665202295682	0.0117826031615048
2459328.7813719	13.518998959556397	0.0091645056501506
2459333.8112894	13.357913666805311	0.0092411439141008
2459340.7537245	14.590627355249737	0.014898076432607
2459345.7280266	14.52307786282408	0.0128303377659961
2459346.7256833	14.520224534552996	0.0128397300034023
2459348.480184	13.989833718418886	0.0080609533510774
2459351.8527739	13.997085357312804	0.0080422233144614
2459354.9146027	13.452887083270188	0.0095235010358722
2459357.4476841	13.619457923158748	0.011353041792393
2459366.6716264	14.490620807624166	0.0147873009907089
2459368.6919682	14.487878725864878	0.0123466670007328
2459370.5472259	13.90896506915084	0.0082415077396217
2459371.554567	13.950459008040411	0.0078801273332495
2459373.9201975	14.482869456277808	0.0145334905773342
2459375.4145551	14.611145017496934	0.0152208566256663
2459376.4470642	14.00257131837709	0.0075730170299819
2459377.4415362	14.35558065786575	0.0114846332467044
2459379.7913418	14.565270391477876	0.0113291450224536
2459380.7496304	14.44415261014924	0.0110618036571402
2459382.751005	14.503597056541883	0.012529743017946
2459383.8708658	14.474626896733753	0.0147720082869878
2459385.383345	14.531841054248698	0.0147447812909175
2459388.6260559	14.114402253886071	0.0111069043161554
2459394.7026781	14.183310747816645	0.0072373771956365
2459397.9287003	14.563254585762676	0.0200469711945324
2459402.3256133	14.462998884538464	0.0126052297494449
2459403.9159767	14.512578914288389	0.0157814905718814
2459405.3694882	14.400854761231267	0.0087724366976667
2459407.7877499	14.37541523723798	0.0074268428457668
2459411.2886897	14.249818838300325	0.008294629192892
2459413.2846707	14.298295216571717	0.0076065554113417
2459415.7863142	14.373124958299698	0.0073539487233933
2459416.8829658	14.468470524511712	0.0132825307698179
2459422.3148007	14.148890606260045	0.0159970977595406
2459422.5712974	14.616442512322235	0.0176743749400662
2459425.3588816	14.284877895540314	0.0056523701384397
2459425.7668726	13.912918625583997	0.00971010790069
2459426.4639305	14.47071920162614	0.0123724553820504
2459427.8284577	14.239165508743708	0.0075550946216899
2459429.7615981	14.288310343857187	99.99
2459430.7121992	13.552694405075709	0.008640422576627
2459431.6771302	13.623941872466176	0.0086208434018494
2459432.6090022	14.66105819997723	0.014201979295616
2459433.5796142	14.56424010209346	0.012230165811297
2459435.774454	13.82840756416326	0.0086170406223177
2459437.3628439	14.139030665410155	0.0056676376836766
2459443.5654446	14.586932175281396	0.0168022933845228
2459444.6889207	14.695789259970375	0.0196361738325789
2459449.6402833	14.469414570092283	0.022952924303597
2459452.7463993	14.016089730189032	0.0083255755262856
2459456.6362333	14.59738983996922	0.0134052503079215
2459464.2361366	14.56774138544867	0.0142911844054003
2459465.6094155	14.53558679012498	0.0114696477951208
2459466.5716277	14.530615697866429	0.011011443053307
2459467.6040613	14.498452903272083	0.0122537124480669
2459469.6597749	14.554185412809533	0.0172749557013342
2459471.7253865	14.517597662384542	0.0147845970321763
2459476.4359515	13.7362182605793	0.0151698770874108
2459478.2312119	14.480284290031546	0.0220927134804879
2459480.6984846	14.484529478723276	0.0170645895621366
2459484.5974593	14.383425151467245	0.0076147673450717
2459485.6751411	14.537987180792417	0.0123251546369478
2459487.6705468	14.527903797993604	0.0167601776151625
2459490.6105994	14.299891666195046	0.0098781558777715
2459493.4126468	13.877077122157464	0.0086060703042826
2459494.6700904	14.4271638968567	0.0163567028398291
2459495.6696639	14.304167675253437	0.0164038386333789
2459497.5857347	14.009574400230647	0.0085959356866946
2459503.5604484	13.868844972484526	0.0132217155156983
2459504.6324344	14.18828428953082	0.0139242652566484
2459506.6288947	14.258428534335012	0.0937738117263593
2459507.6258201	14.470397082069772	0.128049170347572
2459508.6202631	14.047179833995129	0.0130997656182274
2459509.6169339	14.029291711191403	0.0107883635611809
2459510.6214381	14.031853952309293	0.0228587247420604
2459511.6177248	13.777579727986854	0.0170259612667437
2459513.6127204	13.885638556143896	0.0087113187998928
2459515.596035	13.764245491821406	0.00876267460414
2459516.5697374	13.601231585310696	0.0083827761957931
2459518.5088431	13.76798710586651	0.0085723123762162
2459520.5934326	13.661778909463049	0.0091495737477371
2459521.5865788	13.590142114503143	0.0082948710725938
2459524.5726334	13.400465488520457	0.0095406456690228
2459525.5649773	13.406924485914375	0.008718669604699
2459531.3080951	14.4032187568014	0.015208927406699
2459532.5511113	14.593903005926816	0.0190525331857851
2459534.5525571	14.633181402968392	0.0269494099689437
2459538.537733	14.267438381668024	0.0636877996862089
2459539.5238294	14.521146089597304	0.0143624826572499
2459541.521186	14.482864640002852	0.0137659985850141
2459542.5138347	14.489703839479734	0.0237934616255699
2459542.54832	14.612798346076891	0.0170373351557625
2459543.5184919	14.504469027874698	0.0173315158387257
2459545.5155111	14.509893036056008	0.0263800490652003
2459642.9014303	14.531769454582037	0.021134142622295
2459644.8948604	14.560458780581538	0.0137511470560514
2459647.8891326	14.530259201701629	0.0140089226626056
2459649.8835029	14.52198318946004	0.0132440634458192
2459651.8778082	14.501884838387271	0.0130282150881099
2459652.8955704	14.588588004006471	0.0135783043880966
2459657.8833895	14.50974020816908	0.0189883166930719
2459658.8648207	14.454711980997816	0.0178020280554274
2459659.8740176	14.49947211954144	0.0179830999687046
2459660.8654529	14.623015820687815	0.0188287192365363
2459663.9034778	14.496803406683147	0.0136226778389317
2459667.8462993	14.419869168177453	0.0101715260759928
2459669.8756254	14.546004551062511	0.0115853675196642
2459671.8439993	14.354671290052435	0.0086590672747692
2459673.8383155	14.315352497771466	0.0083204329400694
2459674.864778	14.403762023738771	0.0073769058497322
2459676.8236911	14.271473314510777	0.0041921920718739
2459678.8246624	14.18633277816209	0.0089345278484054
2459678.826441	14.257846192820258	0.0059059097781193
2459679.8493902	14.343545733563772	0.0079416306221425
2459681.5819307	14.60844315781748	0.0273905245536212
2459681.5831709	14.597989492002972	0.0189570758599505
2459681.8212498	14.176635700796648	0.0049136568598236
2459683.8104167	14.072745991977316	0.00964441984642
2459685.7949953	13.943291903750366	0.0145637674395003
2459687.7867337	13.982454089330805	0.011380065344977
2459689.84879	14.20871179432002	0.008766989607637
2459689.894722	14.262042385811936	0.0093400438173473
2459694.8393186	14.069993857249424	0.0080653622510116
2459695.7710177	13.823842985322155	0.0083130200064873
2459698.9680948	13.8142104071148	0.0323809605490825
2459701.5552457	14.464374041627943	0.0105758480335168
2459702.8450469	13.88865121656804	0.0073859361566391
2459703.7926121	13.509898459188822	0.0083732935667758
2459706.9657741	14.035801792554018	0.075227865046749
2459709.4890946	14.314349927028198	0.007643561594255
2459709.7395944	14.589506919516548	0.0151399276324945
2459710.4834288	14.27852159591663	0.0156638475019998
2459711.4931136	14.249742093373827	0.0116283219593041
2459713.683907	14.306025382553091	0.0364293965006166
2459714.4725526	14.176259406960495	0.0206132945559276
2459715.7214135	14.604882471956143	0.0167794349140216
2459715.7227164	14.631067207640942	0.023999345169287
2459715.7240241	14.617812897241835	0.0232103773488079
2459716.8505799	13.612548573822306	0.0104044143887975
2459722.6578714	14.477092930299612	0.016761236065748
2459724.4455867	13.947722426657675	0.0084018354909221
2459726.9136874	13.748323007727077	0.0078764870741191
2459726.9162598	13.74268223478295	0.0085871399551224
2459727.8411136	13.769556293255594	0.0084061298455852
2459727.8506448	13.48757803739424	0.0084860524145897
2459731.9327863	13.782627167670745	0.009037831781639
2459733.9334035	13.653115696935387	0.0093552225272665
2459737.8749341	13.838216877713954	0.0081436078511055
2459740.8187741	14.626988793062374	0.0127909892671996
2459741.7746752	14.527707652234616	0.0139812353790898
2459749.7452802	14.513631219495927	0.0153164182843183
2459751.8264205	14.481037484260032	0.0144961586579036
2459755.927957	14.38368428311296	0.0124727088905663
2459756.8185731	14.487088153505429	0.0152839962202263
2459758.6173441	14.236074636982984	0.0041035120210424
2459760.8071332	14.496091000477913	0.01521782876173
2459761.8032604	14.56857877336294	0.0112765507971733
2459762.8087479	14.596287884978398	0.012061958468161
2459762.853809	14.524433880541723	0.0126271733728946
2459764.9213472	14.607850492054954	0.015259843480676
2459766.4678937	14.43106855753422	0.0104613902793335
2459767.9089856	14.56562866354512	0.0139683021726621
2459769.745178	14.498033371611063	0.0105547292345015
2459771.7715516	14.358919095164415	0.1157185868370199
2459773.3269002	14.41440662540436	0.0374479132388356
2459773.3281405	14.442423525970437	0.0474803206136063
2459776.7547613	14.096401478749248	0.0356238590433218
2459779.8180675	14.377869086721487	0.0170945344324099
2459781.8852336	14.538029124079443	0.0313646471353222
2459782.740709	14.301538041536205	0.0048876849016868
2459783.7245605	14.206507637860105	0.0057883179390401
2459783.7654054	14.33635051645113	0.0080177312849094
2459784.6604552	13.860558032702375	0.0073366525956142
2459785.6104877	13.515183530066658	0.008263641479547
2459786.8389145	14.480109822474036	0.0113608261734124
2459788.7515789	14.265820226295642	0.0081846649428181
2459790.8322859	14.4469510468456	0.0133304272039385
2459792.4081279	14.45977219694784	0.0112470597474452
2459792.4093798	14.491321368032487	0.0142775809499469
2459793.7816157	14.176775193510212	0.0061713562593771
2459795.7142089	13.901990409459398	0.008330058532993
2459796.7504544	13.983974546318748	0.0119225057725987
2459797.4976646	14.570342999689744	0.0163281804741684
2459800.5243914	14.506381137282208	0.0210563813102413
2459800.5256767	14.500035732528316	0.0209064763656849
2459804.6615525	13.382526165930672	0.0101502478775346
2459806.6836098	13.511869945032371	0.0096307078114726
2459806.6848502	13.489593263906553	0.0102501687452336
2459807.7735913	14.01492347439123	0.0090263640218665
2459813.7990074	13.989554676735798	0.0064337997828208
2459815.5142525	14.49968881412859	0.0120532334989377
2459816.5642906	14.585347394557218	0.0119869884802223
2459818.8012859	13.844762091951504	0.0086207076555899
2459820.2822519	13.722650866272136	0.0088072066841034
2459822.4269591	14.295753583814747	0.007008051752632
2459823.7445024	13.44233446960667	0.0085917369497364
2459824.7194236	13.774106425176477	0.0079512552183231
2459826.5052028	14.524525718195784	0.0119236929358288
2459833.4929239	14.481692440174688	0.0503414205850442
2459835.4438138	14.197963214713702	0.0159289641031016
2459838.4436436	14.204920792355953	0.0101938452937842
2459839.6600318	14.521970364426846	0.0154140682490011
2459840.7200654	14.589800286750696	0.0176051967293641
2459844.2394203	14.545412527855932	0.0127786358148301
2459846.353558	13.501630733773116	0.0089970237118612
2459847.622729	14.491254319609496	0.0146058391675405
2459848.6045375	14.63080689402284	0.013678941414614
2459850.6323242	14.537403581015646	0.0131099084228697
2459853.2647599	14.522752863820166	0.0128601847567511
2459859.5811755	14.358765469404402	0.0133124249769274
2459859.5824621	14.36319470117719	0.0222103921100139
2459861.5682232	14.401888789942044	0.0138284184031503
2459861.5694519	14.402820715858152	0.0145848724275676
2459862.5536366	14.263944284329767	0.0103031658604915
2459863.5394828	14.164606807858192	0.0081376045610428
2459864.5131339	14.045411957906264	0.0064873084164222
2459866.3964713	13.492885232820392	0.0115087891063943
2459867.6205327	14.389432277959944	0.0098204937540865
2459868.6026012	14.3096883955943	0.0079362768378709
2459869.5724211	14.18586207887697	0.0035256062285219
2459870.5469639	14.069436091866992	0.0055980669594761
2459871.5395013	14.093923503592096	0.0072058247076918
2459872.5992337	14.24139387968313	0.0057411078563118
2459873.5570328	14.169188660131562	0.0059471105905367
2459874.525148	13.90542619116924	0.0074928660443623
2459875.621115	14.277187924801437	0.0069473078363927
2459876.614145	14.234427031811844	0.0062203902131399
2459877.610868	14.322974158120672	0.0059517733914408
2459881.3311893	14.516095797004526	0.0140509112079827
2459881.5914503	14.103815415940126	0.0062503491765013
2459886.5785748	13.900153264744484	0.0093559367769932
2459887.5752978	13.8752542995348	0.0096843201867853
2459888.5719958	13.83583362778104	0.0098200206544564
2459891.3075943	14.528804531548996	0.0306002093012866
2459892.5605914	13.740529766646478	0.0106279628122752
2459892.5618318	13.73616544046887	0.0110938245507697
2459894.5553038	13.574465740963916	0.0084844065256181
2459898.2747941	14.404229805995044	0.0103946775974946
2459900.5368998	13.436683460718088	0.008284244360994
2459901.5371309	13.464030262981945	0.0081994907661787
2459901.5384138	13.545472115194723	0.0089208484666494
2459903.5335595	14.016121574269388	0.0077933383777821
2459907.5164013	14.556675552777632	0.0216885197349046
2459909.5148604	14.731796243790168	0.0368846377821396
2459909.5160891	14.75772256314825	0.0495507778656394
2460007.9014435	14.576468747567802	0.0270171292194907
2460009.8949798	14.69334625775262	0.0221905997903525
2460011.8905669	14.632638412921883	0.0293229684418064
2460013.8989341	14.57935417691508	0.0224088669654267
2460016.8858672	14.465127649189036	0.0159481699085965
2460017.8845111	14.480199560020818	0.0165714254072428
2460018.883555	14.473486295359654	0.0153014455838562
2460023.6146818	13.862822371032976	0.0090495808124409
2460025.6217173	13.928227283798844	0.0085067824857687
2460027.8512243	14.466025951511735	0.0117844362644509
2460029.8586083	14.505145426440574	0.0128913333735589
2460030.8550947	14.505256132158568	0.0125184692418644
2460032.5997173	13.740994274900109	0.008653377585522
2460035.593403	13.450312289764971	0.0089907037991188
2460036.8432479	14.49080254900274	0.0120420543572885
2460036.8445258	14.499846732778146	0.0136827395597026
2460037.8630873	14.489970461420452	0.0126889075194589
2460037.8836936	14.662638762320269	0.0152007010753401
2460039.8254461	14.475380149493049	0.0216724096895503
2460042.8183389	14.405073819391836	0.02081000931967
2460044.8343116	14.416785867560016	0.0161020163474114
2460053.7973974	14.180261707613722	0.0045922611598833
2460056.7937368	14.137944133664444	0.004496638527328
2460057.8481755	14.283620791697562	0.0074445059486072
2460057.8635435	14.454928065578684	0.0088493890365848
2460059.8063004	14.22446297637509	0.0062790844169357
2460060.7808676	14.018384743079675	0.006338795440988
2460061.7793948	14.12763759225898	0.0063260350040056
2460063.5339438	14.489532508247908	0.013807398032938
2460064.7557742	13.806436501899771	0.0083094584594354
2460065.7649599	13.826249177801165	0.0097966406684689
2460066.762845	13.782731672090913	0.0093641104657169
2460068.5032291	14.48440739320204	0.0151147416750615
2460069.7379452	13.585232526444408	0.0113415074883329
2460070.8376261	14.064088900886324	0.0106489357649497
2460071.9126422	14.3744686479298	0.0132518467509561
2460072.7964585	13.92474701601677	0.0121969563573274
2460077.9289604	14.285951369285115	0.0096154632054725
2460079.9092235	14.242199094121313	0.0064021060236294
2460080.5855535	14.446633761677631	0.0099960474011654
2460081.5889509	14.499750495489748	0.0115989043396423
2460082.8379413	13.95099680816543	0.0081478603686686
2460088.4805549	14.313572020978947	0.0072398022870962
2460089.9193345	14.086187518781768	0.0075504560175635
2460090.9198499	14.109669766709654	0.0054451892899617
2460092.45689	14.2226855419276	0.0035011805525877
2460093.4633653	14.20492535584968	0.0053546017417432
2460094.75262	14.584507498460813	0.0148573801399321
2460096.9548646	14.360192281744542	0.0435146969627179
2460097.4437752	14.151203506822922	0.0134130410739175
2460097.702145	14.545274992673177	0.0192477912488688
2460097.917794	14.08636400088118	0.0250438710243161
2460098.8165015	13.360420712968054	0.0096439109437505
2460100.8497563	13.538312475766778	0.0186861704847595
2460108.9161229	13.7983608156183	0.0085881813028866
2460111.726782	14.612173647547928	0.0161564420830605
2460114.6709741	14.471028200709842	0.0143952278039437
2460114.6989511	14.722415451158774	0.0194902888312994
2460119.6163554	14.412222640585265	0.0107108276409853
2460120.816966	14.47955771229023	0.0090107150498592
2460123.6187328	14.364418142490749	0.0108898253257253
2460125.5932227	14.28180898131474	0.011521302160035
2460127.5814768	14.160721767500572	0.0198097766387144
2460128.4631717	13.582439057287472	0.0143136400417416
2460138.3019353	14.45598676719585	0.0096248633260723
2460139.2975327	14.266107085280389	0.0045202885646622
2460141.3062905	14.390230988283454	0.008441310048353
2460141.8226029	14.497249194584798	0.0120710150148556
2460142.7131445	14.531887705003276	0.0106174336827572
2460143.2880455	14.508000273834238	0.0110793717146639
2460147.4336971	14.531768505726475	0.0123446522689852
2460150.5209042	13.379677883995306	0.0089395301665959
2460155.5259035	13.61825916533473	0.0119676111764593
2460155.5647594	13.517258218783503	0.0105411707976188
2460161.5385098	13.885857560819185	0.0114503968551444
2460162.5398354	13.979946926506829	0.0153528181539198
2460169.5358469	14.612243469769057	0.0143673037331275
2460173.5290089	14.601369164897529	0.0145895541990429
2460220.22885	14.551647082075752	0.0169678743220705
2460223.5925016	14.472508640022976	0.0110256047809349
2460224.5606183	14.440394510571544	0.0116883827974299
2460225.6161667	14.500985620421798	0.0124614336104846
2460228.501008	14.219622216522094	0.0047666116101522
2460229.5888392	14.498310711042826	0.0115553317706797
2460230.6387518	14.502175807082908	0.0152344335744782
2460235.5117967	14.185493335003947	0.0044367154845633
2460236.5563312	14.346566430264708	0.00921284840241
2460237.5282537	14.21615916086608	0.0056144075359649
2460242.286975	14.506908190520509	0.0171514782100968
2460243.5328041	14.151572330703925	0.0084307292249287
2460244.5399712	14.235167999520591	0.0135119230948432
2460250.6101207	14.291364010511822	0.0066400602232753
2460254.2761322	14.4625713915997	0.0104013115872878
2460255.5621344	14.053689801828344	0.0061003239933208
2460256.30427	14.501349634604212	0.0114072358440527
2460262.2945936	14.486360284492486	0.0109073292543116
2460264.5431522	13.766942673715754	0.0084705202261664
2460269.5362419	13.59568672691507	0.0117468937883177
2460269.5662329	13.789300762142195	0.0100735245360458
2460271.2701851	14.43962940472378	0.0205297316704221
2460271.5552584	13.721543224802051	0.009817071091799
2460273.2714412	14.441836890294264	0.019102706554617
2460274.5182474	13.419203261743831	0.0107461172566338
2460382.6399728	14.31033414409515	0.0115216292353785
2460382.8956416	14.723147725182711	0.0248108526849448
2460383.8913185	14.586988912977564	0.0168216306331675
2460384.6379855	14.308171735565642	0.0087309269561009
2460386.8811183	14.61072438981991	0.0152563092939656
2460387.6331386	14.223873069278849	0.0075046674704304
2460388.6221189	14.16430985381566	0.0080770352975052
2460393.9017262	14.186417319741622	0.040151737946346
2460400.6169513	13.96299932680588	0.0276755180453835
2460400.8674801	14.526775744715064	0.0176969297484183
2460401.8605597	14.332063213782789	0.0829440875614169
2460405.9181157	14.502100596052935	0.0156237830357296
2460406.90217	14.49364255953248	0.0135232055358868
2460407.8448959	14.481100854556235	0.0113694510618163
2460408.8282049	14.500511081222562	0.0113342157277648
2460409.8272519	14.495111511199164	0.0119061392187945
2460410.8306037	14.447134024582963	0.0128895995865967
2460411.8261396	14.44082369579708	0.0103866741064938
2460412.568393	13.475668144533806	0.0091866080415114
2460413.5719563	13.387760835002068	0.0089495984923251
2460416.5726735	13.348976639572385	0.0089525875527486
2460416.8360141	14.481571953564838	0.0129195963582967
2460417.5692757	13.37569763687272	0.0090360916238
2460417.854562	14.482669723852544	0.0122128760817251
2460418.5581354	13.806503379627312	0.0095642541929127
2460418.8269627	14.46238198978916	0.0116713571962464
2460419.8338853	14.472702806437308	0.0116494952600003
2460420.8256608	14.448724856699007	0.011438433577592
2460421.5597164	14.110064956929788	0.041135721208275
2460423.8349801	14.421041963277125	0.0146238421115725
2460424.8005141	14.32415725446033	0.0180067317419189
2460425.5348991	14.549095698625331	0.0287199263319512
2460425.7958974	14.332354579168625	0.0137832438823104
2460428.7802774	14.19247191068381	0.0150652076540193
2460434.8340314	14.31970257097043	0.0079414958988948
2460435.8261886	14.291425566854238	0.0083955507893569
2460436.8360381	14.23770036251302	0.0059741038958619
2460437.9460895	14.437947035765877	0.0137663352008245
2460439.5511577	14.530906930055956	0.0126947403845396
2460440.5089863	14.517703446983958	0.0122770097899892
2460442.7133155	13.59877803358842	0.0084718884776837
2460444.9462041	14.493727908078649	0.0153960204409664
2460447.4870208	14.507854640729136	0.0139487024602726
2460448.8667086	14.236613731216876	0.0059433845579395
2460449.7415133	13.642534342877308	0.0093443529389129
2460452.4604544	14.458824107477346	0.026771363797208
2460454.9091806	14.276450911323463	0.0218471764220337
