2458018.6784015	13.91486220465846	0.0105159175900167
2458019.66736	12.713256433940863	0.0067582206591787
2458034.8027162	14.039809709801323	0.0172217963987483
2458035.8020521	13.001113473589186	0.0071033348866671
2458038.7732398	13.812006634020818	0.0093887120027773
2458040.7636741	13.930873355650126	0.0108236483359704
2458042.7511285	12.941127550555242	0.0068656067005427
2458043.7425171	13.695420544636494	0.0054916272693147
2458044.7339492	13.961208537401244	0.0113502688951767
2458051.5706348	13.700560361418017	0.0056385089924703
2458052.5810957	13.97446699932126	0.011509033978117
2458053.6972195	13.46717565863399	0.0046226092298542
2458059.6955315	12.87368510362267	0.0078811536160553
2458060.7311606	13.852320170022942	0.0127810344673314
2458063.7261406	13.577896712559603	0.0063033539323915
2458067.6973383	13.848622867244334	0.008854221528792
2458068.6910675	13.950976713040228	0.0108628552797652
2458070.6771173	13.587164261477708	0.0026874754268167
2458071.677899	13.93171237608563	0.0104700382909489
2458072.6532882	14.07637326405964	0.0138485554573458
2458074.6451024	13.814455826369734	0.0078080407621338
2458075.6401814	13.979678284700078	0.0114325439553008
2458079.6331771	14.061253594624333	0.0132880349862317
2458080.5662352	12.81671754569816	0.0067855249999734
2458081.6324174	13.921578201116942	0.0110697216737156
2458086.5241925	14.03159450376162	0.0143715769194922
2458087.5235483	12.860462905072742	0.0101497783393638
2458232.9680758	13.947623180306984	0.0135660176484086
2458236.9332659	13.971936284074587	0.0227571205929498
2458241.918273	13.131417608366272	0.0094107002981015
2458242.6766151	14.084150187611463	0.0197933222064921
2458244.6753968	13.870043101458766	0.0166360024750481
2458245.6762122	14.023425387310002	0.0213490056537845
2458251.9171079	13.126586464085015	0.0065124476329585
2458253.9135916	13.956671624464988	0.0113278708936405
2458254.6471201	13.79045215664392	0.0058647784267312
2458254.9261972	12.812985687256758	0.0069501593431571
2458255.6457177	13.987683888300309	0.0086340011820129
2458256.6410413	12.81690203563408	0.007343506811551
2458257.8940867	14.029916454876949	0.0134533416546628
2458258.8819124	13.192866868311768	0.0082023149471735
2458259.8779695	13.855691031140452	0.0055849559635934
2458261.8739602	12.728932317354587	0.0083654248730149
2458262.8699121	13.637465482432704	0.0062437041594601
2458263.8813342	13.934868123434676	0.01327905591875
2458265.6142789	13.97344478623488	0.010305180234329
2458267.9025936	14.036423593983764	0.0181477814837245
2458270.8796056	13.99451737008613	0.0154821552333293
2458271.9080693	13.031842229632671	0.0083732438516539
2458273.8928642	13.987531256563754	0.0125081158961061
2458273.9575566	13.875332959333786	0.0394342121304489
2458274.5855845	13.530987771232796	0.0068467066066239
2458274.9007377	12.797936532334536	0.0082315028406691
2458275.5818664	13.972973194900897	0.0111907837274005
2458280.5694897	12.784033413145169	0.0071276468029203
2458282.566969	13.961035026191944	0.0081905473101022
2458282.9091003	13.776871765251204	0.0078343681847055
2458290.5972247	13.020944649021992	0.007317001861766
2458294.7911111	13.995468327564806	0.0114316495909953
2458294.9425402	12.94038910524903	0.0069809155787446
2458295.53	13.851621395055814	0.0162736436630864
2458297.5301952	12.800817913346409	0.0092337090504751
2458301.7730296	14.002553214107884	0.0136891354239526
2458303.5191305	14.015297960628816	0.0122352904496628
2458304.5170723	13.11548190400364	0.0076144780469408
2458304.8626839	14.05706129057551	0.0147977644772389
2458305.5041723	13.762350459789747	0.007258932123655
2458306.4990223	13.972193111961316	0.0090003065359691
2458307.5371586	12.886540290427051	0.0072551005639534
2458308.5598208	13.82193999169874	0.0048363858562286
2458308.8389021	12.83080270696649	0.0080109224078295
2458312.8793296	13.679649264860675	0.0082283671409369
2458318.5217638	13.64492356770106	0.0051860304518574
2458319.4617186	13.92941423796453	0.0080778111753966
2458320.8685194	13.940639903712002	0.0107373277829297
2458321.4573863	12.927531564478198	0.0079123431055977
2458321.7131126	12.990673093535838	0.0070537725669081
2458322.4553314	13.746396498462378	0.0068709776387345
2458322.7461236	12.769614689156404	0.0073856861036488
2458323.4566747	13.9534268695482	0.0111988980099946
2458328.4381661	13.167119864888653	0.0101966424641869
2458332.4586975	13.73375692457338	0.0064771927650744
2458333.4237313	13.959481848078973	0.0096627752128506
2458334.433244	13.980342675267734	0.0092550867504055
2458335.7763441	12.730987812941883	0.0078827394249114
2458338.6851472	13.996034840530363	0.0095176009750685
2458338.8520072	12.938104144579071	0.0069236427196575
2458339.4731353	13.944007542259902	0.0075169480928716
2458339.7103239	12.874036961474395	0.008069411841715
2458340.4698839	14.020234561942395	0.0093612922703685
2458343.4669821	13.994025942315789	0.0086634604841468
2458345.4582654	13.56122203858468	0.0056806370838381
2458345.8760695	13.435260440404235	0.0052462029443899
2458346.4474397	13.970780580318042	0.0081251635643465
2458348.3793861	12.760225593413145	0.0072569301878926
2458350.6297936	13.284104398066464	0.0087244285239746
2458352.3740397	13.30482463908956	0.0090545339655384
2458352.757449	12.893375893341892	0.0085524555677367
2458353.3661372	13.884247647497228	0.0099018607390115
2458354.3627012	13.943553110504055	0.0181630939997816
2458354.6599879	13.853176334686133	0.0111836507886673
2458355.3596548	12.84130144393414	0.0090537536340723
2458359.3612691	13.49769287486019	0.0099266438854919
2458360.3422807	13.903011969762794	0.0100195541535681
2458363.7196299	13.547089419906229	0.00728772627508
2458365.4104991	13.294415720364237	0.0070156874488743
2458366.5982169	13.998020088656212	0.0127856269120998
2458371.3071416	13.965768047688602	0.0081128633193312
2458372.7891219	13.137728100119688	0.0066663585348647
2458374.7996305	13.979913453710488	0.0119448240946871
2458375.6087497	13.96553679850086	0.0083239035460354
2458377.5385294	12.87613866394321	0.0081920576938262
2458378.5391442	13.720344808297256	0.0066744725595438
2458382.6915022	14.1085466453803	0.0199591130909846
2458384.7153495	13.93179743047944	0.014541708063994
2458386.8438575	13.845020579384418	0.0183157481270828
2458389.4337337	13.799569949526084	0.0106701575681224
2458390.2749385	13.696031385082495	0.0037366167059705
2458392.7128723	13.353560862398776	0.0057309173735031
2458393.6116113	12.795314323860673	0.0079539294204178
2458394.5529156	13.36727288646074	0.0078111023145686
2458396.6890318	13.13385380368912	0.0067933883830344
2458396.6890338	13.043309579546314	0.0064098922477141
2458398.6817281	13.955896152091832	0.008126958332277
2458401.7666262	13.922279307414067	0.0105900384652895
2458405.5844864	13.941762385645962	0.0105261993319603
2458406.495813	13.91902037890905	0.0139322034954474
2458407.5945689	13.267295219071302	0.0058065132530572
2458407.5945736	13.348299557783342	0.0064287033777627
2458410.5831396	12.824493927525388	0.0071637757073035
2458410.5831406	12.877796738633746	0.0073509774961004
2458411.6436933	13.869740540880288	0.0134672340714638
2458413.3262091	13.700334995517151	0.0120732195880855
2458414.6118719	13.69173613213205	0.0117984126977131
2458415.2994142	14.035666030450786	0.0195919324817022
2458415.5937203	14.012653686057742	0.0180739539498129
2458416.6358828	13.218057892050483	0.0117842644425074
2458417.3459644	13.965346874543132	0.0163473041314314
2458419.3541565	13.438069305669842	0.0093763713048564
2458425.6000944	13.97534837042536	0.0087819863682441
2458427.6019209	13.37338178540511	0.0060437668334378
2458427.6019234	13.35807532478444	0.0046390737383441
2458428.7241246	13.918836316378156	0.0112595845022832
2458429.5875246	13.92368682833947	0.0078900942707756
2458430.7188264	13.643065316987515	0.0054046380560078
2458431.5882449	13.755434557574317	0.0102119209548817
2458431.5882489	13.715108714038111	0.0045069462543044
2458438.3076387	14.014601219515804	0.0109023969304451
2458441.5509689	13.55310454419721	0.0093701540302739
2458442.5533337	13.899797642597855	0.0194096678489537
2458442.5533445	14.01061847280057	0.0207371542738651
2458443.678685	13.178583152280734	0.0084313087458436
2458444.6672154	13.742631290479856	0.0119028120773572
2458448.667209	13.961719346963866	0.0151201866901355
2458452.5211929	13.927045639223897	0.0152883431596785
2458452.5211939	14.043128532317152	0.0138103527676239
2458453.5218109	13.91993903562203	0.0161393851105175
2458453.7499647	13.60036883941646	0.0037812396441962
2458454.5185594	12.999173672218085	0.0106752546856439
2458454.5198393	13.054407992272829	0.0084827771407209
2458455.734812	14.000933680981284	0.0078366866960352
2458456.7426826	13.35240804859888	0.0052719853320037
2458458.7351162	13.949746683928277	0.0071515869541301
2458459.7314368	12.919184438847456	0.005703574536876
2458460.7277113	13.68803792756779	0.0022507628765399
2458461.727925	13.93010204790205	0.0067978610288834
2458462.7242805	13.271390650608062	0.0055089007790172
2458464.7169259	13.895276071148633	0.0062421440888312
2458465.701916	14.077599193434578	0.0092044928626624
2458467.6946736	13.74185492641504	0.0055033316021475
2458472.5848926	13.91680720728194	0.0123569738940291
2458473.591473	13.433136485616645	0.0070778987397192
2458477.578162	13.058710567230277	0.0069594626607766
2458484.5590977	13.268869118928563	0.0063258873603213
2458577.1393992	12.98870496898197	0.008543108856557
2458580.13245	12.935395933354414	0.0064062223074332
2458581.1287791	13.48170337330716	0.0054703832545342
2458582.1252164	14.01000158259038	0.0083434380634416
2458583.1254296	14.075566558787427	0.0106702315776588
2458588.1111202	13.617184449489304	0.0037236152278839
2458589.1269611	13.941240765408551	0.0079029763224443
2458591.1198917	13.437775295350235	0.0069373015300488
2458595.9195795	13.572052572889088	0.0139590384744397
2458595.919583	13.587250755337095	0.0076589418717968
2458598.1004197	13.57667635672161	0.0066147108198964
2458600.0884343	14.065981861669066	0.0111042316677761
2458601.9176283	12.991366860933097	0.0085886923908425
2458607.9288994	14.041580283642311	0.0137754564192667
2458611.0751358	13.188055089806042	0.0056747661302985
2458612.897832	13.685190817401503	0.0062778407757375
2458615.0557031	13.582244625778026	0.0039249554778537
2458618.8716581	12.960140888563911	0.0068583457900311
2458618.8729215	13.095066562126604	0.0068235774337063
2458618.8729274	12.990780595420333	0.0063516356969514
2458622.621041	13.977327181507777	0.0168369203286527
2458625.067135	13.617212328050703	0.0083845379551124
2458625.6100346	13.935831012978214	0.0135918420023307
2458625.8561776	13.18979774228925	0.0096860162716833
2458625.856184	13.253847799278944	0.0076720897206596
2458626.034632	13.939235124478811	0.01100914853565
2458626.86688	13.891688208980872	0.0106350683130371
2458628.0299474	13.148708264067324	0.0066087419363453
2458630.9331554	14.025861795737873	0.0157305782639717
2458631.9480473	13.245942200124167	0.0100748031917433
2458633.9920058	14.034709726193528	0.0085971558954104
2458635.9887912	13.847861806639033	0.0054266241965634
2458637.8241478	13.984720852717556	0.0099485432210716
2458637.824157	13.958111038727717	0.0135849760838546
2458641.8741876	12.791775620096754	0.0069604249066997
2458642.8474012	13.37424345952895	0.0068227059984891
2458643.8082473	13.744103380560212	0.0097312449596595
2458643.8082545	13.839766554218986	0.0071548231237439
2458646.9559191	13.872913595569718	0.0092743363501358
2458648.0038886	13.218486596923126	0.005983050490999
2458649.5433979	13.971484283210966	0.0172088614751331
2458650.5561774	13.458289839303886	0.0110867385594047
2458651.7828011	14.005292846974516	0.0198980779929357
2458653.0233743	13.93745758671828	0.0107449031374507
2458657.0097923	13.951192276217576	0.0105430917436957
2458658.8118574	13.594650042403336	0.0054016058235977
2458662.8483229	13.546928408892208	0.0052074871268161
2458662.8483243	13.433221400533384	0.0038732540946981
2458667.7316356	13.902328420704666	0.0070346261873692
2458668.7589426	14.019419587802568	0.0151908032506465
2458668.7589477	14.04232173490266	0.0111471370295716
2458674.895672	13.84530653980087	0.0119392717992369
2458675.8879919	13.379768729758927	0.0056296140163532
2458678.4941469	13.419797918724123	0.0093110743318005
2458679.7779409	13.288197038276916	0.0104665660763152
2458680.7472344	13.755337387787243	0.0138416429249268
2458681.74429	13.971182030068803	0.0216190197565201
2458684.9606634	12.949281192643056	0.009518614931046
2458686.0431566	13.93958697597363	0.0093811594115085
2458688.8536222	12.75953744275068	0.0070614228028696
2458689.0424086	13.934664239474476	0.006638650595999
2458691.5962822	13.671671688895856	0.0090341110150102
2458691.8114086	14.083490055812264	0.011286322816785
2458692.7305367	13.293755510825866	0.006117172874492
2458697.6779646	13.682454605455716	0.0061535940703274
2458697.8670297	13.948461015132356	0.0110517230512778
2458698.679282	13.996757614244276	0.0097452915647576
2458698.8856202	13.01898447616214	0.0068128746765925
2458699.6854695	13.41553881097016	0.0081028589449885
2458700.8726099	13.94677177885995	0.0132792579400476
2458701.7317989	13.988846016291989	0.0092145982758277
2458703.7129907	13.612505959122863	0.0045493503915526
2458704.8087913	13.992037436403084	0.0094414120590472
2458704.8260891	13.574780823399584	0.0049106928658162
2458706.8604287	13.87639128188654	0.0101272579667317
2458707.8600867	13.921625193440113	0.0104362693241616
2458714.0013077	14.063608483683034	0.0153418870745454
2458715.0344259	13.54422095580771	0.0087212558386763
2458716.0377391	13.895273672853822	0.0080226386050013
2458716.5460995	13.9495019505575	0.0115952033307307
2458717.0332489	14.055161530711118	0.0092682738728
2458718.0439388	13.223203588235942	0.0086358079867936
2458718.5545634	13.70826678145553	0.0079195318568442
2458719.0359079	13.83595933683334	0.0054656105204788
2458719.8870863	13.779271180908548	0.0042003851359775
2458720.8370614	13.937129369210313	0.0068216697877139
2458721.6461364	13.87930668678172	0.0059615771613635
2458722.7990862	13.086667617301533	0.0061042508947751
2458724.6907529	13.889685228388624	0.0070167149525791
2458725.6967049	14.132499361274126	0.0132721710057849
2458725.69671	13.979093699514962	0.0138105361642545
2458725.7043467	14.009718864959392	0.0096877057401944
2458726.6959564	12.901604306433248	0.0068281332128078
2458727.600834	13.257630809677574	0.008060523906839
2458727.6054224	13.308650977890032	0.0051463447017321
2458727.6054251	13.287019384634595	0.0063542093330634
2458727.8546995	13.993655992943252	0.0120054313406254
2458729.7459185	12.974726094820904	0.0070390598215384
2458730.6396351	13.221087981202848	0.0081277097187607
2458730.9256358	13.95943763339552	0.0073182528150871
2458731.724966	13.938598835287994	0.0110037077790287
2458732.9205666	13.725577402165737	0.0026630996155012
2458734.7181423	13.979107828635955	0.0116032408889796
2458738.6197488	13.915611017443332	0.0216429369182282
2458738.6197488	13.93322690428663	0.0140095516926163
2458742.5792974	14.022522744530452	0.0142387538802071
2458743.9536219	13.966984340407834	0.0092377453220828
2458744.7449911	13.957323560849575	0.0153063718459206
2458744.7449998	13.891908484453449	0.0209177042565631
2458744.9735376	13.062667129346725	0.0067879659764695
2458745.5613422	13.924413315865	0.0078155538281289
2458745.7454666	14.140255667690075	0.0348046975009722
2458745.7454771	14.309142247796798	0.0268844412248314
2458745.9651659	13.754627557145206	0.0086413328582037
2458746.7026313	12.989474651173635	0.0091021318661953
2458750.5762915	12.708968371047412	0.0065099708987201
2458750.5762924	12.759228768845832	0.006755478810736
2458750.8628018	13.94274645692094	0.0059874970529476
2458751.5953804	13.664544004822412	0.0062263671753413
2458751.9115675	12.869426436187815	0.0058908281068575
2458752.451812	13.629469809190402	0.0052694589522774
2458752.6143529	13.97146087668382	0.0093273898346795
2458752.9189425	13.751872386770414	0.003357128359978
2458753.4625047	13.963053595654868	0.0092006022171196
2458753.620604	12.746101135775588	0.0067231489219516
2458753.6206046	12.769318223597043	0.0066079197027036
2458753.9404028	13.963763010417782	0.0072667554891919
2458754.6686308	13.814230583154185	0.0046844527362858
2458755.7179756	14.05988140291644	0.016059711880564
2458755.7179785	14.192489218712526	0.0147868253691482
2458756.6770605	12.755809579249014	0.0079656057480847
2458757.5072532	13.808935953546053	0.0048920725362743
2458758.5908765	13.842650617175485	0.0050881383743239
2458761.7059606	13.914132072043184	0.0125477581162097
2458761.8299565	14.147727382933924	0.0106885159559539
2458762.638465	14.122085542236489	0.0141096674331425
2458762.811979	13.159594364295096	0.0066533300008317
2458764.7957237	13.953841771564782	0.0132699279058048
2458769.8630069	13.644228930962914	0.0097548982808753
2458770.4004356	14.011857220511478	0.0234231570244173
2458770.8702342	13.89943533952895	0.0132199104417516
2458772.4091147	13.395146892365952	0.011637773462238
2458772.8912075	13.604303411268097	0.0070093112746568
2458773.8803476	13.922053989393016	0.008760240252014
2458775.3800312	12.827618291878965	0.0073336642374439
2458775.8859297	13.360235295616055	0.0058383441260301
2458777.7273367	13.839748597476625	0.0088775055435138
2458778.7777043	14.143504743395535	0.0097853675058495
2458779.7107568	12.670700843088447	0.0055616724902507
2458780.7847986	13.842836834601224	0.0051398314388028
2458781.6444786	13.879350388867676	0.0080800695172047
2458781.6444795	13.85703991539373	0.013444797935862
2458782.6327237	13.989520680237913	0.0097992331638067
2458783.7282597	13.419281612814888	0.0051665817116285
2458785.5586595	13.878291433362737	0.0066997126668146
2458786.5001169	13.99456577841757	0.0134977368209969
2458787.5007691	13.965749529285564	0.0129521094144802
2458787.8392891	13.954728639479397	0.0069706699694495
2458788.3510038	14.086976965478444	0.0110536427736875
2458788.8584341	12.784349949004536	0.0056739232137537
2458789.7591432	13.02030396298096	0.0057385610954777
2458790.2478995	13.455027052544114	0.0100632162004683
2458791.6156046	13.771542241122358	0.008873176355067
2458791.6156048	13.723993159275334	0.0133860367813878
2458794.2840584	13.895759900226867	0.0109866884600878
2458794.7684508	13.930496752749466	0.011035889883154
2458797.720577	13.80388307255539	0.0096166793358984
2458799.3347062	13.140735420196538	0.0121640179853597
2458799.5908091	14.07819740678249	0.0286314397801294
2458799.8217669	13.462394158182702	0.0106975307501744
2458800.8176659	13.92629220524604	0.0108750165685699
2458804.7900182	13.924278608953673	0.007335016674662
2458806.7668852	13.39942186199567	0.0050846019644616
2458808.7901717	14.071183567396284	0.0098775368083048
2458810.5424021	14.074618075780844	0.0121029007399075
2458812.6526994	13.970788756865984	0.0115172463169453
2458813.2756921	13.343382984533642	0.007105423095531
2458813.5300964	13.915524659248195	0.0136113235160084
2458813.530098	13.96614192121552	0.010355478397467
2458813.7821764	13.670334143844054	0.0024447265808599
2458814.7746114	13.91877639959716	0.0066119634688946
2458815.5315078	13.716093871714572	0.0099722750620022
2458815.7669794	13.938061678641333	0.0058776354977367
2458816.528324	13.970859284511334	0.0102764528516208
2458816.5283289	13.905455213480584	0.0151774045535203
2458816.5762645	13.981795046175256	0.0108796781917201
2458818.5698399	13.705967880730432	0.005988066267599
2458819.6138939	13.97289697981796	0.0118081084372754
2458821.7078304	14.002495222447354	0.0089686716315702
2458830.7174295	13.55700814703952	0.0084172691961373
2458832.6268568	13.930767913379814	0.0123631920861612
2458833.5344954	13.993336671024748	0.0152116546564206
2458835.6208142	13.966308349036252	0.0114275032663949
2458836.5613179	13.989383022636815	0.0118720184420184
2458837.6960519	13.663383795819824	0.0042395322106757
2458838.6051221	13.849280489964684	0.0095395596595133
2458839.6030373	13.990993112815923	0.0124102189761731
2458844.568048	13.187569431142387	0.0065782661516679
2458846.5576531	13.869104400006552	0.0099748259584107
2458847.5618278	12.797006376793563	0.0069075015526531
2458853.5982361	13.99572294615157	0.0142237513998889
2458854.5428018	12.964108060915056	0.0086906888970829
2458858.5892646	13.791611826124914	0.0181989487119177
2458942.1401179	13.988678369087417	0.0187735223184788
2458962.0911149	13.767274809758591	0.0057055329185867
2458969.0844168	13.984207925078032	0.0069933193149312
2458973.0834063	13.953303281629667	0.0066919504966812
2458975.0703311	13.546986078920431	0.008043784476896
2458984.036006	13.909933357272246	0.0087852855180903
2458987.0384831	13.983241094838023	0.0082781795572412
2458990.0286196	13.949676737816857	0.0063795821935428
2458993.0280249	13.94520913106916	0.0069225880260167
2458994.893186	14.08506282566302	0.0145856984508954
2458996.873473	13.839445232576509	0.0091153687376366
2459000.0042975	13.9326285101685	0.0070693430744337
2459002.0427439	13.604433789614138	0.0034603270360359
2459005.5768982	13.880156954499537	0.0173565791508087
2459008.5698286	13.68388600408111	0.0131440987316977
2459010.9783331	14.019048642518245	0.0133362959493256
2459014.0851255	12.739798409748063	0.0057353274426693
2459017.5853323	13.067124856786442	0.0074072445878619
2459019.5365746	13.918158121899634	0.0074287154339209
2459028.9790237	13.550341380779944	0.0041646080776701
2459030.9376349	13.940193958537389	0.0093456764850385
2459032.8526539	13.34855462849604	0.010660353345713
2459036.9462523	13.894351850418351	0.0110785079909165
2459038.8961387	12.96973141311164	0.0068031716846302
2459043.873354	13.910574491134858	0.0057536648513525
2459047.4878669	14.051034500055763	0.0106597500818618
2459049.9676723	14.010901825122948	0.0071083807409561
2459053.0238371	13.940403209772615	0.0069215108777795
2459054.7112187	13.90069598357335	0.0100943969855351
2459058.4214916	12.760355282395953	0.0074210015789009
2459059.9133209	13.842852293528823	0.0070712201072543
2459063.405033	13.90656209325866	0.0183930455118671
2459065.7615674	13.988982744663868	0.0212896165144647
2459069.0046132	13.645800601559111	0.0057628068987049
2459069.8925593	13.733326489587142	0.0098530771775139
2459072.035329	13.59020473007334	0.0045418117815386
2459074.0073953	14.152206038016434	0.0098657412009874
2459075.8973358	13.326446097596463	0.0053271452479749
2459078.8601156	12.678654988949043	0.0067807006007161
2459080.8637535	13.935248242667877	0.0068434550151806
2459081.8832733	13.129810209122349	0.006671086517478
2459083.6804383	13.013678950416892	0.0070787121775413
2459084.8452414	13.956026878385508	0.0116989158181728
2459085.8686021	13.143387624726582	0.0070753837928618
2459086.933668	13.904291692521994	0.0108360451375584
2459089.8693414	13.626420268453654	0.0045430674308916
2459097.8754405	13.942921000351676	0.0090330379041732
2459101.969935	13.2568554254141	0.0061062082838704
2459103.9157849	13.93865347752094	0.0058480921307242
2459106.7706163	13.347580437886972	0.0056119697864877
2459115.8863362	13.253248505845276	0.0054987283917738
2459119.8133832	13.341450441609988	0.0069230370809079
2459126.6933696	12.713524324557556	0.0074177506745696
2459128.8863352	12.928261543712924	0.0060990934391105
2459133.708464	13.221905788628948	0.0060385464261593
2459136.7927767	13.435037693113028	0.0043410289965193
2459138.8835181	12.797419393159233	0.0057377529224002
2459143.718414	13.251151710779547	0.005539080900238
2459145.6429378	13.98426003837844	0.0121658293255108
2459148.7162047	13.93049588249524	0.0086319264274521
2459153.7244209	13.325964834010684	0.0113828768728533
2459155.7332768	13.98060410697122	0.0154602956686175
2459157.72918	13.707898796923477	0.0092116268470217
2459158.7247388	13.992912248771711	0.0139528493199701
2459159.7251296	12.740230155338352	0.0071695238984324
2459163.785395	13.70608914481224	0.0019695904252583
2459165.5783526	13.89012991349034	0.0073806718489127
2459167.8046039	13.906791188100286	0.006360721008874
2459178.5259823	13.470768723588735	0.0096092146614129
2459180.7817541	13.819156956291792	0.0090229131722198
2459182.6197208	13.98460411559235	0.0158032778213235
2459183.5542911	14.062950413644977	0.0222911063816949
2459185.7583562	14.06762840834256	0.0113474963912373
2459187.7454734	13.806758266258113	0.0043238186766498
2459192.693138	14.039284105893524	0.0088278523044175
2459195.7278505	13.92530582481281	0.0066286569174963
2459200.7142445	13.448252659888906	0.0048215605492618
2459215.5558165	13.723660922774805	0.0071161216462173
2459217.5636245	12.727328412557856	0.007103676500834
2459222.5516408	13.851702930755431	0.0103374674479346
2459307.1345771	12.670037014932827	0.0062289757675951
2459311.1241427	13.23588195427546	0.0061792476809835
2459313.1209249	13.93252542903488	0.0075007989885711
2459315.1138447	13.722249983395674	0.0033880394228884
2459319.1035107	13.992335017519157	0.0077892577849857
2459322.111985	13.824596005656456	0.0057467575820993
2459326.6695167	13.928058195226502	0.0200145230529783
2459328.0816472	13.245211679011527	0.0057348316533705
2459328.9197406	13.07249813662503	0.007700473490534
2459339.0672241	13.796911862018623	0.0076330615628813
2459343.0523392	13.913351994418022	0.006408141574105
2459346.8726193	13.789046238540015	0.0064143861488402
2459346.8726201	13.683571135881634	0.0089561570446124
2459348.8631939	13.017626668292476	0.0068333408583498
2459348.8631939	13.099526215465982	0.0067844034680588
2459352.8596625	13.258517201397575	0.0061483849662671
2459355.0136042	13.08859511898844	0.0057587644172503
2459357.0378044	14.03979398874321	0.0081462453511239
2459361.0248338	13.446466162512325	0.0086013733065603
2459366.8252135	13.535560118808156	0.008388961296814
2459366.8252152	13.704581603527346	0.0072227836110951
2459368.8185129	13.88839591904834	0.0158983169122868
2459368.8185148	14.270433204674289	0.0176811316154232
2459369.8280353	13.292148768318231	0.0057861901188682
2459369.8280392	13.447433445812694	0.0058182955965299
2459370.9348348	13.991683702927975	0.0103274299355986
2459373.8083114	13.59637045779176	0.0084096303734029
2459373.8083126	13.813413360562354	0.006881591774168
2459376.5702889	13.955704482744997	0.0086037045941054
2459377.8349094	13.901882260905566	0.0105466537391225
2459381.9414164	12.840853971373985	0.0059044311290984
2459384.7755771	14.102480809642044	0.0134129783769005
2459387.926964	14.00005642020706	0.0119805762151673
2459389.8376061	13.407807137938946	0.0110229814183282
2459389.8376061	13.53012685333853	0.0112568482169274
2459396.7409636	13.239693798427686	0.0068318001134859
2459396.7409659	13.109786420801054	0.0064229603189684
2459397.7362943	13.776492417847829	0.0069540415393149
2459401.9075478	12.831782157495237	0.0058819955828448
2459401.9325565	12.797748687131085	0.0066280126065719
2459401.9325599	12.90823789078875	0.0070192840298938
2459405.0041565	13.041319141506657	0.0058872231275967
2459406.5708372	13.95458954370688	0.0080049913865315
2459408.8445199	13.744838305115728	0.0045377633858269
2459410.9544807	13.979215880973296	0.0065268965376763
2459411.8854593	13.857998800682092	0.0063603343726829
2459412.8390198	13.135884245749288	0.0067056854571893
2459412.905945	13.53079638944223	0.0037069209308353
2459413.834033	13.795496147286704	0.0083170319603453
2459416.6900644	13.028250003146212	0.0081584095351713
2459416.6900652	12.878830165346972	0.0089841061777417
2459421.7545356	13.914816462670444	0.0141037079466817
2459422.6899544	13.930048884742645	0.0177199353148472
2459423.7149682	13.251309525357843	0.0099072257055608
2459424.7029544	13.787108038598818	0.0068160280579727
2459425.7086429	13.900841211449157	0.0156675825171379
2459425.7086434	14.135157484451424	0.0152305431619314
2459426.6629007	13.965008338825948	0.0092481257624239
2459427.6565095	13.406783330866016	0.0082364283668228
2459429.773032	12.948664975542016	0.0083009134774196
2459430.7273755	13.572183916735982	0.0074056240083743
2459431.7191517	13.968627809018493	0.0086923625967127
2459432.666034	13.996658587785138	0.00940815107753
2459434.7873314	13.928200908720466	0.0068958574463572
2459436.6240373	13.967963828366267	0.0154789292151564
2459436.6240411	14.194197608586045	0.0152396150307649
2459437.6383017	13.34685462250332	0.0062574783701148
2459439.8557325	13.549583556314296	0.0081116512083096
2459440.9383291	13.94466522953513	0.0068208901482599
2459444.0416767	14.071429442469336	0.0090841885070568
2459445.9316717	13.428896073344443	0.0070290224808624
2459447.7579303	13.870288668720583	0.0163093011120805
2459453.988449	13.93743467653957	0.008309335911888
2459455.7980355	13.856623738281872	0.0054800455860536
2459457.6452708	13.259479876507475	0.0055418849670572
2459458.9304556	13.150961670409188	0.0071546368976666
2459460.4677248	13.962482131109224	0.0088473558353759
2459460.7029494	13.323006609202892	0.00578637983055
2459461.9872575	13.257797864797986	0.0057672844195645
2459464.7761064	13.996463575390193	0.0118574366224567
2459465.7773255	14.081055777538609	0.0138054906851221
2459467.8287479	14.001980915830394	0.0071014795585413
2459471.5697867	13.40806282065136	0.0090946566625653
2459475.291316	13.98928247519625	0.0211176513530014
2459479.3428195	13.00259087513255	0.0101651873510574
2459482.6812963	13.958228110127337	0.0148780455884753
2459483.2620009	13.178605047087045	0.0072763827008968
2459485.7202718	13.127384762591628	0.0056131850884394
2459486.8299539	13.56762101267396	0.004257032120484
2459489.5331343	13.828845776480453	0.011974361215225
2459489.5331388	14.103830129895291	0.0130933279582924
2459490.2821083	13.508956337548687	0.0064890611252124
2459492.3024375	14.063331172033154	0.0110390793681043
2459494.3606264	13.95195900483577	0.0079086379535537
2459496.4196186	13.736662514302704	0.0047078783913503
2459500.511411	14.129630029866206	0.0140321704543739
2459502.7527472	13.956196701667222	0.0095970348050764
2459504.7067694	13.727554131691315	0.011020977309069
2459507.7924838	13.887781220623015	0.0117571605215539
2459508.5600657	13.576288275221572	0.0153611267790646
2459509.6384957	13.8793367890798	0.0270969882199238
2459509.6384966	14.102701845826232	0.0171852010912971
2459510.7405828	13.636254907173845	0.0081570608712796
2459511.7580315	13.934685628302253	0.0133548489493402
2459513.3645696	13.643260006721889	0.0058701069477781
2459514.854845	13.949291985368642	0.0070469394449132
2459515.6282427	13.96605187158261	0.0089656277598419
2459516.7546982	13.093323860126311	0.006801656014392
2459520.7523096	13.686514063625175	0.0031282202437368
2459521.6065897	13.513793926198518	0.0047384474758904
2459521.6065969	13.686391552374026	0.0046774389554757
2459523.8054324	13.734295521780632	0.0021859805892909
2459525.8090993	13.665907486126772	0.0025312191831808
2459528.7428642	13.924230649575591	0.007513145097055
2459530.5774431	14.00479909323863	0.0150408458148396
2459531.5815764	13.5225633046036	0.0097800779895749
2459531.5815778	13.36789020866564	0.0098762257570386
2459535.5579795	13.78179032937144	99.99
2459536.5662621	13.990169110656003	0.0189618925966848
2459537.5675944	12.952907954258029	0.0103377020436297
2459537.5675972	12.908382970351251	0.0108523057403944
2459538.6510595	13.85962337029394	0.0140618082952806
2459541.7644188	13.918397460816552	0.0069986926507649
2459542.6789155	13.87294615851344	0.0121849564334113
2459543.7918009	13.62340439182005	0.0043473693461427
2459545.7686038	14.119185061061764	0.0091434504234057
2459546.5312075	13.981758355377018	0.0098656290052136
2459551.5195384	12.889824348690532	0.0111311705236406
2459551.5195398	13.02830830281522	0.0092552730747404
2459552.6272973	13.953611454553895	0.0110066269411591
2459557.6202652	12.955231289925573	0.0071539925520842
2459563.6177241	14.10214575206673	0.0187079009439383
2459569.5957572	13.871270047069746	0.0127885784878221
2459571.5897588	13.381599623786238	0.0070185421938929
2459579.5775575	13.973376535748326	0.0125098314257999
2459584.5540782	12.790782607043802	0.0070113749921549
2459670.1422043	14.026338118308583	0.018344426963392
2459671.1385855	13.229830423468218	0.0077578094670758
2459677.1287428	13.61073522364425	0.0050921468955986
2459681.1182407	13.093343190587737	0.0061213764599064
2459685.1037367	13.546000498706912	0.0113630414323626
2459690.1205987	14.026334616431289	0.0116514965834109
2459693.1175149	13.930053976272756	0.0083441300128157
2459696.0872608	14.006553121966633	0.01182207175815
2459698.0790745	13.082891487328991	0.0057558476348104
2459699.9344497	13.764186918579888	0.0076881753175196
2459701.9190993	13.23552430988588	0.006678355058958
2459704.9680844	13.013496086902387	0.0113871139590712
2459709.0638925	13.819122004804482	0.0044425028377226
2459713.0617999	13.946032368569409	0.009951137026482
2459714.6736566	13.620590993103578	0.0095147751362203
2459714.6748969	13.568836837096034	0.0114237446522212
2459717.6802871	13.441189966767151	0.0209898226518786
2459722.0107101	13.277751844326342	0.0065888678675598
2459725.0268247	13.057690919704314	0.005724451468843
2459726.6094852	13.972162527313452	0.0091415242956513
2459728.8447847	14.037439547968106	0.0148800594843749
2459731.8660934	14.024637325314377	0.0149439856740911
2459736.0509954	13.87144524282357	0.0057929427813414
2459737.9085137	13.89499830017148	0.0120678380049692
2459737.9085209	14.156347713532234	0.0136905810332111
2459737.9098081	14.148451822905905	0.0137986111578643
2459739.9083952	13.678537070842449	0.0068993839992367
2459740.8816279	13.804766003949428	0.0117576425562648
2459740.8816288	14.077981388750434	0.0139133190821224
2459741.8457871	13.940209326131374	0.0121025324477614
2459741.8470157	13.92926456454873	0.0175382233546468
2459742.8243251	12.885402874348967	0.0079820859536397
2459742.8243256	12.793025074788122	0.0079174955762294
2459742.8710863	13.23903644741264	0.0085111715485099
2459745.9048276	13.139169579732837	0.0115712076931163
2459745.9048321	13.259810350254604	0.0104580274887759
2459751.105537	12.970981329311543	0.0061059807795933
2459755.5641755	13.666329799228832	0.0053778866781151
2459758.5116826	13.176165131890942	0.0074746388605131
2459760.4835218	13.96139627489566	0.0096305152477878
2459762.9167886	13.498998896343917	0.0043463023293716
2459764.7527679	13.82936617167854	0.0111614541992725
2459764.7527754	14.055911320769711	0.0116841279389442
2459766.8950572	13.847259381360184	0.0049111754985248
2459768.9539001	13.150685830754616	0.0070826840467887
2459773.9527079	13.960591345006634	0.0168763424337315
2459778.4572991	12.772488210108255	0.010601224618648
2459780.9634919	13.92744222701387	0.0081438651928505
2459783.88063	13.93355327998446	0.0078991039597439
2459784.8449896	13.90063606792858	0.0122317954965587
2459784.8449896	14.009024478949335	0.0105828371232972
2459785.8802536	12.936726091198532	0.0070310432643456
2459789.0813404	13.841070858250475	0.0052007760597747
2459791.8781214	14.032919439209268	0.0085691948168539
2459792.9555381	13.674109488380306	0.0023769556843933
2459796.6481721	13.97851572363572	0.0098925573882182
2459796.6481764	13.769214928178409	0.0098739131106342
2459796.6507614	14.00956545450625	0.0180154126765228
2459797.3978899	13.978383307316202	0.012139114862268
2459798.3939532	14.052398855431653	0.0153359436888108
2459799.646569	14.012338724691878	0.0186139156970362
2459799.6465702	13.90253534376079	0.0209625928967471
2459799.7911591	12.853775101889369	0.0068830666508428
2459800.6416774	12.738625376875437	0.0083191952212661
2459800.6416873	12.840640585055375	0.0075952446828694
2459800.8576569	13.95047820889386	0.0136616000979553
2459801.3887698	14.040123277384076	0.0263551709634842
2459801.628783	13.609160318310662	0.012411804182878
2459801.6300231	13.606116931442196	0.0174172682475972
2459805.6058871	13.911966373093223	0.0201285876870982
2459806.0309714	13.760134112634075	0.0095943255508557
2459806.6206438	13.958340530082502	0.0140934482126523
2459806.8509071	13.556766544854558	0.0079281889800111
2459807.363269	13.914740105314063	0.0195079286198382
2459807.6972763	13.508198199818072	0.009267261664762
2459808.3622895	13.969786564008269	0.0093332170275591
2459810.0195286	13.95107212031835	0.0075634549463638
2459810.6030296	13.768622592486324	0.0054530360772373
2459810.9428277	13.94070120137064	0.0070934357684571
2459811.8888338	14.01780675562958	0.0081832812735101
2459812.6096429	14.002958806184818	0.0120932013320113
2459812.6096436	13.762832810566756	0.0163171308130947
2459812.9960293	13.89971212684702	0.0052362465144847
2459813.5926906	14.045503404540035	0.0115929387648926
2459813.592693	13.959162223451036	0.0146354797179126
2459814.0300267	13.992678490386364	0.0077046762589366
2459814.429129	13.943836573541862	0.0094859421324546
2459815.3394977	13.965660592403694	0.0091349735131533
2459815.7370447	13.98973287523706	0.0088704437065708
2459818.0055241	13.223235804268068	0.0058635434325106
2459818.6351727	13.815382100547351	0.0049823125444571
2459818.8164777	14.03990732886708	0.0162521342718681
2459818.816482	14.221544991214529	0.015384384275451
2459819.3957482	13.29279262151803	0.007130829134602
2459819.725504	13.898175629855418	0.0121736064259786
2459819.7255048	14.153434048142833	0.0137426920225322
2459819.7267991	13.901967801029436	0.0125638694783685
2459819.7280936	14.100461955652566	0.0150386534916576
2459820.325443	13.779851914292454	0.0045444045898277
2459820.7742479	13.632082170547053	0.0042252085600963
2459822.0162052	13.293008932337536	0.005793225750617
2459822.6102187	13.97942090104195	0.0079977575182607
2459823.0046674	13.866701605050096	0.005720193108747
2459823.5648452	14.049061383315154	0.012449696747575
2459823.5648452	13.861205166827933	0.0124603735267866
2459823.9889488	13.948416196719949	0.0071117865245043
2459825.3021371	13.615421446364463	0.0057819579650426
2459825.9713345	13.527481242261752	0.004293611394795
2459826.3457206	13.251174160532656	0.0077635407795135
2459827.5741157	13.173961671836738	0.0090644983032904
2459827.9896249	13.891112578536204	0.0060910814638663
2459829.2969706	13.699531610651675	0.0081492239556441
2459830.2874133	13.412697452751887	0.0175835985276387
2459830.8022222	13.696273640751247	0.0097641460705523
2459834.7098637	13.769387987261384	0.0178749366375481
2459834.7098697	13.754154108850049	0.0144597564807242
2459835.3315511	13.99404285580339	0.0225994352861506
2459835.5354445	13.751046880723017	0.0109205323944877
2459835.5354501	13.739234994142071	0.0069773469063205
2459836.4840973	13.838061678932805	0.0189175075309731
2459836.9063749	13.814415883153488	0.0074540443621017
2459837.7420678	13.718115468407232	0.008553661051424
2459837.7420748	13.689109599434142	0.0102327391351883
2459838.2697333	13.94443581013424	0.0111855860162264
2459838.7850148	13.910360183593902	0.0106985615975149
2459839.8007049	12.973837715668587	0.0059108283224527
2459840.6048622	13.747988284597463	0.0050267004440714
2459840.957972	13.958595498697994	0.00772158384839
2459841.5653019	13.22238674986756	0.0065382083929309
2459841.565306	13.246069339386606	0.0061047382768867
2459842.5045793	13.609481689015032	0.0079973463156398
2459842.5045869	13.604538215478907	0.0040660126470772
2459842.9585729	13.648701110638806	0.0039072003519747
2459843.3791806	13.636615914954383	0.0053601575707251
2459843.6374967	13.9349898049631	0.0136005327485044
2459843.6374991	14.03290558609014	0.0113635711337844
2459844.3658565	13.955244440270135	0.0114363437780917
2459844.9081906	14.06075396122995	0.0088975001393675
2459845.6113731	13.893649868048232	0.0069345225227684
2459845.9084366	13.14032097362286	0.0058866050380541
2459846.3914758	13.479222035265304	0.0070624787456094
2459846.6458482	14.099067589508351	0.0108766147334097
2459846.9439585	13.921991379830754	0.0072833431795035
2459847.7992342	13.882428663275054	0.0058489770726748
2459848.6345164	13.822572117074536	0.007231965797731
2459848.6345184	13.73866384777127	0.0095015967316529
2459849.4984743	13.794985738450393	0.0067850800767608
2459849.7933706	13.161514274371768	0.0055972999214809
2459850.6164561	13.22619424057674	0.0061815928703183
2459850.6164562	13.269208528348887	0.0064522414983204
2459850.924173	13.956815836084257	0.0073065246646011
2459851.5718496	13.289818567623886	0.0063705385810052
2459851.5718523	13.23848261924526	0.0053488442647621
2459851.7425825	13.94948639725243	0.0111741214927079
2459851.8771537	14.08944487076762	0.0093814351257568
2459852.5073303	13.610687573959527	0.0067557195486883
2459853.7473839	13.207672403224954	0.0064357709919897
2459854.8973802	13.989192351734722	0.0075587361813642
2459858.5419818	13.3115096647427	0.0085552448463708
2459858.5419832	13.388376218444984	0.0090113364213352
2459863.6715045	12.857284882735762	0.0113308156695712
2459864.5634631	12.787628218521489	0.0071144340497574
2459864.5634682	12.808449598886362	0.0071175848323448
2459866.4077984	13.584662612382006	0.0137683191591124
2459868.7446533	13.962155196952256	0.0072780789691832
2459869.8866205	13.5179299102969	0.0044789138735931
2459871.8621781	14.023043552277263	0.0086160986477438
2459874.3656867	13.932213796503126	0.0088355424587992
2459875.5883733	13.74341957643188	0.005601282626
2459876.7858378	13.170900688108237	0.0056026287926586
2459878.6480298	13.899757275526452	0.0087632731872376
2459878.6480305	13.756633750575904	0.0100934309389865
2459879.6839948	14.001509395647414	0.0126384534559157
2459881.5039426	12.75539569134751	0.0067041469938609
2459881.5039435	12.821998637300648	0.0070231763358757
2459882.837808	12.815512321433854	0.00573474092051
2459884.616777	13.256944397547676	0.007243711730382
2459884.6167788	13.184001169590587	0.0071215865702687
2459885.6136473	13.802900068580508	0.0139177372975845
2459885.6136502	13.914436713537446	0.0118623046615474
2459886.6102652	14.01392543727997	0.0136907323551702
2459887.6069331	12.74551856266398	0.0081528323115214
2459887.6069455	12.7634985312543	0.0086398621671453
2459887.6082377	12.771017520471258	0.0091317374845048
2459887.6095387	12.780914974360542	0.0132872378541744
2459888.5963655	13.641778478931815	0.0143939465255465
2459890.6979278	13.167997921289816	0.0092490203048946
2459892.3307823	14.053450108118158	0.0273715508628788
2459893.7854361	13.425909116024098	0.0062325732763921
2459898.7458801	13.926990671360464	0.0065324172584785
2459899.3258191	12.991473048585522	0.0077937500252992
2459902.7876547	13.639173064460348	0.0033717775478257
2459904.515062	14.011902613387496	0.0131316065087387
2459909.2802052	14.099192507732331	0.0123681547100732
2459910.5383625	13.998363275828474	0.0097109852029825
2459911.5436249	12.954938495113089	0.0066588794272504
2459911.543634	12.992654836678105	0.0071802218692239
2459913.5293219	13.846565085838156	0.0176723692082839
2459913.5293225	13.995679603793132	0.0181754367004577
2459913.5319087	13.842051507559296	0.0286426912132875
2459915.6383683	13.914556423885127	0.0137776054574563
2459926.5435658	13.929665083967915	0.0095822564884541
2460035.1421622	13.688004313793227	0.0163931132212649
2460035.1434067	13.658761955820069	0.023890156805682
2460044.1174958	13.092460701284836	0.007901310977938
2460051.1077839	12.781609049139352	0.0058802603964269
2460058.0832208	12.968881464246886	0.0058259202652517
2460069.6205424	13.917942513231385	0.02548339242333
2460071.6567057	13.63777788242168	0.0108555257853797
2460074.0478095	13.93780242041502	0.0138876626362894
2460086.1197681	13.855659189987213	0.0231907134783573
2460093.052284	13.952494347247455	0.0083690839655554
2460096.03772	13.74324888210178	0.0041423475988466
2460101.0051248	14.02240848506876	0.0132657879573813
2460102.0212005	13.1771246337781	0.0083925655135627
2460110.952128	13.95354534626387	0.0075159601047427
2460114.9260496	14.045434341944262	0.0091839488052179
2460118.948633	12.95727864871716	0.0057858132026745
2460121.9609359	12.68271598729909	0.005620807244675
2460123.8818754	13.75329167384085	0.0100676400484327
2460123.8818754	13.883289001308212	0.0080155705343985
2460125.7487829	13.991789144589934	0.0140230411269529
2460125.7487829	13.848650367083437	0.0190728427510823
2460126.7829285	13.087379272920623	0.0098161765910084
2460128.4974447	12.91318076964452	0.0090291873140752
2460132.037046	13.27908780462376	0.0070885758074469
2460133.7585167	13.172104200402366	0.0078315018011812
2460133.7585224	13.269531484597458	0.0081885185007326
2460136.9412562	13.908161787265843	0.0139687654652475
2460139.8636363	13.505935204421768	0.0043903935065063
2460142.4525962	13.29132332905916	0.0070199209375
2460148.9372705	12.936984928546654	0.0057064474521207
2460152.066524	13.49027666874495	0.0046006251253737
2460153.8349809	13.682682602793204	0.0065989475862391
2460153.8851492	13.748761014340754	0.0151575279140597
2460153.8851558	13.902082094228088	0.0104218049280655
2460155.8973319	12.857034233454968	0.0065056538968458
2460157.6633776	13.160070377857878	0.0096216015262109
2460157.6646759	13.119820543933038	0.0188148877190341
2460159.7200182	14.064067817352344	0.0239511573047778
2460161.9969254	12.969820017805665	0.0084186270012711
2460169.5624849	13.924267544617711	0.0080976935390099
2460181.9797431	12.793928380257666	0.0057058064434203
2460194.4463628	13.946133804095028	0.0079783676860174
2460194.9856514	13.06057904679853	0.0059687363493043
2460195.503098	13.301522448803995	0.0072029222273133
2460196.980327	13.954809111518689	0.007364251211916
2460203.8666867	13.737713671293657	0.0043459250280622
2460206.8937022	13.69626643321882	0.002867785064924
2460211.9400635	13.187116960285206	0.0059093991549661
2460217.5711591	14.025158047177342	0.0199254687621066
2460219.7058464	14.106418155858009	0.0234413342026151
2460220.9309724	13.923431879640484	0.0083976318735206
2460222.5846428	13.870543427387643	0.0051673252162503
2460223.8864238	13.8340188702086	0.0051825076679561
2460224.8825843	13.958651132144226	0.0072976331077227
2460226.8451066	13.436440202735024	0.0050048801398464
2460228.3690499	13.953731367888253	0.0083268883631148
2460229.6222528	13.958724784420546	0.010578661524993
2460230.8063146	13.6561097111885	0.0029541521405034
2460231.408607	13.93610238570631	0.0078931529602042
2460231.7946109	13.969131867828551	0.0106658064218245
2460233.8217247	13.522444559036552	0.0043871087182164
2460235.5368934	13.428381529272508	0.0078351049276488
2460236.8241026	13.29669948219844	0.0054940456255365
2460237.7786595	13.75594256459285	0.0066102125561358
2460241.7705593	13.912514600403023	0.0086823911102294
2460243.5242022	13.962817470076756	0.015906551965392
2460244.5828637	12.780462832113791	0.0106449654287835
2460246.7436946	12.63404013448255	0.0067225764396158
2460248.7752346	13.951618944514372	0.0095922358334621
2460249.7865371	12.658657311173029	0.0056576242862658
2460250.7347119	13.273021056609265	0.0076921067261352
2460251.8764205	13.938683928465672	0.01159397929859
2460252.6352919	13.969360288334556	0.010618310939739
2460253.5302284	13.94939716954283	0.0076886315988747
2460254.5987298	12.872080808890834	0.0071600648499513
2460256.5890569	13.982741413158733	0.0091556782776515
2460258.301394	13.933154150035485	0.0081530321871808
2460259.5194092	13.764366017603876	0.0053836471520376
2460261.7302567	13.857901777568042	0.0053582795537737
2460264.7607187	13.814863999542927	0.0045716895997823
2460266.5754862	13.878963978219804	0.0132900285597037
2460266.5754905	13.938242925718908	0.0102160637216489
2460268.5729936	13.378673812039247	0.0070151779926286
2460268.5729952	13.323603217801097	0.0070408549448855
2460269.6378703	13.947389993281146	0.0121893291560181
2460272.7294812	13.931083465626848	0.0100599445656581
2460273.6762214	13.704537285311208	0.0096012069637148
2460273.775053	13.233804821251551	0.0072840517172321
2460279.6520489	13.9493833755471	0.0135348844118432
2460280.6482172	12.988422966613346	0.0071245681259342
2460282.6369303	13.946035199798104	0.0106720018902234
2460283.6331578	14.086895560069344	0.0137548740504078
2460284.6296727	13.087788354228094	0.0070065570112044
2460287.7169162	13.410708145993004	0.0054526595611314
2460291.7247066	13.841032207600817	0.0053990041374372
2460300.6010359	14.126437910527702	0.0191262899824895
2460304.5869796	12.691620881874062	0.0077247788480299
2460308.5748964	13.332058552017124	0.0062097287804672
2460311.5518097	12.80773931388514	0.0071460716292405
2460313.5568988	13.92454597583647	0.010201934797802
2460315.592739	13.6442635358661	0.0034497009995678
2460423.1172086	13.925649026493543	0.0110259506148671
2460427.0709419	13.937271747296244	0.0196292209035985
2460429.9185045	13.54266982031439	0.0082936305658606
2460432.9159443	13.26915640632321	0.007033099238644
2460433.9364039	13.922880571027749	0.0101894408381929
2460436.9455625	13.827171212126885	0.0081992422232494
2460439.035485	13.43589043306138	0.005241291102036
2460439.8818261	13.335733036216318	0.0083340760857041
2460439.8818261	13.325849096569817	0.0075850291809185
2460440.8662107	13.88917894800214	0.0077160442274704
2460442.6159461	13.865993568683471	0.0068950651913737
2460443.9152901	13.880715005244134	0.0100067565637814
2460447.8917193	13.972551898832766	0.0110818108813187
2460449.8604746	13.211124737433922	0.006445679996521
2460449.8604746	13.172350984487435	0.0063702778653874
2460453.8602139	13.67657559902051	0.0115885542249194
2460455.8761506	13.00659396007076	0.0080343682633751
2460455.8761506	13.00103717964645	0.0094428735441482
