2458220.8467134	15.420460175280065	0.0255205374061891
2458221.8535266	15.460356692273882	0.0202830299904812
2458223.8322738	15.463100153399251	0.0219471617148842
2458226.8300934	15.65294291658322	0.0372756318292799
2458228.8248417	14.74096531809134	0.0150268496481013
2458232.8114256	14.79378830576938	0.0177973774084046
2458236.8024239	15.282953212342994	0.0442441277210195
2458237.818481	15.276222842584591	0.0400112944703912
2458240.8175326	15.409034069473684	0.0434436042960244
2458243.8553812	15.449406835147556	0.0236685371715319
2458247.8282571	15.5047133816664	0.0238368407943037
2458248.8599222	14.392590129859546	0.0144584584555837
2458254.8503158	15.11862958914712	0.0109332899254027
2458258.8573864	15.42567230033466	0.0177265180669846
2458259.7403839	15.146274426350748	0.022325677406482
2458287.770315	15.433642797762662	0.0209275375207536
2458288.674943	15.515528585136313	0.0243648090422293
2458289.6158411	15.397988308800436	0.0237048058244655
2458290.764805	15.381992159174946	0.0181285001859942
2458292.6284621	15.480000901965909	0.0455027755903724
2458292.8164987	14.68754297101214	0.0162586738778452
2458295.733206	14.648853571102636	0.0238099830725228
2458296.736212	14.729882924144428	0.0295841782748779
2458308.7444724	15.45991153783459	0.0203583318375369
2458310.5449655	15.386162533533351	0.0162126025855808
2458311.541788	15.39147957551292	0.0198711710488501
2458312.5901697	15.443289660836534	0.0214632454684113
2458313.679662	15.526864159661889	0.0250380448977965
2458319.8665582	15.436552314021135	0.0191248520053055
2458320.7516278	15.205031175312318	0.0143597850904664
2458321.86383	15.503744365779191	0.0206226238624012
2458322.8071118	15.446754425231816	0.0334130346335839
2458324.7503928	15.527647870743628	0.0578831793128352
2458329.6033554	15.45827583041044	0.0440821247857754
2458330.5475342	15.361125113309765	0.0312570181309816
2458334.7199467	14.331195288637897	0.0170008757806469
2458336.468001	15.491329788282012	0.0249362300347234
2458337.7162631	14.811990398712016	0.0178789570951721
2458338.4650301	15.437299916711316	0.0306190591806569
2458339.4653602	15.084181307068022	0.0150200617888291
2458341.7012915	15.166144228075098	0.0136087684281591
2458342.4701237	15.555869499057584	0.0334896791850432
2458361.6523336	14.94104983632874	0.0211815122692023
2458363.6375487	15.124373061436993	0.0157669272892234
2458364.6197468	15.13134907653143	0.0123368303551346
2458365.6309638	15.275936236969862	0.0101028595020139
2458369.6210804	15.398047917117204	0.0201544813051916
2458374.7063054	14.597460111370935	0.0154714736289579
2458376.5082125	15.450175806326556	0.0258836137950339
2458377.5049346	15.49615079463146	0.0260407861376665
2458385.5708107	14.993816712118075	0.036508517255158
2458392.6587658	15.463338300186251	0.0191269266195207
2458394.5454057	15.446444387284854	0.020476208778133
2458410.4976565	15.216157571497996	0.0288485020389386
2458416.5899373	15.656689509857245	0.0466462851941187
2458418.5773251	15.596578158669052	0.0273519573941141
2458420.5722559	14.61576753883486	0.0145380509019275
2458421.5680439	14.321759169962773	0.0141883263653749
2458425.5583537	14.895194277426915	0.0137919765437002
2458426.5505667	14.949132246901584	0.0139063219630685
2458427.5426416	15.033909559907192	0.0212798703376222
2458428.5494938	15.128978512016316	0.011589787949206
2458429.5417392	15.24596854828555	0.0313005667747784
2458430.5488156	15.312037030245795	0.0150597214876149
2458516.0154298	15.503023225322416	0.0261919430506704
2458536.9959559	15.434341071370062	0.0384946308587162
2458542.8995368	15.450362031055342	0.054590781388058
2458554.9045366	15.152513843019443	0.0229859280552628
2458561.9073632	15.465578687781347	0.0462461525231848
2458562.9259705	15.49523834779799	0.0603297870431252
2458564.8600427	15.566870993002608	0.0502240962391378
2458569.1348232	15.428048882480832	0.0258395388018731
2458570.902768	14.629014014306566	0.0180924753346871
2458572.9181682	14.82592835604889	0.0395604423285738
2458573.0960838	15.518083476138123	0.0272008130277729
2458574.0092042	15.403837696845637	0.0186450771024993
2458574.8713361	15.007736872297247	0.0144382150180889
2458576.5998583	15.431962676718792	0.0221214497676962
2458577.028672	15.472838562823906	0.0226887978189426
2458578.0532943	15.46733100573444	0.021254694175765
2458579.0561401	15.553224495650332	0.0245253267664416
2458580.8022119	15.260617726568002	0.0148571081599339
2458580.90939	15.510739581240903	0.0258624945633889
2458581.8081938	15.39422394486235	0.0205915651350371
2458582.8095722	15.383002474659584	0.0227392260115395
2458583.9916396	15.366846757254567	0.0181339520055498
2458585.5422709	14.748221976419911	0.0145716335665992
2458588.1033842	15.237386341336714	0.0105937781916535
2458588.873639	15.23482180193662	0.0127030581080206
2458590.01508	15.085451385167428	0.0234959963497128
2458591.7783367	15.496748798780107	0.0549674511272815
2458593.9479306	15.168473303967218	0.0437452491286308
2458594.765741	14.31945522437256	0.0233099862534886
2458595.8276943	14.92586012286626	0.031000702758797
2458597.9527044	15.57967602853179	0.0360737888228091
2458598.8804058	15.36319908484714	0.0255014122495685
2458599.8482308	15.425393422103475	0.0290404501428973
2458600.7442643	15.063155123669569	0.0178067407570988
2458601.7517055	15.152588526078327	0.0163714945839448
2458602.7647482	15.32277192475891	0.0178891196528675
2458604.7815309	15.437800668200056	0.0231537601247491
2458605.9399108	15.480704197087196	0.0217971767592474
2458609.7228942	15.385695533906665	0.0290480960136685
2458610.9503043	14.891288081010476	0.0133622492923925
2458612.7131553	15.44982687079678	0.0257711787362613
2458614.090691	15.523655708756651	0.0220470847518062
2458615.7461221	14.340607318511813	0.0160610126888799
2458616.7051784	14.406477548798826	0.0176123966224339
2458617.7193541	14.486602953048893	0.0199745300494311
2458618.9582283	15.567041480205104	0.0347140334408617
2458621.0293285	15.546594219893556	0.0391621329006119
2458622.6193944	14.687703461895936	0.0585977196236582
2458622.7347794	15.101125677792156	0.0389652867117334
2458622.9344386	15.46344211974967	0.0427446243955212
2458623.8831432	15.57063412514626	0.0596765042981051
2458624.6767559	15.13924907299922	0.0449136551817408
2458625.6699736	15.342067979947512	0.0527960887992212
2458626.6744684	15.186794711114086	0.0412636148561545
2458627.5782738	15.114166281754173	0.0266377977452598
2458630.805286	15.5717013563618	0.0239910595727809
2458633.0697301	15.473011000957444	0.0221671685278594
2458635.6535595	15.504180289558784	0.0286030807400934
2458636.8646843	15.14695838679444	0.009970464920127
2458637.7979706	14.948868992662804	0.0163766333212025
2458640.6705702	14.656045747572508	0.0183774354801031
2458641.6842472	14.896924851579277	0.0181352144745574
2458642.883795	15.327795748945036	0.0196793879978088
2458642.941142	15.428278382742562	0.0251086392333648
2458643.8720579	15.516381910116824	0.0238099018290202
2458645.3771595	15.455784233187792	0.0321470624124888
2458646.823568	15.573739417373304	0.037837180783932
2458647.7476726	15.414788220964654	0.0312407833458955
2458648.9310849	14.43475507313676	0.017561972380496
2458650.6069903	15.251946681886356	0.0578425979372372
2458651.6595282	15.427791997338272	0.0581769833029996
2458652.9400884	15.063206876709188	0.0282568811587057
2458653.6471626	15.561616310169288	0.0615469060432607
2458655.4732268	15.358293872132654	0.042542769194492
2458656.9864922	15.456269559825117	0.0220057864344041
2458659.510455	15.459653625155138	0.0296885078088799
2458660.7837381	15.188432847337276	0.0119559357911854
2458662.8747706	15.50082296995764	0.0223938736594892
2458667.7278877	15.376870470846288	0.0192666671343725
2458668.6802225	15.382265550188796	0.0201432861651747
2458669.7151432	15.405026800829852	0.0233078567574543
2458670.7895535	15.566605500651551	0.0261089615764078
2458671.915731	14.802339786643229	0.0140720604287432
2458673.9143864	15.00420994617256	0.0134419454749183
2458674.8587096	14.908686240050358	0.0145380226121784
2458676.7228595	14.386670601802413	0.0208678575383968
2458678.9732361	15.5816202561973	0.0330436312553629
2458679.8222726	15.230826154389888	0.0336917451680793
2458680.9349829	15.294544122805547	0.0670929334821556
2458681.9491665	15.413637005839927	0.0431598034965771
2458683.9720494	15.50923821213564	0.0329201014925429
2458685.4941006	14.491125547759172	0.0206060480201189
2458688.8941033	15.03619668730513	0.0140348494785074
2458689.9510041	14.67816123896564	0.0142900732523372
2458690.460089	14.801512123564668	0.0147911516806665
2458690.8562757	14.699443099086183	0.0152754978621952
2458690.924508	14.688543565476234	0.014042813848922
2458691.4725436	14.966333668590934	0.0143320251907028
2458691.942572	14.978922820822993	0.0129837149289068
2458693.663074	15.39080345572428	0.0219172060624102
2458694.6953731	15.358681670356711	0.0186377739619778
2458697.7136639	14.33133910344868	0.0159389622737622
2458697.7163949	14.334228295968774	0.0151217279501386
2458698.5284909	15.418067978247132	0.0215540993957268
2458699.4947898	15.386198953291924	0.0223711504235347
2458699.9209331	15.53912275570335	0.0295787770852652
2458700.5011652	15.43641700551386	0.0254120636969548
2458700.9012524	15.47692118227305	0.0199797980548695
2458701.4799557	15.355067204943609	0.0219360198116595
2458702.5664227	14.627870027904722	0.01775776552472
2458702.8221005	15.407864512153411	0.0250959621806329
2458703.7525633	15.381323143507249	0.0198353268678262
2458704.7146723	15.292329723277495	0.0293722979128713
2458705.3530449	15.489920825496997	0.0314223002253615
2458706.7996809	15.495675273594816	0.0474236195718564
2458706.842216	15.481815018109897	99.999
2458707.7663974	15.604161148863644	0.0561329060481608
2458708.7768377	15.436619004895496	0.0460768827624247
2458709.3305692	15.53242933392025	0.057584646458077
2458709.8006581	15.559090497048317	0.0411708300059909
2458710.2189559	15.611684819263829	0.0677812466791148
2458712.3743702	14.512685742513776	0.0269086359060699
2458714.8863004	14.994370922274292	0.0264821210032357
2458715.6827201	15.614292473784069	0.0476622104803759
2458715.8857263	15.108985970102207	0.0176519466181543
2458716.4212772	15.225251016200088	0.0226778642005285
2458716.8812034	15.121325012933536	0.0128373250317063
2458717.3994677	15.264425713488077	0.0146628182495258
2458717.8775959	15.269184699343716	0.0176897736339717
2458718.3758879	15.245430256709716	0.014257748759187
2458718.8770837	15.342652318129344	0.0198834506702434
2458719.3101204	15.083435763289422	0.0126736337142907
2458720.7626199	15.050639539628122	0.0129875555853178
2458721.6655635	14.642164989183753	0.0145806538687007
2458722.6834307	14.906983064453174	0.0143046923103151
2458723.7929939	15.34562772259929	0.0168846965404422
2458724.7939564	15.408611136456589	0.0185759970594603
2458725.7635657	15.429658087185484	0.0218344543029386
2458726.8437429	15.454252134789275	0.0231508024785572
2458728.3609068	15.588580937272225	0.0418540390760788
2458729.749645	15.487523634992764	0.0212394400456941
2458745.4874321	15.182394859162722	0.0145865657930205
2458748.7921536	15.526388411713455	0.021997069691855
2458752.5845572	15.402408291581269	0.0226203060881848
2458753.579881	15.3787931559724	0.0262994966350183
2458754.6796665	15.488533749364755	0.0224231815424711
2458756.7714476	14.537637722343437	0.0139347293713531
2458757.2290337	14.335357861245717	0.0273847565945383
2458760.665161	14.42870839269771	0.015484251198002
2458761.5613679	15.560387338725588	0.0440106103374209
2458761.7085584	14.90615845812504	0.016515224700424
2458762.2564094	15.122890511754743	0.0250949729182179
2458762.5509032	15.486571086874658	0.0339232140413489
2458762.707973	15.00087234459828	0.0157123176594346
2458763.2531931	15.24970289980824	0.0259199215563542
2458763.5537978	14.723609782751865	0.0226996522288111
2458764.7067639	15.247630659714314	0.0199217046821082
2458765.7296848	15.365028233147216	0.0262379403095752
2458767.2441374	15.595058408339854	0.049170644653155
2458770.7151194	15.545409040350467	0.0368063072871972
2458772.5433542	15.265717496008351	0.0289242405825673
2458773.7018552	15.418605449990633	0.0260590098469001
2458774.5016825	15.305238689193144	0.0211667318881941
2458775.4983018	15.3335951910439	0.0263366662415593
2458775.5452193	15.411670819340946	0.0258595321992627
2458777.6161762	15.45313534333683	0.0190674132600323
2458779.6093537	15.607815351699246	0.0261053926920496
2458780.5868807	15.576717990887856	0.0252362830541756
2458782.5851883	14.690926907587931	0.0146300650248268
2458783.573434	14.335357677124348	0.014318411932421
2458786.595311	14.91669801475439	0.0133538043085181
2458788.6012993	15.124900826273873	0.014227018354118
2458803.5796901	14.352022841347738	0.0143268003485438
2458902.7696612	15.024653865808771	0.1023600692743683
2458903.5154636	15.45502981626344	0.0518132244622568
2458904.0917992	14.359528658750156	0.0140863482240365
2458905.8919277	15.4016099502155	0.0333298774908418
2458906.893317	15.449809007618011	0.0375936639653517
2458907.8852061	15.41955561540818	0.0267492034933815
2458909.8887393	15.613762483707117	0.0377310545169965
2458911.889666	14.328364721821266	0.017979102019947
2458916.0062142	15.333414875194038	0.0169219275515302
2458921.6277014	14.925373910485636	0.0346245542245992
2458928.9118954	15.57217823674068	0.0256595466431538
2458930.8946717	14.876445269504051	0.0166193533881847
2458932.0443631	15.200392009874427	0.0154038594858601
2458933.9618113	15.01102400140689	0.0124649537361441
2458944.0870067	14.389532284098594	0.0141371240413551
2458952.0267088	15.172422043151368	0.0281818944190369
2458956.9657675	15.278912824815489	0.0128363365170975
2458958.9024409	15.24215425345088	0.0115774801395387
2458960.8408178	15.212307124785848	0.0115960254999037
2458962.9082264	15.4629661520534	0.0197444343352923
2458966.9311091	15.607697244195723	0.0268734013590676
2458968.789776	15.437464458362696	0.0201522344914326
2458971.0856209	15.221222261003764	0.0191549773699756
2458973.9118654	14.745179476188431	0.0244274513586373
2458983.5178326	15.417912728846565	0.0317377437662128
2458986.4674567	15.572572462326503	0.0270210817893089
2458987.9063191	15.534668971951184	0.0223801076027755
2458991.8502009	15.558489487950787	0.0236647410972675
2458995.075407	15.487040587523886	0.0201312541463701
2458997.9189119	15.19379884944588	0.0083240288033707
2459000.0303077	15.520820055816824	0.021869485869433
2459001.4234002	15.480008737762072	0.0404877537751138
2459003.9640729	15.488337753939014	0.0294021115507305
2459006.7935883	15.505622834180642	0.0471069717218466
2459008.0899769	14.965780812411086	0.0261657122781238
2459010.9310276	14.373769123956476	0.0147269214926574
2459011.887765	14.697141293207933	0.01446856398391
2459013.805892	15.542553535572292	0.0245965801293014
2459015.3780775	14.697889730598376	0.0147549161324752
2459016.040236	15.447276044504022	0.0200770126783717
2459016.4973033	15.272712642126722	0.013219720395224
2459017.3990878	15.01922709402182	0.0137114782531323
2459018.0519789	15.50598823908372	0.0224492744465471
2459018.344779	14.957518959372257	0.0142604504250956
2459019.3412445	14.983584632246334	0.0161658114285238
2459020.3432346	15.121865843874478	0.0122124250195639
2459021.4900512	15.518020947278552	0.0384874774431587
2459021.845739	15.30978942801226	0.0136945664613529
2459022.3999555	15.428539779820705	0.0240676262430336
2459023.3287613	15.321089969560838	0.0173102405068768
2459023.9668873	15.546082817698396	0.0231120148654686
2459024.3829037	15.412542727349248	0.0231928468186767
2459025.3614941	15.471203850171625	0.0230146930685545
2459027.8859727	15.478739649574456	0.0210374818876236
2459028.8625961	15.48721504496296	0.0288461535676692
2459030.9277894	14.365014781149672	0.0159147699697212
2459031.3832422	14.662117494069458	0.0187231499164528
2459031.9267144	14.507897858619948	0.0157796458826487
2459032.8821838	14.371389797784214	0.0182786603526982
2459033.4589578	14.838554767618149	0.0324436310551303
2459034.4745841	14.991013986602862	0.0492110407890662
2459037.902321	15.1160847555301	0.0185181907827892
2459039.8184941	14.968773247813909	0.0131496429745758
2459041.8973029	15.417410530360783	0.018607287134916
2459043.8774138	15.456914324692235	0.020894788377373
2459044.8166678	15.43784457091254	0.0276104768783763
2459049.2536941	15.473474726757075	0.0247275590643604
2459053.8372383	14.911792168096076	0.0129049880974208
2459062.8325058	15.30974418901854	0.0318992646330551
2459063.2254148	14.848189350694	0.0520781041253389
2459073.7500684	15.482317120723277	0.0209319639076811
2459075.8099318	14.409870373096766	0.0141660673455389
2459075.8111699	14.39870650605787	0.0148528256980461
2459081.7649487	14.921905092969656	0.0131405824197534
2459083.8659171	15.442221170645643	0.0176771302999413
2459084.7506485	15.144525078283252	0.0102642822905712
2459085.6786823	14.936453131866376	0.0181734024816077
2459086.7564364	15.332131971775754	0.0150941197685467
2459087.7555377	15.425824561398816	0.0218349177233633
2459088.6690364	15.128857963031448	0.0203990482831601
2459089.6716375	15.181481429513696	0.0338738104276536
2459090.7006456	15.405448329241327	0.0445793103037557
2459092.7687405	15.569179597993072	0.0419202341274235
2459101.8218514	15.131749895008786	0.01043975011001
2459103.8109042	15.289126359273288	0.0125752973319
2459106.8046442	15.549621391613089	0.0266965731531541
2459112.3312932	15.609114537624556	0.0322124473315176
2459118.7480649	14.466849202455572	0.0173759593273005
2459123.7448162	14.9653076826684	0.0230451778063169
2459126.6048547	14.599759802188226	0.0192840286127656
2459127.6376605	14.968960862933782	0.0203371210286476
2459128.651459	15.15342267229874	0.0217761063323531
2459131.7246866	15.497494211660094	0.0230698196130303
2459133.7235938	15.475537886559357	0.0200905346293395
2459140.7171425	14.3944555971631	0.0152819260387777
2459143.5995207	15.393195246358866	0.0209213201199088
2459144.5948647	14.833801820636658	0.0164511725996132
2459145.5926626	14.324887770434774	0.015146090271609
2459157.5502516	15.456641115740087	0.0211305897489974
2459159.5531269	15.4637810930206	0.0215794990222316
2459240.0305312	15.42616733439391	0.0297995512683875
2459252.139702	15.31069396323173	0.0201473861983803
2459256.1425672	15.504404888256431	0.0252002726192812
2459259.1255088	15.540446491672968	0.0251330804410494
2459268.8958886	15.340260980320137	0.0720064004146975
2459272.8864117	15.70897912268963	0.0955156245164462
2459275.8871165	14.463135934097016	0.0265554160874005
2459277.9972766	15.240385512665622	0.0295583027574367
2459279.8870229	15.004087741573288	0.0313409512686634
2459287.8688623	15.3960731353036	0.0240269460612886
2459289.8900205	15.445807609701893	0.0253307023750353
2459293.0293333	15.035659922084024	0.010993034249992
2459296.8292775	14.372876664030825	0.0177608486529621
2459297.8658079	14.655311858648547	0.0176359606955413
2459305.0825051	15.515475587150709	0.0372878587990133
2459311.0460216	14.820193925286738	0.0135369006984145
2459311.7976125	15.46047875071701	0.0273019627350042
2459311.8499359	15.46054180562984	0.0256004643655849
2459314.9747244	14.90184364793757	0.0131291844403639
2459317.7854672	14.96203717527036	0.0176920887201711
2459318.8100645	14.414216793469752	0.0167635660679593
2459318.8312057	14.519253711703758	0.017406736446537
2459320.7688405	14.458672343572005	0.0166091883430244
2459321.7749043	14.711724787695136	0.0189321480766107
2459324.982594	15.487480009223644	0.0197806449844872
2459326.8861504	15.424937782652869	0.0230156484676971
2459327.8009859	15.450623734883022	0.0195984814436255
2459328.9142588	15.529672080423811	0.0373003153943014
2459332.7399044	15.35042332976516	0.0638390422024646
2459338.716084	15.461827501810696	0.0303466633023018
2459339.8501442	14.846700123999232	0.0148426635494356
2459340.8123975	14.791949067246772	0.0181946907946165
2459345.6887466	14.72336788263364	0.0171819054333916
2459347.8784251	15.476551699764071	0.0218649307890574
2459348.8385147	15.473103381801458	0.020185774902271
2459350.8152703	15.451443835126966	0.022167731093131
2459353.8689033	14.996421309490088	0.0133232104249077
2459355.8240304	15.3035872248662	0.0133709212620907
2459358.7841438	14.426006689361005	0.0242816758066639
2459361.9064492	15.494071102827254	0.033002050044544
2459362.8869366	15.465681790463568	0.0325728220536562
2459366.6518843	14.612065836230348	0.0181772885164913
2459367.96909	15.44591095490163	0.0190941111521999
2459370.8655607	15.366999110125278	0.0261696292664595
2459371.7082451	15.32620302472512	0.0175095445278246
2459371.7980016	15.461650865316802	0.0306033358137289
2459377.8200343	14.371438352312762	0.0141745193826776
2459380.9695852	15.439955067052155	0.0195895617829636
2459383.8027666	15.165810687936771	0.0125021925819301
2459384.8392752	15.315856923225653	0.022547010008234
2459385.5501472	15.457491649433797	0.0304030586514761
2459387.6678596	14.823148349590888	0.0268521163397895
2459393.713933	15.41815821469486	0.0384161046418248
2459394.6921843	15.308120964045331	0.0269942689926879
2459396.5440885	15.223594135122196	0.0198151929164428
2459397.9551107	15.095890568553106	0.0109190391458225
2459400.6602832	15.399555606792166	0.0281951234933221
2459402.7884311	14.886386191584627	0.0137144716881279
2459404.9887417	15.49305747966843	0.0207134221194071
2459408.5777146	14.412427860184174	0.0175752291709682
2459409.7544074	15.350736528517029	0.0215019065007517
2459410.8385249	15.425640320486927	0.0206933749659508
2459411.8260504	15.496856017496752	0.0207542207149269
2459412.8101118	15.463153900949829	0.0191855544835462
2459415.8297134	15.540378582035494	0.0388659392992348
2459419.5854185	15.548942025137988	0.1287062947636774
2459422.4989434	15.298033602659356	0.0203566161889248
2459424.6218352	15.31169494236803	0.019330080435649
2459425.7225012	14.829009750727897	0.0227941791424549
2459426.6175072	14.347952293377432	0.0170840662382356
2459427.6451692	14.743558696337155	0.0174207605612262
2459429.7407173	15.32709559902422	0.0232263657072088
2459430.707136	15.296239670953582	0.0214777995775151
2459431.700155	15.40443523079396	0.0237246842197463
2459432.6622354	15.312633052028946	0.0167196021181552
2459433.4446553	14.335867951660664	0.0153950655027807
2459434.7912034	15.49848405784887	0.0210956871644253
2459436.5455397	15.194489973800984	0.0149385884391886
2459437.5271505	15.290621717911703	0.0159101511870466
2459439.5702193	15.450773578387563	0.0234450273511384
2459440.8842748	15.090361796292845	0.0110357749752697
2459443.8516519	15.172968190851948	0.0234269417406295
2459445.8430591	15.33872979272932	0.0316852984395573
2459448.4260538	15.765865798654763	0.1455285480294175
2459449.5096817	15.133000672729937	0.0396544131380442
2459451.7724406	15.549045404277642	0.0476268847173927
2459452.6741393	15.229842742454489	0.0493167536292113
2459453.5894673	15.05548321698248	0.0156432048579962
2459454.648849	15.412050698593925	0.0337135251121966
2459455.5659313	15.19531382549353	0.0163919929080901
2459458.780559	15.202024470670066	0.0170988058340373
2459459.3216993	14.44332268904654	0.015389810571101
2459460.8180423	14.668737306710089	0.01345587321674
2459461.7363094	14.390329575811538	0.0135831593410806
2459462.7663186	14.796477534587734	0.0120797693703474
2459465.6131949	15.0914422103571	0.015733367829587
2459466.5880737	15.152106605505296	0.0096924174284955
2459467.6237808	14.460121853554828	0.0176113709174089
2459472.4902173	14.410028034716474	0.0237952243838079
2459475.3382004	15.644390836599838	0.0912833566170297
2459480.6804567	15.559839620567455	0.0391730163345052
2459481.3004953	14.712568753594056	0.0189607706092298
2459482.7531411	14.561581965623688	0.0138447685858401
2459483.7640022	14.7748062922441	0.0140064925337211
2459485.6681431	14.443901863592624	0.0153425863261307
2459488.7770243	15.35043461021495	0.0160169400221001
2459490.6446574	15.041227668251487	0.0116591896999925
2459492.574885	14.9671199896694	0.0130747184964087
2459493.5374022	14.83266279317982	0.0176599121443505
2459494.6550904	15.349290291046158	0.0190439381444545
2459495.6432975	15.397179400195364	0.0174941268302563
2459500.506301	15.386198096891858	0.0345831110481987
2459502.7181609	14.39785794001332	0.0153983625751176
2459504.6239794	15.387854952062453	0.0398797163272421
2459506.6099111	14.742055200605796	0.0253950678457223
2459507.5058314	15.60382683540402	0.1158576539015744
2459508.6026439	14.4378080749095	0.0240066149738802
2459509.5983219	14.585002779272331	0.0231531974328826
2459511.59882	14.890749250344784	0.0149126289392608
2459513.589682	15.08477963509864	0.0118696744606618
2459516.5722852	15.222809567300304	0.0121383256371202
2459518.5655045	15.361156060734936	0.0179506211326473
2459523.5462988	15.492516155084015	0.0266436407528247
2459525.5457871	15.47293671200011	0.0259951021891314
2459528.5517213	15.259882614771742	0.0202881994849274
2459535.5344122	15.074755784166364	0.0485079532472672
2459605.1729159	14.576296707281118	0.0532847795751415
2459606.1695267	14.371183015775497	0.0210435768250979
2459607.1660454	14.541425543234013	0.0170674277249069
2459616.1469512	15.44319411788203	0.0222345489528538
2459619.1404551	15.471928054328565	0.0219725754865387
2459625.1271662	15.51810769164982	0.0406575121051928
2459626.9822067	15.602354227817225	0.0620848460274448
2459629.0208039	15.535854379965867	0.0374087949037782
2459632.1016632	14.848723143305332	0.019269685491325
2459633.8963552	15.556158853523725	0.1067340820183044
2459635.0046537	14.702925687364008	0.0164141370659536
2459637.1287433	15.425688108688284	0.0226291449894622
2459637.9873769	14.966211279512988	0.0154300118483382
2459639.8840532	14.710896366969202	0.0203344224433506
2459642.1260801	15.442799913717623	0.0199741571766796
2459643.9451654	15.369025290938565	0.0164485312574422
2459644.9945488	15.46454077776863	0.0199292707938094
2459645.163245	14.79755259584682	0.0373171782419868
2459647.110278	15.190562066253737	0.0101078067542075
2459648.9326943	15.417928933063791	0.0192326184061505
2459650.0557445	14.510930299142355	0.0137955249144004
2459652.0694859	14.629117994165156	0.0154639487219171
2459655.0511756	14.97078034449654	0.0396510718307832
2459655.0537051	14.979924805344933	0.0613317690275555
2459656.0353166	14.965509694673306	0.0421270091991317
2459656.8639134	15.13372521557975	0.1113090170348327
2459656.8663839	15.534394976272765	0.2073994533174362
2459658.9110255	14.6988532542927	0.0275235853734785
2459661.1062067	15.47988074567022	0.0707138836319111
2459661.8659544	14.682085810002674	0.0305789049488858
2459662.8968086	15.11875658929726	0.0216758813371542
2459664.8640497	15.145630308000932	0.0144054990779769
2459666.8257578	15.286369472556364	0.0145535343315345
2459666.8478617	15.262063487927588	0.0152250300365857
2459668.8426012	15.388294913837257	0.0196785303548131
2459671.8184156	15.43965268718667	0.023535109142782
2459672.9078069	15.487190505193752	0.0217331734981974
2459674.9034916	15.485747130005878	0.0268702820720931
2459676.9638759	14.73184338700116	0.0177547953298617
2459677.9815257	15.045246844484817	0.0109674680453305
2459679.865747	14.537739413244806	0.0161951632104672
2459680.8781259	14.803718418234402	0.0174234437872584
2459683.0375954	15.425003165167023	0.0300876246878459
2459686.9283157	15.43626805538021	0.0452033951929568
2459690.5175846	14.994978116499116	0.0939735430758256
2459691.8481818	15.406483262335124	0.0283636370504874
2459692.9117917	15.563423153448364	0.0249658569231046
2459697.7367922	15.430855097414875	0.0228803104395208
2459699.8644819	14.535484724292251	0.0145490520544553
2459700.7243844	15.368713059534429	0.0187457816386153
2459700.7948961	14.454177432895849	0.0164350310430884
2459701.7961252	14.39777364573307	0.0188123760842556
2459704.9487957	15.43406076976824	0.0185939269233579
2459707.7613901	15.009197052199152	0.0184632752142109
2459707.7626535	15.02039461429767	0.0332955298442292
2459707.7639401	15.059348982890548	0.023684704684782
2459710.4550124	15.48470857868067	0.0432251708708255
2459710.4563894	15.555632234029147	0.0824476154016504
2459710.4576603	15.376773537561876	0.0763123037612578
2459711.4576421	15.64067417752647	0.0743067871267281
2459712.5874849	14.859979457707365	0.0201376173101581
2459713.8163741	15.479700159707896	0.0345476686194505
2459713.8176956	15.501386115915508	0.0553905104977588
2459713.8741412	15.376827147518156	0.0599204413616713
2459713.8754856	15.559205842834608	0.0757730258770726
2459713.8767845	15.688115679086913	0.080325443748298
2459714.7990587	15.48538374436458	0.0396076467485383
2459717.9485134	14.792867372824492	0.0264036682590686
2459719.6782102	15.460303938853814	0.0494475054937693
2459722.6801784	15.63242195140782	0.0342986230968913
2459722.681465	15.504087230907054	0.0302215284277738
2459725.0345283	15.542772848760906	0.0250065039840872
2459727.9937288	15.510138391448736	0.0243413354320656
2459727.996244	15.538318506658545	0.0387946181848817
2459731.4900577	15.509824261879356	0.0236630294220476
2459732.8258723	15.483309077390231	0.0199184180063016
2459734.4347915	15.230811257220186	0.0192250112383965
2459735.7715832	15.414942197866806	0.0178926314907406
2459736.4016063	14.66145454188544	0.0165239139539476
2459737.8711527	14.481528632966077	0.0148302503036624
2459740.7226143	15.473996075336531	0.0385240181028543
2459742.732559	14.7759799366688	0.022406585374968
2459746.8582088	15.195535349064082	0.0499810250272548
2459747.5550831	15.350986787528669	0.0689078796964289
2459749.6643777	14.80281812588791	0.0205840136751254
2459749.7768264	15.240029345834964	0.025235460796327
2459749.778113	15.124105359360597	0.0353797964090113
2459752.0342556	14.35053506490728	0.0145274044746163
2459754.7862957	15.461598351890167	0.0200992567641661
2459755.4327033	14.578790684365549	0.0166764327136104
2459756.3192902	15.33982927148028	0.0161559871228557
2459757.347192	15.435356957856673	0.0201892834978151
2459757.3484323	15.469595857790754	0.0231571454453523
2459758.4097289	14.66002178877435	0.0150685179176582
2459758.4110155	14.711063809245852	0.0158063896735859
2459758.8345584	15.018625098532322	0.0146844956195438
2459758.8358452	14.966542027307549	0.0163349249705825
2459759.5660924	15.383226033002488	0.0221991847748285
2459760.3026805	14.844680995102584	0.0174070546543747
2459760.6143657	15.279744969121577	0.0130251773856205
2459760.7234956	15.454643973837111	0.0238357940701674
2459761.7239562	15.551886617707034	0.0281765316373998
2459763.6963696	15.418598608456431	0.0227395516283798
2459763.7194705	14.80086115542396	0.0157473739423339
2459764.676974	15.348140146648635	0.0206117683466171
2459765.337227	15.22473467552187	0.0133269294605774
2459767.2876836	15.028375842084625	0.0274152655668948
2459767.6119448	15.165093981104755	0.0138128249388773
2459767.6441522	14.32727389823608	0.0167532126701418
2459768.3542612	15.429373342806498	0.0221117245086179
2459769.2822578	15.373089926207632	0.0349855409762851
2459770.7828558	15.982992008518998	0.1323681506235702
2459773.6371417	15.33279664574571	0.1162581970727196
2459774.8303871	15.4551343756404	0.0329182264099728
2459776.3485155	15.533721008844411	0.0650599488616836
2459782.6763334	15.459660809750131	0.0243205414377172
2459783.8466971	14.937009713593827	0.0172756516624205
2459785.8385507	15.131891342100278	0.0111624112538469
2459786.6501915	14.782660718546843	0.0158519125759884
2459787.582173	15.565200754424414	0.0289071189776241
2459787.6377866	14.44846519090931	0.0162371622403263
2459789.4957441	15.545363198603892	0.0309887715073803
2459790.7299598	15.134851489539386	0.0131060418485735
2459791.652454	14.95649527741846	0.013551440610085
2459791.6536946	14.900755040107745	0.017930657792136
2459792.632302	14.930972071285147	0.0160704013034045
2459793.6295861	15.020358545531767	0.0130302754151374
2459794.6380003	15.23316904094509	0.0125055491252078
2459794.6392289	15.232275234432926	0.0152559324497753
2459797.4621173	14.726933662435275	0.0394015482933295
2459797.4633575	14.728436692947916	0.0465057793372513
2459800.7552677	15.497865851562052	0.0493878457129331
2459802.7843537	14.41901607174253	0.0285103941670803
2459803.7661256	14.396242214943973	0.0188037895003254
2459804.6425883	15.528942964424942	0.0453461744066626
2459805.8803859	15.19976297555982	0.0336680673011376
2459806.8799395	15.348346796495996	0.0224064197400146
2459807.6593748	14.329609167497583	0.0182214132689873
2459808.6581197	14.469914973812177	0.0178708509718128
2459809.5943774	14.395886700381586	0.0164062935641414
2459810.6264415	14.620629039021374	0.01737800849323
2459812.8492955	15.447934230676497	0.0209550899205818
2459814.5444874	14.69466717921438	0.0171443523595891
2459817.8201841	15.602767385807772	0.0271611467542521
2459820.799049	15.00738800412048	0.0124499696912759
2459822.5113588	15.3856361229513	0.0190794388636403
2459824.5043956	15.465398659786322	0.0247493237876104
2459828.2500489	15.017791879063234	0.045144047569868
2459830.8253453	15.525656536283222	0.0381704494242584
2459835.2540574	15.412077303196185	0.0220476572524635
2459835.559181	14.858689487383655	0.0201918793349603
2459836.7946578	15.519909340311838	0.0251857202741554
2459837.7533841	15.434371671628824	0.033079686498887
2459838.6867886	15.440627786237725	0.0221148661919733
2459840.7012051	15.503591121450608	0.0222938027752569
2459842.5070026	15.284541349777031	0.0174010573846424
2459843.5798792	15.405519728898575	0.0216630280322154
2459844.5766242	15.378633499019813	0.0253808320184621
2459845.6456317	15.566675196524267	0.0254630022798104
2459846.6790807	14.35931153553074	0.0146627335440058
2459847.67963	14.386068826199388	0.0148638119250293
2459850.7281341	15.132770233953996	0.0116527543209488
2459851.5521948	14.521024589932136	0.0173539260593095
2459852.5305832	14.452199172585717	0.0163789487898821
2459853.5365808	14.368497603281687	0.0172884721136215
2459854.6419955	15.08993065567568	0.0139609290090746
2459856.5169249	14.776319545666729	0.0214382469227449
2459860.746604	15.572835255293684	0.0459001202507036
2459861.2778161	15.369612738024244	0.0794330436034936
2459867.7182156	14.705605142212653	0.0143621151255699
2459870.5123445	15.614940620768568	0.0323492760230524
2459871.5055756	15.505244266715527	0.0299524959641744
2459872.5059599	15.440810950231876	0.0274948834072864
2459874.600898	14.956075442549231	0.0160058996345597
2459876.5872612	15.079574992933084	0.0192313603661885
2459879.5778186	15.396162412842216	0.0217662384428025
2459892.553539	14.401333641892418	0.0236399396113631
2459892.5560427	14.358139607137218	0.0302383227359448
2459896.5433802	15.000747681952236	0.0171367469214143
2459898.5352042	15.065630252124327	0.0333141646077702
2459999.8960601	14.35849292119596	0.0240654538024924
2460002.8937944	14.831370119193943	0.019485320898037
2460004.8881588	15.030804018250576	0.0160700258227402
2460006.8786381	15.155649928895969	0.0165344778420227
2460014.6304297	14.93294618478689	0.0397378406615413
2460014.8870786	15.296499779784751	0.0459959397648152
2460015.9027187	15.582410452836475	0.0565444793716032
2460021.9038754	14.761963852452883	0.0204342536531533
2460025.0430834	15.465824843992028	0.019017779710477
2460025.6090036	15.448552922107291	0.0240461706420979
2460026.848068	15.114499418169448	0.0164724829035603
2460028.9219834	15.396207424724116	0.016685071790719
2460031.0169606	15.517450014448304	0.0249827483816516
2460034.9643027	15.502010060950884	0.0247950839315415
2460037.5773199	15.072909915034492	0.016673775226874
2460039.851269	15.276563827443734	0.0517615909553509
2460043.8197851	14.438375752456544	0.0237550124174313
2460046.9043352	15.253652953541284	0.0216557941386008
2460048.9526187	15.448947994466089	0.0211984479942672
2460049.9256301	15.540855973824122	0.0337589537956607
2460050.7764027	15.027910098237594	0.0177499528884917
2460051.9799199	15.527038406988268	0.0215117198296563
2460057.9828073	14.624416430702327	0.0146094082074017
2460059.791256	15.42843971469552	0.0291260783483564
2460060.9547429	14.84251048098759	0.0145290972560201
2460063.5460941	15.389065478132924	0.022187373034246
2460065.5180733	15.45917596490735	0.0445242034282051
2460067.5744298	15.613515322205894	0.0426472582742937
2460069.9015343	15.503225787031504	0.0681191781561091
2460071.7971139	15.05609575043695	0.0502853835904981
2460072.8078781	15.316567931770988	0.050692001006923
2460073.7230781	15.189999081356111	0.0469395440388124
2460073.7682351	15.24544078505152	0.0497534997606264
2460074.8033246	15.44139314842428	0.0456322727128776
2460075.9777267	14.625287028598397	0.0161908307434751
2460076.7230458	15.311467483615932	0.06471384720693
2460076.9938268	14.52552010772459	0.0155673560208087
2460078.0782242	15.099398815352991	0.013410671053215
2460080.0440007	15.15411411263681	0.0139284502302864
2460080.5058112	15.00983204653988	0.0130501818288662
2460080.7251635	15.42571298798499	0.0245036644892821
2460081.0218292	15.157621745450298	0.0101792552018972
2460081.5013281	15.100780219719365	0.0121051630301927
2460082.7158838	15.337381482047904	0.0198587780274208
2460084.4975608	15.37454379199716	0.019677975470839
2460085.9174017	15.24859365009901	0.012086352878685
2460086.9852187	15.482398338509132	0.0211958614405344
2460087.7130395	14.358530561137243	0.0205041584665065
2460088.0081568	15.462672676897428	0.0229337527799833
2460088.0093855	15.498573603870762	0.029646313876946
2460088.4754979	15.43581564396506	0.0225719600790555
2460089.0054575	15.440232005394732	0.0194034910787241
2460089.8758624	15.412974717529536	0.0258898735140054
2460090.87614	15.476298841804706	0.0274532000328363
2460091.454177	15.522478578214615	0.0251406111145392
2460091.7216376	15.06671610089849	0.0143170272389016
2460091.8728527	15.495307839713526	0.0270580972721951
2460092.437941	15.504614831244048	0.0253940848571824
2460092.8738199	15.46724317729094	0.056936247639818
2460093.4404824	15.348215098972377	0.0252766081127946
2460093.8465367	15.439181890435066	0.0309665955051006
2460095.8556999	15.568328954077147	0.0448147780302268
2460096.8561159	15.508710696724958	0.0431475442993472
2460097.4556995	14.089790740191138	0.1107636052693531
2460097.4570325	14.214781050940598	0.0262647418119318
2460098.8996235	15.096326529671945	0.1207989502803613
2460100.6775197	14.996130368694834	0.0784527388216559
2460100.9743536	14.957785984070457	0.0263303795209595
2460101.475383	15.024216023455027	0.0496283549141678
2460101.6720687	15.35935991461807	0.0483179940733997
2460103.0093382	15.241981082161884	0.0212453758848212
2460107.8166614	14.947256097014256	0.0157624440625687
2460108.7080389	14.448580265956306	0.0176721745688263
2460108.7697698	14.909165544035464	0.021724667442973
2460109.7759353	14.989055491296211	0.0203441509561817
2460110.7161421	14.778431425342417	0.0184599578602379
2460110.782437	15.161447447170906	0.0165364858391777
2460111.9302578	15.489865159048293	0.028743514561172
2460113.938632	15.482938249311946	0.0218934870471813
2460117.0413859	14.803232398211382	0.0144572510332785
2460120.5715247	15.298353875624638	0.0163688777274807
2460121.7173318	15.57470098090109	0.0384831437647386
2460122.9357477	14.996522741888676	0.0162979958912151
2460124.9229814	15.11668477249419	0.0191547303051975
2460126.6854034	15.37058620319602	0.081980798831216
2460127.8587569	15.500645076640035	0.1376476646971603
2460128.946381	15.502905844703388	0.0562671536548774
2460129.6636448	14.348836702298488	0.0349806420041747
2460130.433901	15.58070318677338	0.0526797759900884
2460130.4351411	15.739398454219774	0.1594372322245037
2460130.6396363	14.344286748680856	0.0374901163084976
2460131.6539819	14.685975545193193	0.033787901898812
2460132.8225025	15.482463831019864	0.0666281762345571
2460135.9982663	14.356844012076513	0.0149159534427926
2460137.7534139	15.499153475047835	0.020735871754454
2460138.8770963	14.744028658719646	0.0131117747551049
2460139.7933058	15.366475826038425	0.0244082133104086
2460141.5717022	15.25757581174308	0.0225329448688071
2460142.8647872	14.567820815557264	0.0152092811512467
2460143.8736624	14.76743397770318	0.0163920650201257
2460144.8733485	14.912008429379425	0.0153115724260955
2460145.7344618	14.993285830745863	0.0123916730097077
2460147.2476314	14.691371825006874	0.0150165388848337
2460147.9345496	15.465490233369549	0.0221764731132627
2460150.3822504	15.414200303028904	0.0201383385344192
2460151.7423836	15.094297325825512	0.0121952257298664
2460154.5591014	14.434279006846449	0.0247734573939966
2460156.5139841	14.382181267109154	0.0251048564493464
2460156.5493979	14.671079390452382	0.0348085083709663
2460158.9282669	14.398361715315575	0.0202535375254145
2460159.6205374	15.437261658058796	0.0678883632640082
2460161.9056347	14.646787102050984	0.0166292544109036
2460162.7441156	15.567787215711824	0.0296834462333341
2460163.8949285	14.90671837592788	0.0140269115762168
2460166.7098424	15.109536028501998	0.0139159964495312
2460168.7161324	14.48248914807076	0.0150196614780467
2460171.8026266	15.308888275437182	0.0176279304196939
2460173.8049083	15.40387953445662	0.0230815963180123
2460174.8017243	15.571368510185488	0.0274713545483253
2460175.7933473	15.41919244920372	0.0203007998122226
2460182.7687975	15.632502126619489	0.0365912455868202
2460184.3783762	14.77953261708234	0.0343456890555604
2460187.7621445	14.749652204292689	0.0922026501946064
2460191.7632636	15.166746126129416	0.0114673280319272
2460194.3772524	15.442737393680368	0.0220797028807076
2460194.8145537	15.50600195968086	0.0262440350545397
2460198.8075294	15.47230439339203	0.0221047034790756
2460204.7443791	15.593552914385802	0.0253524934778532
2460207.7219312	14.422197774298574	0.0165787338890877
2460210.6581624	14.3135472897205	0.0164422849790514
2460211.6589486	14.46218957414433	0.0202252650248185
2460213.7294011	15.12454200701335	0.0229259402760878
2460218.7598827	15.519039580370002	0.0416757676687389
2460221.7433802	15.493015543085129	0.0215010767372531
2460224.737762	15.60703969503002	0.0274002051701264
2460226.5187532	15.403170653971207	0.0242598017212131
2460230.7153356	14.701749121575723	0.0150081259479402
2460232.6372949	14.51593633704547	0.0151467622462529
2460235.7267059	15.32551350716748	0.0164087247003047
2460239.4953828	14.74451722362354	0.0283114253708846
2460242.4933979	15.038131735617384	0.0381495706734772
2460250.5764767	15.594841961671529	0.0251188018766984
2460252.5670751	15.5669904402072	0.0262246157526088
2460255.5568062	14.402195271980254	0.0149216799391393
2460359.1300022	15.184102262939591	0.0264866974048802
2460360.1265401	15.271088095484146	0.0177620218788909
2460363.111471	15.457349215643724	0.0427500745513395
2460364.0975438	15.527725133572163	0.0657566157215778
2460367.0894607	15.51601999016538	0.0600352796907748
2460370.8944761	15.473051959542444	0.0529377241623428
2460371.8936492	15.297091856551928	0.0407518992287514
2460382.9690221	14.917710446675432	0.014739559985765
2460393.0647669	15.736838143857712	0.0601537449033177
2460395.0462412	15.206762007206663	0.0579381538631609
2460396.0591719	14.293586881535422	0.0185119226140078
2460396.8443234	15.742187800537897	0.1106054957254807
2460397.0734331	14.664118435231376	0.0205401388633826
2460399.1450794	15.282095116611456	0.0359487435212429
2460399.9900794	14.353459682869792	0.0532419684337748
2460400.8497794	15.10929699137665	0.0388686219104229
2460403.9110769	14.657106291653044	0.0179442245763478
2460404.9077755	14.792365711057364	0.0144324170800704
2460405.8987457	14.911608320107575	0.0163090159151412
2460407.8958032	15.039635085609063	0.0176298963767023
2460409.8947015	15.260855831494592	0.0141814771729467
2460416.6621858	15.092475216164209	0.0197827269267139
2460417.0681355	14.608325413396376	0.0170670192521658
2460418.028955	14.486001303887948	0.0144446504317006
2460418.6718606	14.900977858738544	0.055923569256302
2460419.0213641	14.59724613984866	0.016989177440266
2460419.9999923	14.612748396304012	0.0186524023695383
2460420.9727258	14.568476789304796	0.021475455697281
2460421.5861111	15.231418144744309	0.0244053236636688
2460422.970105	14.902716748333436	0.0285877690315916
2460423.5794202	15.157194491514517	0.0684038686158808
2460424.7699302	15.691186496484818	0.083699584761851
2460425.7705119	15.43621702212871	0.0494156568157932
2460426.0823161	15.300479373892104	0.0315549683698588
2460430.5678494	15.266179687960818	0.0670847774863538
2460431.9507208	15.520301564174536	0.0241282898473858
2460432.7859731	15.168265462097668	0.017840503062439
2460433.7819727	15.143808394773076	0.0133383945109771
2460435.0437804	15.303447931454311	0.0190312640369529
2460436.873817	15.442834269236396	0.0239072321645668
2460439.8944934	15.5914401534887	0.0309263353335209
2460442.4630072	14.739598740135945	0.020472719747553
2460442.4642591	14.764556832355272	0.0250350988257476
2460443.4553949	14.921570056584676	0.019060699494604
2460447.4485587	15.232848761567162	0.0417770900819151
2460447.7548711	14.410301223264115	0.0223221252372032
2460448.673815	15.417465207661058	0.0482653210773898
2460449.6768504	15.304740231231676	0.0359099981106539
2460452.7561714	15.055058930192136	0.0475393606867729
2460455.8133347	15.259592844232484	0.0791623922709545
2460457.6519111	14.989722777282743	0.0327368907727179
