2458141.8618616	15.654341947892377	0.0255901212536764
2458150.8524046	15.426595369676887	0.0445449501733495
2458151.6012622	15.68493374812862	0.0400112181087246
2458154.6159213	15.432455891595117	0.0297464990005124
2458155.6117143	14.86840029778456	0.0196087090781907
2458156.6036717	15.170361394755089	0.0205107529799884
2458162.8228062	15.705377041073088	0.0279281895383652
2458165.8577903	14.602839726675608	0.016115565957428
2458172.5474772	15.610138950916417	0.0226786842165798
2458173.7879068	14.592803648870852	0.016951344262696
2458173.9971255	15.684223614709705	0.0286680776798633
2458174.9975802	15.795800971493444	0.0344007992173852
2458176.0017337	15.786450008507892	0.0306912882549269
2458176.5258552	15.653380886694928	0.032271952337291
2458177.5251599	14.610855725714622	0.0198825000671139
2458178.5206445	15.010719833585028	0.0317613399924275
2458178.7800785	15.771284499885688	0.0641474480378614
2458182.0047697	15.952462844918443	0.0922908948648816
2458184.0129243	14.738647891730386	0.0344123621890172
2458189.7553359	15.62685688420298	0.0261773360352267
2458190.5892482	15.061201996408055	0.0146657617051814
2458190.7574289	15.637654147923692	0.025306502375237
2458192.831744	15.092358365859605	0.0181528163045979
2458195.574925	15.502677395786629	0.0180584738255185
2458195.8672159	15.511106893673382	0.0158093506648507
2458196.5679565	15.009423758125957	0.0148101061641189
2458197.9383488	15.1402172139826	0.0177783450135008
2458198.8117375	15.629524323746852	0.0221249778052584
2458201.5411068	15.707278273847308	0.0230217161054232
2458203.5465738	15.0855486847039	0.0151980599573082
2458203.725753	15.57722740028317	0.0295968371707449
2458204.5603627	15.181361028296458	0.0146033172343607
2458204.7305902	15.63968783736492	0.0290321151337831
2458205.5878196	15.485415896725153	0.0175457000498022
2458205.8510902	15.224194463478176	0.016961814987321
2458206.7034207	15.65263895496297	0.0571691605506953
2458210.4460785	15.646152595857174	0.0456868402390338
2458215.8881608	15.51603102650616	0.0331573344910269
2458216.9233319	15.559780376290044	0.1401120923709944
2458217.9001964	15.705299084028397	0.0326553468101659
2458218.5334509	14.978399978122214	0.0146429855947387
2458220.5773023	15.673068142841895	0.0234696227762324
2458223.7459775	15.41281055005592	0.0154887879558773
2458226.7401621	15.814801067582971	0.0293373404773813
2458228.563577	15.824953050473836	0.0285188275559465
2458229.5594037	15.881765147666556	0.0322481866335485
2458231.4694741	15.825364814448768	0.0315466528667796
2458233.6326529	15.68371426697773	0.0272676591097562
2458243.4169536	15.651746313652463	0.0348972446140256
2458244.6780352	15.256140816656057	0.0282933067120433
2458245.7288081	15.684599618232422	0.0363227242085538
2458246.7299828	15.693434637690856	0.0320593259207836
2458248.5218614	15.68313884727939	0.0282000383444475
2458249.6685459	15.033342857616931	0.0175948079583902
2458251.508179	15.27031413533721	0.0157600730405254
2458252.5040472	14.95551710039036	0.0145092416439822
2458254.5144165	15.51047956845451	0.020421468343178
2458255.5029019	15.586892176911892	0.0197005207479988
2458255.7294938	15.071682049785512	0.0177440960557539
2458256.4645073	15.693075043753751	0.0235259883373282
2458258.6641422	15.40737532337571	0.0168855199833743
2458259.6869311	15.578211021139587	0.0187735786254995
2458263.8663863	15.775109710793398	0.0751124555861036
2458264.6259656	15.125375476129204	0.0315601919382247
2458265.301671	15.62761481606097	0.0483319098712544
2458271.7063387	15.423413141992004	0.0274046429479471
2458274.768206	15.70721974047952	0.0403220548296689
2458275.4114291	15.295094263639609	0.0143457009302243
2458275.7356772	15.443927140265094	0.019949955064043
2458276.6727476	15.422149511734013	0.0160759530608959
2458277.4805489	15.737672594153556	0.0275892206648706
2458280.4238763	14.96749665414251	0.0146071417041751
2458281.417115	14.89441496669692	0.0145274990763851
2458282.4151486	15.325197279230036	0.0124307332258232
2458283.7202816	14.670455413228638	0.0167963031883513
2458287.7223551	15.734273942206812	0.0254867729717628
2458288.4992901	15.639756078219198	0.0181984587712953
2458292.2102828	15.390502484354506	0.0287687288458619
2458297.5939024	16.002297081663436	0.077433697721814
2458300.589673	15.36846737450087	0.0337117540279306
2458303.3609004	15.32716867692618	0.0127235263269525
2458304.3949097	15.60072903429597	0.0216853603599307
2458305.3363046	15.645993890570686	0.0213308265583252
2458305.6775202	15.127283881984344	0.0177900265501945
2458306.3441659	15.75899612055677	0.0274785802019933
2458306.7035063	15.442729620840542	0.0215044101047583
2458307.3408764	15.671058985116744	0.0234983023554666
2458308.337515	15.302316194929077	0.0136335426741276
2458308.7175754	15.725862017354304	0.024906015390093
2458309.3338825	14.927093408964328	0.0147907991227685
2458310.3304691	15.270768641728562	0.0112557257291048
2458311.7351701	15.25847187659255	0.0195644800333489
2458316.6588408	15.546905379874689	0.0185248060030021
2458317.234095	15.028224248162	0.0152653360786057
2458319.6953095	15.493999682560132	0.0477569521892284
2458320.6751732	15.49480561180028	0.0556047394498481
2458328.6608747	15.62222380773978	0.0812796319647434
2458329.6679625	15.628389730443288	0.0528686220202737
2458330.2570878	15.163046055429747	0.0142303094378535
2458331.4775599	15.18858790925842	0.0202248159377072
2458332.4889717	15.673802383575875	0.0223730807212408
2458333.2659828	15.613043251946062	0.0214855156372472
2458334.2551512	15.707561094227234	0.0229869932430237
2458335.5122696	15.273674922078538	0.0178607385073888
2458338.2308582	14.853276586212434	0.0148130760391485
2458338.6473862	15.12206286164825	0.0183902097106574
2458339.2461364	15.30651414563723	0.0110497636265763
2458340.2501437	15.628306334430444	0.0212580012433756
2458344.2371356	15.260458569790028	0.014650911090323
2458352.3505825	15.446466215942724	0.0320751172723373
2458355.6053965	15.586022482713645	0.0560684360342147
2458358.5910887	15.762182448936407	0.053449394720865
2458364.5786924	15.685349031586185	0.0246716664324752
2458371.510062	15.580886969550058	0.0264793391622172
2458382.5228042	15.1367737347236	0.0281038308816606
2458383.5219948	15.395581111176565	0.031222813031725
2458385.4968874	15.61459340693062	0.0532149271277118
2458393.4931674	15.632813451335492	0.0258049770785682
2458394.4898494	15.670726072014055	0.0318670531174262
2458397.4847667	15.407604456016234	0.0449996885859318
2458501.8745893	15.647287602426086	0.0918468685461851
2458503.6157458	15.125626103925304	0.0403297134109022
2458503.8706498	15.59211401505872	0.0592667796466254
2458506.6070608	15.665329851812189	0.0670927930826471
2458510.8603925	15.595805302835014	0.0519201221474045
2458511.874647	15.634585846913868	0.0390363852411536
2458516.8807074	15.609794782391756	0.0426171519858397
2458517.6039872	15.09894884624889	0.0220143048185662
2458517.8643185	15.592655862649805	0.0249838069972714
2458518.8679123	15.723977117142084	0.0297059593586981
2458519.5931545	15.613152220221682	0.0247126977326888
2458519.8635958	14.616188225817844	0.0170973089877608
2458520.5894734	15.737235469369878	0.0275059248783438
2458520.8456976	14.86622641170845	0.0182999207069683
2458521.5728397	15.801720264939092	0.0313835015060879
2458521.8416277	15.286182333960763	0.0155135065741476
2458522.5848057	15.869986618453634	0.0328991349917418
2458522.8439422	15.563927350247049	0.0265404299418365
2458523.8365981	15.705984151699663	0.0274947631322822
2458524.5776109	14.916555397801805	0.0157506687770035
2458524.8396738	15.68478666264374	0.0252876557066882
2458526.8344919	15.123521283964124	0.0210757346382464
2458527.8271835	14.888296594304729	0.0184071917597892
2458528.8226597	15.27771713950207	0.0206541525955215
2458529.8434495	15.631046179336112	0.0255240946869456
2458532.8122499	15.578768944817448	0.0594219599051429
2458533.594958	15.613937150338186	0.0403409384098613
2458533.8097636	15.3714467495411	0.0528646039802162
2458534.8020141	14.848027322387091	0.0371466386808502
2458536.8858352	15.635504920406705	0.0388948149819904
2458543.5973757	15.101109495219603	0.0169900307155515
2458543.9035009	15.60279634717308	0.0458648581808543
2458544.6251858	15.14685544804902	0.0211649697869101
2458545.6411325	15.40164978579739	0.022139483397303
2458545.9891566	15.101911206052684	0.0180055305600372
2458546.599514	15.57756764266898	0.020745487424741
2458546.8486585	15.111686829984132	0.0190738646090718
2458547.8634226	15.102122652386145	0.0196779953976326
2458548.494508	15.682957230149972	0.0246414085947135
2458548.8663	15.32949210652507	0.0214331412767375
2458549.5042564	15.70821800180119	0.0308678657264851
2458551.8110579	15.67170132107986	0.0263214869694648
2458553.7788809	15.521823062707142	0.0183717575700908
2458554.486104	15.581474108032866	0.0211884314999618
2458554.7523188	15.215733093090968	0.0165225540694818
2458555.5521176	15.686621469453716	0.0257507025279959
2458555.7659674	15.065272877400837	0.0191424419152465
2458556.8067283	15.485978411850734	0.017737250268345
2458557.5439888	15.323415006502088	0.0114828537067823
2458558.8162562	15.685137965385367	0.0243459014021067
2458564.7911181	15.607123864274993	0.0511013029182191
2458565.8518255	15.563247878060436	0.0458667239524373
2458571.9048594	15.791287577370444	0.0391700187881787
2458572.5117687	14.741227167113149	0.0157167946577463
2458573.8264993	15.746258246505448	0.034402455682664
2458575.6851066	15.798388731601342	0.0282497807035502
2458576.6838468	14.565111804254778	0.0164917183092937
2458577.6881266	15.020533276192143	0.0177024682369441
2458578.7189852	15.48697111237442	0.0139448226084428
2458579.7224927	15.705600308109425	0.0244157366064656
2458580.6672993	15.755477877245983	0.0281163623725813
2458581.6701031	15.776364404001328	0.0293937987066527
2458582.8687827	15.403471749369832	0.0158114283888248
2458584.4094269	15.75773887218035	0.0279763349185386
2458586.7676202	15.75258702709564	0.0278779316341148
2458587.722998	15.727038886442363	0.0328143073513466
2458588.7051073	15.64066657923209	0.0356511932907374
2458592.4097006	15.335186835762917	0.0552413633030145
2458598.3711725	15.732921039704271	0.0380626042816272
2458600.6113516	15.504970822121422	0.0242076547017823
2458601.6457882	15.688719249989267	0.0293728398930959
2458602.6409957	15.535192950856413	0.018132171529741
2458605.8076551	15.613714906977345	0.0250286056427479
2458608.6106826	15.56102593550987	0.0231133203388088
2458612.7925852	15.697095285614155	0.0355076358230804
2458613.810955	15.681450663745691	0.0235609202013867
2458614.6683039	15.567901008948548	0.0166811682595372
2458621.6051947	15.635721394608748	0.0793489202719263
2458625.4347924	15.798320879671907	0.0456617924979508
2458625.6705647	15.095073232279669	0.027550171755468
2458626.2772121	15.652533524115055	0.0239980757727909
2458626.5495884	14.763319312803336	0.0175392077674696
2458628.2731323	15.811893231548702	0.034319951248622
2458629.2871767	15.381983613924648	0.0136421971024232
2458630.8643719	15.527436762553863	0.033656361860497
2458631.555722	15.736177456658002	0.0294306965624167
2458633.3422351	15.813905895486185	0.0321919071074221
2458633.8046403	15.719220859800608	0.0329539578765573
2458635.6342544	15.636742847322823	0.0225829499166898
2458636.6181288	15.711615361540536	0.0284093852855057
2458638.2455161	15.099155497933843	0.0169857945101667
2458641.8130311	15.705306237871126	0.033086129645837
2458642.808532	15.107346163685694	0.026641523640772
2458643.2413198	15.70584613912561	0.0281199787747164
2458643.5437218	15.695344520344385	0.0291433612095874
2458644.7589305	14.981810308470962	0.0174133437939662
2458645.7300445	15.34534824619383	0.0198633384000881
2458646.5066487	15.66419759644175	0.0271602030064286
2458648.2262872	15.113964524006407	0.0204594973476807
2458648.7027106	15.716069036582414	0.0561594394869709
2458652.7749325	15.623173754596616	0.0659808375278751
2458654.6409163	15.493906346784287	0.0360881782414744
2458657.5677318	15.705361557472258	0.0258209100585523
2458660.7790596	15.589374771490936	0.0311207801671149
2458667.7092744	15.570916083951662	0.0202064863658059
2458668.6683298	15.600424455501148	0.0236744064297353
2458669.7039371	15.581759322536836	0.0209056066506769
2458670.5834361	15.664883523126129	0.0282777105097169
2458674.7076944	15.57755075742673	0.0632316740663784
2458674.756971	15.614270361214729	0.0257321052271772
2458680.5068106	15.648602592043597	0.0585537363867115
2458681.5485404	14.995238992373917	0.0343605663799506
2458682.5497231	15.384869219335728	0.0403213476279756
2458683.7091124	15.917232783729844	0.097962463478081
2458684.700078	15.608310918954068	0.0543175474129149
2458689.6725846	15.837525346333862	0.0366683770164924
2458690.3711047	14.745774708236612	0.0158968605023278
2458691.3849454	15.301019573611896	0.0140247868736847
2458691.6864653	15.678862756486168	0.0330356816781749
2458692.6815688	14.604118301927516	0.0182541167976121
2458694.5887341	15.09338232784912	0.0160451405693009
2458695.6654957	15.514198190872085	0.02780690593663
2458697.6674997	15.828190700665294	0.0429054473581332
2458698.6776077	15.687596382496046	0.0276628898293061
2458699.2720629	15.11811112900865	0.0143070268223179
2458699.4863461	15.776612670595966	0.0338388142691719
2458700.2541309	15.442754834250652	0.0157702852187608
2458700.4834303	15.71450043263682	0.0245276688053407
2458700.6493467	14.948750588498804	0.0309793868175356
2458708.6386763	15.269482344687717	0.0419761870708713
2458709.5960932	15.559657706778491	0.0593513183196917
2458712.3817126	15.68382233684494	0.0563406314945915
2458712.6222962	15.377717879877206	0.0414870483698715
2458713.560249	15.596739672687862	0.049565558728589
2458717.6281396	15.563182168345984	0.0198166186122348
2458718.2798687	14.973856244950088	0.0179978390887615
2458718.6243272	15.641175810406436	0.0251124970916562
2458719.366045	15.527138872676147	0.0249930854973629
2458721.6185264	15.195547085379587	0.0161922185539693
2458723.3548414	15.2507479719443	0.015204074225709
2458724.3512056	14.9947271647531	0.0168946911097728
2458724.6016117	15.64999910975484	0.023805011338904
2458725.606883	15.631280934278454	0.0292993666276057
2458727.5154013	15.52279467887627	0.0400925504922555
2458727.6014994	14.982324790243617	0.0173984831048224
2458728.324023	15.661292777795047	0.0269608893079592
2458728.5979118	15.182079793132266	0.0184341322707374
2458729.2731286	15.734174462184711	0.0294477461555776
2458729.5951145	15.343890885666768	0.0156905913220629
2458730.2639863	15.66705943637272	0.0279423868623553
2458730.5426916	15.513691146454164	0.025616054565365
2458734.5815842	15.037981386641448	0.0273407470255252
2458740.5632074	15.579842955533262	0.0612311848335391
2458741.4984696	15.790463179883474	0.0541032799854902
2458742.5602529	14.960400061622948	0.035577527953897
2458743.2843028	15.772131458761276	0.0497547412924532
2458744.5496876	15.44764564051049	0.0223423583447958
2458745.5465245	15.70165470120119	0.0310988663312924
2458746.5470424	15.675877232509285	0.0300162975013196
2458747.5405465	15.666334295622375	0.0261204203475525
2458748.5401376	15.48555323601324	0.0205959970362335
2458750.5133626	15.034990821689467	0.0176708649959729
2458752.2879186	14.943383366738413	0.0223111546116447
2458752.5076348	15.66378352240706	0.0424470533774868
2458753.5090972	15.619362322949968	0.0274258949200522
2458754.2411425	15.087235886750843	0.0178677736243318
2458754.5031821	15.78083776956488	0.0336567459865542
2458755.5188813	15.555021883501158	0.028557159544629
2458756.4991911	14.47123714719563	0.0175278040405579
2458757.4966705	14.92840189716542	0.0205596704070502
2458762.2828146	15.683127489403184	0.0512634269877253
2458880.6106807	15.71149588460175	0.0344772897571972
2458881.8821049	15.14371009553646	0.0416212745447778
2458882.5826801	15.89078046651803	0.0458695601302826
2458882.8816792	15.582095228151324	0.0576395627540782
2458883.6009207	15.606576510738888	0.0237856052143084
2458884.5974325	14.691868779524697	0.0163777070444804
2458893.5885741	15.764307227386071	0.0688489439521509
2458899.7980837	15.643369920418904	0.0217926474913113
2458900.7981757	15.533962588770382	0.021787518886304
2458901.7968236	15.010950028213196	0.0213669783716067
2458903.5397179	15.739236858199757	0.0313446907321748
2458904.5351568	15.505817295967418	0.0154868343780182
2458904.7950678	15.612529867849547	0.0208842003490539
2458905.7864987	15.71000493356303	0.0282288843950732
2458906.8271418	15.684853096007014	0.0335291437466906
2458907.8123472	15.307137610492749	0.0153389716765351
2458908.8634315	15.185619510380077	0.023535472514052
2458909.5284126	15.634776553098746	0.0234479938828093
2458911.7710536	15.46293068859769	0.0237568567186885
2458912.7574116	15.702759525167052	0.0367033546783655
2458913.7798415	15.699974320225788	0.028737998087553
2458915.7600534	15.299795376133549	0.0389080163268827
2458915.761336	15.3556678503819	0.045103526571807
2458925.6242288	14.81604311956722	0.0194146827620121
2458926.9564247	15.21166986407929	0.0248453461698426
2458928.4739916	15.22927637526334	0.0160244647113771
2458930.4564979	15.719823139412872	0.0285080178144154
2458932.9193862	15.86667916320511	0.0421641202230356
2458955.858418	15.08887059036677	0.0177887443366651
2458958.8428611	15.658629935054735	0.0265826994698249
2458960.8517573	15.639271191319375	0.0454539756410796
2458962.8371294	15.012219867607824	0.0193326640175127
2458968.8159423	15.477120841662416	0.0192494516745352
2458980.4490331	15.864656345476629	0.0702609023264855
2458989.5616302	15.51080804251728	0.0210895374921024
2458991.3490698	15.394594737914687	0.0118273690804386
2458998.7392809	14.752619226176884	0.0238640311381276
2459002.2575813	15.75094531469878	0.0492691862738517
2459009.3597141	15.325973318083271	0.0303186343701869
2459011.7138592	15.010117907076438	0.0183173183675627
2459016.4105044	15.002704876561188	0.0154329185135379
2459017.3432147	15.064132964462082	0.0157824174468707
2459019.765697	15.377535298294852	0.019382349844252
2459025.3946379	15.512191258819971	0.0203819951266559
2459035.3610617	15.67488769430856	0.0986854263457086
2459038.4817755	15.612081912301912	0.0493587743527922
2459044.6561394	15.869952435666724	0.0410059846578038
2459045.7286247	15.606889174453816	0.0283182826246641
2459046.7228242	14.693734857466056	0.020930734966249
2459049.4037424	15.889681689734315	0.0367899074907474
2459057.2417253	15.822359197391084	0.0399521531655082
2459057.6209364	15.50062111559637	0.0393404740598257
2459057.6221465	15.637018234795072	0.0620943477038125
2459068.6438146	15.22041387085985	0.0171175336187336
2459073.6327355	15.409865191038447	0.0184310293608386
2459074.6467186	15.09046034388544	0.0191324507867853
2459080.6161409	15.334038393630276	0.0260858754441261
2459081.6228053	14.913396096825	0.0207562414377841
2459103.2303878	15.494692557286914	0.0259924515511469
2459109.2978084	15.556271068314304	0.0217324851763835
2459238.611349	14.74923434854701	0.0199184561356469
2459238.8731854	15.64911533401954	0.0483548693427673
2459240.8358056	15.751598428125083	0.0349918767823185
2459243.6221966	15.829205279704194	0.0968657877153389
2459246.5842546	15.06786672144111	0.0330536704878988
2459249.5650181	15.70482686540927	0.0352190787173918
2459254.8531078	15.213490952108073	0.0200244406184689
2459260.7879506	15.60516202886686	0.0307457573274402
2459262.7920342	15.16555933800344	0.0224151518829056
2459263.8042834	15.036336617891504	0.0181053968297369
2459264.7853808	15.270797864549625	0.0234489653737099
2459264.7865979	15.250311479281695	0.0267430478404154
2459265.8368424	15.662111629201172	0.025731732538063
2459266.783736	15.560841354646357	0.0242112238917891
2459267.799123	15.659870162525086	0.0278264011395414
2459269.5500185	15.57124687929061	0.0240066702459749
2459272.5043823	15.85612173872076	0.083171288673511
2459277.4927867	15.737288197603192	0.0461568870530354
2459281.7252707	15.713552625959489	0.0292321300963623
2459282.0069429	15.10083607191778	0.028987381491264
2459292.9427073	15.744915790306706	0.032533056713505
2459294.9271127	15.48385508803434	0.0236985316372298
2459295.6982337	15.64992698118527	0.0339557776310201
2459295.8397795	15.645863827988023	0.0267158730975915
2459296.7537263	15.727101018508405	0.0321858680153983
2459297.8097045	14.873776801390402	0.0183694098711511
2459308.5765955	15.289053434490803	0.0229154913148123
2459309.399038	14.98630616106383	0.0214183794712109
2459309.9723305	15.442205384076392	0.0307511842573842
2459310.7342752	15.436477529295445	0.0201198242208571
2459313.8771335	15.800310870060043	0.033551742058289
2459315.8755396	15.068770908232953	0.0178211637506835
2459316.6325599	15.67171729362578	0.0305830859344782
2459316.7782642	15.42747973615545	0.0267942202440468
2459317.6756361	15.691285707716354	0.0277826291596642
2459319.4142259	15.712495185263831	0.0494127408771207
2459323.3656733	15.018375924757397	0.0155686501212312
2459323.6502826	15.66465610295878	0.0279412861284276
2459324.8946478	15.399014900194915	0.0196408866002008
2459330.5889193	15.344780608136972	0.037374954824964
2459337.7242967	15.728337336019331	0.0347092969683057
2459338.6993159	15.593702688053536	0.0252984405865255
2459339.846386	15.45279931099036	0.0197045438340177
2459340.8236646	15.647981412176806	0.0278822618668569
2459343.8540717	14.950511287784549	0.0170066844934801
2459344.4198685	15.108490082959342	0.0157013265352701
2459344.8430323	14.796387980891488	0.0176634547159707
2459351.3755656	14.945526068233574	0.017820250822777
2459351.570758	15.638437602734603	0.020526998220675
2459355.7491137	15.878184004162163	0.0641417632693813
2459357.5571982	15.443281296344528	0.0448157223722089
2459358.2672931	15.316344222009308	0.0506439160278911
2459358.5463897	15.571625174795706	0.0423350986198844
2459363.7049665	15.722806803119632	0.052847953660708
2459365.246416	15.329175202434218	0.0152681798542463
2459368.8541639	15.658436802195236	0.030124327560467
2459370.8165192	15.258324666473548	0.0166893207792393
2459371.6819091	15.576044064140614	0.0186578323744398
2459371.752469	15.364175824475604	0.0158371396661489
2459372.2277805	15.341192682700704	0.0166032425734203
2459372.5003131	15.587613479245226	0.0271814621091657
2459372.785389	15.158145134155763	0.0253540080928671
2459374.735838	15.546680294803624	0.0192074541389491
2459375.7808566	15.603824308416286	0.0234566566140435
2459375.7904786	15.66086608600424	0.0288890542321252
2459376.7297333	15.645724212349885	0.0290017874396127
2459376.8106888	15.625654801093066	0.0339932058935835
2459377.8259315	15.315446605368251	0.0161518991334777
2459379.4654377	15.358480766628231	0.0166980656953249
2459379.6266313	15.699347788730895	0.0295674160276932
2459380.7213475	15.088686508769111	0.0202119190108608
2459383.5813564	15.240212809278724	0.0219043738265356
2459384.6214397	15.761421924834025	0.047124071553688
2459384.6734558	15.58334105848476	0.0738587486478458
2459385.6596378	15.731775810015565	0.0479966691175259
2459386.4561828	15.510986479909915	0.0690869340252732
2459393.491536	15.689207029293744	0.033853382002736
2459393.7793495	15.019385721116858	0.0323227006874544
2459394.6654475	14.714549660375797	0.0223271244773503
2459397.7492775	15.657671928135173	0.027027647924199
2459400.4540806	15.498885637651586	0.0375226983477461
2459401.7196645	15.211889579755526	0.0213779139129498
2459401.7657963	15.398555973092725	0.0153047091652207
2459402.6207121	15.114541840359454	0.0153799310403042
2459405.6929645	15.761416544454622	0.0378928313927919
2459407.4522116	15.75865300476908	0.0736969201141518
2459408.7179941	15.17019753436916	0.0188483819185373
2459410.7000547	15.594020920242318	0.0197673171614359
2459411.7209091	15.781810132243203	0.0519027183510495
2459412.6856489	15.6487686513646	0.0722240011047937
2459413.6803183	15.683710465843031	0.0475746747508354
2459419.6154208	15.67543398347481	0.0620761860639717
2459421.5082655	15.616400394017608	0.028813343416382
2459421.6840318	15.069200425446285	0.0330246842854752
2459422.670859	15.13512703867268	0.0346938598091099
2459426.2454563	15.579748423326745	0.0233566677950191
2459433.5646233	15.70555598418682	0.0321566110051243
2459435.6473743	14.993155116812588	0.0229853266510042
2459449.5172748	15.877470690056663	0.0717454065696416
2459453.5554325	15.611385598159782	0.0238163594167532
2459455.6015474	15.772982075186746	0.0351621585043564
2459455.6028344	15.683600700017305	0.0326122877192733
2459457.594995	14.915631031528742	0.0208691425639928
2459458.5788566	15.216068985983911	0.0205272812354243
2459459.5654256	15.437219042476409	0.0220704980881734
2459460.3151706	15.119306100105565	0.0171348762089946
2459461.5735554	15.72549687835506	0.0323699728255899
2459463.5777808	15.090564539515505	0.0234077658496063
2459464.4719769	15.751054779525822	0.0578847205338042
2459464.4732172	15.684380513602536	0.0532979490119669
2459465.5293462	15.041487157160676	0.0200852488123608
2459467.2681788	15.5787842923971	0.0290529063734247
2459472.4894175	14.905065179456365	0.0262987831443098
2459473.5169573	15.386546902753349	0.0431558731909086
2459476.303913	15.48227441962574	0.0718123829798394
2459478.5306288	15.049678278857249	0.043717877595701
2459480.5086879	15.489727060094404	0.0277414556654917
2459481.5279823	15.62617864465838	0.0325914860101833
2459482.5284817	15.724067559993149	0.0350756775238204
2459483.5057316	15.706967853742189	0.0316831796596746
2459485.2677281	15.808440862721271	0.0418822408029632
2459488.505341	15.587877054766135	0.0315411553259852
2459490.5022192	15.595453842694964	0.0272384095724853
2459491.5017166	15.315520206704203	0.0314179545520118
2459492.2452789	15.636573531650985	0.0316553934242102
2459494.4922105	15.488656360450094	0.0340636620369505
2459597.8672249	15.51252880187413	0.0842170873639238
2459598.8630928	15.617455277177823	0.0767315324316193
2459599.6170437	15.237099939721928	0.0948102263721985
2459609.838732	15.066550987426035	0.0218225989789599
2459616.8243406	15.10718287848354	0.0245765568857956
2459619.5765631	15.71682482255656	0.030780542746149
2459619.5782555	15.80448301933442	0.0562786406262213
2459619.8153435	15.526560942595149	0.0270534055423143
2459620.8178747	15.755589294111807	0.0343823676378894
2459621.8077248	15.710893438496385	0.0290464538338772
2459622.8627571	15.488367333068592	0.0235001838710392
2459623.8696148	14.7678759586551	0.0216387097180251
2459626.7868135	15.34001697405619	0.0625130294065082
2459627.5413641	14.895063975859058	0.0257010473135921
2459628.7882792	15.861223080499192	0.0865128998832087
2459628.7895808	15.934095592438824	0.1197353170216834
2459630.0058829	15.240593917176906	0.0489829369239367
2459631.5382105	15.975239771915067	0.085220917089183
2459632.7751823	15.065264671560604	0.0402470093318919
2459636.8939356	14.572727613167196	0.0196749241041476
2459637.8733781	14.951209196095816	0.022940909100054
2459639.7632957	15.217925467787571	0.0193087270205896
2459640.7488641	15.56601143735351	0.016597281706865
2459643.7509945	15.779055934032147	0.0319153381494885
2459644.7554703	15.179513304508186	0.0182786569541143
2459644.757952	15.228931960990035	0.02335319350885
2459644.7836249	14.80244320564488	0.0174702499108686
2459644.784936	14.785320985334817	0.0190915199227616
2459646.7534407	15.364019285791276	0.0151320693114806
2459647.7375927	15.487503895096912	0.0164302732278323
2459650.9593971	15.44942479163363	0.0144826122204884
2459654.4614848	15.770209359802683	0.0690090967326095
2459655.7065747	15.56002924797682	0.0555723679139756
2459657.7321751	15.218152041345745	0.0289228034238263
2459658.8669091	15.521491314716604	0.0499696490762976
2459659.9391671	15.219731650158304	0.1004468469445189
2459664.9093129	15.360889364286468	0.0223590691682724
2459666.8557568	15.495999922814562	0.0183817968335259
2459666.9100435	15.588700200911369	0.0275464871144333
2459668.8275242	15.652489701170708	0.0190733482922398
2459670.8893876	14.909062718015528	0.0191359455858335
2459672.7975623	15.077607897658533	0.0166498727246602
2459674.8685672	15.607175797155875	0.0189773045965523
2459674.8793399	15.644197081963336	0.02788037228589
2459676.8880486	15.030258609432355	0.0161308522062065
2459678.8685663	15.081169020117036	0.0187739514794475
2459681.4634327	16.122873793951644	0.0974051663170554
2459684.6468669	15.63788187770362	0.0466585542661765
2459685.8367315	14.87313189432476	0.0319676211464284
2459691.7709202	15.825628367563477	0.0370452272268401
2459694.8284459	15.57487588082274	0.0337676484229504
2459697.8221205	15.749216986402914	0.0385637062439956
2459698.8498856	14.84329061855085	0.016350044425958
2459701.5135671	15.609536114118931	0.0207155106396797
2459703.8745564	15.43587761952586	0.0231781262901086
2459706.7912737	15.067549096449683	0.0213620368469323
2459708.8031844	15.563509760563685	0.0235175295367515
2459711.5553323	15.508095898415911	0.0356404169181725
2459712.7680538	15.057442210923082	0.0729904102181832
2459713.8285853	15.43386668040587	0.0406151231148501
2459713.8298372	15.219692966488104	0.0469614651823357
2459713.8310891	15.753342817881608	0.1066790581845124
2459713.9042532	15.310639420710498	0.1219299118729871
2459714.828346	15.804846600972112	0.0865403852328087
2459718.8833191	14.903360631871472	0.0661123695254235
2459720.821736	15.289741336574648	0.0347326918111195
2459721.7545321	15.313800550117698	0.0767942567104103
2459722.8640256	15.72064920148641	0.0348351899772487
2459724.3336505	15.534998989830813	0.0216126832573324
2459725.7902892	15.0709102197884	0.0304114494446299
2459727.8582342	15.639866632626829	0.0241778108936392
2459730.3724431	15.682683394953456	0.0323399385165029
2459730.764896	15.598647333471837	0.0228238189422042
2459730.810232	15.692683395919271	0.034490202294411
2459732.8258306	14.837026538357044	0.0219378880241849
2459736.2310564	15.4617118230872	0.0230967212255056
2459738.2555603	15.627254523060005	0.0426968835654159
2459740.8205385	15.045861693596311	0.0185815169566947
2459741.7964312	15.359266273206714	0.0373342218883039
2459741.839911	15.43580576710225	0.0347401463571893
2459749.6605859	14.907419948223325	0.0192531231957365
2459754.7805385	15.054917913198755	0.0248831062626982
2459756.2286423	15.320279984305271	0.0160519826134716
2459758.7678675	15.82949895742706	0.0457133882529025
2459759.7434912	15.717944880975796	0.0242601404442325
2459760.7196823	15.50378026144288	0.0172862110200985
2459761.7125823	14.774881861285866	0.0163732586740937
2459761.7278801	14.78221403885737	0.0176090948138323
2459762.7536331	15.34108658491821	0.0148901495157317
2459763.7476911	15.51577723569917	0.016426117673063
2459764.769	15.687414984010877	0.0292724183056258
2459768.2936615	15.15263803161226	0.0298324775989077
2459769.7419615	15.339273374397864	0.0367909725337043
2459776.7211015	15.44387585722681	0.0664368615808867
2459780.7117183	15.42451669182417	0.0211226682152072
2459780.7129585	15.43803288558652	0.03598934004581
2459782.5144048	15.65286688451309	0.021998901028442
2459784.69466	15.51442512844026	0.0275982399826549
2459785.6503498	15.633206376943312	0.0183554038957238
2459786.5690656	15.665613502652883	0.0183030551269745
2459787.6760298	15.617785656184466	0.0268184292196374
2459788.5276932	15.64480392942718	0.0206242214131702
2459788.6252354	15.558409087084224	0.0235097070901065
2459789.6925345	15.021020388797236	0.0168071320832324
2459791.6713696	15.562409310651375	0.0239579060520489
2459792.6142113	15.488365756396629	0.0181900383247596
2459793.6644733	15.769659840909796	0.0396998897693822
2459794.6727435	15.680267514078308	0.0235371489350942
2459795.6706186	15.443445475708328	0.0185958137590631
2459796.6442042	14.65995670517704	0.0199775947841817
2459800.6336201	15.70780855095721	0.0631640456755163
2459800.6348951	15.501080002926544	0.0889878721845142
2459802.6115041	15.823613023536932	0.1092119686503975
2459808.3497578	14.934195092769508	0.0182898996035061
2459809.6319765	15.757389048733518	0.0314951048242019
2459810.629792	14.454807589521073	0.0164317772715805
2459814.5193971	15.578788790733917	0.0192196963661243
2459815.5650643	15.617155390918162	0.0206127745296291
2459817.4906806	15.775564350870209	0.0282345002646573
2459818.6160759	15.123278498852423	0.0192787367953068
2459819.6202305	15.470450178916565	0.0211984708829061
2459821.5059464	15.562024217705384	0.0184454088298037
2459822.5821927	15.693108678569915	0.0266409201405916
2459829.5160358	15.640163418744546	0.0530234828723059
2459830.5298913	15.852004457020364	0.0745269616991429
2459832.5593448	15.17319483692456	0.0404103949598311
2459835.56702	15.6197618348202	0.0419311405143077
2459836.5316991	15.722567066589791	0.0288536748466661
2459838.5403602	14.924458163916318	0.0225855719695178
2459840.5119256	15.271002155150413	0.0178752158578706
2459841.5292669	15.601755863462843	0.0275775796822399
2459842.5410887	15.680560116714611	0.0292475323442418
2459843.509946	15.649242999638105	0.0271436634263915
2459844.5119255	15.722229613431374	0.027442154901533
2459845.5195651	15.038133148900249	0.0179559164423904
2459846.5201158	15.00612809263259	0.01921016750499
2459849.2411755	15.331694267074882	0.0243712887007017
2459850.5118231	15.72788769502549	0.0333836449770207
2459855.497766	15.463146607672806	0.0293818151152398
2459857.4830836	15.807002915747306	0.1188029528940298
2459958.8681837	15.449909288270776	0.0514504101607859
2459967.8770358	15.791925228522754	0.0882061229375496
2459967.8782877	16.064435735419966	0.1786539990739869
2459968.8734356	15.717311176909393	0.0395328432164692
2459970.860736	14.848369065931443	0.0193549523254394
2459974.8253941	15.662423072823785	0.0303857802431346
2459976.580955	15.409607886249065	0.0145830136904674
2459977.8366967	15.144113038180526	0.0263062263793274
2459980.6243612	15.414959368629086	0.042163626563285
2459985.8319949	14.958364086808022	0.0323172694022881
2459987.6230831	14.945666278978958	0.026133461734738
2459994.781409	15.441995526002705	0.0179621283003218
2459999.5282399	15.760116230314884	0.0261695951515148
2460002.5142781	15.117642628032756	0.0161928086494781
2460003.8556625	15.509521301038603	0.0192883722323835
2460010.7493676	15.617489507626228	0.075321589784032
2460010.7519766	15.616179332388716	0.109668387194526
2460013.9677244	15.609284832373136	0.0822562007866864
2460020.6516568	15.09404002878358	0.0233931358954331
2460026.7247738	15.154579801953998	0.0180959994318917
2460027.6898573	14.75813716902172	0.0180723316393883
2460028.8128279	15.64338896779626	0.0254998382658259
2460029.8704538	15.653004347829995	0.024777592360603
2460030.8635756	15.747679622221684	0.0270078398644247
2460032.7696174	15.533040111145542	0.0190104096643065
2460034.7456606	15.008164483412772	0.0176657923801028
2460034.7469472	15.03082137192155	0.0186664770997889
2460039.4737864	15.310557787123928	0.0404174898224847
2460046.5675648	15.759302284211904	0.0624972796066722
2460047.8897954	15.56578991673047	0.0279469840256512
2460048.7149594	15.12192597971765	0.0170657233807287
2460049.8299358	15.627309436269918	0.021574426567461
2460052.848751	14.725098687344351	0.0171267486571263
2460053.8864319	15.294135654595198	0.0176544065427017
2460055.8372266	15.530565211135222	0.0225730020162888
2460058.7070304	15.69611456212041	0.0242176276444072
2460059.7921793	15.10478877398774	0.0194959918239879
2460060.824057	15.10730738501165	0.0190547868246334
2460061.8289312	15.448944613653277	0.0164752444526506
2460061.8544048	15.49811006947919	0.0169884332407212
2460062.8305997	15.605067506713349	0.0210175534815176
2460063.8012633	15.661425519482972	0.0183780675839942
2460065.8116947	15.3394320192303	0.0420711426489029
2460066.8507891	15.082211510904695	0.0192083462905274
2460067.8608982	15.46006957960008	0.0295627964727762
2460073.8484798	15.144636628626047	0.030424938752692
2460074.8563966	15.40453641541282	0.0350897996237843
2460077.6986107	15.609038861068598	0.0202862960660138
2460078.8470873	15.534751735860882	0.0199349469384788
2460079.835529	14.940888051183007	0.0291132945817575
2460080.8390034	15.06556314428062	0.0183657940306843
2460081.8245224	15.375011707902557	0.0291976047291085
2460082.8078453	15.535092819085364	0.02131049831476
2460086.8143039	15.231475427181596	0.0191264876671217
2460087.8149635	14.871174033648533	0.019706996346235
2460088.5356803	15.670405728501134	0.0285049956413264
2460088.8379364	15.331250170720605	0.02126813936404
2460089.8437814	15.642810380267996	0.0349147367972302
2460091.5307871	14.729749957867991	0.0224394558177529
2460092.6222344	15.572448932446326	0.0284089011867423
2460094.6700076	15.995384283647317	0.0908308404401155
2460094.8210932	14.925914262926918	0.0179013177298694
2460095.5682783	15.50706517126846	0.0521300863958294
2460095.8088806	15.251700208349046	0.0263273186518988
2460096.5265377	15.866745679380712	0.112233019664801
2460101.8307827	14.937327016377909	0.0463110121285372
2460102.8117682	15.266557098928388	0.0388703156831597
2460103.5883224	15.302048400368992	0.019606749793292
2460103.8231206	15.62522049655545	0.0511438945045101
2460104.6337439	15.109051869770806	0.0182680423170764
2460107.7535055	15.695010631303912	0.0232187827253593
2460108.8112816	15.032873558034256	0.0267478803970503
2460110.8075247	15.596231711551027	0.0250048245963907
2460111.7421871	15.627779701480646	0.0250694760899139
2460113.7286998	15.629255282593004	0.0229195062877953
2460116.7807998	15.407018867512296	0.0411893650281301
2460119.7677456	15.634224156457746	0.0220458681735323
2460122.5272749	15.621618349611214	0.0246817401831685
2460122.5438398	15.681831857007102	0.0235090012324257
2460123.7565386	15.250705820352492	0.0566310811531939
2460124.5304342	15.118568612031886	0.0269574465173097
2460124.5624714	14.97793059147812	0.024267954735715
2460130.7309078	15.478609614540384	0.0877344446738319
2460130.7741652	14.74395819019798	0.0910555370200229
2460131.6221616	15.219653575179922	0.0339622340043571
2460133.7425208	15.62937407960802	0.0324701925821344
2460135.7375009	14.925627526733624	0.0199072206157906
2460138.7489878	15.599454722285362	0.0391523900698747
2460148.6881926	15.694009160136709	0.0426929010479819
2460149.4796823	15.713185870583406	0.0512202656998632
2460151.7102506	15.271933047554938	0.0194628889451855
2460156.5299345	15.692983195835424	0.0458866053967776
2460157.6713297	14.662635136027218	0.0356084734201764
2460158.496791	15.659183509331443	0.0574228502989049
2460161.415985	14.95069139559195	0.0407335404646815
2460166.4027568	15.670615962541296	0.0283300914755478
2460169.4317259	15.392145382767094	0.0223644968125796
2460184.3331794	15.390000129228929	0.0428418784258999
2460194.328519	15.673414943229115	0.0291550979834375
2460199.2532836	15.423370774498377	0.0174472197408016
2460200.2570934	15.602882045884286	0.0265762830254308
2460215.2682784	15.56287574016171	0.0614882750170292
2460217.5161441	15.853840656231366	0.072969377331835
2460219.4890082	15.690854431634977	0.0376278511603908
2460220.4936976	15.638058094735804	0.0308356574544538
2460221.4861887	14.62368670270074	0.0214458531975866
2460222.5017984	15.205195034780663	0.0220113658122071
2460224.4965278	15.617809069366512	0.0263403170136836
2460377.6292353	15.189951972698676	0.0182189145089294
2460386.7543389	15.7679967486309	0.0309445796031502
2460388.5175971	15.78091485772392	0.0428346444161899
2460388.773952	14.973871701886	0.0176133271575042
2460389.8691945	15.653848763600708	0.0219272944483227
2460390.5337915	15.600972694191814	0.0413852296375737
2460391.5069094	14.447799779992527	0.0464848878114556
2460410.8877645	15.699184310829567	0.024343905137422
2460412.5195508	15.216742369915206	0.0170867707143496
2460413.5141622	15.44958221325586	0.0204781367625151
2460416.8118671	15.48010696905266	0.013155534154797
2460417.4854041	15.499981420550352	0.0195688047105324
2460417.6673486	15.363025438055224	0.0195562555223475
2460418.449538	15.242530235876975	0.0238793045565689
2460418.7360767	15.545028909539568	0.0181180166087675
2460419.4114471	15.004408056464486	0.0235303109061252
2460419.8872033	15.141245078276258	0.0330538651028452
2460420.4038242	15.140670753653966	0.0323066608578859
2460429.9342336	15.849560048328774	0.1259713664279475
2460432.4277471	15.459166711795111	0.0220533408647212
2460434.6295723	15.710245562644058	0.0240016218287258
2460437.3130288	15.4684856173056	0.0216901658314253
2460438.8947989	15.70868233460764	0.0322825985661513
2460439.8018456	15.791266917972733	0.0349116489628341
2460440.7709323	15.77950994722205	0.0253728253631154
2460440.7721614	15.774062388952869	0.0300587875737245
2460442.5619674	15.74322767198465	0.0249338290567317
2460443.8891696	15.716025097097122	0.056285484324164
2460446.3511746	15.80700926748836	0.0441364507944822
2460447.7984302	16.05675731277105	0.082401789940177
2460448.8550348	14.919065795548436	0.019614398287132
2460449.8332083	15.205699855634354	0.0465659483806006
2460456.648446	15.529453375228082	0.0319408640963739
