2458087.998337	16.058049137742596	0.0279351901783299
2458096.5946793	15.279239946657537	0.0658901459302171
2458106.9355717	15.972651886443748	0.0295674669703307
2458107.9128548	15.375738861726196	0.0244089130640673
2458107.9360021	15.38457258325378	0.0220108870152952
2458107.9372486	15.41103491803806	0.0247472713867386
2458108.9287341	16.10311708110103	0.0355906843055763
2458109.8601528	15.714886772781826	0.1242118952034066
2458110.8567802	15.651047096611304	0.0409147635179441
2458110.9176549	15.461505241376532	0.0213216704592377
2458111.8499516	16.04807857566113	0.0421839402984138
2458112.8500486	15.80936514902194	0.0280772260194216
2458112.9107709	15.985948649945232	0.0288337540971786
2458113.8465896	15.682875802703002	0.023525370303401
2458113.911133	15.462609072181303	0.0193945696797268
2458114.8357565	16.164204263190882	0.0370291500926415
2458115.9045881	16.03788822647732	0.0426165908293708
2458116.8092877	15.736932944288869	0.0255544516842402
2458116.8817668	15.416655861840258	0.0348117310446672
2458116.9012702	15.43246015338092	0.0266522339852852
2458117.8094453	16.120005327856248	0.0364204812557346
2458117.8787425	15.925110252252177	0.0756999244062738
2458117.8981395	16.21221178162459	0.0940732679009632
2458118.8097544	16.010686728518614	0.0622037068106055
2458118.8440146	16.14614356689333	0.0528210812848043
2458118.8753389	16.05839204826363	0.0820400880178353
2458118.8947853	16.233005101307246	0.0805035323211649
2458119.8023919	15.727990681920236	0.0619786142557111
2458119.8366612	15.176306444779051	0.0545808743573747
2458120.8024762	15.994995333540396	0.1059636359330329
2458121.828582	15.9550406261281	0.068946420727926
2458123.8592278	16.25110765936995	0.1196790762342088
2458123.8814761	16.024409522375556	0.0676402350952982
2458128.8248063	15.590979641294629	0.0249973082581281
2458129.8323327	16.152796726149937	0.0388648531627231
2458130.8589236	16.191023007423457	0.066877856987519
2458130.8628495	16.156531227098505	0.0346275839670321
2458130.8640666	16.23892223344412	0.0441429036643368
2458131.5786268	16.15678210285717	0.0436864826935766
2458131.6054862	16.069887913211176	0.0432807578560744
2458132.5783355	16.04964233572535	0.0252416031980139
2458132.7860704	16.033306750873496	0.0465210439091566
2458132.8565322	16.16195027802402	0.0371474961537533
2458133.5082229	15.593451742729606	0.032640992872303
2458133.7899168	15.965912181828148	0.0345903925976567
2458133.8533566	16.07214742751683	0.0337976673532789
2458133.8545813	16.113968665328674	0.0488619740167011
2458134.5068483	16.2059013686916	0.0413785375405253
2458134.7860012	15.494580006091576	0.0323875629806876
2458135.7814965	16.17329216480175	0.043523662975281
2458136.781419	16.161872241189464	0.0501756374184141
2458137.5207727	16.141860077935547	0.0327009594076369
2458137.7704975	15.514871835749751	0.030449366913346
2458137.8442513	15.763805270095755	0.0186063645217011
2458137.8556953	15.778014313502746	0.023314786775104
2458138.7664573	16.13949036772461	0.0434158534534769
2458138.8408928	16.135213414877235	0.0378813575451729
2458139.7466435	15.997245115614913	0.0301295659762172
2458139.8383298	16.09451537714168	0.0469956714451876
2458139.8530929	16.092249469386307	0.0396628909221209
2458140.7428487	15.523070792634396	0.0250922954485789
2458141.7841504	16.235089318818684	0.0388984116811007
2458141.8309681	15.930887920442052	0.0257448449960984
2458141.8458136	15.727684980776358	0.026685755517716
2458142.8315377	16.098445433058647	0.0302597386362792
2458142.8501337	16.14809112534344	0.0327783042155565
2458143.8052714	15.750340653046198	0.032650770267546
2458143.8284401	15.800022719395166	0.0209363986993012
2458143.8296612	15.78222931767622	0.0355075047755743
2458144.8022613	15.981516900091322	0.0490357346856532
2458145.7259728	16.012503242268117	0.0411646225121322
2458145.7992039	16.1814346432052	0.0636096769836482
2458145.8220064	16.086366216942825	0.0711286043493096
2458145.8232352	16.071985759984784	0.095224697231412
2458146.7217779	15.449694587773028	0.033666202397828
2458146.7954972	15.695604316453014	0.0567985110139012
2458146.8188671	15.881475741085278	0.0498898083820939
2458147.8002787	15.705983761742562	0.0535542090247739
2458148.466855	15.67788497774557	0.0735522351497985
2458148.8155109	16.121942099587343	0.092065670337495
2458151.4993844	15.618531836962717	0.0799349195361244
2458155.7703158	15.988477171455727	0.0402067122615084
2458156.5260138	16.134276316852553	0.055765457123224
2458156.6294894	16.130687764104653	0.0693030153953909
2458157.5218914	15.821343796819296	0.0289679053300794
2458157.8217519	16.082802859405742	0.036766788216659
2458158.7837619	15.92124432132663	0.0261685664920573
2458158.7948777	15.935121531808385	0.0237252995812178
2458159.7879231	15.3500894759784	0.0221746697989374
2458159.8200666	15.550606500510256	0.0266247745834102
2458160.7899261	16.107954260442582	0.0341488304269665
2458162.7780667	15.39786157611842	0.0212797330632486
2458163.4495174	15.781920226632591	0.0271270060277519
2458164.4529297	16.234673979555975	0.0357255497457983
2458164.5321563	15.41161421295909	0.0246802466673718
2458164.7728168	15.990753420192627	0.0320249909203767
2458164.7740612	16.0267732973074	0.039284553220465
2458164.8855001	16.068212654534065	0.0342306216743849
2458165.4443393	16.065211799467946	0.0327633417291543
2458165.5276806	16.167709912226755	0.0334846644509222
2458165.699458	15.574316531203504	0.0257154785421556
2458167.4761855	15.567262223057783	0.0346081726133955
2458167.8579296	15.93921756423828	0.0426765620156377
2458169.8575896	15.735419110192227	0.0204483698089102
2458170.750037	15.981508703110824	0.0301844112471085
2458170.7753178	16.061559087621088	0.0372187955961764
2458170.8537272	16.12979751994534	0.0330679530038996
2458171.7472321	15.519570352771066	0.0267751437279358
2458172.4259166	15.783667490842392	0.0253866161759132
2458172.6851496	16.063151829490632	0.0453876770552096
2458172.7263833	16.080441334680742	0.0550602814011566
2458173.6536342	15.7618184802816	0.0406080505477376
2458173.7182231	16.117297965446017	0.0731229506989282
2458173.7413004	15.907828098654466	0.0445011229629189
2458174.4229832	16.21750513810606	0.0590896877722482
2458174.7188233	15.489301169974867	0.0403932923659459
2458174.741103	15.622112791909249	0.0356705230312519
2458175.4116252	15.90062125827449	0.0331588345338075
2458175.7395918	16.34469832108526	0.0878838651594021
2458176.3844793	16.107726344739383	0.0791584953507814
2458176.4064623	15.863339527188048	0.0514421827302239
2458176.713282	15.943928484079091	0.0953262235839205
2458176.7393274	16.34210299875215	0.1168259842132896
2458176.8307555	16.01859123914779	0.032028942321323
2458177.3796382	15.76478622404564	0.0617897818668392
2458177.4055579	16.342122809137866	0.0976832524214445
2458178.3829202	15.84980098527404	0.0946243716836588
2458183.4809442	16.19833661268913	0.0621202267683345
2458183.7759066	15.96419436411028	0.0749597252355642
2458183.8666036	16.05830059917232	0.0739725853586218
2458183.9815144	15.984512223642817	0.0688895670996125
2458184.4248362	15.900467907276894	0.0421057305818383
2458184.7422258	15.96781842295982	0.0263107834685647
2458186.6271166	15.471921930210492	0.0257689301308156
2458186.8686133	16.00166040606982	0.0593082669083197
2458187.8424557	15.566292029616228	0.0353767795511178
2458189.8195976	16.034442404348972	0.0281968827126474
2458190.5354781	16.08306795666658	0.0299410459620161
2458190.8444756	15.62646997672665	0.0240497121912114
2458190.8491268	15.660465277598345	0.0284808402670107
2458191.8438241	16.154948367246156	0.0457735886144469
2458191.8519348	16.281675058648716	0.0480565126493342
2458192.8510426	16.003042654679884	0.0272760272986481
2458193.8465258	15.798033536767498	0.0235876580463617
2458193.8725651	15.746174195658822	0.0327137304037104
2458194.8301189	16.215623316701667	0.05760357855535
2458194.8338205	16.27041780769876	0.0417765607102489
2458195.80642	16.173322005106904	0.0504100657252938
2458195.8212615	16.08266039228335	0.0345699226524723
2458196.5113995	16.08742265568314	0.0264342081413996
2458196.8320368	15.66426757196913	0.0282006429144935
2458196.8439475	15.78401121244798	0.0226099661243405
2458197.8386641	16.046315254940172	0.0340654737348039
2458197.8505545	15.957666487571826	0.0238083985317406
2458198.8459153	16.076557624555406	0.0342336933653528
2458199.8489086	15.784556518051156	0.026476270629088
2458199.8675298	15.881652740112294	0.0350035679353104
2458200.8441157	15.846147781117732	0.0233207902171008
2458201.3163997	16.13229052414407	0.0484202829960502
2458201.6173494	15.777458704550996	0.0263822335517458
2458201.8433434	16.231304347956925	0.0512073339203106
2458202.3196086	15.932819000607532	0.0407197630502359
2458202.3429668	16.11511327739955	0.0399747273362954
2458203.3066563	15.461498347478592	0.0367982505207975
2458204.3029603	16.261032956298305	0.0888533519399506
2458204.8139854	16.026213057522558	0.0285544618082029
2458204.837094	16.070725794502746	0.040488384240923
2458206.5965463	16.47506713907692	99.999
2458210.7940698	16.20952865791531	0.1308585409845344
2458211.8043012	16.096020184471914	0.0900258375875613
2458211.8227803	15.849903470295326	0.0796297612981701
2458212.7961641	15.477443070398396	0.0408336345490811
2458212.8257619	15.380957632184456	0.0492673293667127
2458213.810205	15.9848622434259	0.060245529971279
2458213.8333203	15.867630994650286	0.0596082629856998
2458214.7945405	15.969944108789784	0.0478240767911177
2458214.8287534	15.929230894946777	0.0839151591656894
2458215.8012145	15.341312285543054	0.0283920984174913
2458215.8280047	15.482916243687356	0.0426691124401748
2458216.4385363	15.516439407712282	0.0267169803059283
2458216.4421786	15.564276378057212	0.0247347628090441
2458216.8040287	16.07072400529435	0.0425716087039178
2458216.8224869	16.074352949553322	0.062282809699435
2458217.7959712	15.931031070483812	0.0328986569593798
2458220.7936507	15.971079692335293	0.02906705365809
2458220.8121636	16.050965645958513	0.0393781494845418
2458221.7891205	15.384461810681822	0.0249218610661609
2458221.807675	15.590575741018682	0.028591376257269
2458222.7846783	16.0869547680993	0.0329148617410038
2458222.803284	16.11883574361276	0.0490873305128057
2458223.8026018	16.05660396375677	0.0412614570581311
2458224.7906419	15.545208891471374	0.0296553823377254
2458225.7742772	16.080073524604376	0.0444262702488221
2458225.8011296	16.125428112116595	0.0563538814386156
2458226.7941381	16.167492514996137	0.0549391709856889
2458227.772827	15.50407606651601	0.026078014666374
2458227.7959331	15.673327309311636	0.0345601732150698
2458228.3644014	15.550327980605482	0.022206088436324
2458228.7721534	16.134998907437673	0.0414736174235603
2458229.2971001	16.232314302573734	0.0314673488975898
2458229.3634606	16.113164162794376	0.0304851434638496
2458229.7430115	15.98543200612588	0.0811115639088827
2458229.7677965	16.035856340609346	0.033377924276516
2458230.2522274	15.84941407883931	0.0295794560596518
2458230.2743465	15.772637022570512	0.0282872347895243
2458230.5160342	15.839094070810356	0.0424095117935874
2458230.5558987	16.132107834041662	0.0446752582434767
2458231.2254492	16.024054054281894	0.0482080933436915
2458231.2511708	15.692712889370744	0.0340266739758658
2458231.5007042	16.028391692632216	0.0385025285011987
2458232.2272414	16.231302136869452	0.1021190687357612
2458232.5870136	15.657816659530903	0.0558226759219013
2458233.2278761	15.753913633581696	0.0500562221620779
2458233.2427247	15.811609212733844	0.0460183139108704
2458233.5245136	16.096940954341516	0.0592353176105872
2458233.5767794	16.338804993445272	0.1085566994982658
2458238.3807735	16.034444324586453	0.0875615823112238
2458239.3722454	16.130407149667302	0.1005328284579915
2458239.401833	16.3283229596596	0.1092304875359112
2458240.709608	16.161510354315794	0.1386213688645739
2458241.7312301	15.868212428358902	0.0551534324382628
2458241.7460718	16.483140358127727	0.1297684737117477
2458242.7197875	15.777516074159248	0.0442231635619199
2458242.7384212	15.813265678492233	0.0791971501004361
2458243.7238094	16.159426433153943	0.0975561636009793
2458243.7488297	16.18586238460722	0.0858777570533414
2458244.5391681	15.898274185331454	0.0383800294486632
2458244.5428505	15.778355047581606	0.0215289564884412
2458245.67322	15.56233697667872	0.0284943770077958
2458245.7401147	15.888984632904751	0.0910349914659468
2458246.7411336	15.815767701288344	0.0405544025312696
2458249.6798252	16.17810490751753	0.0399609917500312
2458249.7319822	15.732944768832436	0.0324476006046139
2458250.702607	16.136590674279148	0.0325480658411117
2458250.7248647	16.108971238827976	0.0441969817503899
2458251.6969696	15.802584329289711	0.022192907948463
2458252.2582578	15.696902842838954	0.0240146414276437
2458253.2572575	16.344155600293217	0.0429705641262498
2458253.6594411	16.046788058960143	0.0372706270130571
2458253.7152321	16.13267131789375	0.046066659928193
2458254.3044194	16.175974079505735	0.036141492615681
2458254.6925364	15.853127595175934	0.026800239148806
2458254.7073665	15.82144562859797	0.035015185148967
2458255.2762797	15.794818194150732	0.0272907818723408
2458255.693525	15.671760715854813	0.0265143719789925
2458255.703427	15.622680442309065	0.0315914865154307
2458256.2377866	16.17401653784647	0.0372652189588439
2458256.6762106	16.071575754524243	0.0321855712224409
2458256.7094522	16.256734581149548	0.0554604421408449
2458257.6790391	15.788042002810789	0.0253150381646278
2458257.6913014	15.856918278122752	0.0620980302564405
2458258.4787145	16.111629690468735	0.0352000232066432
2458260.4560464	15.803913149901753	0.032718287067422
2458260.4597286	15.73841896102663	0.030546378807144
2458261.4889196	16.151971818238316	0.056891115965594
2458265.3979244	15.86861856889437	0.1002266557324521
2458265.6555347	16.059944019864606	0.0847503100885155
2458266.6219307	15.982069362992153	0.0861430169854292
2458267.6539469	15.317348295994028	0.0583403284630918
2458270.632383	15.2650111861571	0.0750872742379994
2458271.5357888	15.985644706396725	0.0397221440479085
2458271.6434561	16.038860383524106	0.0544280712239186
2458274.6178943	16.139548092866143	0.0432961255253068
2458274.6363649	16.13147199979516	0.0365888065000862
2458276.2075533	15.942205649216	0.0229874315949701
2458276.5760722	15.59246341490105	0.0300297587522253
2458282.5983147	15.4334394551469	0.0279568213143029
2458282.6020109	15.494550265397828	0.0243317267372012
2458283.693469	16.06804373446386	0.0388543397720915
2458295.5971503	16.416498758626197	0.1522906194254239
2458296.5897492	15.7417543674125	0.0689645422506034
2458305.5655561	16.22889484230705	0.0502876207633806
2458308.5708449	16.21458149688121	0.0450762607014809
2458311.5229931	16.152524707618817	0.0408207605868202
2458311.5493295	16.194937672904764	0.0533244033340001
2458313.519607	15.644153235387543	0.0248701117280063
2458313.5419344	15.481866159397002	0.0266141376501201
2458323.515593	16.22082826632881	0.108950356854788
2458324.4787221	15.886751812392648	0.0624866497750927
2458324.5123536	16.10872895995579	0.1006249844279449
2458326.4832981	16.049070062129307	0.0802527169819607
2458327.2291257	15.635318866481065	0.0712011094967076
2458328.2160192	16.23128019331636	0.0850599798601999
2458328.2418395	15.964600943826673	0.0826542922180309
2458339.2129052	15.38592996995389	0.0277772573288316
2458430.0081835	16.070292726112395	0.1130286780927959
2458431.0033341	15.330670469958267	0.0339498672279251
2458443.0095909	15.723166476674422	0.040783966665872
2458457.0058134	16.111345504315477	0.0420648380420777
2458457.0094992	15.987101601868066	0.0271024648812728
2458459.8505746	16.235566819171137	0.0980871633371608
2458461.1026853	16.022560337470647	0.0263392009958465
2458463.0920491	16.237597099835096	0.0383553151341863
2458463.5881899	16.063206618524376	0.0608597774536018
2458464.5850696	16.063143687440583	0.0468676217826026
2458467.0678734	16.17426860266629	0.0394166160800472
2458469.0840747	15.80659187780273	0.0274256290564694
2458469.1216058	15.387464749308371	0.0206229077057665
2458470.0753502	16.190980988968352	0.0351136673719171
2458471.8387071	16.332102469934885	0.06377182776892
2458472.8351894	15.744921908365136	0.0319229233941872
2458472.943008	15.919817082359762	0.0645343380628458
2458473.0448531	16.343482880175483	0.1543191278117096
2458473.8386601	15.82166987640342	0.0483559175003736
2458476.1444928	16.5358657773989	0.1843534486546012
2458476.848294	15.811213050188588	0.0763944442363523
2458477.0737021	16.22006196598857	0.0967876741509402
2458478.601856	15.865611558983376	99.999
2458478.858568	15.746510579401146	0.0787311540348992
2458483.6025865	15.9360503874737	0.0739308218815268
2458484.5917716	15.773264403090932	0.0398027172044634
2458484.602669	15.589435223018578	0.0602640744627335
2458486.0990989	16.080094826991374	0.0303735233957373
2458486.1530728	16.070672169890972	0.0446491909693863
2458487.1351785	15.744863285445568	0.0185997791291131
2458491.9814455	15.93448564784849	0.0283250430957518
2458492.0925935	16.070913006572706	0.0464901917198447
2458493.0819705	15.634003396769822	0.0183730201956353
2458495.0863225	16.159732178213368	0.0336594990541803
2458495.7949752	15.998990024981389	0.0394668191977177
2458496.03447	15.650153853635642	0.0224060162343255
2458496.8055255	16.096273129238167	0.0341096139929241
2458497.0550015	16.278932384501296	0.0347226807072748
2458498.8015597	16.101849162003322	0.0329514671234616
2458499.8644654	16.135226701010957	0.0476728483956135
2458500.1561058	15.367038388475777	0.0179079942806842
2458500.7493164	15.392477206667856	0.0298128864067857
2458500.9632193	16.171281069712393	0.0627572429447972
2458500.9866299	15.9100400801412	0.0396802749767121
2458501.9488543	15.42361735835761	0.0282346228097892
2458502.8423724	16.031880422729454	0.0408853949768057
2458503.7517568	15.663112856085244	0.0662264117720397
2458503.8639949	15.69049074805042	0.1127241989521159
2458504.578386	16.09781970164562	0.1060999362444232
2458506.0349033	15.64342305997544	0.0854464661104969
2458506.5361808	16.359966297584087	0.1321821962326066
2458506.7963353	15.872138053480928	0.1167593417623952
2458511.5887146	15.795676654650626	0.0316651799324498
2458511.5960119	15.745770052631755	0.0363288505534416
2458513.5392296	16.078417546019953	0.040473011741436
2458515.803646	15.871855582320794	0.0308367925209963
2458516.9989098	15.901536786758657	0.0305695127741642
2458518.7442564	15.804386693142744	0.0246920913027257
2458519.4611896	16.03942899725322	0.0312785339419606
2458519.9632918	15.845654361847677	0.0180423475149079
2458520.7248347	16.125251576511218	0.0340745539561369
2458520.736415	16.12808861047736	0.0421722611258124
2458522.7693907	15.403370926407264	0.023860973709281
2458522.7735122	15.349792840975503	0.0266953517225975
2458523.7766937	16.112295604937565	0.0370707770562427
2458524.7128463	15.981299553391002	0.038941258253512
2458524.7499219	15.787441161619476	0.0267773298161815
2458525.7242784	15.61510652704481	0.0301307488791242
2458525.7321004	15.555475431122687	0.0263231649755353
2458526.8758117	16.203942814936248	0.0495032464473945
2458527.8731861	16.007624189516886	0.038960211244023
2458528.6801152	15.948233968788513	0.0450028568769979
2458529.4928987	15.827843092803322	0.0286993814208901
2458529.8029505	16.164152149839268	0.0433160459548427
2458530.4347115	16.144396808703547	0.0886811176754338
2458530.7414533	15.852898770560676	0.0604271277367439
2458531.507468	16.1492349022021	0.088219590821374
2458531.7156811	15.39806087024881	0.045296789091411
2458531.9959843	16.07325974554118	0.0388031535932862
2458532.6104414	16.111435907796334	0.0405072353447778
2458532.7701961	16.29135886441957	0.0891215874717616
2458533.6059869	16.02214711522988	0.0887850396299926
2458533.7392861	16.078805075986782	0.1358400669715251
2458538.6241912	15.988081775073148	0.0877486395695676
2458538.6770487	15.995502703928606	0.0675589617545206
2458539.4933993	15.436501186020106	0.035397802802054
2458539.592568	15.854685418754354	0.0567694012465442
2458540.4928049	16.21388528761919	0.0654863411631744
2458540.9145365	16.019616624275432	0.0487004587581254
2458542.4634878	15.312145301508853	0.0236993944508128
2458542.4672872	15.379091988607108	0.0224181966296051
2458542.6964664	16.036754601035675	0.0295332807003063
2458542.879587	16.164130200026	0.0592896761046431
2458543.7384376	15.657985599907976	0.0252412963261913
2458543.8126812	15.84910316898618	0.0284241786318637
2458544.6678144	16.18982962438268	0.0520540862704947
2458544.8176875	15.416491835762018	0.0237352545103671
2458546.5293924	16.223911813061495	0.0389097658311805
2458546.6225237	15.362676464661822	0.0339350908288109
2458548.4060565	15.392604275039483	0.0228902249392982
2458548.4724733	15.570088756481269	0.023645136537929
2458549.6435175	15.50883864791068	0.0230684638107417
2458549.7212478	15.748256113765065	0.0265447794193592
2458550.6391485	16.071394545114003	0.0409531099648323
2458550.6414842	16.287506971277313	0.0640209682171999
2458551.6740294	16.10207640807832	0.0387575922752696
2458551.8458801	16.110657035511828	0.0381898984009952
2458552.8324997	15.988770395142648	0.0361240292242959
2458553.6270176	16.106134477358115	0.0427030652616446
2458553.6533043	16.274227250806934	0.0523482654799283
2458554.4528127	15.715454524577412	0.0257298648479337
2458554.6550301	16.104719262164913	0.0353388296201728
2458555.408344	16.13561737354931	0.0309670368021898
2458555.598447	15.485214127728216	0.0276229280843988
2458555.6209728	15.590375455864676	0.0284960103949033
2458555.7815366	16.044271816346775	0.0323470171059216
2458556.6279741	16.104419167703607	0.0555785597913774
2458556.8485402	15.650086879131765	0.0272082585696957
2458557.3702543	15.66854090890679	0.0254040188893725
2458557.6295669	15.92055523729094	99.99
2458557.7341834	16.146711318306274	0.057384386302881
2458558.4335509	16.260296030955896	0.0475759829056415
2458558.4675098	16.124175945665446	0.0426232104790798
2458558.7893082	16.076534940772817	0.0567543560332922
2458559.4001114	16.081895413034	0.034848321602965
2458559.4925827	15.891855105923511	0.0378661977125774
2458560.649733	16.27803179904644	0.0987994117130852
2458560.6810327	16.119671069046724	0.0508735070512209
2458561.3578746	16.22686232974896	0.1625938974284627
2458561.7016573	15.88492704386686	0.1031754427136072
2458561.8260168	16.13669953439174	0.1170574036371915
2458565.9299376	15.687221574899134	0.0820724449527619
2458566.5598239	16.037128145935885	0.0889446730914627
2458567.5418607	15.62916436603798	0.0790027764503922
2458567.5620398	15.68725711199839	0.049697302860938
2458567.6402449	15.802734137645537	0.0551176882822665
2458570.5377695	15.689162577319877	0.0262792626496595
2458571.9849811	16.093194142070235	0.0253535328723469
2458572.0098322	16.07625506376153	0.0307132174495346
2458573.8687835	16.04321495880591	0.0271401166468754
2458575.9384431	15.646525033899003	0.0384650254386941
2458576.8173934	15.988986142226723	0.0396874170110666
2458578.5416639	16.139927952921113	0.0402313596619747
2458579.703296	16.061987602112463	0.0363950787731657
2458580.6184665	15.400001126475338	0.0270157791905163
2458580.8921507	16.049872507949917	0.0229448848740702
2458581.3804327	15.946325803779244	0.0370256315946628
2458581.7969601	15.291457478596351	0.0295136515277309
2458582.6123259	15.958264035566287	0.0255408343987854
2458582.8008318	15.947739683090758	0.0233860814902503
2458583.6238595	15.44286891943872	0.0296562353426472
2458583.930418	16.048613507946566	0.0272762800685687
2458584.3649748	15.949825482649072	0.026007930422944
2458584.5153444	16.06542859446783	0.0359838940864505
2458585.8116727	16.084515230162268	0.0310668374921522
2458585.814789	16.14205044758527	0.0459833121368494
2458586.7040836	15.7649039557134	0.0280423480555264
2458587.7455648	15.370249257030856	0.0269981659896639
2458588.7162592	16.40318542681421	0.1131223600528957
2458588.8589184	16.109746793673143	0.0543450564547763
2458589.9291598	16.17967963598904	0.0871845163931066
2458593.8222057	15.561295464622694	0.0761272947502136
2458594.7803255	16.615899119822103	0.1661958193648706
2458595.6094773	15.777000643391824	0.0578191760384613
2458598.4950844	15.36582090296388	0.0347049077344371
2458599.7595446	15.686763967384344	0.0278536193303983
2458600.82063	15.710600743738388	0.0258228107502041
2458601.77981	16.029643918438914	0.0314148490487763
2458602.3882453	16.080481008120366	0.0339208315580588
2458602.7237994	15.610812162156364	0.0244226181696646
2458604.3654917	16.05868182768299	0.0359745952207823
2458604.7350669	16.069729396305238	0.0355517161539765
2458604.8559603	16.029298612460124	0.0388974012871953
2458605.8657942	15.990160253499887	0.0288274614806903
2458606.353133	15.799965472561636	0.0201317501970953
2458608.6941524	15.571673902027577	0.025457348914396
2458609.5411097	16.11961961745819	0.0488184750794538
2458611.7889951	15.894684768026393	0.028612352695867
2458612.7242729	15.987911478981774	0.0317250550818555
2458612.9136126	15.801318175068316	0.0176893884153053
2458613.6639215	16.061451584014602	0.0321420068405761
2458615.9164249	15.772315555304514	0.0378162557206771
2458620.7003208	15.80772052409764	0.1180365534875809
2458624.8105695	15.672931068955457	0.0274068221735249
2458625.4175757	15.818106363957025	0.0593946741296548
2458625.6737522	16.058885406296724	0.0682787302987417
2458626.4223949	15.944716473974418	0.0611076110937916
2458626.6236658	15.734107561168768	0.043481763315325
2458627.5485615	16.088540333853967	0.0372417209240697
2458628.788556	16.155549260030995	0.0291105197302772
2458628.8158378	15.9858885337421	0.0242309545992946
2458629.7805069	16.057001021284716	0.0568155883959631
2458630.7614382	15.590677314149175	0.0336982743974096
2458631.7477834	16.115049072058483	0.0497763091811022
2458631.7972646	16.08755909159568	0.026994506836649
2458632.7713012	16.07130446212517	0.0424229692189569
2458633.7729603	15.747857515478906	0.0322266093601724
2458633.8210606	15.888077130807904	0.020787900320798
2458635.6875042	16.000282895323952	0.0333576189937864
2458636.674107	15.421682454057086	0.02963716540544
2458637.6591341	16.2239056954683	0.0466455934693106
2458639.7694065	15.795475602964869	0.0264929350686928
2458641.3269781	16.101995818285072	0.0297136895487416
2458642.7875447	16.030681253474505	0.0509855928938459
2458642.823922	16.112754074349162	0.0378631633177889
2458643.6728456	16.254313335546918	0.0766503813095883
2458647.770788	15.923992392770376	0.073625915670889
2458648.3707781	16.178845760490308	0.1157137800150917
2458649.3608959	15.981533422666166	0.0896388256095244
2458649.8141035	15.5205245943761	0.04779198057326
2458650.4972588	15.700218231462422	0.0648456708632725
2458651.5051293	15.540095889156769	0.0677081797634133
2458652.6341527	16.488184925247534	99.999
2458653.4494341	15.856622195031411	0.0309743329941495
2458653.4630905	15.772294172893336	0.0220537882493698
2458653.5167238	15.73726873917063	0.0688925419810014
2458653.6843458	15.816802266120806	0.0973006756267596
2458657.517202	15.378106929819058	0.0247874586991041
2458657.5892262	15.677262356015197	0.0286104593582915
2458658.4958715	16.10265667605705	0.0365357189024721
2458658.6665489	15.421255026561967	0.0272486072212969
2458658.6999278	15.314092866999866	0.0230649936192139
2458662.5685479	16.188089847860613	0.0508896293848859
2458667.5365954	16.22665737382205	0.0613299525175385
2458667.5820629	15.692646916376235	0.0289896537408762
2458668.2186575	15.351834050014672	0.0244000336180528
2458668.5629375	16.09565559664468	0.0393064262371083
2458670.3158955	16.058576976447117	0.0379601874165759
2458670.5573911	15.82659284269447	0.0260348447929048
2458670.5820941	15.516692636495266	0.0414500542988255
2458670.7538957	15.74697119825887	0.0378304731576522
2458675.6422713	16.058995657951737	0.1079619140797268
2458676.2378394	15.785431090663929	0.0744690430031393
2458676.5320956	15.713610402181386	0.0539698993513465
2458677.2321181	15.52470593329609	0.0411127415446609
2458678.2747467	16.108788098001053	0.0820114032117669
2458679.1997323	15.88739814765802	0.0638567047596559
2458679.2607077	16.28075557670624	0.0851493678300549
2458679.5292419	15.679251171538173	0.0533811031030263
2458679.5484776	15.281018909101247	0.0468852342853717
2458680.2533539	15.524585077525522	0.0854051260714671
2458680.2791721	16.048808350609313	0.1421296201870557
2458680.5251533	15.88879622643601	0.0780721661297371
2458681.2548883	15.99477204658016	0.1358700296113492
2458681.5215367	15.80557344286852	0.105609603725442
2458681.5377448	15.94687502464649	0.1361613360707602
2458682.5221268	15.113099863361215	0.0653444441658717
2458682.5453431	15.217978934297165	0.0573242474582066
2458683.5123924	16.227561116645795	0.0809637638939497
2458683.534643	16.069899175678653	0.1020139544418116
2458684.5066105	15.865859966350104	0.0339792146852512
2458684.5239754	15.942926539909156	0.0399530911969807
2458685.2660527	16.164624267852943	0.035166310988404
2458686.245106	15.73227866194609	0.0317767378805565
2458687.5208233	15.736028387266694	0.0887342891948866
2458688.5531313	15.588895523601192	0.0430952832218836
2458689.5023665	15.97335574503072	0.0353753443185608
2458690.49922	16.00713443149006	0.0435350311591467
2458692.2415368	16.023859234650132	0.0514005940101118
2458692.5055417	16.01870259989382	0.0400918245470872
2458693.2239772	15.643994224603455	0.0438268487177081
2458694.4736103	15.40325945674168	0.0350673700977643
2458694.4969145	15.424817025943703	0.0302755198641461
2458695.469739	16.034372194541373	0.0467799531764299
2458695.4919958	16.259370277463802	0.0475594526105847
2458696.20606	15.591787583822912	0.0539029176805655
2458698.2290442	15.82994906936673	0.0309129659214744
2458698.4866097	16.06993380774959	0.052096361180043
2458702.5060491	16.113718220645545	0.0688071516206685
2458703.4686943	15.508554192528308	0.0506318856614727
2458704.4694175	16.366273165772643	0.0884644591258987
2458706.2329918	16.280622142338427	0.112679274303798
2458706.4635484	15.559099314418862	0.1318936571424719
2458708.5079814	15.797881800234787	0.2088901537788374
2458803.01107	15.57009841385914	0.090214499583408
2458812.9902095	16.14777305614018	0.0362983697783802
2458816.1305751	15.491410883933622	0.0275266215006171
2458817.1304981	16.207013597819703	0.0385980957157777
2458820.9864255	15.799530098834582	0.0356031932986641
2458821.0970319	16.111480285073373	0.0388155733978437
2458821.993671	15.418319420818571	0.0226835044925578
2458822.0972466	15.65669445651679	0.0263572007778494
2458823.9704207	15.929766951021042	0.0301963599931245
2458825.0939052	15.649157594224633	0.0246863432379747
2458825.9673633	16.082793969076302	0.0600946678035666
2458833.9966427	15.598814946252704	0.0427595109966111
2458833.9978598	15.678240780352317	0.0611565138276365
2458839.993615	15.764191129263278	0.0276163900614573
2458842.114026	16.042280570351654	0.0262207938253496
2458844.9353462	16.185976158920393	0.0674209479428246
2458845.0489741	16.293496420702894	0.0455221688971861
2458848.7967186	15.621079387183636	0.0297054122970388
2458849.0023462	15.883501926630622	0.027096261409407
2458850.0182754	15.398451683053224	0.0207374755713986
2458850.9567322	16.01904269664491	0.0311857819578198
2458851.0227402	16.205164438904042	0.0414880551954472
2458851.5457694	16.189999195876993	0.0440289320076975
2458851.8062116	15.387484519159065	0.0266518602851315
2458853.8933857	16.05596752713149	0.0300530451975485
2458853.9014348	16.09527723700606	0.0351596580189045
2458855.833277	16.103918568775452	0.0530730706461396
2458855.8647586	16.5498325589332	0.1403284030440028
2458859.6104533	15.247838337632867	0.0899028348782185
2458868.1692445	15.881869503432483	0.0338140345569603
2458869.1701681	15.495892478032934	0.0318681582747667
2458870.1685385	16.21502850322582	0.0524624755537989
2458871.0183339	15.767285401873146	0.0210288801004953
2458872.065084	15.334658749486737	0.0226655427946408
2458873.0572526	16.096839082768305	0.0260061512875864
2458873.5904638	16.008064889511463	0.0346662166374768
2458874.0369885	15.818762113632893	0.0174630569252912
2458875.0490269	15.343856325566827	0.0189926007358091
2458875.7611706	15.686577394693938	0.0244107571167985
2458876.05702	16.10817523049671	0.0295938692916395
2458876.5799361	16.05147508336125	0.0360983174663419
2458877.0610002	15.942384011318357	0.0231070686928194
2458877.5727573	15.70397142258664	0.0249684453111699
2458878.0463375	15.329460750172982	0.0198873727769099
2458878.5857412	15.695186241368887	0.0404741554949483
2458878.7579257	15.765697605575973	0.0463294454245165
2458879.5367879	16.103263045705695	0.0428193601018813
2458879.7613434	16.139074837603538	0.0492657135901935
2458880.5526471	15.772612092563786	0.0430355434662412
2458881.7543099	15.720708508997074	0.0278989811152039
2458882.4626119	16.05789982882476	0.0463034829723088
2458882.7558509	15.81578028867467	0.0324698617088087
2458882.9297187	15.623898952937092	0.0337248407393097
2458883.130123	16.12450356380639	0.0236087475193269
2458883.7325719	16.059656845433732	0.0505857051440765
2458883.7510963	15.997432229846622	0.0411753840698686
2458883.9122687	16.41329956143394	0.089225397409054
2458884.1417176	15.786215634431288	0.0186969084668592
2458884.747145	15.969581582659591	0.0455897411585778
2458884.9099418	15.915537576173977	0.0645024097917967
2458885.1491853	15.688321231728988	0.0179078443219495
2458885.7512711	15.661491253017545	0.0527470889207177
2458885.7826011	15.39465295421605	0.0315110123363067
2458888.4581708	15.668622218988462	0.1266336562877434
2458893.5587549	15.57946047084965	0.0602531846073954
2458894.5429375	16.16253201813374	0.0766646994667053
2458896.6006305	15.712237165126602	0.039237570016451
2458897.7202012	15.426026551989134	0.0279744403037763
2458897.8242611	15.670064899857046	0.0467702778194364
2458898.6827363	16.06964798541655	0.0349825916688185
2458899.682752	15.823165385367693	0.0662418061445085
2458900.8868377	15.94234804512154	0.0379676364191209
2458903.4022922	16.01700420557298	0.038000608402457
2458903.6550065	15.435386015131805	0.0329909759651121
2458904.5175315	15.903568565060556	0.0436856751955327
2458904.6600933	16.209748166553585	0.0608600033243552
2458904.7162818	16.08194434380846	0.0699426001423219
2458905.3879937	16.11280154001065	0.0498497526855616
2458905.655107	15.86032864891685	0.0370880378008337
2458906.7563987	15.714840083540263	0.0291217099418069
2458909.7748241	15.770784141252363	0.0312539434415857
2458909.7897795	15.93146745250614	0.052885786674115
2458910.6794948	15.958314379491709	0.0334964830070242
2458910.7316797	16.18761387004318	0.0485671419308416
2458911.5197201	15.66382357567897	0.0263363915169694
2458911.5530777	15.769608689309791	0.030825203615593
2458912.3764255	16.039626592839777	0.0748884364152991
2458912.6304837	15.323502634889996	0.0388559381615986
2458912.8418814	15.98342588047408	0.0291801836812907
2458913.8529523	15.59108276463309	0.0366744602331625
2458914.4771217	15.589801174231566	0.1149040800367127
2458914.8395924	16.119689989498955	0.0542486389113753
2458915.7997048	15.88300966863163	0.0633353203370097
2458923.5679169	15.943513236020523	0.0440914327063373
2458923.6146301	16.122548735601857	0.0434365785779924
2458924.7063961	16.109059017209614	0.061007986511299
2458924.7086124	15.972603592157554	0.0346329557432177
2458925.6179895	16.095545554440445	0.0591098438719676
2458925.6293703	16.274246371825885	0.0654965411107122
2458927.314444	16.051085553839755	0.0652904941075184
2458927.3516539	16.087117153938564	0.0376788018171336
2458928.3359821	16.106939502472756	0.0290532756596084
2458928.422005	16.119882122008246	0.0398369066477945
2458928.9682443	16.023855820474118	0.035353023442442
2458929.3089695	15.341105861415318	0.0232953378782515
2458929.5109538	15.959748422340548	0.0259070500413439
2458930.3003483	16.07910016293381	0.0473706785875092
2458930.3302986	16.018719591401386	0.0307463138108867
2458930.7411341	15.975792249629144	0.0283046272788523
2458930.9796632	16.232044909007676	0.0369995350380849
2458931.4739676	16.27485346465674	0.0478904092680127
2458931.8197861	15.932803614416478	0.0183792834720079
2458932.0326111	16.11640251935364	0.0258651741082084
2458932.8667816	15.369938584451312	0.0219453043696543
2458932.8706795	15.302491795898485	0.0187107058513491
2458933.2935599	16.105363426715567	0.0412078230554665
2458933.5920989	15.617388283674792	0.0330596400074142
2458934.7751122	15.697597611031432	0.0221520748442297
2458937.875039	15.922942500359184	0.0425498397066686
2458941.7453159	16.359183285852033	0.078002467266844
2458941.7696002	15.90898135212518	0.0685532699015905
2458949.7431999	15.843595139674669	0.0277441915217372
2458952.767215	15.883057806964205	0.0475568368286074
2458955.869639	16.154499356831938	0.0447682511180609
2458957.8277277	16.08591452053667	0.0344338215916434
2458957.8688479	15.556410383155807	0.0247862676428761
2458959.9010672	15.944715623711346	0.0263342380457964
2458964.8787111	16.06917318001118	0.0337110499311336
2458965.8641482	15.901391627888485	0.0168078574771315
2458966.9508488	15.625103711903185	0.0195712005044478
2458968.7263577	15.623877007521942	0.0229626743798379
2458968.8644856	15.967711588182048	0.0336601870916756
2458969.8915842	15.42461309505346	0.0204125567335049
2458971.8488083	15.966984497124852	0.0367061422703475
2458980.3377309	16.04970338689928	0.0533171454019355
2458980.464196	16.400465085882715	99.999
2458981.4228807	15.989967023228902	0.0799488136832219
2458982.8936029	15.84117249643179	0.0189009777813066
2458984.3654238	16.039291100871427	0.0335110841814952
2458984.7706455	15.463306288195485	0.0185877818168336
2458985.730927	16.04489475891472	0.029379772797389
2458986.817941	16.059501535724753	0.0220801596084854
2458987.901563	15.883146388293529	0.0228075873252656
2458989.2550005	16.173934047977394	0.0422695118428598
2458989.8978741	16.09146234559507	0.0248145171713424
2458991.2785615	15.455828047533291	0.0320043860975968
2458994.7564971	16.143507277777324	0.0491921646951465
2458995.7715937	16.144014630552252	0.0688150829257111
2458995.7814525	16.48362976953805	0.1499126002284782
2458996.7358661	15.592326264725216	0.023156323080079
2458997.7525649	16.325619170538147	0.0517561170621933
2458997.7753639	16.205404667950024	0.0529809626748286
2458998.7766492	15.998690750498382	0.0470330852772299
2459005.7914467	15.737179668581886	0.0977174739319307
2459006.6966712	16.24556494030993	0.110197452251036
2459008.3552904	15.988863796430117	0.0900957875943071
2459012.8355069	15.577367295835474	0.0264459989279337
2459013.7157561	16.122068482352795	0.0455108942255046
2459014.7760597	15.974329447718963	0.0259358534289064
2459015.8203074	15.596891442065024	0.0190232127244606
2459016.6965588	15.965344079032418	0.038870034716877
2459017.6940191	15.869709334464998	0.0324725266724655
2459018.3408225	15.99370536720578	0.040782952380004
2459020.2197977	16.061006290456373	0.0368284729502555
2459022.7814081	16.101519702357233	0.031485161923783
2459023.7736307	16.036754879866	0.0261370447909911
2459031.7584741	15.920961269471125	0.063945277786204
2459034.3010186	15.597638431921714	0.0859675605687596
2459036.3017749	16.41996791963574	99.999
2459036.7541751	15.935132859842868	0.0406552889792146
2459037.6613494	16.135820908061138	0.0601846245181555
2459038.6419577	16.147242388783162	0.0559461055376315
2459040.7533446	15.505374978443298	0.0336627567234108
2459042.6456173	15.680348990697253	0.0257765636009743
2459045.6559134	15.665938068033531	0.0338254674404323
2459048.2539059	16.09687156030676	0.0455125626310949
2459048.6439978	15.575430157418264	0.0631788898006044
2459048.6452218	15.297793324156668	0.050040722957127
2459052.2551608	15.883916836725554	0.0411752207438115
2459053.2514328	15.613558033461732	0.0348861619080659
2459058.2535328	15.982133330856614	0.0645695607448335
2459059.2316231	15.514201501857794	0.0495475156462127
2459062.2211618	15.368087600328064	0.0545507985338508
2459062.2285084	15.42079060609356	0.045929282907716
2459072.2177279	15.994455452869047	0.0513820909393271
2459173.1289609	15.4405085381778	0.0245195146720603
2459180.1069522	16.082682021574776	0.0394630100107389
2459180.1259674	16.1812773764724	0.0448631402210912
2459186.0984336	16.137089961760886	0.0889482551328117
2459187.0709661	15.88633690048447	0.0912210034534098
2459189.0865236	16.189034807396386	0.0696002837448804
2459195.0539188	16.18649804699703	0.0398889542664042
2459195.0690462	16.171140618509053	0.0387957065362424
2459199.8344679	16.36424783335729	0.0661605780375413
2459201.0760216	15.595859381134323	0.0226708885130207
2459206.0277883	15.8122074572949	0.0197987266295912
2459206.0468366	15.83135319067008	0.0155976781774367
2459208.0555997	16.10591496070155	0.0292958610296345
2459208.0897688	16.158233133922895	0.0278651362532296
2459210.1222907	15.563574857184584	0.0181149164257381
2459212.5731502	15.883809734344192	0.0778887497794607
2459217.0121053	16.15218030156807	0.0866132719537489
2459217.0694964	16.120494807736684	0.0591846863198375
2459221.9760981	15.413642457203716	0.0192897731757282
2459222.6073649	15.431387030806452	0.0644890761868779
2459223.0021247	16.12138116043255	0.0327094666385208
2459226.768999	15.375222437313267	0.0280727357866731
2459226.9671056	15.919914403559291	0.0227541552566823
2459229.0883888	15.604524419405363	0.020610277623434
2459229.9584095	15.914053879928298	0.0247970566059245
2459230.9382169	15.375224701361285	0.021342818606476
2459232.9425585	15.91473456073578	0.0280187631816823
2459234.0309755	15.736726806710362	0.0242823391642822
2459236.9174276	15.453059837448812	0.0214167466550798
2459237.9382045	15.893601510549107	0.0409844125480923
2459239.900183	15.507947615235636	0.0392451619890984
2459240.7949181	16.090972583875967	0.0797695240739257
2459244.4771801	16.219172655253654	0.2018634144574566
2459245.5834433	15.793165646080848	0.0890420751603408
2459249.542493	15.851310273699111	0.0459179760208968
2459251.8802847	15.6182282211278	0.0208694943756416
2459251.9784371	15.861786866333604	0.03046766501697
2459252.7123395	16.110386054660562	0.0525768564251293
2459252.7584356	16.124406041744386	0.0388237625573777
2459252.7868793	16.039494204222233	0.0371343083625801
2459255.5655524	16.022490603986203	0.0276600637391943
2459255.8107216	16.134105385651104	0.0428207327972494
2459256.8169574	16.18809488993191	0.0504816361403485
2459257.8830045	15.754146625721289	0.020184501932885
2459258.8809253	15.680151898082675	0.0182349194013096
2459259.7585089	16.04856465515256	0.0252219049787934
2459261.8004951	16.22354663265294	0.0475150642194283
2459261.8456573	16.108455665611352	0.0536758688609661
2459262.1307264	15.915333263316642	0.0430352191026261
2459263.0314165	16.12606534563802	0.0370940557501772
2459263.6847194	15.401003713143991	0.0272558737738799
2459265.4757602	15.39590924514862	0.0236738869177322
2459267.7537499	16.208686815716128	0.0534102065543989
2459267.7816138	16.196131689690684	0.0515784348904432
2459267.9231628	15.471531004844293	0.0621870674021128
2459268.7875968	16.0564502042171	0.0339685874136779
2459269.8824325	15.918884971796889	0.0641385146850487
2459270.9536404	15.69260479010998	0.0573392817008008
2459278.8382053	16.162693408832354	0.0649934370015768
2459278.887833	15.846136483423432	0.0610463366211382
2459280.767181	16.07048200971076	0.0234280556572403
2459283.8834423	16.096199694746648	0.0343677229039308
2459287.9358532	16.123523368803657	0.0351863985215094
2459289.0594021	16.091030813541533	0.0282996925652123
2459291.5623755	15.993586374395434	0.0557992401890036
2459292.8023986	16.243691252436967	0.0356041343413204
2459293.9338795	16.131098846703352	0.0469223237024167
2459295.5890039	16.130375887666265	0.0475996200074292
2459296.4017931	15.864168838041824	0.0224459337346069
2459296.6455278	15.953193837064628	0.0590742305921662
2459298.553693	16.06858485871552	0.1235403044882385
2459305.6686991	15.795273246101074	0.0798713303672208
2459306.6746956	15.517116804106363	0.0410830296944602
2459306.7988802	15.852398367618862	0.0489473976262547
2459308.4328107	15.53242117772633	0.0250917554883933
2459308.4660525	15.597904035217113	0.0271621168938841
2459310.8668542	15.623462619422645	0.0188354323070578
2459310.8782145	15.589406701085435	0.0186549009609358
2459311.743108	16.120834193611298	0.0450385618880653
2459312.66892	15.786684621654285	0.0289734830980892
2459312.7574401	15.85544858855046	0.024460287905987
2459313.9738905	15.952262654761174	0.0267268677442713
2459314.8491519	16.2146635863378	0.031956464350639
2459316.5530545	16.118411057872073	0.0371908052725666
2459317.6421303	16.145183287175563	0.0523923397673603
2459317.9882917	15.475267565998267	0.0197514819018055
2459318.6259292	15.713718863179366	0.0310952734524185
2459319.9546364	15.998700449865137	0.0149939149648875
2459321.7407331	15.897113230957242	0.0398327225467031
2459321.7798032	16.126947136513156	0.0474767898495656
2459321.8286076	16.060433715053236	0.0192811546036116
2459321.8298478	16.063585430973422	0.0205849993710327
2459322.7897977	15.56522455376657	0.0309984183891163
2459324.7427883	16.069487047726888	0.036340245697848
2459326.7532011	16.260341222626263	0.0880833738716076
2459332.5762064	15.895115285902827	0.1154409067654859
2459337.4873534	16.105651090054483	0.045913265301055
2459337.491055	16.10062974288749	0.0449271950429951
2459338.6072394	16.035076459189273	0.0264465823397519
2459338.6109255	16.114030219692776	0.049376576713421
2459338.635757	16.157134680201516	0.0508281918106189
2459339.8128993	15.99884234700961	0.0339522168503523
2459339.827678	16.110856562982466	0.0431560126802758
2459340.7458037	15.754815978849807	0.0278883614737169
2459341.6907785	16.284404731322994	0.0676629589488293
2459344.6707296	16.272964793448956	0.0433280649581729
2459345.6863921	16.09523727359403	0.0427747882888716
2459345.8435236	16.130253606638878	0.0269925072110628
2459348.4548804	15.60410807614087	0.0524598399959077
2459348.8335423	16.20331046829308	0.0380180606200236
2459349.7924876	16.03058176641553	0.0386080907639726
2459350.6751886	15.690472371740622	0.0293263865083091
2459352.8736362	16.201988406159387	0.0368507777759904
2459353.758907	15.548708843295216	0.0284888454899674
2459354.7905131	16.03669549270964	0.0632183840900071
2459359.5848797	16.40839502285183	99.999
2459361.6739469	16.45422078645311	99.999
2459363.8232158	15.423241363703632	0.0211358330112691
2459363.8615663	15.443275211525442	0.0244681277573444
2459365.5342063	16.200013419412628	0.042942547630189
2459366.6662546	15.997489297447672	0.0754097200228641
2459366.8354714	15.319804532687478	0.0195437463780419
2459367.6480654	15.939198735034928	0.0495387382141671
2459368.8058792	15.912931744301655	0.0169437991571154
2459369.7642246	15.571928812793915	0.0328188985563429
2459370.3955295	15.316622436888638	0.0286525705095898
2459371.5559568	15.469061027148545	0.0250746169105693
2459371.8218807	16.000307427157164	0.0247964117046953
2459373.6535552	16.08421831487613	0.0510714634860811
2459373.722458	16.12750949598862	0.0393276450403202
2459374.7121546	15.72550617781316	0.0380694832269137
2459374.7271346	15.840217104518793	0.0343913013916196
2459375.5976629	16.25612628186198	0.0514938705839745
2459375.6089635	16.10459252274836	0.0354775178392764
2459376.704532	16.148883361613983	0.0511895973648678
2459376.7270828	16.27411603552834	0.069136802783855
2459377.6112829	15.516139178327892	0.0335153445945765
2459378.7060352	15.655035397588062	0.0311535636854601
2459378.7210422	15.478224784995987	0.027514796142712
2459378.8241034	15.583311502511233	0.0199991971113137
2459386.4740286	15.453739425586674	0.0513588839372233
2459388.7726074	16.20716734730424	0.1063632656891118
2459389.8035585	15.865030045881923	0.116984976263196
2459390.5177516	16.312692666070365	0.1756980661897484
2459392.5787887	15.696452662218448	0.0700629681360181
2459392.6017176	15.859088490959293	0.1055807015041559
2459395.7539028	15.892985793809023	0.0475097333712924
2459395.7770524	16.213341375718024	0.0359840758432236
2459398.2574614	16.09725861695075	0.0338315389477245
2459398.2732143	15.97434203347067	0.0644685037158958
2459398.6489181	16.071372611492425	0.0447057194550438
2459401.5040378	15.71137333852024	0.0401405432842308
2459401.6550254	16.035596133477817	0.0374800305925365
2459402.5376621	15.763986382452096	0.0288271413280229
2459402.5494357	15.533681726846297	0.031139637703913
2459402.5497984	15.739176601275611	0.0327738621767446
2459403.5427954	15.92055523729094	99.99
2459403.5589245	15.913316672877704	0.0360417484275817
2459405.5312489	15.677975256729887	0.0308142307379598
2459405.5543359	15.395059061549151	0.0338448739246928
2459408.5171145	15.66730226363773	0.0319410724363588
2459408.5223755	15.59158549526421	0.0329157534783229
2459409.509659	15.993382431453616	0.0432777827031204
2459409.5505062	16.156255386640733	0.0542370734516424
2459413.4885068	15.888595179326083	0.0594797645436512
2459414.5416062	15.46257593268984	0.0636110231771326
2459416.4704252	15.918400650129476	0.0719723866656425
2459417.5052355	15.423104355535868	0.0598311055524199
2459418.5240318	16.1222993091238	0.135144448741635
2459419.4831435	16.24284843316971	0.1409371723800907
2459420.4831464	15.437819388266794	0.0639002426373146
2459420.5134513	15.446395956388535	0.0881279907598769
2459422.4863064	15.867079056314106	0.0375929980365224
2459423.4766431	15.433148171207868	0.0309010769052846
2459424.480993	16.28635117016008	0.077896355097051
2459426.2189092	16.218760915735224	0.0683968494837544
2459426.4904097	15.531429130259848	0.0329467630979971
2459427.4706246	16.10842630737377	0.0690234642063293
2459427.4931891	16.075473415641127	0.0577516255004912
2459429.4673178	15.669900702989846	0.0475361910840824
2459429.4827831	15.612834993187342	0.0301857958438018
2459431.4645634	16.21105658305155	0.0769789705110991
2459431.4832482	16.073842904766202	0.053026261821325
2459432.4870711	15.705813461403796	0.0415635856055849
2459433.2100041	16.395151836029495	0.1926752936776664
2459433.4810129	16.04457794712959	0.0524543696237351
2459434.4729308	16.16004942779807	0.0708595880587806
2459436.4779566	16.473171732618365	0.1014615080203461
2459437.2179796	15.57567615933673	0.0404790630016225
2459529.0103849	15.449609340744823	0.0541032316330416
2459536.0041379	16.12929986002232	0.0901755188175195
2459539.1128266	15.400222207102264	0.0624237621009141
2459543.1012837	16.096973467316072	0.0797372615412224
2459544.1352464	16.147492415573616	0.0794190227140383
2459551.8504864	16.182998863738618	0.148345092412871
2459556.9952118	15.395730817206626	0.0248504384589158
2459558.8310756	15.92055523729094	99.99
2459558.8549616	15.802129299637716	0.0924722747775769
2459559.8276362	16.095453381208536	0.0616118166485112
2459562.8172	16.215083828618187	0.0676399841619534
2459563.8331807	16.0125078163406	0.0451680177872185
2459564.950353	15.991883317725062	0.064873955732032
2459569.9192434	15.998018497055034	0.0841161939896308
2459569.9624827	16.09955452628895	0.082161535002887
2459572.8934217	16.354437361661542	0.0886386117095485
2459577.8532132	15.336313439796802	0.0396260465897696
2459578.0052481	16.037671102433865	0.0613509237242325
2459580.5393445	16.147705188524316	0.0641510947620553
2459580.9734861	15.792623957932356	0.0226413146063031
2459581.7748667	15.943213207718648	0.0343070099090213
2459583.8230677	15.429183846293675	0.0292694058449738
2459584.7986212	16.07461265455821	0.0432793825755973
2459584.8924419	16.044638332450983	0.0450378833793414
2459584.9765791	15.355553254424056	0.0210028257104612
2459586.5470513	16.107847047030642	0.0546843269607821
2459587.0108238	15.968298831583263	0.0331421379970486
2459589.0172141	16.03308283487287	0.0285862319333926
2459590.5808908	15.98486406851016	0.0489523360583782
2459591.994663	16.246715175557917	0.0596661037919516
2459592.525684	16.24553098443525	0.0667266386842899
2459593.5921857	16.104647036431103	0.050754613748679
2459593.9847257	15.51058985683396	0.0238885722062745
2459594.9847077	16.133886533651282	0.0980906500628222
2459595.8888319	15.882442828882136	0.065824738636248
2459598.1663871	15.511708522430204	0.0421345929384629
2459598.9988077	16.243399293954877	0.113364694488191
2459600.9752375	16.249490623722888	0.1029669889619152
2459604.9509014	16.25984237635345	0.0657558608812444
2459607.0180755	15.502553425632453	0.0170947974766603
2459609.0413922	15.953241891645655	0.0143598002962815
2459609.4811168	15.517882291635782	0.0303497574611243
2459610.8622062	15.989192975038332	0.0465734803453438
2459611.7246217	16.164035948676418	0.0464345255138587
2459613.0924012	15.600953355893408	0.0183874978502064
2459613.7100772	15.69975552618575	0.0415598361236008
2459614.0521415	16.077338893299284	0.0256874755481404
2459614.7143594	16.20912306635079	0.0756627829536461
2459616.4834543	16.002390412528207	0.0370445357835247
2459618.5145046	15.909130468788288	0.0305308008124137
2459618.6839244	16.12024593832307	0.0510010486003539
2459619.530773	15.454641525764131	0.0232964265701188
2459619.9814313	16.054707645974922	0.0315561949237938
2459620.7683461	15.35408591706487	0.0300585780458028
2459621.0205969	16.02520429124607	0.0235898007017065
2459621.5357906	15.839368183137024	0.0330284375380494
2459622.4462661	16.4963549743415	0.1124250664676787
2459622.5596462	15.522068688856296	0.031675143686571
2459623.9806345	15.9663458998923	0.0377864167942147
2459631.8456905	15.993003540859773	0.0671889755287465
2459632.5073958	15.967049022729238	0.0478665765779447
2459632.8153435	15.749752292498409	0.0434037885861745
2459633.4565725	15.920133825210195	0.0543212578924112
2459633.8619122	15.270448769011988	0.0775825549056498
2459634.6271308	15.906676695714012	0.0462073221196172
2459634.6432743	15.938692829644852	0.0617095266761206
2459634.6460695	15.7854353237493	0.0268794878997886
2459634.6473665	15.823682862521832	0.033335041065407
2459635.4734984	16.18756440106268	0.0759914085127547
2459635.4772892	16.079129126793447	0.0771508231052076
2459637.0377186	15.907181969445208	0.0156029816714657
2459637.1025087	16.07252076442866	0.0189909844488722
2459638.3911763	16.350378031884972	0.0670792557545329
2459638.8791271	15.995683688463169	0.0188297612223194
2459638.9100243	16.154595408973414	0.0293856066506352
2459639.5312457	16.120540533358763	0.0475001967373864
2459640.6096014	16.123845716580206	0.0480707188696878
2459640.8792534	16.100703560974083	0.0412151959122112
2459642.3960593	16.0212689288835	0.0397222397667877
2459642.8121705	15.329767147387674	0.0268372413569819
2459643.8795806	16.203139372307287	0.0384427937845722
2459644.3712731	16.11078519209251	0.0448636446390473
2459646.8407614	16.13098994541694	0.0718436354573911
2459647.4130995	16.11125917201846	0.0453818149656924
2459647.9527076	16.138721127970367	0.0372283927351463
2459648.5185123	16.198208434655236	0.0414477385693781
2459648.8211847	15.545167796943588	0.0266463598214811
2459650.0093656	15.559004578549589	0.0164021639506853
2459650.8078782	16.27645268909773	0.089668906760232
2459651.7814821	15.491292371415122	0.0247541643313419
2459652.023241	16.13338285216396	0.0422989347886002
2459653.7060755	15.930168651439882	0.0494107015626485
2459653.7977034	15.291363111691917	0.1114435706595387
2459654.7440306	15.39294661223266	0.0392881457988258
2459655.3748132	15.521172972306198	0.0801399958626647
2459655.5533352	15.911424815461524	0.1392319258580163
2459659.6171463	15.630962449728065	0.0639824355781969
2459659.6367122	15.787850672515791	0.0711402275530853
2459660.5708783	16.492643876145557	0.1245331579276735
2459662.7921822	16.133204058878178	0.0526283752110648
2459662.9196003	16.27222621028595	0.0684931847341504
2459663.7141071	15.575128445418212	0.0308187687878454
2459663.8208594	15.888741142211812	0.0310030907030006
2459664.0556325	16.049314123744434	0.0452456046509742
2459665.038355	15.923888263508756	0.0433855864925139
2459665.8668584	16.05397341725904	0.0269472216626354
2459666.7822247	15.779639423648105	0.0171623574409616
2459667.3034136	15.579408215823603	0.0413843009558992
2459667.8391227	15.41616304234279	0.026107557273941
2459668.7818805	16.06774804831454	0.0400446362324884
2459669.7911047	15.871274313354684	0.0341980866256255
2459670.9509575	15.84089497070908	0.0158994434424546
2459672.7599211	15.914089979903476	0.018365369568632
2459673.378068	15.84152462814546	0.0335317499376923
2459673.7497038	15.720052320331911	0.026402314924478
2459674.7338966	16.101088938641986	0.0273293428870336
2459676.8955483	15.80056644770978	0.030103909592837
2459677.3080377	15.740103719553248	0.0264328658126876
2459677.7704863	15.98674842981952	0.0293371396292798
2459677.8092987	16.031866685072988	0.0334891918500669
2459678.2995989	16.112579194712126	0.072177554995487
2459678.7804121	16.129170157785726	0.0407762783981717
2459679.2748483	15.648369662329811	0.0407774706990101
2459679.7551468	15.336621600254537	0.024387533278848
2459680.5238872	15.909020814876092	0.0405804187031469
2459680.7426118	16.132082591619422	0.0548628181291034
2459680.9224013	15.588802969573765	0.0294251374901547
2459682.4718847	15.88899342083046	99.999
2459682.4932742	16.08255337470914	0.1084192312567122
2459682.8043253	15.499831862820107	0.0514109911414367
2459687.2450709	15.488234674091077	99.999
2459687.6225714	15.761463074453816	0.0743076805030944
2459688.3501366	15.693405319845548	0.1400511715303938
2459688.8055619	15.918727732792007	0.1675090936845391
2459688.8549909	15.643638706368243	0.0801179126292489
2459689.2397336	15.876797011754856	0.0327912491402045
2459690.2426028	16.059675884135338	0.0517472813507781
2459690.5608095	15.644525793337984	0.0228599403055722
2459690.8188127	16.138508915022637	0.0309269869601004
2459690.8398285	16.035714603739123	0.06134201454581
2459691.5786625	16.106844672053764	0.0341075841520369
2459691.7104215	15.494892344878773	0.0361675555724143
2459692.755711	16.309372710545922	0.0627035120832464
2459692.7746221	16.253459500895712	0.0776959065664087
2459694.4953847	16.007958196733597	0.0318337326846506
2459695.2244723	15.714893633178566	0.0301208091494708
2459695.8419481	15.379140838630908	0.0257982751919293
2459697.6456659	15.36139201182233	0.0259282299207247
2459697.848718	15.913397440466726	0.0343297591302248
2459698.6603908	15.942803316341838	0.023088069537656
2459698.8286152	15.418772915109354	0.0251912971424461
2459700.7154041	15.752837485145044	0.0218840462780599
2459701.2673288	15.604220063728466	0.0306697720545524
2459702.7231653	16.16917572084588	0.0354344401741823
2459703.7179034	15.754479557190155	0.0304693673123815
2459704.6968117	16.169049806206964	0.0480715037918061
2459705.6274706	16.082064864795118	0.0915981334056611
2459705.681975	16.03543814401735	0.0466450451670555
2459706.7218286	15.80851885576732	0.0397157140459566
2459706.7951591	15.903467490819205	0.0336644073959243
2459708.740352	16.118553523137468	0.0528639369623561
2459708.7416038	16.192023659653746	0.0779029751393636
2459708.7429041	16.430587748675418	0.1210959083382143
2459708.8110514	16.054667918397584	0.0699592977924649
2459709.727713	15.904086064733852	0.0457357814130689
2459709.7357789	15.895564392082564	0.0696020938142342
2459709.7370501	15.926055532631466	0.1086684344823584
2459709.7383477	16.03175660583323	0.1379853179932072
2459709.7436436	15.790381510272043	0.035154807754903
2459714.6406318	16.256070469039127	0.1247006945116258
2459714.7693931	15.978993673522094	0.0929029976158471
2459716.6031258	16.04279382897691	0.0700564195962241
2459716.621524	16.397496295847706	0.1252956460692461
2459717.6428618	16.111936806380662	0.0706876302000845
2459718.7782152	16.231187008609687	0.1095458181977721
2459718.7808242	16.07390856058814	0.1328463532715948
2459719.7913392	15.778585149311056	0.0602765963411031
2459720.756484	16.172239468752704	0.0381399185254454
2459721.2454248	16.176657377253804	0.0377236958107804
2459721.6487481	15.884150931056569	0.0186937944671716
2459721.6608279	15.922379331006976	0.0373286361780887
2459721.7877186	16.197349275210797	0.0476547814229433
2459722.6038321	16.175079547868354	0.0520357539202558
2459722.6524233	15.558887745843874	0.0328156761564063
2459724.2840913	16.01271987119643	0.0513807012661417
2459724.6850611	15.855189820574802	0.0530365778284043
2459725.6798567	15.34393766271258	0.0248059156060997
2459726.7506731	16.249716456712598	0.0508395274372178
2459726.7618719	16.209090581700842	0.0503069047209296
2459726.763112	16.183946054596095	0.0582016502108337
2459729.7344741	16.174377421562586	0.0428775877942538
2459731.4031392	16.085147566455067	0.0323136904788174
2459731.7221142	15.74424380156427	0.0372626623151913
2459733.7347266	16.07102685092159	0.0333249658683613
2459734.6800811	15.569354419736715	0.0265634220898279
2459736.7493813	16.066635644931054	0.0577537020363819
2459736.765187	16.196133446152654	0.0357806509641651
2459737.619474	15.5242152299292	0.033542051263368
2459737.6317685	15.592938619515907	0.0387739731952482
2459741.4774332	15.987888698249035	0.0784452767424427
2459742.4543616	15.670226569839487	0.0412467343896749
2459742.5894665	16.345721423816734	0.1178899506387139
2459742.613115	16.261480917032983	0.117480012377493
2459742.615611	15.780901817536796	0.1210363927531932
2459743.6428342	16.10793323899302	0.1429759409795132
2459746.6953665	16.051889009090583	0.0943495707645687
2459747.6180967	16.122342475418037	0.1008294537917167
2459747.625001	16.075159394450395	0.0856825334525212
2459749.6808974	15.970145560330746	0.0315248484390288
2459749.7114052	15.928100702472044	0.0319261734839893
2459749.7126572	15.890692640693402	0.0411307268085086
2459751.4963221	15.951690770618669	0.0286733761722393
2459753.6989943	15.353118079264268	0.025637568094539
2459754.6780761	16.233567797765577	0.0516171443246507
2459756.6134053	15.83130956519838	0.0786048819921581
2459756.6978153	15.429736010355716	0.0276571321726686
2459758.3185765	16.003480830725948	0.0558577185547865
2459758.6925686	16.099229841593353	0.0473932384310832
2459758.6938087	16.15381467218001	0.0591153401863814
2459759.2418831	15.956821132309893	0.0454149728008024
2459759.5192814	16.30490090325333	0.0502036441630768
2459761.2388421	16.174743644840003	0.0570549297910803
2459761.5234207	15.68514887226526	0.0342828394922683
2459762.205009	15.87585369914118	0.0575007921937177
2459762.453174	16.081385796179074	0.0378851480320946
2459763.4574238	15.940614133009069	0.0364741495289108
2459763.6517165	16.172039571666676	0.0459913029500408
2459764.4879806	15.734724919504064	0.0323063260940682
2459769.5220853	16.204231771168892	0.0787225498838438
2459769.5535723	15.967054128106346	0.0874323966147883
2459769.6318081	16.2630677309594	0.1721906503777472
2459772.5563101	16.10946289815179	0.0967253261165991
2459773.4943542	15.77198577636491	0.0727787254719589
2459777.6370473	15.704729415311768	0.0285066284421772
2459779.6287168	15.893226144334967	0.0592629378881728
2459781.2549114	15.823628946814292	0.0520154613022773
2459782.5009738	15.998079615376533	0.0487688194534841
2459783.5013778	15.438582547253286	0.0495918456879826
2459784.492105	15.926813779190429	0.0388080772140869
2459784.5016339	16.233590002985714	0.0443750734553903
2459784.5092386	16.065386610320427	0.040988606168557
2459786.4759187	15.341059983683271	0.0290822211243905
2459786.5081705	15.357502885639729	0.0278536716696812
2459787.4911586	16.154252002746794	0.0535330326930559
2459787.5139683	16.149531074780096	0.0445715186860796
2459788.4878534	15.972137530035706	0.0417847575802034
2459788.5075121	15.92589624339512	0.0333204540072285
2459788.5200138	15.992730389209996	0.0447210383273005
2459790.4807873	16.06731236935111	0.0521351806519494
2459791.5081287	16.01645291209991	0.0401967679569722
2459791.5093931	15.965661880063934	0.0398819108831019
2459797.2270662	15.493362990064906	0.0602429924754203
2459798.2086311	15.934445397332995	0.123417705137001
2459800.5055399	15.743965585325324	0.0754122927689423
2459800.5081366	15.583993029165253	0.1034736593860546
2459802.4743583	15.524922660542387	0.080116955710229
2459894.1405785	16.444148301091136	99.999
2459894.1418431	16.146769974791628	99.999
2459907.1025513	16.05911531967975	0.0428302040385673
2459910.1498187	16.05742553921347	0.0493376360721855
2459914.8551966	16.001080943571345	0.1270750587926034
2459914.8564805	16.050831518127705	0.2099874719273956
2459926.958002	16.09654596919445	0.0839660996780755
2459926.9604709	15.882630028254418	0.1228840140959152
2459928.9532132	15.344782918960457	0.0368789639735014
2459928.9544535	15.31101090095584	0.0482580923925297
2459932.9653871	16.121699160428456	0.0459300396969084
2459933.9504001	15.96679701734411	0.0230772303415297
2459934.8042378	16.354477071832015	0.0899304250437303
2459934.8068293	16.27454733525112	0.1441897569517805
2459936.8473477	15.798838566874087	0.0341677769122426
2459936.8485879	15.765453080988214	0.0352959756029789
2459941.5477472	15.542804447448198	0.0626476866861997
2459944.5340714	15.589362305091203	0.040778172496047
2459947.5484032	15.782441796608108	0.0457695805110985
2459948.7863413	15.825007018848297	0.0600922271970016
2459952.5245594	16.183224532340986	0.1869162629564625
2459953.526217	15.656785957966806	0.1071165121567869
2459960.8714451	16.142478797541806	0.089917094694277
2459962.7998029	16.07129624993682	0.0507203843998546
2459963.7558423	16.047328330764042	0.0340913961930851
2459963.9982451	16.126823647489523	0.0347010250147848
2459963.9995008	16.15902123108901	0.0519496681569624
2459964.6040494	16.150501341259723	0.0450362228605596
2459964.9948146	16.125908050084348	0.0308045227438948
2459965.9706881	15.612568050150566	0.0208358025004695
2459966.7592743	16.05469945212051	0.0308846095403183
2459966.9640327	15.601287250024164	0.0192038638635756
2459967.0321011	15.403572502740984	0.0223092272051246
2459967.0603752	15.356411788208828	0.0295646876296332
2459969.4680065	15.407635183697105	0.0252170811578617
2459970.4941582	16.037791010902513	0.0305504959485982
2459970.4966389	15.95060489825908	0.0417873502744203
2459970.5322569	16.131893979058294	0.0427983024710945
2459970.5334944	16.160751307485825	0.0660911349856023
2459971.6987935	16.00886542531697	0.0423702732686412
2459971.7965435	15.59869117232523	0.0308888759792553
2459972.9050572	16.34648993711441	0.0872338751931257
2459977.7204673	16.136923527707545	0.0695745083603858
2459979.7785155	15.355396535019809	0.1478434078638096
2459979.8012287	15.89270486880179	0.0783683879313782
2459980.90996	15.655104085450136	0.1043410865947997
2459981.7986849	16.153247720894047	0.158947761138171
2459987.5275974	15.811443877039617	0.0443539584900261
2459989.7911114	15.560299647132943	0.0337605397679605
2459992.7515181	15.563338769255752	0.0263874789064479
2459994.7892925	16.07362623551101	0.0319047500293925
2459994.8444636	16.19452743168848	0.0481355577360673
2459996.7555209	16.166690957326583	0.0431846501355034
2459997.7194277	15.97708680109518	0.0317333601059553
2459998.7714508	15.855355101008136	0.0224529000926972
2460000.0086955	15.66212764351077	0.030440120782848
2460001.652682	15.3432550228543	0.0254140583229018
2460001.6552554	15.295790115610988	0.0347918553716522
2460002.7685543	15.911785739184358	0.0272944061853559
2460004.6357866	15.51701149495031	0.0297226887919937
2460005.9499671	15.795773002696858	0.0269522431208045
2460007.7433702	15.58197356683551	0.0936657151140294
2460008.7366846	15.39497172347238	0.0442613127623645
2460008.7784433	15.285274550676515	0.0412386205939835
2460009.7852879	16.026322461992084	0.100712177434222
2460014.7304197	15.512037629746816	0.0674424944815707
2460015.6102985	16.09402332264345	0.0869249606929606
2460015.614054	16.1316025629798	0.1092738663448119
2460016.4801945	15.980228264135228	0.0440321179699568
2460016.7303098	15.927062245769577	0.0523394205193276
2460017.437949	16.074290963186673	0.0522963791501169
2460017.6524514	16.471128848857038	0.0870875241602566
2460017.8317499	15.76105839474197	0.0367760085314281
2460019.6027745	15.594665380618514	0.0276214775781437
2460019.8341908	16.123689575422713	0.0568678401595592
2460019.83542	16.06337265096899	0.0552884221103996
2460020.3937792	16.080369275124145	0.0429263913198219
2460020.3964453	16.086258696511404	0.0846803103647618
2460020.6168855	16.17980664382005	0.0535297524328829
2460020.6181288	16.122368243751456	0.0918813178741015
2460020.8743873	15.880578832201746	0.0345691939653358
2460021.6558728	16.03327834268415	0.0369438996465217
2460021.7462803	16.040916117028004	0.0380008372481131
2460022.6802297	15.949533525028844	0.0270737085848787
2460023.0471961	15.690585926588444	0.0252135533705593
2460024.8384862	15.714182367368096	0.0351328231896008
2460026.6040667	16.02609144671181	0.0378089193106756
2460026.6996531	15.35697478516276	0.0269565373517643
2460027.6556218	16.14446409195622	0.036309932537508
2460027.6822645	16.054816757414326	0.0326504690860939
2460030.8572683	15.466464710159809	0.0519024271870739
2460033.5634074	16.069465992528073	0.0475581894729818
2460033.5646941	16.027915668319658	0.0652116473675491
2460034.6853171	15.992460559573727	0.0453344965202208
2460034.9246547	16.178825804754766	0.0578911340155946
2460035.9026378	16.385449300607153	0.1833504199978068
2460036.7829829	15.633017578706372	0.0752827521472625
2460041.8476257	16.55122426037223	99.999
2460043.7615309	16.191473504404055	0.080862962792832
2460043.8124552	16.268208340652922	0.0640697941455894
2460044.7522649	15.787318899729335	0.0578385064909525
2460045.7217399	15.63920124495687	0.03543664926819
2460045.7682655	15.28166149911356	0.0317620972526715
2460045.8821121	15.810612339551833	0.0519597717054242
2460046.7362	16.134704292352748	0.0545320296873223
2460046.8606125	16.16989852679457	0.0597718554317217
2460047.7631793	15.896120771788487	0.0471687140051698
2460048.8001488	15.58695317717525	0.0244634390676612
2460049.7763899	16.09058452670237	0.0483103613946832
2460049.805814	16.173458560190202	0.056619929354017
2460050.8331374	16.06153545571761	0.0276838081931555
2460051.7787335	15.56914375060619	0.0266650663356018
2460051.7813197	15.560226353708227	0.0502829408462654
2460051.7945751	15.614723175140083	0.0188975336900283
2460052.7089337	16.111882455914532	0.040008719782027
2460052.7240256	16.13148635557906	0.0453629888628179
2460055.6943531	16.131874536534692	0.0413094908143916
2460056.7960939	16.141987017731484	0.0309371783611035
2460056.8613836	16.0209058796713	0.0440979517175193
2460057.750431	15.634889846657323	0.0230049794833016
2460058.5961216	16.044328970146054	0.0294751580169109
2460058.7261995	15.94907015551151	0.0332113281528936
2460058.8036933	15.796548608630651	0.023300988491734
2460059.7645508	16.052035651463687	0.0401736470077495
2460059.7814651	16.119008680420674	0.0495902553840609
2460060.7500998	15.798110880105478	0.016250303419624
2460062.5504453	15.717022812559962	0.0263640006576425
2460063.8575256	15.893050626538267	0.0528119036671703
2460064.7108811	16.105598014154957	0.0682555139525045
2460065.7626281	16.373871461379522	0.16285295640778
2460069.7246991	15.752254348295436	0.0973767688757276
2460072.434186	16.003830406723903	0.0986418481284771
2460072.8210792	15.882079922770046	0.0988480010560896
2460074.6368051	15.934396117158515	0.0469077313332139
2460074.8932056	15.960936049955563	0.0300821657186551
2460074.9123575	15.68113253923313	0.0280440461534919
2460075.4305762	16.183132010345833	0.1743489957981024
2460075.4550482	16.376561343566888	0.1506468107610165
2460076.5126629	16.081641602406084	0.0470710786377802
2460076.8179849	15.828646467727015	0.0335073063786356
2460076.8825314	15.736119138791322	0.022703094004305
2460077.7567	16.15468073385714	0.0290253299569265
2460077.8831486	15.785252437641027	0.0196489346752771
2460078.8914682	16.195146223633085	0.0339768380309487
2460079.7536024	15.430908296987376	0.020743972149393
2460079.8758205	15.764023340820836	0.0232783133120093
2460080.426124	15.734983217141696	0.0302360729089981
2460080.5189005	15.818477973227033	0.0308326626579795
2460080.587209	16.070659918541526	0.0381217538420148
2460080.7500831	16.094450626945353	0.0326596600602889
2460080.876321	15.681154850410271	0.0225248216239312
2460081.4292938	16.122209259088713	0.0375989211398633
2460081.754602	15.919840903376237	0.0315994802647238
2460082.4439806	16.146103086173078	0.0378071203260703
2460082.5789258	16.26232039429174	0.052711249169926
2460082.8695465	15.836973876301125	0.0196154815621281
2460083.4914237	15.96765076110795	0.05301896142236
2460085.8334996	16.053064350975326	0.0572334794479365
2460086.7825375	16.25212665069846	0.0523300919381976
2460087.7895559	16.234781271062214	0.0556154901147583
2460088.2615706	15.9333475617492	0.0317942888326911
2460088.7800413	15.626290276202967	0.0319588315441981
2460088.8526873	15.830598173558515	0.0165582585159608
2460089.2661153	15.398351702641746	0.0439358342501791
2460089.7799346	16.220797248841762	0.0458821787777637
2460089.806869	15.78927931586162	0.0208857981638872
2460090.7648853	16.212134590487317	0.0748638846602402
2460090.7920091	16.18166723146502	0.0511133100418396
2460091.7962045	15.856672147208316	0.024754841565278
2460096.8459763	16.00324320813752	0.1386816380456853
2460097.7084691	15.292850550009728	0.1967585079892566
2460098.724362	16.104673235722018	0.1579800791729033
2460100.6473088	15.324671410374808	0.0717741261300175
2460100.8141708	16.164256749505462	0.0712651662130642
2460100.8179653	15.764637494650003	0.0692249373849403
2460101.6362359	15.915059936652998	0.1218465836286368
2460101.7444134	15.647138330421154	0.0835512947513863
2460102.3703093	15.309724284948516	0.0378388042797655
2460102.7841478	16.18206076749644	0.0424620562657434
2460102.8108394	16.042742551069022	0.0280473106405825
2460103.6324182	15.71776152868903	0.0522953003238295
2460103.6337163	15.378978912346986	0.0378403855528413
2460103.7843405	16.030021384632366	0.0246893059610978
2460103.8110891	15.980259090609508	0.027572202094194
2460104.7808188	15.389561323874776	0.0196815094583718
2460104.8076684	15.49945153792146	0.0181835602515693
2460105.7735189	16.14673904550005	0.0304450111871455
2460105.8053305	16.141455942977625	0.0301001962167788
2460106.7742897	15.987857868968138	0.0253077916128758
2460107.6358156	16.00707230186263	0.039485881897754
2460108.5641003	15.948794689093706	0.036967728337812
2460108.6357729	16.30620914678507	0.0629913910987114
2460109.5987604	15.60488947502652	0.0214316970131307
2460109.7022986	15.935043767258122	0.0354595340020398
2460110.6130583	16.19058442503238	0.0485545825279132
2460111.696445	16.265300869632515	0.0659099229163353
2460112.8140516	16.182237946099246	0.0365587306304505
2460113.5943443	16.342391791687138	0.066199606110724
2460114.5365367	15.994288902309146	0.0229029399906322
2460115.7835555	16.1177905814684	0.033472355790795
2460118.7507081	16.12863972204444	0.0705034210298801
2460125.7854622	15.855480288907383	0.0748651306180482
2460128.3111344	16.049500316902787	0.1050417210802425
2460128.5738698	15.489435086887667	0.090974988828919
2460130.6833164	15.797222853111275	0.0777974723840351
2460131.2273496	15.916198584829422	0.022311747011788
2460131.7579806	15.872928411561425	0.0328932006997578
2460134.5193836	15.517115024447524	0.0749884605646767
2460136.5490724	15.932230438949151	0.0380008555326173
2460136.5679226	15.78366933794625	0.0436505225763814
2460139.5348678	15.9765548314419	0.0510776256321393
2460141.494977	16.024904174980755	0.0458050687506492
2460142.5158472	15.89406584476241	0.0397318523869681
2460143.224302	16.17937736521856	0.0396568096587957
2460153.4841412	15.892759597713768	0.1023362083278688
2460155.4768918	15.475860421453406	0.0587625223922034
2460155.4997854	15.619136953307608	0.0557044077084996
2460157.4786341	16.001537124404596	0.133384592726674
2460157.4907472	15.782146950584869	0.1207245152818424
2460158.4754806	15.456731014577972	0.0804696048798432
2460158.4892787	15.456467614557727	0.0811263084654755
2460159.4673322	16.114119455391887	0.0604598774837
2460159.4860662	16.34478337084926	0.1134500562883142
2460165.2243016	15.998642440684243	0.0427977308543508
2460171.2484634	16.136903011881433	0.0538096030292725
2460256.0076628	16.027605351320517	0.0948514145263097
2460269.0058529	15.825965468982302	0.0983741534267223
2460273.1020237	15.91850009602522	0.0344702857989067
2460277.1180107	15.65764656602726	0.0706904107011464
2460283.024815	15.375737479863258	0.0433487072973174
2460288.0639153	16.14899153098602	0.0390120894670789
2460292.066756	15.864742860980709	0.0300514719530253
2460294.9758318	15.524151458631632	0.0210269381049745
2460295.588221	15.637266366157853	0.0430525251096793
2460297.0120572	16.032396676122282	0.0291254456965457
2460298.9199581	16.21487898740427	0.0429963685777795
2460299.5952695	15.837639493016905	0.0720652771327647
2460300.5710337	16.121764392897465	0.0431291163088444
2460300.9398764	15.522708445439468	0.0245670795174451
2460301.9247239	16.136979978654374	0.0634877217899765
2460304.0125182	15.834591760284027	0.0840218681866894
2460305.7973324	15.711841640418204	0.1621723223857473
2460306.0784359	15.966868677255912	0.0973550546840041
2460314.982844	16.105266613909194	0.0331904566956463
2460315.5494619	16.308050411208626	0.0758070567881437
2460316.5127716	15.78015893936012	0.0426053725906104
2460317.980355	16.046438816938533	0.0274323948350308
2460320.9784472	16.060663472317277	0.0335177844167976
2460330.8288608	15.821995018775548	0.0249059971271593
2460333.9637552	15.963657978690936	99.999
2460335.9452925	15.192124878209432	99.999
2460336.0344112	16.06154735907348	99.999
2460344.8294444	16.0652403568975	0.0380908132858359
2460345.8256519	16.213423542525888	0.0424990804875359
2460346.822267	15.424434894811302	0.0217187666739604
2460348.8919127	16.106240840749148	0.0275145633508253
2460353.8871472	15.607470987003438	0.0217338842618433
2460354.8839583	16.131814073325284	0.0335319092463137
2460357.7604224	16.04532660443948	0.0548942595135969
2460359.7539969	16.126868556313887	0.0575716686300456
2460360.903245	16.429122147703378	0.092727124308583
2460361.88676	15.781513091120855	0.0753872156372962
2460362.8293761	15.590531837105583	0.1684211406407781
2460363.4398786	15.511488003103288	0.0619225418232991
2460364.0100923	15.66863972944744	0.0628096928286038
2460364.908896	16.216946774691145	0.1010197596917621
2460369.7841266	16.20874253155463	0.0887932905771025
2460370.8651572	15.66946010936679	0.0667358413783332
2460371.4839884	15.994048203742176	0.0583831879642067
2460371.5810862	16.23471784478044	0.0577090671263865
2460371.9894332	16.045676707605864	0.0378362473211685
2460372.4907391	15.681816377190788	0.0400310928851024
2460373.7845527	15.900025945943325	0.0386163878067236
2460375.5939559	16.064401931271156	0.0363997022802059
2460377.488949	16.15188800727038	0.0525442953131335
2460377.5778321	16.02793644950603	0.0327769916245541
2460377.9368657	15.872598719871004	0.0293490979268045
2460378.505026	15.816994889097584	0.0282989398312539
2460379.5064513	15.676727929192229	0.023268132288145
2460379.5522501	15.325638970688154	0.0232007641883557
2460380.471391	16.162851832630057	0.0336754903920732
2460380.5374313	16.048807501175105	0.0374142815787379
2460380.9264008	15.915837079989704	0.0225331186690981
2460381.5018795	15.871365136875388	0.0259030611864026
2460381.5537414	15.929038246830096	0.0295532670655222
2460382.9344975	16.10543626975879	0.0246766339822168
2460384.4957994	15.876408279923536	0.0224955795890419
2460386.3880447	16.151889688041507	0.0438673184795709
2460386.4441589	16.05054027378779	0.032738244615374
2460386.8281481	15.853319749437864	0.0333073306502267
2460387.8208659	16.356977424806768	0.0702360294476844
2460388.3790785	15.766459664445389	0.0483663771403996
2460388.8401902	16.13233178617999	0.0641187090096298
2460390.5412804	16.085912506126714	0.0442817236711875
2460397.8211418	15.99361577192754	0.0703794308075743
2460398.840245	15.897497589312394	0.0317902256138994
2460399.3840445	15.949120429759134	0.0898489159714631
2460400.0146036	15.949625764355568	0.046659612759326
2460400.9922604	15.417937649340969	0.02796630317454
2460401.9998794	16.18436677973781	0.0422505163941015
2460402.4760248	16.198609284904645	0.0620097029166241
2460402.5583337	15.80006392895864	0.0574520462815729
2460402.7271539	16.192910607497822	0.0459604559323491
2460402.7349759	16.03139833828908	0.0381076421872036
2460402.9130823	15.739781064301749	0.0199997775229229
2460403.5074146	15.567518852168048	0.0329369794810812
2460403.5671189	15.76380955219822	0.0482947296447962
2460404.4872166	16.25089898642901	0.0435524199351018
2460404.550709	15.610314421855396	0.0324167038001876
2460405.4685999	15.995693134869017	0.0377381270369947
2460405.5395536	16.09879333622264	0.0457321642003054
2460405.898608	15.72657192977216	0.0192749100753177
2460407.855045	16.06189607345974	0.0289110863294245
2460408.8637188	15.744076209151832	0.0218222447021209
2460409.5779106	16.00243303905808	0.0284338665081171
2460409.8374436	16.233570836832435	0.0372679386420422
2460410.8343708	16.020758334757627	0.02843854496872
2460412.4104547	15.627442059708498	0.0251147456175464
2460412.481836	15.73580205770156	0.0280606006194378
2460413.4390732	16.06600321296614	0.0392180462394965
2460414.3781369	16.203395345486417	0.037271063941723
2460414.4082167	16.00772848696962	0.0319321413828174
2460416.8939645	16.195393218511164	0.0508853534405953
2460417.3476371	15.967927916290437	0.0441804900007892
2460417.3984812	15.957106110880767	0.0499723645494468
2460417.7405775	15.451554080602142	0.0257572549737446
2460417.9492093	16.057461280198034	0.0460328703579632
2460418.3450207	15.60088115485578	0.0358537989619234
2460418.830494	15.793901198293812	0.0457157413497661
2460419.5991385	15.69683996356239	0.0586733512793434
2460425.5324154	15.575634669244124	0.0600367395702976
2460426.7549484	15.651289339301806	0.0196221932283483
2460427.5086973	16.00982239169098	0.0523602138644291
2460428.539946	15.649672791430149	0.0272407439681706
2460428.6395332	15.848602569351431	0.0470115681140303
2460429.3140053	16.007238531887342	0.0402596859284804
2460431.8784262	16.152016338824758	0.0293549225607896
2460432.7064839	15.579984551253212	0.0339481112623801
2460432.7267942	15.700010645334388	0.0285197155717214
2460433.7905598	15.37082281425221	0.0235918628812181
2460434.5002291	15.750049249835085	0.0230626811168649
2460435.5130865	16.202569085166182	0.0425273531315325
2460436.5561274	16.147687127759227	0.0366132737401427
2460437.8762673	16.292894968304125	0.0421711753810832
2460439.5136181	16.23083628178401	0.0520765150040358
2460439.5172002	16.130367711195696	0.0376799139771832
2460440.307862	15.802239030615128	0.0428040624916269
2460440.4657861	15.707839476027438	0.0363380259376993
2460440.7088595	16.18461973278916	0.0626708864827595
2460442.5046435	15.737239367962587	0.0382048344369109
2460442.6988411	15.646203151578984	0.0241381355853907
2460442.7170828	15.50702086059866	0.029577620711334
2460443.802875	16.30544633175378	0.0505047958697288
2460444.4460871	16.12175965528995	0.0470991050498677
2460456.5716513	15.856316389177472	0.0438390334536793
2460457.6127198	15.525346442799307	0.0443084758660088
2460457.6696118	15.412974393973329	0.0431430971896292
