2458104.0179411	15.28042644055841	0.0102788963118742
2458105.9844048	15.233170869486967	0.0116880336128349
2458106.9945512	14.894303924320749	0.0157092168428287
2458113.9759919	14.87486244426698	0.0162131964140466
2458115.9693935	14.941631618653156	0.0156045018436165
2458117.9397779	14.944762187821055	0.0206619637245616
2458118.9401564	14.957041557061018	0.027669868126476
2458120.933655	15.046716267984069	0.0395717453541718
2458121.9304441	15.137591595356438	0.0355656638177558
2458124.9319221	15.296542423067246	0.0232511468513653
2458132.6126463	14.697943905739251	0.0298508417038541
2458133.8510791	15.35549261877046	0.0164242510813201
2458134.8434259	15.361920615892007	0.0195016890729786
2458135.8358065	15.403908170280609	0.0200860406868021
2458136.5857607	14.86384161377448	0.0154369085993438
2458137.5695852	14.87238036227703	0.0148602244463969
2458138.8303484	15.396451494380706	0.0189286757991685
2458139.5734956	15.01129335643732	0.0136301847867183
2458139.8115975	15.427431032686483	0.0208701715565996
2458140.8075381	15.465058782461025	0.0216777969689816
2458145.8637393	14.608263958207974	0.019612515370612
2458146.8605446	14.639446951062926	0.0235405333025681
2458147.5653392	15.395322986875865	0.0164460557369155
2458147.7853665	14.824916746140566	0.0239207455039206
2458147.7865869	14.786985764118397	0.0245985921452238
2458150.8488481	14.90357554205464	0.0369038453147174
2458158.92375	15.394902711161906	0.0187554912643385
2458159.8618226	15.457341128648212	0.0203766763740101
2458159.9166765	15.394129446332103	0.0125806692074256
2458160.8426209	15.408328926603817	0.0207225728793782
2458161.8003944	15.418580966164509	0.0202194475806169
2458161.9199097	15.440030009898903	0.0152259378760312
2458162.7921971	15.351503144499697	0.0186277205945414
2458163.4949621	15.188068695887225	0.0103496635947057
2458164.6033405	14.851007747886522	0.0144825035280813
2458165.6110058	14.952601861249647	0.0134748910408281
2458165.8051655	15.356803367622998	0.0188570495952932
2458166.7366299	15.435579892429178	0.0232892293478187
2458170.7237212	15.46437526371012	0.0242228645080211
2458171.8199442	15.50179795870209	0.0232710654460179
2458173.7988019	15.497280344058538	0.0242298253601842
2458176.8651171	14.746706575239516	0.015699698256194
2458178.7141131	15.356357091288215	0.0527086988134806
2458184.8928551	15.276522040774417	0.0563858832064001
2458186.8276922	15.2391912715954	0.0170920041990906
2458187.7790894	15.13147794169804	0.0172725082656921
2458190.7954422	15.386954469280374	0.0183273760169302
2458193.8002173	15.382749628778528	0.017830974760096
2458196.7876607	15.38840418926673	0.017746354665756
2458197.5521351	14.972681461872437	0.0132487921133338
2458198.5529727	15.01835751415846	0.0130849772620401
2458199.6551142	15.425466236772042	0.0190715269645185
2458200.424395	14.522713435110028	0.0147804003078506
2458201.7195407	15.496878019383203	0.0267943026256523
2458202.6813251	15.43697089846777	0.0204494259237454
2458205.8362397	14.580211960340703	0.0162387660502813
2458206.6255718	14.939138942554573	0.0220185252663643
2458212.8601463	15.390592438290444	0.0487026724297067
2458213.8632184	15.193369443116394	0.0284691568830051
2458214.8658653	15.444363917441947	0.034237922858097
2458215.8316967	15.315932240700825	0.0220305114127809
2458216.827216	15.334126709154814	0.0211572006014857
2458219.8389752	15.458665130962553	0.0278547261341996
2458221.7206841	15.27603807482437	0.0134720482008107
2458224.7601443	15.530469011559676	0.0237615312041929
2458226.7208219	15.456648906785963	0.0265249002460808
2458228.7767338	15.413777390561618	0.0249263489381918
2458229.8301515	15.661257363362768	0.0463708256298103
2458230.6767417	15.444287774037033	0.0252700226723624
2458233.2908738	15.17003072648514	0.0225187465977051
2458240.7437814	14.586826193681045	0.0267206776586646
2458241.3504152	15.17300761769344	0.0215567160947952
2458249.7021759	15.144388485480077	0.0108765415319855
2458254.6591201	15.327223854716047	0.0150404114453473
2458256.7131544	15.455096021757855	0.0210550458727675
2458261.5713846	15.40156296050946	0.0258871807484639
2458271.6360655	15.087690381913326	0.0228116031177909
2458274.5766166	15.018327229320754	0.0149060714968181
2458276.6952198	14.976178447409213	0.0142669829987914
2458277.5978127	14.469845107412866	0.0160066947286402
2458286.6291055	15.37582836386222	0.0181767692821929
2458288.7474675	15.53976084156462	0.0229063829828186
2458289.7470304	15.453673012844774	0.0333360840132651
2458295.6422925	15.72354118118567	0.0779142588733181
2458298.5492031	15.541784444731212	0.0470689008994028
2458300.6399557	14.99895751380462	0.0322719099924355
2458303.6286335	14.347333505032267	0.0176119491937665
2458304.211235	14.961005323894778	0.0139048141443902
2458324.5568995	15.406635384357784	0.0418555437920663
2458330.2791063	15.0049560969129	0.0212972050007202
2458336.5238514	14.920613677536078	0.0150911696570389
2458339.5099301	14.27093579837913	0.0154365255154251
2458341.5070984	14.511812964542033	0.0162994872235259
2458350.4806875	15.223034054138596	0.0235877962867657
2458352.21408	15.524018685190509	0.0491657053932628
2458353.2135701	15.387426331726507	0.1159475582958951
2458354.2139908	15.011902882030869	0.0472634057878588
2458354.4706716	15.379690982921336	0.0525406392165927
2458453.0143651	15.035330369292332	0.0226049359616825
2458467.1319443	15.427772009419776	0.0160158447727363
2458469.125467	15.485609426589132	0.0186371388400693
2458470.1215487	15.515020901310796	0.0226412764853266
2458473.9806975	15.444988291336156	0.0635851841805395
2458476.1406103	14.15947277660516	0.014702520441205
2458479.0125407	15.680269425936071	0.0468343353323273
2458486.1710684	15.319527246796678	0.0303123883108728
2458487.167503	15.336003464971032	0.0172999976316746
2458487.5969062	15.137046191604917	0.017781983961524
2458489.1135173	15.310092974546594	0.0099631975548039
2458490.1167309	15.437521932126092	0.0144992719264903
2458494.1146028	15.647523986214267	0.0217239928447862
2458496.8758078	14.702767007114444	0.0799052836457085
2458497.5627505	15.551811092779417	0.0210799858090274
2458500.8605179	15.162348090208962	0.0186722337250252
2458502.8800862	15.524118362830777	0.1239669515299567
2458503.5455219	15.49754050281441	0.0494515037633084
2458504.5930444	15.55424250160883	0.0473209852291636
2458505.1086869	15.291777015003532	0.028953210243048
2458506.0098746	15.32697764406527	0.032299355558678
2458507.9901452	15.464815097736675	0.0316652607544401
2458512.5942455	14.751535966442988	0.0165400158210071
2458514.538163	14.623557340578028	0.0156341625565174
2458517.8325853	15.498722923344982	0.0247446879005876
2458519.5341132	15.084663054287484	0.012884941512437
2458520.0174947	15.040313043907748	0.0129392171222132
2458520.751542	15.52585556210806	0.0268922135736033
2458521.5174058	15.21000538824462	0.0116151690845998
2458521.9218553	14.741771043648724	0.016695082190698
2458522.5170649	15.281219608455295	0.0116632179312287
2458522.8216515	14.234787418999067	0.0154679198980558
2458524.52973	15.435294522407585	0.0144458455583915
2458525.7596123	14.656071431118267	0.0162622516986529
2458526.7490615	14.361077372510966	0.0163816480866001
2458527.7555263	14.177703053279894	0.015005850122447
2458529.835985	14.99546574340645	0.0141777320216695
2458530.7640727	14.719566366607468	0.0179873172561093
2458532.7292548	14.725011142267732	0.0278473934939592
2458533.4724317	15.420785044166266	0.0571624147297326
2458542.6472979	15.174332254415043	0.0514760151717249
2458543.639162	15.187840571606902	0.0189835907790289
2458544.627247	15.245070258267376	0.0090494871225113
2458546.7767156	15.596099949428126	0.035979129988925
2458548.8525451	15.178950367442877	0.0132886592897555
2458549.6940748	15.663689512678475	0.0300879904770161
2458550.6934017	15.57144959130933	0.0333264158043285
2458551.8407479	14.161838270922084	0.015456534961653
2458553.6762529	15.699843221070646	0.032493284119037
2458555.6705018	15.719977836003077	0.0321496175427052
2458556.6727714	15.621131173041318	0.0346798288766414
2458557.8207462	14.809271348516644	0.0180011520803608
2458558.7259961	14.249286726217589	0.0182786962230454
2458558.8870966	15.328411780608612	0.0149963023607715
2458559.3964357	15.435957438833372	0.016741883560753
2458559.6665929	15.119504569333731	0.0138342317084871
2458560.3920144	15.316752677572843	0.0512399448803226
2458560.7744977	14.8874946020338	0.0281287715268443
2458561.42421	15.47003320030838	0.0471770056716607
2458561.9221299	15.611820718954226	0.0676976046996598
2458562.7230509	14.766857520629063	0.0320966224112543
2458569.0806786	14.50977116722493	0.0128805757671217
2458570.7503505	15.558499068886904	0.037622744936032
2458571.9346248	15.573196170921968	0.0236126241783945
2458573.8755683	15.564973218928412	0.02589709407898
2458575.715082	15.781287149872604	0.0340470141944543
2458577.7961301	15.442878087538324	0.0215229699530503
2458578.731823	15.531687659978324	0.0209374080305195
2458579.9860737	15.149045497423842	0.0085413784864533
2458580.8656282	14.433442793157235	0.0162516670868142
2458581.9949628	15.230077459548117	0.0091427871568623
2458582.9719208	15.23192933830176	0.008448266956379
2458583.8029325	14.303190511949094	0.0159492078062331
2458585.7565932	14.26390414527027	0.0150184654617299
2458587.8051918	14.859808311449212	0.0158091586530419
2458588.7317103	14.425596990729758	0.0201207173247879
2458590.8304957	15.178201269070431	0.050161034446386
2458595.7541426	15.331491265972872	0.0108236519486417
2458596.8792557	15.475437581861591	0.0193366408437425
2458597.5460885	14.160034358307794	0.0171040790191842
2458598.9223281	15.586601021653069	0.039378270886757
2458599.960466	15.383363090564172	0.013882571011141
2458600.7929129	15.52484875589066	0.0321038225775723
2458601.7892174	15.523951589303184	0.0280005048168008
2458601.9062295	15.658982424032574	0.027972754992448
2458604.7629377	15.536912822743243	0.025894432535118
2458605.9047064	14.145406902546087	0.0108011436072097
2458608.5931439	15.465453837231124	0.0240104505044153
2458609.9663396	15.086513594128784	0.0086693398586193
2458611.9725896	15.238784174755107	0.008469450377213
2458613.5074426	15.340442341587304	0.012839589560729
2458613.7729953	14.962456371741345	0.0092458131897104
2458615.87364	15.095706897965457	0.0109286688966675
2458617.9255204	15.40209149728425	0.0273307982741471
2458622.3013325	15.288183488169762	0.0363703961081326
2458624.7517414	15.320886674350332	0.0536274882757731
2458625.6097694	14.586600322080711	0.0183292696006171
2458626.5980529	14.62587603173314	0.0175195255224181
2458627.6082997	14.756096830041129	0.0186727499653597
2458630.839392	15.56106212935603	0.0272957420529488
2458632.8714106	15.596601117368774	0.0197908197587605
2458634.9000523	14.130028261784291	0.0108086560737046
2458636.5122014	15.161692636731305	0.0118973451614588
2458637.5549383	15.364829698506508	0.0172665389459484
2458638.6359262	15.514646937424356	0.0252503830785821
2458640.5238108	15.521580410360038	0.0230690985904319
2458642.8707146	14.902008466901968	0.0108839220823663
2458643.7068313	15.424869025135166	0.0265798994882021
2458644.8322919	14.940034117211448	0.0153639468072888
2458650.840126	15.224254836266278	0.027108410159327
2458653.6423944	14.652483642218073	0.0231484384973403
2458654.754928	15.289552968184363	0.0483927870481515
2458657.7726729	15.497426730138129	0.0185128356764768
2458659.6740095	15.411054395431062	0.0230283005416106
2458666.799453	14.57924919585694	0.0110035568701666
2458668.5819097	15.499247297851444	0.0256601622755099
2458671.8124947	14.504593950033607	0.0117625498833278
2458679.6035592	14.73982132674494	0.0252365653205056
2458681.5842911	14.160693433253313	0.0222976868466113
2458682.5911586	14.19391080080266	0.0251530115953151
2458683.5936085	14.44069688112667	0.0222258019562363
2458684.7158188	15.273996039470434	0.0591090794002675
2458685.247667	15.353052185867105	0.0127524172347199
2458686.3185603	15.550907292780805	0.0211059764188159
2458688.6607824	15.264215371205538	0.0179046632609323
2458689.5767197	15.061723042335602	0.0152406706963335
2458690.5242342	14.756750204783351	0.0162515416733616
2458691.5691791	15.233460551827608	0.0125253458312813
2458691.5951305	15.341248288865666	0.0320897500779495
2458692.2978403	15.466335468759942	0.025216851888279
2458695.6190993	15.459534117203834	0.0480867956871375
2458696.2816632	15.49321460606551	0.0178334771114055
2458696.6258764	15.599285931184028	0.0276258629100402
2458697.6252115	15.545053136272628	0.0336077641659065
2458698.2864101	14.509727200009712	0.0146101129132152
2458699.2331708	15.55455118769225	0.0224374719733188
2458706.503238	15.595476699768245	0.0515510622882802
2458707.5110463	15.760542927141517	0.0602967790451359
2458708.5002052	15.496085873089156	0.0606572178528707
2458710.4985568	15.464588243463268	0.0499092612395912
2458712.2271802	15.135193604889034	0.0279744706010602
2458712.4915415	15.773944741423012	0.0554779470662587
2458713.4880008	15.701178856676636	0.0337838159133719
2458715.2284356	15.40870013422026	0.017552337768141
2458715.4809503	15.094316374784388	0.0147932835534503
2458716.4733599	14.497589741424068	0.0191133045603466
2458717.47731	14.177685315489718	0.0163816277231776
2458718.474175	14.343393727604942	0.0162283309971775
2458719.47056	14.30654006105633	0.0200823302608079
2458825.0171955	15.42250542641208	0.0220986076093549
2458827.1513629	14.736944239253658	0.0136950997251184
2458829.1441063	14.99790859369996	0.0279797498606562
2458833.1335249	15.12417799330558	0.0239296729192295
2458849.0726337	15.555880831409423	0.0201345369323804
2458851.8465308	15.334699875648026	0.0213188256213231
2458853.8439686	15.617830310377432	0.0376911088740561
2458854.9699685	15.469359069799165	0.0188646762122012
2458861.587259	14.925694792165888	0.0466078989638355
2458868.1731294	15.537853453435988	0.0337434847635163
2458870.1762897	15.482264703488504	0.0466752153103611
2458872.1699944	15.54736984329768	0.0255088847925606
2458873.602727	15.452327396833692	0.0221900970114051
2458875.1499168	15.424132276621537	0.014507571848726
2458876.1385313	15.451688474273924	0.0144981532186933
2458876.6021051	15.41572305696672	0.0146540513865431
2458877.1347853	15.46295489153846	0.0164348206705985
2458877.5875313	15.42639074128109	0.0143873977325225
2458878.1396474	15.372657377482026	0.0131223936468563
2458879.5628067	15.445290101422517	0.0164630288534571
2458880.5551068	15.473778051728218	0.0197998890135206
2458882.5194137	15.48740054868872	0.022585645612264
2458882.9891655	15.37792696944749	0.0154593339155651
2458883.5231535	15.489758821240082	0.0203136388758181
2458883.9818958	15.359923704463142	0.022832860907202
2458884.5234176	15.356321962916574	0.0136443230544128
2458884.9783898	15.386068541624066	0.0274575662710734
2458885.5187512	15.147993160553357	0.0214199410325829
2458890.5215359	14.64181163572901	0.0383600835048968
2458897.7510797	15.672984991616206	0.0306910388075065
2458901.4574056	15.259112876232797	0.0101057652409673
2458903.4755577	15.37398655723035	0.0134136983888628
2458904.7046498	14.509728129777413	0.0159654341467845
2458905.6969873	14.3957590767251	0.016096003951558
2458906.7352672	14.61266295295002	0.018656366660457
2458907.8400652	15.210302034294472	0.0158140097062524
2458907.8412725	15.180530623490483	0.0169657218690955
2458910.461555	15.437672892367685	0.0183291046671511
2458911.4525623	15.428050876611405	0.0198109864130619
2458912.6707626	14.934100847806588	0.0216417435537882
2458913.880069	15.462095873790386	0.0225405223289324
2458924.8382848	15.02731714627549	0.0302093752997949
2458925.7712994	15.430018236691351	0.0248314377778083
2458927.5088095	15.247146701781142	0.012870006088065
2458928.3807776	14.786966348071791	0.0153801963420756
2458929.376433	14.86542749406922	0.0162765269270923
2458930.3750036	14.968619052519989	0.0149634736682804
2458930.7450542	14.670923819425958	0.0163429169301066
2458933.9530076	15.371579089647906	0.0137244796141212
2458941.817717	15.40283352985504	0.0236480355519132
2458955.9148205	14.85565195843126	0.0177544216670913
2458958.9222188	15.078918837857142	0.0090150797770538
2458961.9151398	15.313548971408943	0.0116927318391696
2458965.8366152	15.19393363399675	0.0094346297765913
2458967.9193012	15.5833319038306	0.0268218312572607
2458981.2888174	15.48899497261658	0.0194600049123944
2458983.5215607	15.188933885973094	0.0258914699944503
2458985.8448965	14.590629474108535	0.0111551093720723
2458988.9550369	15.325674419173724	0.0114361472455508
2458994.7893134	15.154899776877729	0.0079377053461243
2458996.7470863	15.052650508314532	0.0157961775280699
2458997.8013845	15.29178015037054	0.0122702425790006
2459000.9145623	15.433192831497344	0.0303700891844685
2459008.3343443	15.548984260981594	0.0444505165862829
2459009.8295503	15.397694389804736	0.016013257367442
2459015.8042161	14.509041831074306	0.0114017840964595
2459016.7187551	15.39613795963839	0.0170708499653878
2459021.813215	15.068935087784649	0.0094382045260229
2459024.8101431	15.15848416458578	0.0089382884942089
2459032.7662079	15.455762828433745	0.0363254818260536
2459036.324439	15.327712325703844	0.0366464817364088
2459038.8081938	15.42404704409874	0.0144693160285829
2459042.7772919	15.264085689433973	0.0097803005515151
2459043.6564073	15.442936418669508	0.0165992809993431
2459044.6820944	15.371705449724097	0.015538898142821
2459050.7677516	14.820637997115352	0.0119984146296946
2459054.754516	15.06359134088118	0.014120378130471
2459060.2910524	15.326458738172278	0.0392755197891097
2459065.6271978	15.256629840317157	0.0444117291118997
2459069.6133481	15.381697932223457	0.0388465585969744
2459080.2408624	14.733055560824509	0.016141643466804
2459081.2360401	14.81117556130102	0.0164853100439914
2459179.157357	15.293117177620278	0.0565095459474167
2459180.1535755	15.220900631264822	0.0295900729024293
2459188.1317232	15.532557155962897	0.0592720447427389
2459190.0063501	15.262245872300817	0.0319919645248777
2459206.0885424	14.77712166409666	0.0121888973073171
2459208.1012038	15.031139702424648	0.0094029319098002
2459214.5810057	15.348269726252726	0.0577691759434031
2459219.8418155	14.763066506478268	0.0290218538410879
2459223.5781308	15.510159425270537	0.0237114135433652
2459227.9066973	15.46365080888192	0.0200737378246724
2459230.0328232	15.480420038662745	0.0165369413058671
2459234.8121109	15.563653674419864	0.0279472569111085
2459250.5069479	15.439749879163262	0.0293759020883661
2459252.9924987	15.473540321381243	0.0160842179192145
2459254.883209	15.37607715210364	0.0101994943044395
2459255.8297245	15.138330244430511	0.0138983230035903
2459255.9973003	15.2833772104656	0.0059800412924921
2459257.9888623	15.43363679338702	0.015117181494128
2459259.7921333	15.28504772069808	0.0141405583614847
2459261.7163832	15.152703650201271	0.017512085490003
2459262.7074209	15.215144881496425	0.0176921408730272
2459267.911767	14.736478589173233	0.0130615509864853
2459268.8064314	15.516393578702568	0.0234372942331529
2459269.745019	15.387854993301302	0.0228252021433979
2459272.8907348	14.600439945181318	0.0309054826915071
2459273.7549915	15.461090039785626	0.0735671289453742
2459280.5021318	15.469553756334651	0.0214651144027688
2459285.8707359	15.586694420624562	0.0264998892026416
2459286.6948034	14.897848531705746	0.0162241154979752
2459290.8272362	15.49808613316556	0.028953209230444
2459290.8405883	15.582615442285936	0.0324098337647469
2459293.903618	15.62374213630372	0.0247135610113884
2459294.8391537	15.404592221891082	0.0236306729945844
2459296.8025889	15.475291314282112	0.0326009341635758
2459305.8201398	14.595712861647629	0.011724796124528
2459310.8712119	15.279476846370043	0.0165605854598775
2459312.816064	15.21716940112076	0.0137956012737929
2459313.5737379	15.521264153115473	0.0185657639480624
2459315.5060564	15.452182220817011	0.0204434167888875
2459317.7357067	15.176791007985267	0.0145842918747973
2459317.7815305	15.40264033197726	0.0197484852413541
2459318.7498258	15.267697420213434	0.0165831847521361
2459318.7997484	15.49361572034	0.0258925244861362
2459319.7134411	15.216264984624416	0.011580834785228
2459319.7466887	15.44890983782805	0.0236641866002867
2459320.6820175	15.1645919464166	0.0130598705456095
2459323.5569187	14.869505731384152	0.0191759707433697
2459325.8897933	15.33003314797477	0.013149335197692
2459326.8124587	15.443292006226775	0.0243851619397279
2459327.7997982	15.497367695967483	0.0426665446030723
2459328.777707	15.366627026656952	0.0460222900654844
2459336.4390803	15.220984678928664	0.0209630948383955
2459339.5224997	15.418357277220617	0.0284284785147644
2459340.8834141	15.319859281619214	0.0140169959210168
2459345.3508052	15.40945616358937	0.0185889363527755
2459348.8576337	15.462519442977776	0.0207418693619773
2459350.7663254	15.441251888719751	0.0280757606301945
2459352.8441528	15.438495115457563	0.0204805690173265
2459354.8539262	15.52358896618948	0.0202268230912487
2459362.8537537	14.702353885076096	0.016780672679408
2459367.6697652	14.808246921980878	0.0162496473402531
2459369.5405725	15.497424321894831	0.0256052673038857
2459369.5918593	15.668202965758546	0.0322910952714032
2459371.6397193	14.435461255021846	0.0158619811728479
2459373.7899636	15.21490086164398	0.0259750312415107
2459374.8224937	15.493379118320568	0.0153192082346429
2459375.6315084	14.827887604007488	0.0146762939588935
2459377.7725097	15.399891439688991	0.0204566142722326
2459380.7977457	15.5517230333401	0.0202187407105367
2459392.6438781	15.53445745514852	0.0540118346116615
2459396.5479119	15.543189662067068	0.0306753764509959
2459396.6017997	15.539099802468352	0.0252313944699367
2459397.6266336	15.739266024232348	0.0399381567637079
2459401.7005111	14.774997809683924	0.019266178540414
2459402.5909686	14.82434309229836	0.0185730610115269
2459403.7034841	14.921110166857948	0.0221330602957049
2459405.5008028	15.554720014290806	0.0283323832328083
2459406.6917406	15.16562867205031	0.0178927303851415
2459408.5953659	14.943293019016023	0.0164148321099065
2459409.5940368	14.967883649445604	0.0146232760047445
2459411.2696891	15.445859124988052	0.0256654918942639
2459415.3210485	15.340513969952305	0.0633459426332408
2459420.7541722	15.553131246698683	0.0213013057100296
2459424.4732539	15.391991701049369	0.0244318280569064
2459425.5495027	15.639298656390752	0.0321680685977829
2459426.5191215	15.482895513992808	0.0260462013951398
2459427.5119917	15.429426889599869	0.0243655447713221
2459429.4790147	15.497391058289285	0.0322483870148889
2459430.5056101	15.495870206152649	0.0256567055389734
2459431.5021078	15.590227730215208	0.0277469175061274
2459432.4918059	15.652786207779458	0.0314182593807923
2459433.2660247	15.176496985908557	0.0154783692175787
2459436.5156711	14.66589517583403	0.017595401814967
2459438.4949899	14.42147619474091	0.0167727954571815
2459443.513558	15.243701307162986	0.0556275003800463
2459447.4892125	15.0515974361854	0.0376875653631687
2459450.4710204	15.3154570274336	0.0397636470816653
2459455.4701238	15.58040152677125	0.0847919649212235
2459574.5957739	15.07869450945508	99.999
2459579.00564	15.597663806407256	0.0259665712872398
2459580.8467602	15.766986603439433	0.0410579757492263
2459583.9721632	14.552884396209864	0.0167472632846644
2459585.9617707	14.301155545368225	0.0157656486906725
2459592.0372108	15.241965307108536	0.0126272380687656
2459594.0231555	15.2793184201081	0.0310160994193877
2459594.9741717	15.225338868422485	0.0253406454103408
2459597.1129201	15.51377290132548	0.0366609038930425
2459598.9000638	15.11503608780586	0.0403641923606014
2459601.1067132	15.507280846707038	0.031471239090398
2459605.992811	15.55119338397438	0.0211046561249107
2459606.5189059	15.558024216615316	0.0377724309615235
2459607.5586703	14.634657608209668	0.0160160322449644
2459608.7677275	15.503175802331066	0.0299495758533785
2459609.8149792	15.682160335178894	0.0310788823955531
2459610.8954661	15.513804281637626	0.0215330901331994
2459615.9649933	14.486471820492476	0.0120523655278305
2459617.9616344	14.776894755363417	0.0107385691332684
2459619.9530652	14.8616859379182	0.0114014544210339
2459620.7722705	15.719810828934255	0.0358553745750218
2459621.5649474	15.30084711009392	0.0122288155911528
2459622.9561123	15.244783887838285	0.0238553338507991
2459624.5066935	15.33108146666396	0.0574367668029062
2459629.4633858	15.658765737230492	0.0833410187483616
2459633.5628648	15.589029905721778	0.0352488578145279
2459634.9858256	15.491869479933182	0.0208936280583578
2459635.8236941	15.477926925664791	0.0156424649970827
2459637.9443329	15.51428208340726	0.0183795858457039
2459639.0646537	14.48707492774571	0.0112967569181551
2459640.6726672	15.20626318859254	0.0172032280172948
2459642.6693213	15.415047056203564	0.0202309710746503
2459643.8655983	15.521698443695822	0.0206184288470496
2459644.7630432	15.451214850136402	0.0241610612835492
2459645.9383017	14.410929405855086	0.0159286210346608
2459647.5534209	15.183428346105892	0.018849101001044
2459648.5147666	15.121402275857	0.0165588977242079
2459650.0209338	15.26481690410922	0.0090362380667128
2459653.7045917	15.741762336632334	0.0527648282948577
2459655.454765	15.308436674198036	0.0366097294081609
2459660.7379038	14.784408904031649	0.0229791426715864
2459662.7137661	14.835363800815497	0.0169806806488823
2459662.8777694	15.477369058959267	0.0245158364275138
2459662.8802289	15.463679470941516	0.0413638447392977
2459663.7103505	14.95332271758741	0.0162596810975222
2459665.6356632	14.687790785377604	0.0162401052946895
2459666.9707484	15.498178386973487	0.0230426525628745
2459667.6021336	14.860857852492773	0.0144547168149517
2459670.8942704	15.54028320806639	0.0163905378621239
2459672.7616251	15.478287763455338	0.0212296346486948
2459675.5836305	15.351026590755415	0.0161107248542859
2459677.3347753	15.162971495581829	0.0152772961529336
2459677.6939404	15.45552976976544	0.0221874799312373
2459678.3494792	14.31586521039913	0.0150626348784307
2459678.7006331	15.454077491285537	0.0208398242000807
2459679.5618147	15.501587595209012	0.0273550851011462
2459679.9386119	14.962140392791644	0.0173627052551573
2459680.5637683	15.647284861020731	0.0378799815426163
2459680.9587422	15.160942205281913	0.0157102597513567
2459681.5572473	15.627284381049478	0.0465268849446358
2459682.5950082	15.537804657432613	0.0590703130076015
2459682.8590609	14.871568090864622	0.0164175685073386
2459688.316107	15.505158574004016	0.2046774118787369
2459689.3051096	15.157256797366603	0.1116727828183022
2459690.284517	15.040282606019492	0.0188731531336076
2459690.5550454	15.606178284902338	0.0296390298208249
2459690.868831	15.429338394904008	0.0269752231385101
2459691.6131106	14.35070135032513	0.0158733999508523
2459691.6381073	14.35545138101118	0.0158320465815338
2459692.8074066	15.456407606282578	0.0280765618177213
2459693.7577225	15.180208471553613	0.0151788802506064
2459694.8162227	15.54487148668944	0.0323794873089579
2459695.8254203	15.476461220209778	0.0289234336061058
2459697.3451915	15.38353921789416	0.0142311638716412
2459698.7789023	15.4962561820653	0.0232105815620022
2459700.8000715	15.684610305252464	0.0309623562157093
2459702.7974263	15.50124181659406	0.0195084215266194
2459703.7054117	15.64933402208289	0.0266358086653921
2459704.7442337	15.706419502738552	0.0326978099922317
2459704.7631686	15.45892558799663	0.0204422037656382
2459706.8028632	14.795716450959151	0.0159407327976513
2459706.8041288	15.59318680924574	0.0296225825163224
2459706.8054042	15.40284388357751	0.0222000731302893
2459708.7559864	15.497193901396756	0.0230317675696926
2459709.7694511	15.446597283378477	0.0261385393322867
2459710.7271005	15.567009870168231	0.039699495384756
2459711.7428146	14.869802012282817	0.0188646814173766
2459711.7453879	15.033719705267249	0.0448521604056538
2459711.7586636	14.52450066559532	0.0399182780218272
2459711.7599618	14.50417275322268	0.0250289617724836
2459711.761249	14.483949268572802	0.0272941813624327
2459715.3284731	14.75791117414337	0.0528057744997001
2459717.3213911	15.133729634478568	0.0508967526264208
2459717.3226372	15.024654297990867	0.0802071873385553
2459717.3239187	15.354339765245374	0.0950556326497941
2459717.8144649	15.136104530138947	0.0311137821385127
2459717.8157926	14.943811697425197	0.0499418478808123
2459717.8171055	15.28832634501493	0.0758343000827778
2459719.5741239	15.698108113560934	0.0346211466724715
2459726.7009268	15.413127602241236	0.0175827218437974
2459727.8125456	15.421652099977186	0.0647592374618303
2459729.8065186	15.520484987576118	0.0216678375913098
2459732.2087198	15.466524506313837	0.0286513673027395
2459735.7109365	15.42953390120298	0.0205309165930916
2459736.7914957	15.490433398413652	0.0198288436298659
2459737.7092497	15.636639078739778	0.0297349581184619
2459737.7497531	15.467288948767903	0.0257399814308997
2459738.6816078	15.499485714531202	0.0401895334871449
2459749.5538483	15.586267770666751	0.0289857038001107
2459751.5660462	14.743316885287005	0.0212538438440971
2459751.572121	14.452495377134362	0.0171319269844628
2459754.7387644	15.306146610693844	0.0120451971070175
2459757.7360545	15.435388400812776	0.018929839168254
2459757.7385464	15.46223844183103	0.0323707064618263
2459763.7162777	15.538730533362962	0.0226162929278482
2459776.6828633	14.47661086677726	0.0197762186571702
2459776.6841151	14.58747262286131	0.0259798680804614
2459780.6700021	14.797846863914316	0.0172228863522518
2459783.6611259	15.103567510411583	0.0176325672076686
2459783.6623313	15.03391183373977	0.021000421642294
2459785.4868854	14.420989463412532	0.0156413097935345
2459785.5079897	14.276288143892458	0.0153253598309487
2459786.5673268	14.808425642306538	0.0174545682226629
2459787.5404626	14.746588410465964	0.0163677472131165
2459788.5521992	14.88182202973433	0.017380636218892
2459789.5434202	15.001000800932164	0.0148009069521808
2459789.5526631	14.997741543858098	0.0153959526146416
2459790.5288921	14.909022512022585	0.0173517915132376
2459790.5550475	15.14771194038749	0.012870031384516
2459791.5439015	15.237091740451588	0.0115037094289527
2459792.4915412	14.90949677143453	0.0195145007872571
2459793.4974379	15.063458091971828	0.015005831185402
2459805.5106836	15.670613873330222	0.0338742193038485
2459807.4982058	15.64558309540655	0.0355026224799861
2459809.4901245	15.531009263330056	0.0248507176701577
2459810.4741783	15.505644892175368	0.0280233583853826
2459811.4807125	15.55634668751872	0.031187163536046
2459814.2187702	15.324935916093672	0.024252691929172
2459815.4707791	14.417641916461202	0.0205910772670965
2459816.5048357	14.46399738213712	0.0182258302635609
2459935.9730192	14.612773447923283	0.0215343090452578
2459938.8594602	14.299747491918936	0.0302766500159229
2459942.8527347	14.78327213818826	0.0186576188855558
2459944.8384318	14.99357034488935	0.0143431569878211
2459953.5810241	14.148969406508504	0.0222143625339706
2459955.8354161	15.434146217349682	0.0417202940514738
2459964.9613561	14.710816030879162	0.0162909421975732
2459968.5568388	15.43510487359154	0.01710987125415
2459968.5580908	15.49694029085195	0.0213411037327114
2459972.7634279	14.29469135492159	0.0156646248293945
2459972.7647103	14.262971689192277	0.0163804094883158
2459977.5140236	15.373478643861333	0.0166438955158225
2459982.7554508	15.161527011516489	0.0528530864070909
2459984.7506996	15.61057218104531	0.088323287564262
2459993.7244261	15.61266890518478	0.0300494337249792
2459994.7415974	15.445787070478392	0.0205170595008895
2459997.8253469	14.254342967619277	0.015804111609361
2459998.8071899	14.263411642097257	0.0150848454899784
2459998.8096832	14.26231207316748	0.0158985479274965
2459999.7618208	14.353726851745057	0.0150790252518551
2460003.6806648	14.78236121950524	0.0175234412586575
2460004.7403528	14.62625713740601	0.015571760807157
2460007.7659644	14.959175436525207	0.052967010617266
2460020.4019051	14.233771893068434	0.0188463134054829
2460021.635898	15.44610930749635	0.0227495529744993
2460022.4436695	14.59120995580355	0.0151755800805415
2460030.7261601	14.137339645742273	0.0146542842051342
2460035.3486211	15.300513284158004	0.0250803233909949
2460043.6809983	15.273951713358114	0.0337757301279311
2460044.9254212	15.275694139125571	0.0417300952543141
2460045.8596484	15.50077814941853	0.0289388864238789
2460046.7476971	15.596153502763794	0.0316663780514432
2460047.8541344	15.52005913709416	0.0359477268393124
2460048.6694849	15.504969691267943	0.0234991864001034
2460049.9396439	14.426290256699572	0.0077007966816112
2460050.762942	15.538313823419088	0.0273780351560291
2460051.7282656	15.516603304161794	0.0233623446544743
2460052.8153184	15.184019069526364	0.0139209252345457
2460053.825583	14.124627550877308	0.0145908754317907
2460053.828168	14.097714403131109	0.0169440524257298
2460054.762025	15.584274620945948	0.0294359584861833
2460056.9220977	15.189768017998436	0.0162711910350225
2460056.923338	15.173003620451777	0.0194540590083322
2460058.6766237	15.62454776170508	0.0308568470525238
2460058.9052597	15.113117934065231	0.020535798685474
2460060.5401117	15.534696780893947	0.0276210934203859
2460062.9157054	15.420262786461157	0.0189248154688974
2460064.7221394	14.792393814417029	0.0229866327739185
2460065.7013471	14.687850972230631	0.0201571569986558
2460066.6773262	14.758490105426809	0.0217183017392514
2460071.843407	15.511592119603366	0.0446933315691952
2460072.6232831	15.03423514472175	0.019938823110733
2460073.8809861	15.384470439144849	0.0458670403187919
2460075.7917494	15.50048652390808	0.0203470698951459
2460076.5900036	15.174740476061816	0.0108213924473467
2460077.9022607	14.177422075724412	0.00886668092992
2460078.922038	14.308080136496478	0.008514624492748
2460079.8949749	14.227764045393304	0.008703361855801
2460080.5530693	15.194120393844386	0.0219035063134349
2460080.8917512	14.340114749059396	0.008143968993632
2460081.5173078	15.114687101577218	0.0213296288163921
2460082.5107392	15.187347535818123	0.014199737766552
2460082.8426787	14.246645218060484	0.0086411949970614
2460083.4928034	15.252280363577247	0.0166903988398032
2460086.8516815	14.80304779189035	0.0106657978440914
2460088.8372826	14.89790124252943	0.0138294082045519
2460089.4757026	15.483799444957826	0.0476959458985363
2460090.8291243	15.089942093283073	0.0211129095232899
2460093.7565941	14.915789294471368	0.0428760794536657
2460098.7695839	14.865212298146997	0.1173684940645824
2460102.3512969	15.432547454441863	0.0368897233554937
2460102.8795796	15.352798893884271	0.0319372650395192
2460103.5071088	14.379147185685516	0.0187983438044221
2460103.8569322	15.455325223240203	0.0314300307411755
2460104.4878706	14.402143077444432	0.0163477813593109
2460104.8509051	15.447770357969556	0.0331424393307348
2460105.8460868	15.406720606324102	0.0293008728958117
2460106.856486	15.25351879209506	0.0249749947021242
2460107.6775598	15.470759930223448	0.0227687241269613
2460107.7700402	15.393955003314105	0.0331546315978616
2460108.6244825	15.44262274837214	0.0223929141031155
2460109.7591732	15.55807921394296	0.023222246848789
2460110.7215306	15.454672241149613	0.0223980043878317
2460111.6319115	15.58815369490546	0.0364945531716811
2460112.5041078	15.258709469397989	0.0169095336975938
2460113.7524041	15.561160372949388	0.0521766499072908
2460115.553386	15.5045916974897	0.0283137094646986
2460119.6201924	15.580403013618913	0.0247551825076126
2460121.7280461	14.713297736417069	0.0407604023185681
2460125.8315701	15.399347538285138	0.0464841008964977
2460127.3729175	15.405242500656684	0.0579147511764076
2460127.7175016	15.139258272904511	0.1401110338265368
2460128.757964	15.363166351676728	0.0379897404133169
2460130.7197648	15.226392154487398	0.052030988446053
2460131.3651104	15.444499799044513	0.0593407713978264
2460131.7183067	15.43571110261131	0.0482153942495105
2460131.7962317	15.494382354683191	0.0337215411492133
2460132.7223376	15.344705066990992	0.0373659765031106
2460133.7146477	15.446933240228358	0.0289611141150784
2460133.8201234	15.508663469029326	0.0384971384636061
2460134.6956727	15.48163233617612	0.0217995044555514
2460135.687211	15.592958812074231	0.0302538546931341
2460136.5988033	15.386073812282792	0.0241039307907772
2460138.699341	15.591045607089258	0.0251226779487435
2460139.783251	15.469973425822914	0.0320575288014682
2460141.7185055	15.53120555730163	0.0311910938914286
2460142.2944883	14.128210492879756	0.0136128553590903
2460147.6654831	15.429268957231171	0.0200788281897904
2460148.6652993	14.480281811642826	0.0191921349464929
2460152.749837	14.972108885279416	0.0220765323785324
2460154.5439156	15.53937846186046	0.0380589103061046
2460156.6333971	14.945976721173842	0.0460526374426445
2460158.289458	15.682427683801333	0.0864906578900806
2460158.541834	14.286825127788736	0.0221144590072962
2460159.2908701	15.711949082024608	0.0760122064365985
2460159.5430096	14.470937648239124	0.0260377325234481
2460170.2186992	15.444691979648422	0.0223940270795593
2460171.2416659	15.543288903048806	0.0212185573980456
2460176.2327367	14.278675127758016	0.0146967176270107
2460292.0241882	15.510168858408155	0.0250584427183666
2460294.9908424	15.50271570167099	0.0201657167140534
2460300.9698299	15.582290142135806	0.0270198329239885
2460310.0207574	14.977706123495125	0.0296269816436734
2460310.9583201	14.776520494001296	0.0239095443780097
2460316.5889518	15.544460787566909	0.0337228500034359
2460319.9140482	15.286242804379595	0.0187853098272831
2460344.8591997	14.614286656803854	0.0168528996136156
2460345.8597993	14.708374519907151	0.0173314316366627
2460357.5232973	15.570999538905458	0.0222397271880114
2460358.4876984	15.549861153744288	0.0216390040203448
2460359.4868355	15.605537275030764	0.0229992122694096
2460360.4748068	15.696860472583134	0.0533224960006749
2460361.4770474	15.231301579496131	0.0400284170491191
2460362.4757665	14.413082729825108	0.0224486532937903
2460371.6415698	15.670359509614858	0.1055465866939114
2460376.5752926	15.598337144190957	0.024937256876928
2460377.5463233	15.534390632586328	0.022459732173291
2460378.5581295	15.545891871957656	0.0226187692611995
2460379.5447272	15.606267097941938	0.0242613271964817
2460380.5258508	15.569510940206555	0.0239462004346866
2460381.5416974	15.595561032986708	0.027898473868839
2460382.5540904	15.519496549353908	0.0215636648507496
2460384.5457046	15.515407127738246	0.0211140319849841
2460386.4704829	15.59184958823481	0.025277092784994
2460388.4240066	15.322491507885914	0.0417774689261367
2460390.4477176	15.09476945283402	0.0871168028601497
2460398.8291598	15.773976084290606	0.1271184909996269
2460401.4392143	14.877297587933011	0.0713657458447635
2460402.53216	15.2898115362278	0.0377646418631679
2460403.5952511	15.509720090121927	0.079745095473988
2460404.5731975	15.634924899135726	0.0378366521649172
2460405.5358327	15.516708307026612	0.0263216083922815
2460406.6521153	15.501806811899732	0.0285854998911272
2460409.630998	15.608819702870502	0.0309397332941508
2460412.4479193	15.535278250214494	0.0207211018815678
2460413.4353299	15.56343395182724	0.0228549806804231
2460414.4119375	15.531870670720997	0.0200379684694751
2460417.3717828	15.362871349411735	0.0277429508116056
2460418.3637057	15.485873195891216	0.0462908980633224
2460419.3927153	15.58519697144735	0.0415233197814677
2460429.7898759	15.431409624657102	0.0182301455362463
2460430.8617762	14.563582734064296	0.0201972142617831
2460431.8846498	14.850595685568324	0.0182903460946162
2460432.5590936	15.530886330108306	0.0236674084442242
2460433.6796173	15.45543093225087	0.0238059959954093
2460436.5636276	15.501777203439024	0.0216994382179991
2460437.5466001	15.521746726723366	0.0338922302473153
2460444.3035446	15.359373551232965	0.024911761721671
2460446.8494408	15.579884583643706	0.0289168103484294
2460447.5863597	14.64658814532823	0.018629728135837
2460448.7430805	15.42917288725322	0.0502686155488464
2460454.3265688	15.100149357857577	0.1329552648779436
2460456.7179511	15.60786356427287	0.0561765770264484
2460457.65569	15.531031027886383	0.0317866617167829
