2458144.0376168	13.511095454450428	0.0086978788739927
2458146.0313136	13.457323153527296	0.0059762491547132
2458146.8708897	14.115052148079762	0.0089725731802177
2458147.0281801	13.588223296333355	0.0059460805005902
2458147.8630354	14.032138605496984	0.0055182316549379
2458148.858867	13.85298469300666	0.0084550811939363
2458149.0366928	13.58334811387862	0.0110548662878327
2458150.0258407	13.512705458233956	0.0043699259064037
2458153.6092318	13.984384135310034	0.0086548662391491
2458154.0216361	13.565820287269537	0.0066994038491452
2458154.608612	13.939266587814888	0.0077373758614763
2458155.0177032	13.5362640320269	0.0054260889556988
2458155.6080291	13.955788543304584	0.0099322469442569
2458161.8345692	13.694035686612668	0.0070091989769214
2458162.0290657	13.504693092841787	0.0066574199450628
2458162.8414175	14.177684554298056	0.0087314791357523
2458163.60604	13.818917262308222	0.003705382114416
2458165.6147175	13.773623405557224	0.0044539619948602
2458165.8541119	14.046214885310969	0.005452823941955
2458170.0256295	13.336959969402702	0.0072903779044289
2458170.8772955	14.079951179244938	0.006433471186385
2458171.8615788	14.01281690503682	0.0039008213044685
2458172.5703164	13.961294581072544	0.0077245630664186
2458173.8065701	13.719401081872872	0.0069163362941232
2458174.0085221	13.53568320445694	0.0036621654967984
2458175.0083609	13.473159250170209	0.0034570732618959
2458176.0130102	13.360958296399332	0.0050961468540946
2458176.5406537	13.621138253526595	0.0067680357343231
2458177.5399425	13.991354932441237	0.009473380615828
2458178.5354495	13.959329687086669	0.013839364395034
2458178.7911295	13.862701209393434	0.0106397127581999
2458180.8506457	13.85400592130868	0.0096548361955038
2458181.5927611	13.827631232196309	0.0090347721990212
2458181.9934221	13.354886479794365	0.0070429794320223
2458183.8908961	14.097981291740618	0.0094347991927459
2458184.009224	13.594810069602335	0.006806435448615
2458188.771207	14.036353363477554	0.0051757229215861
2458189.81211	14.003128467419565	0.0036378093415809
2458191.8593472	13.893318614717804	0.0051022748536126
2458193.985854	13.377034894620532	0.0048953190614433
2458195.648607	13.71964905969	0.0051488265678392
2458195.8175172	14.056189145768158	0.0054084219446722
2458196.6475205	13.652528185006412	0.0058368534399055
2458197.6012092	13.967368377545036	0.0059818287781929
2458197.8618734	13.925463604166977	0.0049613164894956
2458198.5966343	13.928434061313444	0.0049832173657237
2458200.5603192	13.763732393876374	0.0045305432105439
2458200.8516214	14.09367714453242	0.0062515795283755
2458201.5594788	13.568454698889612	0.0060401122245743
2458203.5711771	13.947626990199309	0.0067925189854298
2458204.4695469	13.851727160574727	0.0058944372474729
2458204.723197	13.95014998022624	0.0044084734261267
2458205.4501515	13.754364575096204	0.0065272350581748
2458206.7215164	14.105078552861611	0.0078172622101335
2458207.7146919	14.033379848269146	0.0071489150734962
2458208.723543	13.935432366095704	0.0097613141959225
2458209.8024546	13.853187386590664	0.0096206677550162
2458210.4609814	13.89002091044942	0.0102807744128562
2458210.9212718	13.49380302098318	0.0093602226412315
2458219.8499447	13.566267745303076	0.0046353495458346
2458222.8182074	13.777087963186194	0.0066718384682597
2458225.54991	13.685749427382472	0.0051192670133591
2458225.8315865	14.07836351538348	0.0061176316839193
2458228.5513621	13.9303235134276	0.0052849525163581
2458229.5400103	13.895671737933744	0.0044748204381873
2458231.4927912	13.606892712260496	0.0055581072459874
2458238.4030081	13.983024855327836	0.0159142449467752
2458243.4505004	13.596941947709071	0.0068383367690772
2458248.5022556	13.848537440030071	0.002630630375143
2458250.6788916	13.959210954984378	0.0034121035949949
2458251.4995215	14.00959531576692	0.007308482012036
2458252.4991637	13.950369132273543	0.006692415483229
2458254.5082826	13.830799919680247	0.003133399127229
2458254.6999667	14.066196732937444	0.0067839934862326
2458255.5065618	13.722023832968574	0.0046315881447329
2458256.5062225	13.590293034193468	0.0059465206539704
2458258.6159877	14.099698492818526	0.0063541197306833
2458265.3091749	13.750440792978363	0.0076623734856401
2458271.7026592	13.96295352830398	0.0066859149208238
2458274.7941664	14.06016598668835	0.0062941778002392
2458276.4530229	13.939507329134145	0.0050949538946073
2458277.4692356	13.920039101694544	0.0049712091311885
2458277.8000069	13.79635050192779	0.006600850723561
2458280.4384962	13.648745297497523	0.0054554135286801
2458281.4357492	13.953575005723913	0.0052007191012323
2458282.4303751	13.905647997203031	0.0041438273259424
2458282.7339032	13.469129978910342	0.003456199458128
2458283.4722689	13.91642859321509	0.004668853880846
2458287.8099771	13.556147728608035	0.0045346712110801
2458288.473031	14.137521228335322	0.0080792434188241
2458288.8011062	13.516806986070488	0.0037087930093432
2458289.5444289	14.072584301046438	0.0066102193947102
2458292.2242236	14.006167008478856	0.018100405888711
2458298.3683517	13.776092118126062	0.01251043524668
2458303.3461397	13.659800678390711	0.0051698806491573
2458304.3912629	13.574922243346943	0.0059077066707736
2458305.3547205	13.936065250384612	0.0051244012555298
2458305.6030192	13.954215357207724	0.0036756064666774
2458306.3736703	13.926536622562782	0.0048427137984717
2458306.737152	13.98151190009634	0.0028253043999912
2458307.3706612	13.91346315911723	0.004804426663077
2458308.3670455	13.855096702898631	0.0033263676803553
2458308.7138981	13.902965852519156	0.0050402371286885
2458309.3633265	13.712017110212171	0.0052933794130554
2458310.3378051	13.832742079828575	0.0029524026715617
2458311.7277582	14.079301356968791	0.0062852021891877
2458316.726034	13.569800076204308	0.0045775303589511
2458319.7547628	13.486387080842766	0.0051246331586896
2458326.2452568	13.73211018671346	0.0081896563279114
2458328.4875441	13.93089235675112	0.0062260771143289
2458328.7238658	13.562726702009742	0.0113975092092124
2458331.4960628	14.16100388572494	0.0082771473139827
2458332.4778895	14.074411511648288	0.0060523047109887
2458333.2732831	13.65559147598828	0.0053724854160533
2458333.4855187	14.064078102804729	0.0058030136558748
2458334.2927194	13.751221560634622	0.0043845717206911
2458335.5790852	13.974236979924282	0.0035942520369339
2458338.5174011	14.093944579530806	0.0067046017169793
2458338.6994056	13.35196548341636	0.0050502279452692
2458339.2534508	13.619733498357892	0.0056309680048015
2458339.5210656	14.043310347064429	0.0048703963153175
2458339.7046207	13.580229287594754	0.0054971942073412
2458340.2538036	13.895259743385004	0.0042405164456736
2458344.2444669	13.786677925988275	0.0039277175907585
2458344.679437	13.321652719980754	0.0059091962646585
2458345.671744	13.597633385007606	0.0059775945884033
2458353.6541263	13.531871824660817	0.0113807795957278
2458359.235874	13.954045224494743	0.0053062308169936
2458360.247082	13.918777759118978	0.0048351055172956
2458368.5689846	13.916921661589692	0.0044408706896935
2458371.259244	13.944360537233155	0.0050568004075909
2458372.2522243	13.926070301944437	0.0048587329490707
2458383.5183067	14.06694843471463	0.0102477650574968
2458390.4998771	14.004778002340323	0.0059839217211054
2458393.4927401	14.049514905544262	0.0060564164990709
2458506.8774304	13.967673309822215	0.0260014125945425
2458509.8724719	14.15660925829641	0.0145764068654966
2458510.8751715	14.040928694210402	0.0123070741560724
2458511.8639541	14.037992145234677	0.0060767482854078
2458520.600555	13.85271363855465	0.0039070061200781
2458521.5912128	13.734694415114134	0.0049449014470424
2458522.5996423	13.593906076505968	0.0061732021054361
2458522.8525552	14.151497662943498	0.0109893884143672
2458523.8520911	14.031022798393291	0.0058073665490401
2458524.5885937	13.934903017108171	0.006016423233024
2458524.8473959	13.939644882578712	0.0066969183802744
2458525.8468448	13.821091025947265	0.0075974689837756
2458526.8421766	14.20243020624716	0.0087515925386259
2458527.8410785	14.108467829761253	0.0076818373801034
2458528.8371543	14.174435622771854	0.0074849606744881
2458535.8239417	13.968862502209811	0.0094988787651936
2458537.5749921	13.94290519950608	0.0109165564507573
2458538.8746992	14.004494837630698	0.0097749050481071
2458543.604794	13.939438194334512	0.0064113746514703
2458543.9820641	13.498141442882012	0.0033338724247212
2458544.8246643	14.186994151411064	0.0093597802306556
2458545.8380318	14.135661689947288	0.0108176040431355
2458548.5166153	13.952210894200876	0.0056558281210438
2458549.5153026	13.998621811052423	0.0076156822539688
2458549.8020586	13.758496583343597	0.0082295781436973
2458551.8221998	14.114274936318145	0.0076866544606753
2458552.7995583	14.128958544886244	0.0065693457401867
2458553.8210205	14.112205543265643	0.0057114115005712
2458554.808503	13.913584655282987	0.0046828038921063
2458555.4930969	13.893343106598756	0.0044127515143603
2458555.7624327	13.840549367467432	0.0060062142982368
2458556.8140776	14.078037902087196	0.0067484092751273
2458557.5514653	13.816057035191116	0.0039490984594834
2458557.7978862	14.12148414765747	0.0080856354003348
2458558.827291	14.042740582866816	0.0054130981807568
2458560.7655293	13.948066484425183	0.0084234264199121
2458562.7468241	14.158568432064891	0.0171743008682733
2458563.7773901	14.124611728307086	0.0158595555086933
2458564.7466314	14.111168926631091	0.0095877468363576
2458565.8666047	14.045256097937289	0.0116560184143462
2458570.7249094	14.161175094284625	0.0098454853302158
2458571.9309158	13.574532208748638	0.0050988044935079
2458574.7081125	14.21178247214992	0.0083409841405594
2458575.863703	14.285126716731924	0.0094899310440908
2458576.8629879	13.601732340886866	0.0068435446552236
2458578.0339049	13.99012199474616	0.0059898119816428
2458578.6916635	13.91236768798352	0.0067359404479393
2458579.7150936	13.783174342412323	0.0076188111763139
2458581.5988342	13.913384369488233	0.0049949119833911
2458581.7024404	14.2106717879756	0.0085592039520557
2458582.8390618	13.573241130791152	0.0055307563464182
2458583.7469085	14.011107272993629	0.0040514677083989
2458584.6915113	13.90164497500732	0.0065277795170406
2458588.6668801	14.09464892853716	0.0079940203671514
2458589.6711141	14.0737384504017	0.0079120474049029
2458590.7914888	14.002687756142338	0.0095632019478926
2458593.0057393	13.895764101814391	0.0144662234224758
2458598.6015566	13.966433702416712	0.0080457512379833
2458599.5930211	13.93665253020613	0.0063411413629091
2458599.7245376	14.245546244034044	0.0101824508600366
2458599.8380436	13.388619812274625	0.0057656722531854
2458599.9952288	13.837346883351568	0.0049891839703785
2458600.7966455	14.090889043203966	0.007129460888803
2458600.8650118	13.60479604471707	0.0060261804545173
2458602.5015591	13.989096173834705	0.0064767425481444
2458603.626919	13.784637692497858	0.0045326160351726
2458604.8260189	13.406349261109792	0.005233041425379
2458605.728939	14.088333119135244	0.0066183452896444
2458606.4787527	13.745688067881924	0.0044781119994625
2458608.7426536	13.960898994012494	0.0041533851555319
2458609.7591611	13.489586676059226	0.0034932149526189
2458610.8750407	13.46949273010583	0.005555811748858
2458611.8820981	13.393383593301852	0.0047290828752865
2458613.4156393	13.816965873944635	0.0028194128632504
2458615.3479511	13.90705214139796	0.0064545633135013
2458615.8956079	14.025600177435486	0.0048161278133748
2458616.8992814	13.985910992085287	0.0038290919858287
2458621.4192192	13.902846148831465	0.0103068263346962
2458625.4754988	13.668894062118188	0.0084397810363028
2458625.9535403	13.73320707510315	0.0072383516586473
2458627.4429833	13.932540732766617	0.0078179229862688
2458628.9248725	13.94739525169626	0.0041134941516933
2458632.8792296	14.010964204969463	0.006446683114335
2458634.9039498	13.7987857555924	0.0030396512119835
2458635.8582235	13.957319111130031	0.0058874013358939
2458637.3747829	13.745933817577937	0.0045245704450786
2458644.5015023	13.819873133591273	0.0083035351414358
2458645.5866018	13.783906974283928	0.00796841361076
2458646.7195952	13.849019496079343	0.0074304209921702
2458647.707433	13.84498269660928	0.0090751211405109
2458654.5551449	13.9574677074591	0.0125971720411631
2458657.5292957	13.710588708743732	0.0068583177449583
2458658.8229572	14.180094058969123	0.00982864608542
2458662.8399202	14.003210889535197	0.005521445430687
2458667.5060138	14.00713389114475	0.0047019655054538
2458668.6490619	14.096990624019352	0.0050618883258219
2458669.6569421	14.027698038500896	0.0045681874193305
2458670.8093629	13.90762368044073	0.00340889115011
2458671.8319187	13.875423489479571	0.0039368831732616
2458674.3996828	13.593280663129196	0.0066247487619145
2458680.7527754	14.022602145074792	0.0150973602358729
2458682.7717929	13.888549596900924	0.0049046436461783
2458683.5586834	14.120974979569814	0.0094462492453021
2458684.6155836	14.0785561786719	0.0080653831275654
2458684.7751603	13.667836942943588	0.0061419744447013
2458685.4287767	13.785095640102424	0.005508089475942
2458685.7445597	13.493786744972311	0.0064620199833225
2458688.6917499	14.012425746383762	0.0052933126228153
2458689.5587718	14.105064840475912	0.0081077315611882
2458689.7645428	13.48379137499182	0.0057695453720042
2458690.4452785	13.925800265927355	0.0053101457214153
2458690.7617272	13.680496615383476	0.0062102832871392
2458691.4419848	13.866421419903777	0.0040076671668249
2458691.7576133	13.95038527888742	0.0049277195899587
2458692.5623541	14.075859019442268	0.0058565248746569
2458694.692208	13.470474681065909	0.0040030990783296
2458695.5834442	13.91228525839104	0.0050425558989711
2458696.7480029	13.644289181423046	0.0071311626024004
2458697.5948679	14.13906257512852	0.0062474716155297
2458698.4214158	13.71793458055568	0.0047923878053279
2458698.5982035	14.117760037420368	0.0057716395439412
2458699.3409229	13.963939149919144	0.0059057600274484
2458700.2151791	13.906668611145472	0.0044429812279303
2458700.7123829	13.49717143375543	0.0041206558101614
2458701.6227808	13.70334688978118	0.0070642659672717
2458707.655002	13.872110926382886	0.0103388410593498
2458708.5947087	14.220979682715924	0.0145417677102314
2458711.6750142	14.294350598109302	0.0262659715685898
2458712.581864	13.922078791006388	0.0084426756996339
2458713.2771651	13.90575642610986	0.0078900527299327
2458715.3644661	13.81302982322666	0.0056734313084108
2458715.6626313	13.572262461001634	0.0057122664882327
2458716.6310562	14.109815989124554	0.0083702005721986
2458717.6248918	13.99955546603544	0.0042733195060563
2458718.6026637	13.919600535776624	0.0046577005650197
2458719.6217802	13.886149924431026	0.0068068940321566
2458720.6607271	13.322413386578283	0.0060064083112651
2458721.2163885	13.589829954023658	0.0066787809386454
2458721.6180777	13.598960106264125	0.0059808503294652
2458723.5925038	14.014304798139316	0.0046805784443474
2458724.2825444	13.918394353244548	0.0048671434857139
2458724.5977775	13.99975643711665	0.0046238088010115
2458725.6032373	13.81927027311129	0.0072014046098916
2458727.3376118	13.80984168061069	0.0039223544387814
2458727.6204224	13.596900615908917	0.0067645111619533
2458728.3350318	13.679610688220878	0.0052284756792712
2458730.5228976	13.94587243242681	0.0052598131161646
2458738.5525169	14.128426892782604	0.0124762363100966
2458740.5643253	14.060547161867277	0.0162951089035889
2458742.5608276	14.02325982920592	0.0098856825632492
2458743.5575547	13.763622829509824	0.0088834520584025
2458744.2923339	13.890009770532965	0.0054657340317026
2458744.5533623	14.004509074512502	0.0052712521979496
2458745.5512426	14.20622418430078	0.0085509405313323
2458746.5435882	14.071401478139174	0.0061875242418235
2458747.5259659	14.084267060702098	0.006634793464036
2458747.5443715	14.16028754496738	0.0084558654605137
2458748.5381044	13.930752329447024	0.0044220583714917
2458750.5172057	14.16834180029923	0.0090309105160952
2458751.508212	14.078252043550506	0.0067001102231401
2458752.5102039	14.210532040934265	0.0106563506593386
2458753.2479602	13.90326621298284	0.0053715832633979
2458753.5105691	14.11283182743272	0.0071614652728161
2458754.2374387	13.930042683366956	0.0062363740470766
2458754.5059062	13.9080090346416	0.005022119899996
2458755.5073396	13.78318648372774	0.0078725714422418
2458756.5000511	14.067338490306875	0.0040522025491915
2458757.4928421	14.205332466230708	0.0104822899387943
2458876.6094955	13.945337458058798	0.0088931271590848
2458877.6059398	13.910580356608406	0.005731618469915
2458879.6183442	13.720829645581688	0.0080570816518877
2458880.6180846	13.657078824640138	0.0071300620924804
2458881.0361742	13.583217285631832	0.0115891330425035
2458882.5962992	13.950108217812902	0.006861432291845
2458883.61194	13.94383021816741	0.0071361046344035
2458884.6048258	13.823417071717364	0.004356321357656
2458888.0210173	13.57299307776249	0.0102660169907063
2458888.5770059	13.887359354428364	0.0162685477047919
2458891.5876892	13.722754476803	0.0130550576684231
2458893.5624755	13.957691825700614	0.0139701312461842
2458899.8105443	14.004429163605954	0.0054454165822897
2458900.8136763	13.8828627046487	0.0074548997532003
2458903.6369047	13.834604566848128	0.0062356207133246
2458904.5991087	13.649959121069577	0.0057138238552689
2458905.5870036	13.983515613440396	0.0067037327453399
2458905.8021344	14.028922015211302	0.0056532590097927
2458906.8320713	13.88535709083238	0.0064668925663905
2458907.7967934	14.01774100226291	0.0049175272328206
2458908.7836745	14.1179632864719	0.0078415170162543
2458909.7988825	14.177379625446084	0.0081803331973328
2458910.7865514	14.059871410725984	0.0048587390085591
2458911.7862012	13.951563974991448	0.006816900930464
2458912.7808891	13.932381373472412	0.005803902152721
2458925.7969257	13.76116320497847	0.0084401561616066
2458926.571737	13.926810713114396	0.0072495130345037
2458927.5498161	13.811216043423792	0.0040566613942279
2458928.9719797	13.608967364219833	0.0059321070287886
2458930.4713164	13.924703630331814	0.0051260668718287
2458932.1150822	13.834194035338914	0.0040303769720262
2458933.8883571	13.62101872622288	0.0065778278278256
2458954.8486416	13.52291789153742	0.0034354469342492
2458957.0026225	13.902060507963013	0.0039863080891654
2458959.9819488	14.046399570920611	0.0067251669076964
2458965.7956467	13.574764560416668	0.0054086822126684
2458967.9567926	13.851871528908555	0.004732782040081
2458970.9499437	13.61550231379378	0.0074793941331718
2458980.5055933	13.891023030467997	0.0116636391624158
2458981.9834353	13.858051985312976	0.0050790349268288
2458983.3370275	13.993672975607954	0.0076920069761989
2458984.97903	14.010703316355306	0.0055261668999316
2458985.901189	13.555764494982164	0.0044453975526149
2458987.9723106	13.894953975602853	0.0033851637563731
2458992.8309224	13.465450946264385	0.0039387062362747
2458994.9155645	13.333654895345834	0.0055159831478387
2458996.9069843	13.540393746691866	0.0040764800172838
2459000.8751642	13.625957425900966	0.0070734702621646
2459015.8322625	13.93104176073001	0.0044820852041585
2459019.5439715	13.830208770992916	0.0034189546258947
2459019.7693714	13.58147387793968	0.005001361127256
2459022.7811678	14.13659619473335	0.0055761066256584
2459026.8159707	13.990529488198217	0.0060961689242165
2459037.7658987	14.018730104221666	0.006697428365915
2459039.8304888	13.971180317978671	0.0049830430454237
2459048.3804258	13.826769709267118	0.0034402707059975
2459051.4480437	13.772342249185346	0.0043463824340201
2459054.7700242	13.6211409609516	0.006614036792955
2459056.7160161	13.555299531960518	0.0059884337925716
2459057.7436498	13.55636656117066	0.0051252028493887
2459062.7595042	13.987760421230464	0.0092927453161897
2459066.7534503	13.70369573494724	0.0060139517129512
2459081.6079095	13.518639744530418	0.0048157472264189
2459082.6697271	14.181384504983663	0.009667398731675
2459097.6273077	13.594879518900472	0.0063341558333003
2459109.2557543	13.758479165710858	0.0048507592801119
2459117.2609102	14.01555881901052	0.0217929156140005
2459128.2345768	13.618227697704825	0.0094088663212468
2459234.8778386	13.706815966698748	0.0328610576747944
2459254.6171796	13.856586308480075	0.0058721502874059
2459255.8674355	14.05603141496484	0.0067240695227329
2459259.1633937	13.985142004160965	0.0078058027411855
2459263.1478866	13.630056665917454	0.0064261653110777
2459266.5566236	13.830553454360071	0.00280899393476
2459281.7411422	13.91010567465566	0.0072600774272244
2459282.746992	13.709665431568236	0.0074634043987478
2459283.737227	14.212599819644163	0.0095854113925966
2459285.8178237	14.059260440315654	0.0060412855860439
2459287.7422615	13.946762858263677	0.0039173124759607
2459288.8295398	13.905580309857031	0.0062173446801656
2459290.7212318	14.100678691179994	0.006667468966314
2459290.8322639	14.184513501973598	0.007924858095545
2459295.718028	14.176790076304592	0.0090534028412413
2459295.7723022	13.81966380741073	0.0061843098141924
2459296.7312773	14.157746913606344	0.007174614054477
2459298.858025	14.055767122685648	0.0062489828432998
2459299.8553148	14.049418215940356	0.0059786384123925
2459300.8715385	13.94329277048179	0.0081289170010812
2459308.5592621	13.90299807191662	0.0064396887179501
2459310.9793594	13.546369862405342	0.0043700075406383
2459311.6778014	13.926756933238917	0.0056120166951966
2459312.8630399	13.536017014366132	0.0031095124402323
2459313.8166353	13.90544927020662	0.0065147214382407
2459314.8220119	13.802346348348786	0.008390635276557
2459317.5417953	13.671556913164595	0.0054105931699731
2459318.5519801	13.974467994274043	0.0062625434324176
2459321.7837198	14.240972339885015	0.0109186326013757
2459322.7935556	14.077021324129964	0.0067873755056784
2459324.8133986	13.51018765873561	0.0040462772069103
2459326.8020027	13.846597655659249	0.0120352398867278
2459327.7159904	14.229612964564993	0.0143635392143258
2459328.505497	13.703061561023455	0.0068591778882384
2459329.6528155	14.026163787940574	0.0138366447917181
2459336.484083	13.95337972718058	0.0095569401346874
2459339.6236214	13.916929954874387	0.0054999249034142
2459340.8796953	13.610203259867315	0.0054661417444927
2459347.9166325	14.034709257257072	0.0069387782123406
2459348.7332259	13.966678757934242	0.0044925882081654
2459352.4445425	13.706113098969496	0.0049362079449075
2459354.8993769	13.971247619742924	0.0057459073668025
2459356.9425557	13.896073864039415	0.0056911120581301
2459363.9102581	13.836612219572013	0.0067880631364743
2459366.6475341	13.913572250995362	0.0066264915732411
2459367.5066448	14.077912760904624	0.0059835503438587
2459368.8572681	13.9619009757084	0.0073679359913413
2459369.8541235	13.873132353757638	0.0077530866438318
2459370.8083705	14.225453292057855	0.0096712604779614
2459370.8648083	13.385782881935713	0.0047346390993262
2459374.2592003	13.803229073599317	0.0039796904774673
2459375.3426377	13.761162617715126	0.0047809717764872
2459377.8390004	14.025201204149198	0.0062620847474257
2459381.8524499	13.78672811662378	0.0057912879238324
2459383.7027431	14.066400411832456	0.0055808449393977
2459383.7632719	14.15803908496761	0.0078099228703973
2459384.7927801	14.042889203023952	0.005621169472484
2459384.8128702	14.105333427646643	0.0069260694731307
2459391.8155633	13.95268901854214	0.00721806249573
2459394.7187987	14.128736892690933	0.0114293573381858
2459396.5505828	13.947981812264556	0.0064733043571699
2459398.7927781	13.869318092401528	0.003563546636839
2459403.3470931	13.927850758345084	0.0051037024205143
2459405.258835	13.77211777548368	0.0042689464755028
2459408.8107473	14.058100851451831	0.0067030001280472
2459410.5514542	14.15828252427366	0.0084181759726381
2459411.6792213	13.340129618645047	0.0059982402399725
2459412.5816982	14.06681302577038	0.0088474356827153
2459413.549675	14.076919798591703	0.0092493910425954
2459418.6071884	14.132979286565453	0.0175852501782198
2459419.5294862	14.089002272010958	0.0150017759220261
2459420.6207901	14.112946749986293	0.0152519885965836
2459422.7729927	13.900475332191087	0.0027117907576775
2459426.3048597	13.954832368527148	0.0058104855670977
2459430.6552883	14.262706150585425	0.0099873720984547
2459431.612687	14.140865642515358	0.0069109027509024
2459432.5481877	13.969789752485635	0.0042395041060454
2459436.2406204	13.689651342494408	0.0052345006687657
2459437.6342879	14.162791368815745	0.0075878289926525
2459439.5282788	13.849436468547792	0.0071171058394099
2459447.6086426	13.711116478935994	0.0111114356085978
2459451.3051467	13.916985323106235	0.0087810703526545
2459451.64912	13.57439108278644	0.0082890574714971
2459452.6281503	13.991708889689946	0.0098458783276785
2459453.5969797	13.69582386960719	0.0079201320446347
2459455.5935811	14.154062151390065	0.0071064864374947
2459458.5827734	13.907930102035628	0.0069964516786418
2459463.5702276	13.93339579861405	0.0054734078874791
2459466.3062312	13.859074699495553	0.0046105772123967
2459473.2635416	13.750888856881858	0.0073306823867884
2459474.5469567	14.156175843424728	0.0136351963661924
2459475.5257206	13.99891087080274	0.0094049816252095
2459476.5296386	13.888383281493237	0.0126277264806604
2459480.5776792	13.539978596993842	0.0047557579795651
2459481.5238436	13.96965938584178	0.0060896883616898
2459482.4905836	13.801747984936435	0.0072064838913954
2459485.5657079	13.56083179824336	0.0158313354259857
2459488.501434	13.927235274166934	0.0071111631126569
2459490.4860559	14.097182633352288	0.010299229963035
2459494.4881043	13.916988976273306	0.0108306195607765
2459597.8711191	13.83410415441154	0.0225105010180276
2459599.8666902	14.207391064145517	0.0191565046725064
2459601.8621095	13.993852434799807	0.012575988590723
2459603.8615252	13.953524224223116	0.0130130075368109
2459605.8766851	14.285446967119178	0.023043081656854
2459610.0372056	13.548062455710948	0.0143872917859455
2459611.0340839	13.520452308581984	0.0076274997275329
2459612.0193489	13.414382863966628	0.0052494397240827
2459617.582792	13.86908405090363	0.0052330150681889
2459620.5769906	13.94485995487119	0.006401588656361
2459621.829057	13.904280109575032	0.0103486972388947
2459622.1694044	14.000782068615784	0.0090707732736677
2459624.8190429	14.2302326373332	0.0155204329472677
2459625.8808233	14.176669249622664	0.0095773804947733
2459628.8042	13.754783940989332	0.0141911784532398
2459630.0096153	13.449777995061485	0.0070699764047973
2459631.553514	13.629403059459024	0.0117937259127343
2459632.5571148	13.921033416730848	0.0119047901972263
2459637.529363	13.630930482917655	0.0074433915959057
2459638.5329461	13.964768762778132	0.0076949723223039
2459638.7806296	14.071713457598984	0.0061864895946837
2459640.7643785	13.79300206323482	0.0077124783108879
2459643.9489686	13.608320266561227	0.005530726456504
2459646.1039658	14.06046440115288	0.0074790488101484
2459647.8733061	13.710894407401122	0.0068797516780574
2459650.0942684	13.735021815730002	0.005679674620771
2459651.8774814	14.011271784358527	0.0045877819395649
2459652.7878139	13.769547979151795	0.0072202160695781
2459654.0832891	13.998564994125813	0.0086393306109219
2459655.4699179	13.630702493511514	0.0131279971104263
2459656.5006246	13.88892299473027	0.0176667232620075
2459658.8687755	14.079080633208424	0.0124451424077282
2459664.0478826	14.02604294931878	0.0073333420264426
2459665.8913519	13.432649715485068	0.0044104121650128
2459666.8637101	13.910369972062288	0.0061248102116932
2459666.9001058	13.342484444359766	0.0054066928849622
2459669.6819705	13.956942690980853	0.0065047424124154
2459670.7575502	13.884992740302769	0.00633442262019
2459671.7606369	13.90795226303139	0.0061333338465674
2459672.8809246	13.3099748437739	0.0056143233106904
2459673.90077	13.57287160227133	0.005244800194143
2459675.8950498	14.083388795478744	0.0062461542185065
2459681.0014193	13.813092740623844	0.0062482567840729
2459681.4709783	14.00108399581577	0.0101788537202121
2459687.726331	14.025312223510504	0.014670602400137
2459694.6070619	13.941496519711263	0.0066308435025412
2459698.7940145	13.561362482155776	0.0043206582682395
2459702.7783578	13.418568115045478	0.0055266017508106
2459703.8586368	13.836952341313506	0.0060032905092824
2459705.9053456	13.564096895361956	0.0053354919728856
2459707.7890909	13.422252436302058	0.0047003653519027
2459709.7734567	13.548840640411813	0.0050294476333479
2459710.7549666	14.171407126537536	0.008015818674506
2459712.9801871	13.990711026291049	0.0087273249619009
2459712.9814285	13.955746855239733	0.0125474633699279
2459720.89496	13.815568349601142	0.0047190723032977
2459721.5363005	14.014220236844428	0.0057722112812673
2459722.8520767	14.200460835937832	0.0090742177412661
2459724.6430958	13.933723670066412	0.0063215311114928
2459725.8505904	13.99983090373496	0.0053808866013767
2459726.8551506	13.998451885651969	0.0036920104658495
2459727.4176022	13.775783182734544	0.0050096879884172
2459729.6126715	13.84749247515871	0.0051679163547815
2459729.6139118	13.833297260347642	0.0052123561783273
2459731.4409844	13.938104072055356	0.005674705881692
2459732.8643327	13.863283258424428	0.0044767621555658
2459735.7600156	13.57093200222484	0.0063240419734363
2459737.577271	13.995649778385069	0.0055790653802204
2459738.8690614	13.505743903303314	0.0036154431617091
2459739.8270329	13.721070309053893	0.00725320622447
2459750.2617739	13.809423437108062	0.0050404158939738
2459751.7387703	13.85594165600792	0.0072119843097907
2459754.7994778	13.55591632243087	0.0045614655104763
2459756.2058182	13.771161588442984	0.0040633295263619
2459757.7436118	13.366423419085452	0.005578218213512
2459758.7847398	14.17686988117908	0.0084936686991866
2459759.7801331	14.104228808586535	0.0077371977874746
2459760.7197266	14.036967156477491	0.0051904662979175
2459761.7139929	13.988970424627157	0.0051740772584921
2459761.735156	13.528069829324323	0.0034686253774314
2459762.735729	13.860737270944307	0.005556219089517
2459763.723285	13.768862607886136	0.0073246723353186
2459763.7635622	13.737296230601403	0.0073056003061671
2459764.7572539	14.09458938467598	0.0071520769774478
2459768.2166427	13.820564998980618	0.0064626088158346
2459769.7339171	13.756854956719485	0.0102514059606216
2459773.460104	13.99527118235928	0.0103664506547286
2459777.2044231	13.946001176564256	0.0071720434700192
2459781.7707091	13.735922432128636	0.0060716412673713
2459782.720722	14.210385906916503	0.0086653835893171
2459783.6525309	14.040620337282885	0.0046576808791783
2459784.6087275	14.057814411422434	0.0043292898876051
2459786.7132218	13.49096118954954	0.0027856996848385
2459789.6170626	14.068169948904792	0.0056921435218508
2459789.6183037	14.076779588022037	0.0062484795624292
2459791.7212796	13.526637861099	0.0043414182348101
2459793.4752036	14.14475657414514	0.0068534997734324
2459793.4764902	14.163968983916533	0.0068798638019219
2459794.6529308	14.223215016566366	0.009138080286364
2459795.6663391	14.176318965134826	0.0079005844872965
2459796.7248612	14.312461236000829	0.0131302506552615
2459797.420646	13.920990897891476	0.0118793626111549
2459801.2660534	13.731789816976804	0.0125001473706023
2459806.5559544	14.173629424495063	0.0077459554839152
2459807.6333358	14.169126178122491	0.011244572923454
2459808.5793491	14.117433120737257	0.0063645755440956
2459808.5806358	14.132515569251725	0.0075276285477077
2459809.6159502	14.078659090148683	0.0050481706704366
2459810.6222792	13.858380612389915	0.0061335190386459
2459811.6297634	13.72964033157728	0.0078482415746502
2459814.4784746	14.000238523642665	0.0049006886295821
2459815.5504699	13.935882445116944	0.0053476350527938
2459816.5923278	13.879674887455764	0.0068516304188598
2459817.6084721	13.671827011809023	0.0072113640540121
2459818.6465977	14.019258488334447	0.0050359422757522
2459820.2936158	13.824294439431393	0.00350244280292
2459820.294856	13.830021385806344	0.0053527591658619
2459821.5661141	14.02750154283525	0.004068657950051
2459821.5686862	14.05472603105661	0.0070797116099822
2459822.5837693	13.837049637311276	0.006390735367901
2459822.5850097	13.86049243602538	0.0097053157341787
2459823.5860758	13.751008061703748	0.0069401747166022
2459829.5212638	14.100767837471368	0.0148584225380593
2459830.5417858	14.132523802049292	0.0124668488474728
2459831.3155574	13.749426745317384	0.0186108465569186
2459834.5509663	13.89873995413758	0.009849844670552
2459836.2923995	13.80806922423282	0.0053240763727117
2459837.5081812	14.033631773707247	0.0054635341495651
2459838.5109589	14.119565465288598	0.012810809701569
2459842.5342576	14.184847434022949	0.0085809472740306
2459843.4981622	14.159324159633176	0.0083232523372057
2459844.5134122	14.084881451668688	0.0047616144556115
2459845.4820594	13.889783818460844	0.0095485703336629
2459846.5086735	13.750067679954686	0.0075708332765986
2459847.4969302	14.022347085985125	0.0043127345424421
2459848.5134114	14.06437276821745	0.0062380537447196
2459851.5042742	14.027174784325831	0.0056833715501181
2459855.5049379	14.09028382567972	0.0112104030018313
2459857.4909835	14.029693826665008	0.0112770782407748
2459964.8669825	14.173697801135452	0.0126057192787608
2459973.8633505	13.84176554530309	0.0062650260482287
2459979.0317354	13.577999948387824	0.012540862619811
2459979.0341931	13.484016407313051	0.020472401142262
2459981.0204071	13.508996105709958	0.0142176945452292
2459983.8900594	14.141581908893084	0.0340637300425393
2459985.8286565	13.955063702498116	0.0166310483447027
2459988.5666535	13.80419552056781	0.0051437405218055
2459988.5679055	13.75703415311009	0.0125705332779711
2459994.7971525	14.184150347207565	0.0086522676350213
2459997.9032563	13.982844974894324	0.0313691848350482
2459999.00807	13.530003964998286	0.008542502368381
2459999.8642615	13.883961501769653	0.0058880312650645
2460001.8116747	14.086719487853554	0.0082113958565229
2460002.768199	14.040345188423249	0.0043565631853857
2460003.7922624	13.886122722320264	0.0063129997683355
2460006.5941082	13.863171720736634	0.0039080494664103
2460010.0095877	13.344561576391094	0.0237946722753605
2460013.9487605	13.605403150217148	0.0115011957378217
2460021.7236574	13.8991246585414	0.0067540501127918
2460023.5258571	13.86836907076778	0.006709037056542
2460025.4793016	13.595533423778203	0.0057276576011286
2460026.8021447	14.05023843899472	0.006352794834952
2460026.8395831	14.103089644861278	0.0058358003592704
2460028.9182164	13.5192961645785	0.0030276393435417
2460031.0476829	13.860189201039224	0.0040471357220236
2460033.8374736	13.984763059343887	0.0044754862901799
2460034.9322725	13.53873541584475	0.0041551804574996
2460035.8190272	13.680523551013597	0.007068934895688
2460037.4660626	13.635383462863253	0.0071747226886436
2460038.9083538	14.094700923463195	0.0079008093529612
2460040.6524524	13.859197355338347	0.0115973027045517
2460046.7764234	13.957616256027016	0.0108715231243271
2460048.7415703	14.149688142939718	0.0097764463908278
2460049.8997992	14.0191730282438	0.0050467620741185
2460052.8294966	13.9456235036759	0.0049262953132219
2460053.8095869	13.846900018288078	0.0069381992641276
2460053.8498067	13.87230220799438	0.0059657480764796
2460054.7238388	14.108550534200695	0.0072817651999294
2460056.7181803	14.00786378310032	0.0044850106308808
2460057.6569406	13.898946152088191	0.0059050325158824
2460058.8344814	14.04549878672868	0.0049879125052211
2460059.6733331	14.1235808652747	0.0075439317979613
2460060.5006536	13.921345588952004	0.0055775981408343
2460065.8310562	13.87686640679959	0.005903610842754
2460074.6973161	14.085290614408429	0.01138365683135
2460075.7729342	14.169167020776792	0.0151403456291014
2460077.9747265	14.023203504558008	0.0064779667220446
2460078.7001299	14.181134275877898	0.0083005873511387
2460080.4755125	13.689068616252772	0.0050807125806045
2460081.4710475	13.7989486076903	0.0039643070577265
2460082.4793967	13.972865371269585	0.0079104810515465
2460084.4632773	13.860425167680708	0.0034091606516436
2460085.6781652	14.141060497268803	0.0077042861200065
2460088.4521036	13.947201795725093	0.006150653597752
2460090.9344373	13.88774749196278	0.0039876834738292
2460091.3466414	13.695477609950888	0.0056531704489542
2460091.5504521	14.074205528090072	0.0080983079967902
2460091.7488902	14.166541267651802	0.0078922903058735
2460091.9227407	13.782417940099156	0.0078599154636207
2460092.3161494	14.000937566540138	0.0080846784707187
2460092.5779973	14.0786952794795	0.0077683789287791
2460092.9270019	13.647997301668717	0.0086451525980994
2460093.3381328	13.958339118225409	0.0075533237427808
2460093.8809946	13.997246656630567	0.0075952245946505
2460094.5383883	13.85437004235007	0.008169014443368
2460103.7424266	14.147976060013756	0.0140406016417429
2460103.8950557	13.764821376740317	0.0062911685476299
2460104.899211	13.678211616800716	0.006023615231776
2460108.840071	13.830937416246718	0.0047127248532526
2460109.7332729	14.119498853271782	0.0080700696266192
2460110.8093445	14.109152259005032	0.0108458135478407
2460112.8869921	14.005534207174042	0.0060709949630937
2460114.8798759	13.899192490618448	0.0032714842017166
2460119.7034677	13.875371265073852	0.0056027255427008
2460120.7502481	13.8969233635865	0.0060177889699857
2460123.6028726	14.035097798105063	0.0073224775475874
2460129.5061576	13.866946866933349	0.0284428691660998
2460132.7847894	13.886931794940494	0.0040534247083087
2460134.8227459	13.681119567509429	0.007616029053242
2460136.6820822	13.958255405336033	0.0065231053654785
2460136.7306735	14.08318239211506	0.0074538838177241
2460139.8023217	13.787506221496717	0.0053664046242437
2460141.559137	13.964247278930578	0.0049347895169663
2460141.6071959	14.052364484449102	0.004763558987472
2460147.7703264	14.068668402817758	0.0077653464496775
2460149.5163912	13.693014740951623	0.0078902704331585
2460156.5114455	13.862233346909695	0.0101823442227143
2460160.7504986	13.96477655783071	0.0061266439804511
2460166.3875602	13.604725822101551	0.0059747911996477
2460174.6424578	13.41207364807373	0.0052002408730432
2460183.6367818	13.527621729169862	0.0160518723940624
2460185.3043667	13.934185340036525	0.013412872735826
2460188.6423912	14.0865204444413	0.017900803298955
2460189.6361928	14.061496453882192	0.0140027126154043
2460194.3096478	13.834371709124095	0.003842645024661
2460194.5983701	14.051984654335175	0.0078889138231114
2460195.2882268	13.639730521311966	0.0062727392722824
2460195.6105472	13.553443428250468	0.004830150994799
2460196.6100501	13.542071511582074	0.004307253326557
2460202.3083688	13.588691543087164	0.0061417538735711
2460216.2665291	13.919324876294146	0.0135665121087745
2460218.5057881	14.391554035008848	0.011039804165782
2460219.5177554	14.325416144740114	0.0090914940731466
2460220.2814314	13.576196374012383	0.0063366623809474
2460221.4981516	14.173688041785326	0.0056369714766406
2460223.4834063	13.96843967245976	0.0173779063717689
2460225.4844578	14.29847718091224	0.0186087949236456
2460226.2333498	13.70968604764066	0.0108752115481647
2460333.6190505	13.77649445051659	0.0292957126383106
2460334.6149124	13.68953284173889	0.015615182416953
2460336.0344501	14.120952992931382	0.0211484618284817
2460336.6102289	13.978289988973836	0.0161120507901498
2460338.0281508	13.99082935410409	0.0167041397193605
2460341.6076147	13.565942794112978	0.0081714689779885
2460342.6172906	13.92622894600526	0.0144879088057567
2460351.6086355	13.82824763443017	0.0043007461464006
2460353.6109203	13.60008414963232	0.0062061761540408
2460354.613891	13.876249600319811	0.0047934603821669
2460359.5627684	13.564444548212771	0.0063530126636885
2460360.5542953	13.948202766652532	0.0065454678917256
2460369.8551688	14.297269580572046	0.0114858681832719
2460370.8171703	14.420747790829711	0.0158817768774424
2460375.8467193	14.193501748443731	0.0088031187149475
2460376.8030592	14.36510154144318	0.0086402923432788
2460377.8522649	14.344564323764684	0.010197485813928
2460378.8442783	14.287763174336172	0.006590413045608
2460380.8786801	14.109983990649726	0.0071084812632772
2460381.8264849	14.26322809373326	0.0049855973717086
2460382.7952222	14.415710945608309	0.0090253127879385
2460383.8435278	14.358199275056334	0.0086438177952085
2460384.8427613	14.341895643436368	0.0071434968402931
2460386.8146734	14.015999289122362	0.0075079547379762
2460387.8592334	13.881618603694982	0.0086441483088522
2460388.8094359	14.442371274519775	0.0109262176779281
2460392.7330473	13.969805244099405	0.0160837672668615
2460393.8652575	13.922889168438966	0.0113686772804644
2460394.7491871	14.44190368681886	0.0445065012660921
2460402.8232264	14.402584977848782	0.012000735374303
2460403.8624127	14.30514129183168	0.0065806025618425
2460404.8421715	14.152922189107054	0.0074404588067179
2460405.8670608	14.0058985467952	0.0076378596975275
2460409.853543	14.29355948856418	0.005465160687537
2460416.7739463	14.06928939123218	0.0080228163428402
2460417.710716	14.431216593264857	0.009979556175922
2460418.8152662	14.338858058260447	0.0074617518879076
2460419.7846059	14.348211009461592	0.0092257360018267
2460420.6930572	14.226841695038546	0.008722787789104
2460423.6457683	14.407911149051698	0.0214169562105128
2460424.7117252	14.305123921407514	0.0422375438523491
2460431.9928484	13.783827741489072	0.0061306990472961
2460432.8897631	14.100493388780333	0.008377172508436
2460434.9639013	13.94374198889074	0.0045603804274481
2460436.8386911	13.68494871609162	0.0079666118540215
2460437.9148165	13.683863007180088	0.0079010537199534
2460439.5870565	14.01268518450972	0.0079692021408728
2460440.5777266	14.37376694838833	0.0081313614002447
2460442.8418825	13.923928368018954	0.0085023324164221
2460446.3473727	13.888190207125607	0.0076697987270161
2460449.4637875	13.76418556477728	0.006553333620022
2460452.9463003	13.944099328780922	0.0162991785085238
2460456.7285227	14.438997712515638	0.0351401324236147
2460457.7309223	14.240236834060209	0.0114109656757
