2458013.5466439	15.39780608362748	0.0161984063974972
2458014.5504207	15.70723235320319	0.0199620934947574
2458014.5941612	15.863108265581324	0.0272058310593447
2458015.5506492	15.322587486137651	0.0165503448862128
2458016.5393763	15.769071030068664	0.0234658373269222
2458016.5651599	15.80255984425797	0.0232910373657105
2458018.5648954	15.702501975565475	0.0225743492703833
2458019.536853	15.514826532305142	0.0189396747461564
2458019.5626275	15.52514415068751	0.0146806863420969
2458020.5225109	15.641472540368037	0.0183202066311907
2458020.5483175	15.408933260150016	0.0176609373300998
2458021.5081873	15.600824449187805	0.0205317278614886
2458022.5049157	15.430803978632031	0.0198912942744235
2458022.5417894	15.27906351549855	0.0177814697198462
2458033.6630099	15.55018039257256	0.0450023262466853
2458033.6969036	15.843358154148408	0.0705065555074836
2458034.5360211	15.612871702336736	0.0188097416467577
2458034.6612061	15.224919528209249	0.0358857166070168
2458034.7077441	15.35210197840552	0.0430525928293854
2458035.5180668	15.508758206668388	0.0185614485346484
2458035.5697107	15.662499461815887	0.0222046713404201
2458035.6370679	15.806842691067711	0.0359681693581114
2458035.6796656	15.768736627733988	0.0564281715505288
2458037.5170061	15.684275270421912	0.0205054002134303
2458039.5644481	15.801621476418273	0.0337983576815549
2458039.6456164	15.410145624145976	0.019925973699221
2458040.5095441	15.35052729851428	0.0190836901528933
2458040.5537934	15.43613100163788	0.0199112969601508
2458040.617696	15.63729043024736	0.0219873665028084
2458041.5100552	15.83183933242859	0.0301869093035319
2458041.5580609	15.644698612093428	0.0188772113273829
2458041.6171797	15.314254240163311	0.0196473646549336
2458042.5069323	15.46195548938967	0.0184845563390266
2458042.5751009	15.681972814007247	0.0211765971144497
2458042.630409	15.782150026666615	0.0317297820399092
2458043.507496	15.673666101721452	0.0225975686606091
2458043.5518341	15.401823598155138	0.0190517830543719
2458043.6007167	15.248735077371244	0.0200293530269336
2458044.5495632	15.705394759644635	0.0571371217594789
2458045.5492114	15.287797785656176	0.0222274008344171
2458046.5165133	15.793259918224564	0.0274256191829991
2458046.5497546	15.829383129954964	0.0272267379897579
2458046.55213	15.684872221287756	0.0355550149819947
2458047.5277614	15.362806293978348	0.0171913319089448
2458047.5462625	15.374371798112126	0.01875695263314
2458048.5434642	15.74695107179206	0.0252763675043507
2458048.5468092	15.93339812158393	0.0647062951455717
2458048.5483742	15.956038266189989	0.0720695946040736
2458049.5580845	15.640698269394065	0.0206558431072208
2458050.5299605	15.517762761837153	0.0213211501235178
2458058.5433464	15.64136532912948	0.0513307330181672
2458059.5709504	15.15699692508468	0.0501239191866019
2458060.6181335	15.509751614809078	0.0753542410225736
2458063.5269695	15.459519767416852	0.024011415390954
2458063.6199488	15.722307315202125	0.0494349995676315
2458065.5099437	15.523704566806408	0.0284914050746347
2458065.5173005	15.527033762323178	0.0218292834341226
2458067.2641032	15.60911546111969	0.0237268688494571
2458067.5038363	15.73275234529419	0.0556989441729612
2458067.5625937	15.761619662116214	0.0464571761660653
2458068.253756	15.590088377632688	0.0444378654347157
2458068.5082314	15.343696760615051	0.0315124750349713
2458068.5658666	15.3461121515045	0.0208009651306102
2458070.5096191	15.368456240561756	0.0352994595613902
2458071.5065748	15.744319325105744	0.0598193896966602
2458071.5463377	15.740975757142596	0.0300263439461528
2458072.5349618	15.649498210334718	0.056361864210608
2458074.5418482	15.674334147933298	0.0308387119004463
2458086.5806304	15.62435353173084	0.0631322726339375
2458086.5883669	15.821234865748009	0.0909755638372719
2458087.5663845	15.34496220667002	0.0406393407597386
2458087.5739372	15.303191837184231	0.0339572457386568
2458091.5549511	15.232695324976348	0.0573086197609291
2458091.5661013	15.327129326772935	0.0616333918066463
2458092.5513527	15.611935461857104	0.0302077235702412
2458092.5625235	15.812017767632875	0.0509186071961494
2458099.5411462	15.805448979464565	0.0715574662958464
2458100.5376134	15.569927570694922	0.0530072591319748
2458103.5383897	15.355338959216857	0.0516717936069629
2458104.5373982	15.64988211354115	0.1094340621709588
2458196.9100952	16.115537672812724	0.1381667826881401
2458197.9055109	15.504072522778392	0.037912798680085
2458197.9091951	15.429245467034098	0.0623052329592066
2458198.908445	15.683253272782428	0.0528674996824796
2458199.9038259	15.671996649432208	0.0352901315745318
2458203.9004857	15.88370229956694	0.0309899469568875
2458210.892274	15.934046203390224	0.1387942614061033
2458211.8876634	15.438843320694469	0.0452217676449511
2458216.6298365	15.532996368899507	0.0290656238412664
2458222.875517	15.527482286322735	0.0228690528673296
2458223.6528454	15.564221301575664	0.0234628436824068
2458224.8776971	15.738466965883152	0.0306735543289355
2458224.886439	15.610838365750404	0.0245400362022845
2458225.6268023	15.585868156021403	0.0183852082561933
2458225.8856855	15.392686496791056	0.0261247971838846
2458228.5895406	15.230102694074262	0.0194856544504928
2458228.612918	15.304086012172784	0.018978496108583
2458228.8441973	15.602123274625193	99.99
2458228.847878	15.822590282286946	0.031454817028935
2458229.599802	15.61771263902443	0.0326178879850169
2458229.6010364	15.749126377033429	0.0296298959441239
2458235.5661545	15.344936401436708	0.0313700005047667
2458235.5786416	15.265470569913909	0.0287904910883103
2458241.8215798	15.369683863469684	0.0363193015991407
2458242.5483049	15.425883560420978	0.0413664165605542
2458242.8627511	15.72579195237616	0.0494374772022162
2458248.8858743	15.321405218432876	0.0222065541193957
2458248.9186161	15.461173193095428	0.0328617421729624
2458249.885455	15.844921848320606	0.0310191479151213
2458250.8323667	15.33813378760823	0.0229848411916317
2458252.8177696	15.465991597404038	0.0271789317663394
2458254.5449974	15.718020797608204	0.026324751102485
2458254.8133131	15.5852789054164	0.0290301839780738
2458256.5515689	15.573138916460934	0.0172179196684313
2458256.8039354	15.769425169695484	0.0305219085436538
2458257.5242203	15.557061789567404	0.0184690575724277
2458257.8786401	15.51109575504051	0.0216920951537425
2458258.7644339	15.686218284123624	0.0240167088240488
2458259.7575582	15.350126829513782	0.0196702805307182
2458261.7609166	15.399771773692404	0.0206889422008875
2458263.7455018	15.451573590032249	0.04035164008435
2458264.801825	15.340811637343574	0.0327508092617864
2458265.4841754	15.703157091357587	0.0433807723302195
2458267.8878067	15.38629416866276	0.0765635790200739
2458267.8890164	15.133471437637766	0.1003569926868853
2458276.8717021	15.317961501082785	0.023056497928126
2458277.7318652	15.404091963203502	0.0184616133935964
2458280.4945959	15.491867378028555	0.0159214028840841
2458281.4787243	15.578109963862197	0.0171815135998952
2458284.8193294	15.612083464646876	0.0212344438719646
2458285.8311976	15.279182937942783	0.0208415280629072
2458286.4794491	15.796531970473428	0.0294226434156182
2458286.5121747	15.786775755501983	0.025891588540408
2458286.7792316	15.696427621186652	0.0252870860991181
2458287.7963161	15.317491145103869	0.0197707998530116
2458287.9466955	15.860249482355254	0.112853667872159
2458288.8574267	15.784548994023028	0.0294676311297345
2458289.6756621	15.451528937795162	0.0251792126438915
2458289.7464911	15.28788641307406	0.0205109777096726
2458290.4087185	15.62486979048684	0.034090947543727
2458290.4157397	15.724816107589223	0.0314018810103923
2458291.404511	15.442121879450475	0.0259634911249389
2458291.4086779	15.499981213413692	0.0241395459668897
2458291.6676305	15.224959178629875	0.031659961389463
2458292.8619568	15.30782478058418	0.0189486259450785
2458295.824431	15.82229823738329	0.0484334744099599
2458296.8134228	15.338019689313452	0.048989345791926
2458303.4601757	15.387521569886465	0.0308614337017773
2458303.4786268	15.41978365046175	0.0314283318586948
2458304.4604618	15.50445396954736	0.0205526165381763
2458304.6187973	15.552717124445572	0.0217172367250673
2458304.8031826	15.844799437790176	0.0519061127336008
2458304.8887155	15.425346712540724	0.0442816147438066
2458305.4247309	15.55523816895916	0.0156726113054537
2458305.6087204	15.698289374150942	0.0257871592090381
2458305.688713	15.356782177684272	0.0232173346029472
2458306.4217929	15.440950933031456	0.017899286141119
2458306.4650608	15.286813155248314	0.0169438767252767
2458306.7147608	15.88822700947386	0.0298762300872599
2458307.4222099	15.61960713520599	0.0204591786448717
2458307.4613403	15.794358956825576	0.0234271394375535
2458308.4185818	15.31010258883219	0.0179673736917743
2458308.4579794	15.290462076526332	0.0186122832292002
2458309.8093538	15.823489750187846	0.0309553363199359
2458310.4132307	15.310927981024902	0.0208254827667835
2458310.7934854	15.307488903963591	0.0205063147387233
2458314.8258803	15.657716216280123	0.0216579090936862
2458318.3455402	15.761222767288892	0.0644294561789452
2458319.3304694	15.270267568682147	0.0281203828518399
2458319.3371172	15.356640491074034	0.0219609842153234
2458319.6303828	15.653264256190308	0.0357909106231135
2458319.7590317	15.3675170943033	0.0197701087642077
2458320.3233319	15.814186887840076	0.0441500405315311
2458320.8761664	15.326825232437642	0.0196345167559577
2458322.8367525	15.300971657954916	0.0444576972356759
2458323.8007491	15.488871662040914	0.0672989283290685
2458324.3220914	15.505770881877726	0.0466214186297083
2458325.3340875	15.689411668902029	0.0905289606449407
2458325.3573882	15.5656562084521	0.0625513059254174
2458330.4769869	15.870338228116674	0.0750138514252042
2458333.3429303	15.28768759401686	0.0183567674687923
2458333.3760479	15.27886253245333	0.017454530957775
2458334.345276	15.688913479889266	0.0319177064837658
2458334.3866755	15.760188842037133	0.0277944807840296
2458335.7012323	15.21248339773761	0.0336378978012412
2458336.7450193	15.850849723686816	0.0404722872452802
2458336.7783075	15.62155912623706	0.044930340507126
2458337.3178747	15.470269070554076	0.0224423569775096
2458338.7887632	15.337862443997157	0.0245424115421269
2458339.3268774	15.579628343789851	0.0183747051982207
2458339.3785421	15.740286512390258	0.0218474812412921
2458340.3236405	15.449166689771245	0.0174424280985727
2458340.3754181	15.321178473152449	0.0168498989143362
2458342.8088037	15.589821503023556	0.0277111679334896
2458345.3516616	15.636224384617066	0.0170274975541432
2458345.5159433	15.514678526558807	0.0184991867088417
2458346.2638129	15.356472477811607	0.0194657419504085
2458346.3298472	15.486711712183212	0.0154595063697227
2458346.5050698	15.835829589646584	0.043037987470068
2458346.6430417	15.38555374641846	0.0210492366992016
2458347.7297547	15.390767619716776	0.0237632946813564
2458348.2387533	15.463881035665883	0.023925416257688
2458348.2867612	15.586490848618606	0.0231675309095451
2458350.5363242	15.348520537601576	0.0285959025432893
2458350.5737332	15.34402585284572	0.0311700514688735
2458351.6640127	15.323993059081328	0.0310260691351238
2458351.8675783	15.802572887761183	0.038429888155019
2458352.2363037	15.83235451162864	0.0582306777686059
2458352.4514552	15.265380987537997	0.0284891955596936
2458352.7388057	15.769590024763176	0.0571007969511452
2458358.4758285	15.910295249816176	0.0502857636830614
2458358.5539646	15.833988913066904	0.0760022698976184
2458359.2617388	15.596732419857725	0.0219868829289094
2458359.5134769	15.358705769104812	0.0236127273673462
2458359.6028801	15.797045384359864	0.0563813637607852
2458359.7155232	15.813072792514667	0.1170496155907202
2458360.2727013	15.331856881600311	0.0178771402351152
2458360.6031855	15.283119444366584	0.0264594699818354
2458360.785618	15.737949333490471	0.0536069245950208
2458361.7858068	15.35171929500291	0.0417202596132895
2458361.8083881	15.380619191011103	0.0556800860467983
2458363.56682	15.622671271093925	0.0186950938455104
2458365.2639812	15.34695237518461	0.0193413823101874
2458365.3195689	15.30475284269043	0.0162507889399727
2458365.7316019	15.349339859283477	0.0226255545293905
2458366.5906009	15.671552381666352	0.0636339624686681
2458366.7533403	15.757135211783115	0.0264498252239741
2458367.6091133	15.37638028939908	0.0218299367380628
2458368.6391954	15.810618336970617	0.0294326532787785
2458369.7479418	15.71129663327146	0.0264080488607514
2458371.3735402	15.769551764014064	0.0258333597502219
2458372.3518322	15.339379908947109	0.016094960674494
2458372.5813412	15.926449285966257	0.1030171435375932
2458374.7771078	15.57909831912124	0.0284629523353481
2458375.5861284	15.567860658444076	0.0588764426987027
2458386.694914	15.258714318161086	0.057038194095119
2458389.3647582	15.542713574859627	0.0375946675664328
2458389.7184645	15.83050972849489	0.1031108422061563
2458390.4287862	15.81952578866684	0.0377399349592827
2458393.3552048	15.347322651962614	0.0265520686486894
2458395.3943163	15.503779001262735	0.0161711885283523
2458395.3980329	15.552944576252992	0.0153354348773088
2458396.4000723	15.436173951423402	0.0224283019914816
2458396.5451994	15.354227591050815	0.032050879890364
2458398.3527689	15.378404435786994	0.0207542522274198
2458398.3604204	15.362128658581977	0.0183042918275082
2458399.2649561	15.482927128899885	0.0182288046213027
2458399.3606653	15.716890280116932	0.0259920641193574
2458401.3121588	15.78126211100253	0.0310385862342627
2458401.3195696	15.623302716723442	0.0206527798831219
2458401.7263576	15.701647982772467	0.0290831751389234
2458404.6510949	15.34823847057304	0.0225936504819502
2458404.6524457	15.382550033561362	0.0245039028071846
2458405.6943186	15.743563119363484	0.0457939979673983
2458405.7166203	15.681682103787956	0.0275934872711241
2458413.6220534	15.489796868675285	0.0468580398063778
2458414.6269676	15.776083795831202	0.0692770993314799
2458415.3750866	15.854444509836044	0.1092702180565409
2458415.3799547	15.733627596359057	0.0696071903295
2458417.5981049	15.503259937853318	0.0452660552126135
2458418.2836173	15.255431914068753	0.0192687783063498
2458418.3534718	15.40500679079992	0.0535451772247571
2458418.5920738	15.53995885855204	0.0406996504580891
2458418.6516759	15.698042455144058	0.0950427571854407
2458419.3652478	15.573930674540469	0.0551095982929948
2458419.6116384	15.730740199628222	0.0608873127302319
2458420.6132555	15.190368713366755	0.0315547522861703
2458423.60309	15.671114014572057	0.0358481382885699
2458424.2989203	15.716636753145634	0.0280135595774757
2458424.3321034	15.751185820975593	0.0250875285001696
2458424.6482669	15.540816274878637	0.0280902880898372
2458424.6630579	15.6501903747027	0.0262809829192876
2458425.5960378	15.598936827795018	0.031709701322774
2458425.6513576	15.307259407923826	0.0235019891136287
2458426.5934008	15.647806692885736	0.0281998860187201
2458426.6627068	15.862665723860747	0.0453190021775716
2458427.5863914	15.348696050969492	0.0266333760763812
2458427.6591507	15.328041382023684	0.0220646431210295
2458428.3360359	15.448680937615876	0.0167886650015363
2458428.5829636	15.8263389661264	0.0384806391120956
2458429.3352752	15.681470355138472	0.0228350498651465
2458429.3389169	15.72285442685294	0.0315026625842166
2458429.6346964	15.334779636193549	0.0287007501053174
2458430.5807122	15.807752633077303	0.0354171697451145
2458430.6492574	15.63814509211626	0.0267841920845898
2458431.337435	15.836710499478697	0.030803103955613
2458431.5765304	15.368629285847604	0.0232920718583094
2458440.6122355	15.936124029243024	0.0790358025882347
2458441.2719578	15.354973396111683	0.0442871854044283
2458441.5410922	15.628964476921109	0.0361868695000123
2458442.2677928	15.61386369908217	0.0577095947023376
2458442.5931092	15.32544171810622	0.0653971109205036
2458442.6005566	15.74182497264466	0.0735637228997457
2458443.2757997	15.511972184964096	0.055070944184837
2458443.5345489	15.37970020288035	0.0394629127776367
2458443.6078612	15.261729807329178	0.0398808919405845
2458444.2726969	15.811132703813469	0.0695416684396363
2458444.5351849	15.63732849072226	0.0565543301106093
2458444.60769	15.557287362879062	0.074912112252522
2458445.2735219	15.606494463939358	0.0496579813961012
2458445.5318522	15.156614830882235	0.0537604937278755
2458446.5288487	15.831192386336852	0.0805021947778768
2458448.5223367	15.739277891342518	0.0459797905246618
2458449.519204	15.487950767283271	0.045615465931062
2458450.5848727	15.339511113263049	0.0234553640777288
2458451.5662011	15.831931224642512	0.0574288979601675
2458453.5625239	15.65631313196166	0.0511777147480275
2458453.5832734	15.856017005555252	0.0506602705097826
2458454.581068	15.429098083209418	0.0265860851366391
2458455.5549487	15.762290342319252	0.0470280906768195
2458455.5771919	15.607827595133031	0.0249456847171444
2458456.5699338	15.537163281462584	0.0243870301824468
2458562.9057846	15.581787686759151	0.0640069498328293
2458564.907905	15.937359400831726	0.1101860686096863
2458565.9031997	15.36712300439029	0.0602506903132324
2458566.659865	15.238632908787109	0.0895756722494041
2458566.9023692	15.751876227986568	0.0660805856125199
2458567.9014625	15.424520388044623	0.0487992755079987
2458570.8937559	15.483633780692935	0.0355337616686278
2458571.6644909	15.644835560403989	0.1349042391622967
2458575.8856235	16.07594777228992	0.0516762010561041
2458576.6301016	15.769575976040468	0.0308002912768138
2458576.8810224	15.536813974503152	0.0263836575209463
2458577.6292732	15.338378885063268	0.0175770953533961
2458578.8739155	15.698599006766935	0.0370292481790889
2458578.8789703	15.691953294195876	0.0349361911621413
2458580.86989	15.66564893977396	0.0360508261595256
2458580.8750642	15.731627365413395	0.03128372942531
2458581.8730125	15.335169944743596	0.0248408375018189
2458583.8997092	15.48835493703898	0.026355895596745
2458584.6158459	15.351380545523304	0.0177468612365145
2458584.8603418	15.87828650623523	0.0388450422405056
2458586.6017036	15.384676439014273	0.0186837602811257
2458586.8448111	15.455274052261824	0.0207789941220785
2458586.8837753	15.42701632677054	0.0404732276478925
2458587.8831931	15.884522947274238	0.0722301074633436
2458588.8493173	15.296209515999646	0.0292049697896828
2458589.8510898	15.887505188276863	0.0352960353430624
2458589.9086752	15.751037520390618	0.0288702606320513
2458591.5923038	15.210636459066718	0.0478974570122007
2458592.5975872	15.634839631294028	0.065040860415877
2458593.8371411	15.821265274642007	0.0909550997326239
2458594.8634451	15.91097914172486	0.0859410021613996
2458598.5684856	15.29193334332749	0.0340891290292581
2458603.9201461	15.906454991020167	0.0475611148583172
2458604.9533707	15.66781933924073	0.0404990770283891
2458605.8602875	15.886362793216533	0.0343359557442015
2458605.9501688	15.311294911985282	0.0320455288940599
2458607.7950982	15.856483173731368	0.032270274286841
2458607.7995546	15.8039883883969	0.0347330682370165
2458608.7984672	15.445448637188354	0.0278542302430458
2458610.1102474	15.787928056956082	0.0301023142697493
2458611.9536404	15.366777661258592	0.028155741851498
2458613.5273791	15.619526529680623	0.0252981572156372
2458615.521361	15.707948315445549	0.0305337539621958
2458616.5227573	15.280272591030055	0.0182103532966888
2458616.5411145	15.273857981096157	0.0161497409395911
2458617.9345465	15.613253266847844	0.0384631680911309
2458617.9459174	15.728659851317728	0.0315336053803566
2458618.7862357	15.571109414811044	0.0418490081809233
2458619.9258987	15.639085046721156	0.0651124253824461
2458620.5062339	15.419200662755657	0.0461484463137796
2458620.7706687	15.329587587138205	0.0482925498841329
2458620.8959572	15.464314612069494	0.0427683647615586
2458620.9416798	15.637463051703095	0.1111109898878847
2458621.9184754	15.465102403913722	0.0661229247634912
2458625.7408083	15.996961744998302	0.0858936565869915
2458625.7486066	15.7554463266615	0.0654953529599098
2458631.0617974	15.70107737909762	0.0216660289458936
2458633.0541365	15.750601057328913	0.0260993662353348
2458635.0927635	15.790111830506184	0.0295247835355911
2458636.7214533	15.343048978829348	0.0180202133349601
2458636.8458627	15.503350426889476	0.0239891871639822
2458637.7825068	15.58691826946557	0.0176577693636894
2458640.7003268	15.432169877816516	0.026175601732294
2458641.7176648	15.774180066669352	0.0348354645844763
2458641.7290253	15.681640730409368	0.0322665681388505
2458643.7288238	15.332139187014642	0.021883408894495
2458643.7292489	15.45052825765228	0.0215438078721664
2458644.7790048	15.794493546689754	0.0376236007815864
2458646.6952044	15.662324136241777	0.041968143951948
2458646.7158514	15.82061310274238	0.0463944612645654
2458647.6852336	15.281242739988766	0.0429029104660915
2458647.7172718	15.372105159526742	0.0424298525401389
2458648.6808599	15.763649305965426	0.0738044730644977
2458648.6871939	15.840870887984057	0.0607147729240554
2458650.0127397	15.310737483077029	0.0368112996776265
2458650.6929934	15.508917032253583	0.055782581184557
2458650.8924177	15.786004594285703	0.142813005363257
2458652.6871949	15.500759631198893	0.0693816047468678
2458653.0169455	15.631166666822567	0.061787837987815
2458657.7811845	15.308514568908526	0.0319684314988575
2458658.4244179	15.730930835439375	0.035171912607986
2458659.8852879	15.617557149393004	0.0293722015873282
2458660.8984225	15.310734823798851	0.0324662328383617
2458661.4489879	15.644408854108562	0.0215603536393118
2458661.5428528	15.813864641816997	0.0467689149467792
2458662.899413	15.33338126506608	0.028936635422896
2458666.8199094	15.38871717431235	0.0246561170123767
2458667.7241636	15.809813726002568	0.0300874886391479
2458668.4307841	15.514961259248723	0.0163564438961878
2458668.6763292	15.321296744633866	0.0242762723629641
2458669.688377	15.677129959678233	0.0355063231167282
2458670.8383701	15.794021831768037	0.0407237421369892
2458673.4735324	15.486774974516692	0.0169473433048083
2458674.3521501	15.755430374023334	0.0336511466680631
2458674.4323114	15.69701714029765	0.0285950396691636
2458674.9620402	15.294074031580625	0.0188130982337795
2458676.5885904	15.554469363948682	0.0189621589709781
2458676.7553257	15.775644552002449	0.0340281765606335
2458677.7996664	15.677317276949148	0.0360462835380973
2458678.6184292	15.792935720575386	0.0808607247609444
2458678.6899533	15.667930470511855	0.0613026583865344
2458679.6715617	15.353243962275007	0.0442977064561245
2458679.7251823	15.87233846670426	0.0782163546284916
2458687.6960765	15.610572273058896	0.0374571642526884
2458688.9249846	15.171763332047078	0.0513689283015531
2458688.9359034	15.282482123509544	0.0184327948444521
2458689.9811009	15.72858602663393	0.0302820509029127
2458690.5249622	15.30074728515872	0.0168891828747429
2458690.5554897	15.330560048333195	0.019438592522127
2458690.975769	15.454880656224494	0.0205309708683025
2458691.6299744	15.452694970341682	0.0260358583851097
2458691.8052121	15.652848784563488	0.074247709188375
2458692.6949344	15.61750613624788	0.0166583253352112
2458694.6046499	15.81411498625694	0.0349099199411964
2458694.8121348	15.34686506019831	0.0244306397809191
2458695.7993498	15.820514860235637	0.0418045354927143
2458697.5882591	15.383279970830568	0.024771815267452
2458698.5502073	15.762244239160395	0.0252228297395669
2458698.5697967	15.843373105905062	0.0298625737169323
2458698.6167839	15.572960476086294	0.0223860815661466
2458698.6415463	15.205252064864494	0.0453408358218948
2458698.6681717	15.325109220486157	0.0232427709163703
2458699.3645902	15.654604537645891	0.021966565089321
2458699.8185812	15.41471964035468	0.0212554318591835
2458700.3768563	15.589451665014195	0.0175209011769295
2458700.5476051	15.567763158715245	0.0341612091575254
2458700.7458716	15.390456604130293	0.0323448041462687
2458701.8527299	15.336973279448763	0.0255833373201252
2458702.3934732	15.828792371162114	0.0296221485860757
2458702.4119687	15.749502356804552	0.0309723709096048
2458702.5581741	15.31487253173321	0.0290514515408886
2458702.8526731	15.687516383324326	0.0656132048105571
2458703.8921572	15.61506234734506	0.024761184369724
2458705.2884439	15.37788359377624	0.041263055940978
2458705.3444145	15.380953027715616	0.0295364180258665
2458706.8903168	15.14326322018334	0.0367709500141476
2458706.9050732	15.361559298434832	0.0270640490963313
2458707.7590138	15.478962021304678	0.0998845999922374
2458715.8525995	15.240050437305271	0.0609628057712308
2458716.5313678	15.502878544088311	0.0322800175632068
2458716.8927918	15.671371798350211	0.0294861582041865
2458717.4896204	15.587043746018118	0.0250876576974211
2458717.8883845	15.574966058370093	0.0194638454853571
2458718.4452184	15.809603239034171	0.0332457290901637
2458718.8877644	15.369579809546908	0.0215356853592791
2458719.4649691	15.582353583466514	0.0170078958390081
2458719.4841778	15.76920629871436	0.0318497312481855
2458719.8987631	15.707478474194158	0.027031006227229
2458720.5962912	15.469934687491309	0.0199553576105252
2458720.7850411	15.738303175329456	0.0431924589714594
2458722.3079173	15.780380087582342	0.0281148156132138
2458722.6314687	15.702201977550551	0.0276773138068239
2458722.7091599	15.764482435201815	0.0312373415711694
2458723.3030527	15.360835890469966	0.0183982612383906
2458723.4794799	15.638650269928952	0.0189246488128746
2458723.7131249	15.50650951046771	0.0286679222407133
2458724.6982355	15.56821966037832	0.0199510976710279
2458724.7103201	15.49405703061473	0.024598246864852
2458725.4689702	15.70158978805804	0.0898445219456374
2458725.7080555	15.6536434141342	0.0234915239604849
2458725.712213	15.672895060794668	0.0213863447764754
2458725.716068	15.756646917946505	0.0350998799629443
2458726.5083355	15.729985478038524	0.0292210624978362
2458727.5015327	15.27917997399572	0.0182114213966697
2458728.4571739	15.713876954182332	0.0248172040919235
2458728.8736973	15.765895882085168	0.0275975195133062
2458729.4777586	15.3101410239289	0.0323043837326642
2458730.4707205	15.84615767583056	0.0622979354443693
2458730.7260607	15.559468720028494	0.0258837696807304
2458730.7426826	15.463846576353506	0.0282387327321666
2458733.2540477	15.598820833209226	0.0240356466563496
2458733.2955477	15.417077191385172	0.0246181197866288
2458733.7944036	15.331453102379616	0.0244753910292665
2458734.4555186	15.442714510990095	0.0354947855963883
2458734.7099795	15.871287541900813	0.0636423304362342
2458742.6179551	15.61049977051791	0.0634197555430853
2458742.6407681	15.470241202649182	0.0440012945156179
2458743.6194976	15.50482515153285	0.08672834064838
2458743.6337902	15.76385098934055	0.0553422089095466
2458744.6113229	15.335604928503656	0.0294657209490872
2458744.6230302	15.388737666556956	0.0335127303101587
2458745.6061502	15.77558694986836	0.0367555840468988
2458746.6112832	15.342918613450829	0.0266867304656107
2458746.6311191	15.366938612720206	0.0234785533711091
2458747.3739604	15.251986069009114	0.0227147532362019
2458750.7165766	15.81074970150796	0.0379005666833971
2458751.7046019	15.309388276246148	0.0218027142183203
2458751.7128048	15.42634510586125	0.0244587759726284
2458752.6954667	15.85791240242322	0.0384219725440676
2458752.7015015	15.793598393696398	0.0411950509672097
2458753.2743111	15.357053264216688	0.0185559215166108
2458753.6478042	15.34408015235857	0.0272741015243163
2458753.7365412	15.62634640690494	0.0264452315418228
2458756.7909407	15.34349129387229	0.0181448917936063
2458758.6974612	15.23619285134012	0.0263289026345366
2458761.2557394	15.897083075485629	0.0454327883770369
2458761.7359068	15.41336717029814	0.0279886795443224
2458762.684699	15.603971533355104	0.0463781529074071
2458762.7468602	16.018808585512577	99.999
2458767.7060626	15.45217684209292	0.0769702907850382
2458767.7219093	15.357115240706433	0.072471885511743
2458768.7162024	15.346957565273629	0.0368826901024901
2458769.7123124	15.84105262059991	0.1468945053474668
2458771.3290031	15.743508425609727	0.0548600777934671
2458772.4017106	15.40667299440927	0.051175541854188
2458773.621611	15.605995433972645	0.0523849202755243
2458773.729352	15.925833517943095	0.0331149217458823
2458775.3885899	15.328002379008922	0.0206837572344098
2458775.6311903	15.721264653856544	0.0404033742113144
2458777.6386982	15.918772089804634	0.045356020147045
2458778.5658751	15.355126253186189	0.0205183703668291
2458782.5249776	15.530107597115585	0.0245898069843568
2458782.6290838	15.812550061832704	0.0314599081019664
2458783.5256222	15.659791756757762	0.0360361207459771
2458785.5319484	15.256212691909962	0.030564126302384
2458786.3574898	15.384597900505526	0.0166970449248533
2458786.5236765	15.82134745300536	0.0384969596468636
2458787.3577633	15.780484072738725	0.0331113461866191
2458787.5491664	15.403880066909448	0.029860966043985
2458788.3547168	15.410775289628614	0.0217202645081065
2458788.6037996	15.398201576444848	0.023422679346753
2458788.6685571	15.27463915930767	0.0325571185586297
2458789.6609028	15.75322052968479	0.0547446752782582
2458789.6645889	15.748446383674498	0.0362501412482767
2458794.5996082	15.58088582244503	0.0684387154720617
2458795.5874149	15.829613118820706	0.0784611843393453
2458795.5910889	15.710808673100493	0.0680712860390542
2458796.5880541	15.66841563040812	0.0700008956792361
2458797.5814387	15.335191028441232	0.0427285184685772
2458797.5893363	15.394644988337085	0.0617160917010137
2458798.5705425	16.124028578362633	0.1509076140441053
2458800.2955365	15.303345586090227	0.0448019949950473
2458800.3250869	15.237181790193578	0.045628362649102
2458801.2631252	15.51854208318171	0.0346503203837281
2458801.3187083	15.9250378829273	0.0877813238728147
2458801.5062319	15.235246513312363	0.0495093868775004
2458802.2972797	15.260272121259424	0.0248313432711163
2458802.6222137	15.450228881367764	0.0625300950946313
2458803.2941144	15.81727264549742	0.0367999145060936
2458803.2977731	15.870620788484018	0.0326877758315549
2458803.620532	15.664476235030252	0.0539177764225545
2458804.2947708	15.42528828857128	0.0193949550499309
2458804.6220847	15.352905183188216	0.0270573804750407
2458805.547966	15.670328649265528	0.0261532851302203
2458805.634597	15.724446728670651	0.0303867659848323
2458806.539437	15.357227684374282	0.0255176574673394
2458806.5750772	15.323352297113075	0.0249726136612564
2458807.5415516	15.77515692831122	0.0335978932110748
2458808.5343589	15.309962896433897	0.0180175460797278
2458808.5381823	15.34249405737323	0.032012139275786
2458810.5311824	15.45870222521109	0.0252375650481495
2458811.2705378	15.337474372360036	0.0315758283318841
2458811.6030476	15.39927465546365	0.0478096757698248
2458812.2637526	15.741502417402732	0.1014116973353321
2458812.5374037	15.47511557709768	0.0224550203322713
2458813.2683364	15.407627195390708	0.0218834807046133
2458814.2712719	15.605502263968829	0.0590734021121278
2458814.3202327	15.374674905677187	0.0253312838695677
2458816.5649487	15.8475907103722	0.0537694127414662
2458824.5476786	15.337828750712909	0.0433406398101483
2458831.5414533	15.3915904498389	0.0302473609434242
2458834.5836806	15.344189336600431	0.03266925598839
2458836.5837749	15.4038290100691	0.0343492246548892
2458926.6526111	15.700199170984	0.0769879020645257
2458964.950696	15.842174499560066	0.0420709453203808
2458973.1172523	15.85045107236548	0.0378537458657541
2458979.5238147	15.419051484653291	0.0542086720652661
2458979.5350121	15.341216519167672	0.0550952203611851
2458985.510171	15.78203061875697	0.0377813031711245
2458990.563636	15.71542003705628	0.0338030500508375
2458990.8936145	15.481782256266692	0.0231008068449104
2458990.9500457	15.626452760751468	0.043755918384358
2458992.4885423	15.685206359735556	0.0237248992777126
2458992.8920042	15.64670991914204	0.0257226952719784
2458993.0864266	15.391837925129169	0.0170667772789125
2458993.4996883	15.32857502265224	0.019976856089879
2458993.9037777	15.259937927710496	0.0237267424226613
2458994.086776	15.749942731427335	0.0279276180770926
2458996.8958476	15.69420479601118	0.0403994006721004
2458999.5248185	15.719536564534405	0.0231788713910835
2459001.4687096	15.663299939891957	0.0381382889085628
2459006.9529095	15.626034183301856	99.999
2459007.4468398	16.007460056445417	0.120770497549833
2459008.4941668	16.045036307349907	0.1766909922004343
2459008.5144224	15.732469765728588	0.09110494432428
2459014.0266674	15.711495640277612	0.0361311862802809
2459017.4681969	15.711394087360858	0.0258302018869665
2459018.6270645	15.743785431114	0.0274551014011528
2459021.006579	15.87590658039798	0.0360407313981617
2459022.4147115	15.41345005070342	0.0163639924560565
2459023.9949057	15.566367868816704	0.0423427642176468
2459024.4017811	15.576813453173973	0.0165000163435474
2459025.4122511	15.285903437262274	0.0183911443714586
2459026.7851946	15.649670332074471	0.0260054222640283
2459028.9750372	15.302598098641722	0.0173992800692313
2459030.9832965	15.459962813610598	0.0214046268310354
2459039.9501722	15.402339058195931	0.0402508095764781
2459041.9654671	15.693987787833272	0.0326879403193521
2459043.9815849	15.7593657178305	0.0336074406154246
2459045.8932722	15.723167928029753	0.0354034192434165
2459046.7557253	15.717062902934009	0.0299523255819481
2459047.9777996	15.389522267996991	0.020388686001439
2459051.908613	15.216750123661065	0.0200150621114319
2459053.9668963	15.411746328865304	0.0203891101082162
2459056.3025805	15.525804753910425	0.0345949924096511
2459056.8127776	15.790963901714566	0.0336335959683539
2459057.8924633	15.505086634971237	0.034779272108748
2459057.8936862	15.489237523252983	0.0349638992267832
2459058.7398737	15.859816742881698	0.0573343713101649
2459058.9192255	15.2081871697942	0.0337363586797168
2459059.8803738	15.486266976761488	0.0305191509409106
2459060.9201707	15.276047364545516	0.0266093522316013
2459061.8753531	15.64153620071889	0.0392438952341958
2459062.8836071	15.341347672147524	0.0394634861617329
2459068.2758293	15.347646956800748	0.0248012122859544
2459070.950465	15.454678268340636	0.0232359874215576
2459073.8218996	15.403642182112415	0.0263221198305175
2459073.8430416	15.511462421116494	0.0188720034897108
2459074.8486275	15.495993470188091	0.0309072083659757
2459077.831217	15.706210986398805	0.0314634911684615
2459079.8128255	16.014899901673413	0.0886519747826659
2459080.7946516	15.227614244928604	0.0360350316797099
2459080.8467056	15.459650775731417	0.0274513175735394
2459081.7417565	15.78343542879555	0.0449552146936965
2459082.8640554	15.836256466235872	0.0756828685902341
2459084.6833102	15.26073386929625	0.0366247296355424
2459086.8111954	15.735947198366452	0.0314348006095022
2459087.7963727	15.168891978445169	0.0298119891738032
2459088.8685621	15.540515128944165	0.030011840087493
2459089.8090773	15.519028685362803	0.0340955320866789
2459101.8446963	15.308088715185406	0.0171911438172425
2459103.8336587	15.42614262364618	0.0171615774024827
2459109.8062414	15.75845774231321	0.0240830072061252
2459126.7410755	15.304253612989996	0.0685853224712877
2459127.7341577	15.661279730026411	0.1137639623947456
2459128.7049582	15.127499423403572	0.0484200706398057
2459129.7492533	15.740373723154338	0.0728657322948345
2459133.7046664	15.366528287847627	0.0232723516898681
2459139.7226784	15.663100504762497	0.0226771515419658
2459143.7005981	15.915266845793711	0.0634573162956304
2459144.541126	15.647706475406428	0.0326534274285055
2459144.697269	15.296596967288895	0.0354784404194781
2459150.4995116	15.246109425869909	0.0475858914001121
2459153.572741	15.275293401677953	0.0512671516156552
2459154.3335418	15.290703170487085	0.0572539486845812
2459155.3508198	15.76780172218701	0.0745720179135307
2459155.6476421	15.341152064440964	0.0805004219912106
2459156.3324282	15.447860738876786	0.0398745060490173
2459159.6353547	15.626935734400409	0.0397843032213664
2459165.5090957	15.771843100624531	0.0360302987718168
2459166.5573682	15.498165431301938	0.0269582076316893
2459167.5246205	15.67543198921615	0.0360917409513545
2459168.5613996	15.6838697390137	0.0280104004936166
2459170.6081421	15.69979966108005	0.0427379125807518
2459170.6252289	15.813100617034957	0.0452286004455618
2459172.517937	15.77976709105392	0.052718415227678
2459177.5361844	15.81019813918682	0.0785970330039983
2459179.5667991	15.60604928363633	0.067532447568901
2459182.5206624	15.615270660945122	0.0893460334786011
2459184.5566295	15.762841074946142	0.0665478440943685
2459185.5775464	15.516170237309016	0.0700430482183953
2459192.5447036	15.32060663037268	0.0311457211885244
2459195.5509993	15.704674973477948	0.0340140690932832
2459289.9106262	15.445989993933615	0.093892247461154
2459290.9061654	15.65600029551284	0.0685217430875173
2459296.634954	15.577543870210434	0.0450649961648625
2459299.9040319	15.725223121767511	0.0342601577078615
2459313.5925444	15.57905146125333	0.0289280428052975
2459314.8607436	15.339313397698977	0.0344462334068515
2459317.5947776	15.324641855674932	0.02421689859999
2459317.8409963	15.93831554337951	0.0478193807851431
2459318.8351323	15.496475198870954	0.0323598943533526
2459318.8822474	15.641629297657666	0.0377334799274492
2459319.8218171	15.6075899284908	0.0272232054287564
2459319.8600506	15.476641047057338	0.0402452846689779
2459319.9038942	15.275679128867436	0.0198728729335507
2459320.9112924	15.851225171392183	0.0619019893875751
2459321.8437953	15.239844364902522	0.0229205392127736
2459322.5762626	15.444604681226304	0.028531988999984
2459324.9028854	15.373886516856931	0.0310050903585216
2459325.5741361	15.873423383552076	0.03898995556066
2459326.8171813	15.79341250822756	0.0469049528982356
2459327.5636064	15.802319729898096	0.0317040415933686
2459327.813973	15.624558535985418	0.0661181921835869
2459328.5468317	15.440037290309752	0.0288002527607483
2459329.8054913	15.504553726972482	0.0686505480203161
2459345.5731709	15.3235631670009	0.0239134982955769
2459345.7715025	15.740072925683142	0.0250822799736077
2459346.7728815	15.22137650857475	0.0226408428464456
2459348.5026831	15.763433849961263	0.0350715719576953
2459348.7506631	15.255882563139744	0.0214922760446127
2459352.4912632	15.683946470774035	0.0326836977162452
2459352.49894	15.83387926955947	0.0362850418088235
2459354.0945834	15.611407116031955	0.0284074131095135
2459354.9070598	15.280209831363845	0.0351501630439043
2459356.876774	15.311655535531797	0.0242012495387086
2459357.4888079	15.764924154599154	0.056245528842822
2459367.8579399	15.40269474242952	0.0342279951756014
2459367.9132128	15.524832116864014	0.0443545978760265
2459368.8422388	15.744505854219888	0.0312137732961375
2459369.8462146	15.46185455934072	0.0209712872562885
2459370.6810599	15.719253788047045	0.0324118305631366
2459370.8267656	15.68861205455493	0.0313309804553457
2459373.6904845	15.330338447316398	0.0303332777568948
2459374.6842237	15.780822602891549	0.0398855235936495
2459375.4444156	15.730139089167974	0.0359036932580535
2459376.469763	15.48106303303743	0.0233186698145754
2459376.5000716	15.587183165740289	0.0222001555154832
2459377.6777503	15.763280108206782	0.0420998480322724
2459377.6855583	15.671490437650156	0.0293188739431556
2459378.8159535	15.554834877867364	0.0295089937447076
2459383.6573995	15.90753833879694	0.0577950164038442
2459384.443862	15.62923237357224	0.024885535283984
2459384.4554762	15.635270372978528	0.0231273644552819
2459385.3991713	15.499285832825407	0.0683561178093982
2459385.4110242	15.450874037055875	0.0306678391073047
2459388.6305633	15.967386596621363	0.1626179622587411
2459390.5631038	15.748480944258128	0.0895535683518911
2459394.9411611	15.823429238991118	0.0858196629836033
2459396.7306862	15.471656983967366	0.0465217527162845
2459397.6922254	15.807089373344992	0.0524846358514965
2459398.9279088	15.221334952267124	0.0319544420133954
2459401.6170948	15.433005920286746	0.0244129470320896
2459403.8185321	15.9077938192521	0.0434778859590205
2459404.0002888	15.301456401345666	0.0180333684266198
2459405.6981323	15.571735140020586	0.0265601843884372
2459405.7310064	15.685727637957571	0.0249271830928618
2459405.7880295	15.739769602027584	0.0389780682862354
2459405.8515929	15.743426110284595	0.0442000409419218
2459406.4911891	15.68620567914207	0.0213377021132168
2459410.371952	15.608852866186966	0.0257906423562691
2459410.6773328	15.398151936702297	0.0327817628673541
2459411.3252418	15.71276524217753	0.036048450832409
2459411.9541323	15.619300119804238	0.0241734634981095
2459412.3294947	15.697845970180776	0.0214375321343165
2459412.4384725	15.787538297521298	0.0329174793306797
2459413.3153294	15.32719995500823	0.0337516200725991
2459413.3230561	15.451562593763358	0.0408704125802622
2459415.9433099	15.871461512061192	0.0475136507963866
2459416.8997547	15.341423408818716	0.0334033132413348
2459418.8324893	15.55151932956758	0.100558012172285
2459422.4403302	15.522702392031407	0.057502108785977
2459423.5001936	15.252183863441424	0.0404767412882996
2459423.714804	15.928615425066448	0.0615612230968857
2459423.8411226	15.339969971339473	0.0455826569800645
2459423.9462627	15.430985828889725	0.0253438419000979
2459424.8351435	15.84910113613746	0.0579044720309985
2459425.7684511	15.470689112207838	0.0320451349352297
2459427.6671501	15.709538725690743	0.0296518169542006
2459427.6868299	15.558580232289303	0.0334174070800951
2459430.7744375	15.722826881909535	0.0282832787575995
2459432.4982172	15.338118397437173	0.0195775860112655
2459433.5172487	15.647584472832346	0.0290441724842572
2459433.7852428	15.741934165794554	0.0342715022882787
2459436.7400147	15.27368306166158	0.023586345203215
2459437.9165227	15.30073481690284	0.0191839257291969
2459443.2701612	15.64731049184179	0.0476665506048109
2459443.2741024	15.685248544834405	0.0738122960354441
2459450.2459414	15.909716560977015	0.0648965131061436
2459452.7548163	15.418033374160142	0.0455659349415256
2459452.8043948	15.43696283093174	0.0191745893254493
2459453.645804	15.614167898898764	0.0330138592996315
2459453.6821871	15.87167926954465	0.0551780222469241
2459454.8563448	15.822361560307884	0.0316934920155104
2459457.3442571	15.305599049589915	0.0192258335992311
2459457.6255142	15.951710048157665	0.0396235598447981
2459459.2721289	15.393130063893722	0.0268630345807465
2459459.6555691	15.435010315515733	0.0284527632887575
2459460.5875017	15.449732981774488	0.023754977724465
2459460.657373	15.68975627967249	0.0309852173646705
2459461.5926449	15.512781786738694	0.0252229756235925
2459461.6555766	15.183031141447776	0.0382656616587672
2459462.3399218	15.70409439811488	0.0255641585817013
2459462.5326125	15.504619673243866	0.0328654691237924
2459462.6614421	15.839904930766265	0.045104208779488
2459462.7300109	15.701309471631824	0.0219176726452189
2459465.6246834	15.473755371981262	0.0218923299958546
2459465.8408222	15.669687256749906	0.0231478037309071
2459466.5841421	15.92067786881637	0.037613816853505
2459466.7138225	15.358169512090154	0.0299339585879113
2459467.3747844	15.799051247804911	0.035341083889422
2459467.729808	15.753172362572451	0.0456833493802849
2459467.7502451	15.873384140290852	0.0475573212059277
2459471.6693151	15.757953192614773	0.0334318162158112
2459472.2722877	15.456302518677154	0.0398124956631858
2459472.8056238	15.77875788105261	0.0474541145237413
2459473.336732	15.254369565794525	0.0402273746344016
2459477.5720549	15.373776504251772	0.0767834790397875
2459477.6366654	15.251588302848662	0.056622413018661
2459480.595733	15.58224086740286	0.0391385977730561
2459480.6143873	15.80899172263097	0.0652061238771609
2459481.3478962	15.66580115145693	0.0645510191064571
2459481.3674496	15.722148321292938	0.0380281665711462
2459482.3989623	15.329220601459848	0.0362259480918537
2459483.3241585	15.74294823642909	0.0308551376897441
2459485.7479906	15.261020901241205	0.0541327417247535
2459486.7455783	15.646708077400092	0.0497508276526727
2459486.7569746	15.670969720134083	0.0343911439597478
2459488.7962857	15.757964420435574	0.0303686469167554
2459490.6220073	15.590808525197591	0.0260961867377878
2459492.4236242	15.22139930943376	0.023956264325577
2459493.6754661	15.36991142233691	0.0298376452439522
2459494.5979141	15.773941138188796	0.0280417011444365
2459494.7345695	15.389219904670384	0.034585850738454
2459495.7429789	15.86657339600668	0.0550396534011071
2459496.6844428	15.368922946598664	0.0354234399648075
2459496.737965	15.239183556251351	0.0253860232551134
2459497.6338682	15.603383269033358	0.0310968438231713
2459497.7070734	15.806838095998328	0.0388512394676206
2459497.708315	15.781070446910734	0.0452795035726541
2459497.7146222	15.703753728488046	0.040906315108002
2459504.5005078	15.356803915888742	0.0535310659167916
2459504.7246987	15.940522985952938	0.0745416475638016
2459506.6479882	15.51900528756711	0.074948245802139
2459507.3087874	15.471947843296704	0.0518542329125404
2459507.6900445	15.40453668977037	0.0819968122204556
2459508.6163546	15.87028217642395	0.0986411862920534
2459510.5685279	15.82740709144186	0.0526648395401723
2459510.725851	15.29643161857994	0.0183840434922796
2459511.677976	15.626037370891517	0.0702418371357708
2459513.6465147	15.705380286004315	0.0320332372009218
2459513.6693873	15.51060429183327	99.99
2459513.7128615	15.799961569359509	0.0335781481811143
2459515.7082293	15.641531022585816	0.0277457813034766
2459516.6558161	15.28649911682432	0.0334100922196302
2459517.5500217	15.855354556266432	0.0330641933272532
2459517.6002089	15.819592506494844	0.0494067100340722
2459518.6739984	15.620029107097055	0.0257740108163241
2459520.6367287	15.689414534832371	0.028704450299564
2459521.5984398	15.458307769583712	0.0336478055051507
2459522.301134	15.667809515421354	0.0461763486128069
2459523.3027889	15.459296502346309	0.0236888496910041
2459523.6603982	15.281414049573767	0.0260274645523322
2459524.5469505	15.784153947080874	0.0418934025392705
2459531.5537106	15.633559756896332	0.0746298972717603
2459533.578922	15.454735213071585	0.0793428910234195
2459534.3169498	15.646286765692208	0.0716517310808838
2459535.5503951	15.89507181693113	0.1121095628654883
2459535.5992751	15.47503390994888	0.0650949967839313
2459537.5968531	15.07510192721912	0.1627644476408025
2459537.6121234	15.069007900916898	0.1665054575663866
2459538.601005	15.737431462792092	0.0999673133619176
2459538.6170241	15.931916232189671	0.1235479462341756
2459541.6004537	15.505696187429148	0.0362374132060443
2459542.2754467	15.2770619324295	0.0250710215675416
2459542.6321654	15.318347063145453	0.0318013332754893
2459543.2802144	15.775266676587556	0.0378994171949918
2459543.5224166	15.53090368663944	0.037187632312583
2459544.5488205	15.654333478475388	0.0675557180200174
2459546.5199159	15.522949781076674	0.0651760654918802
2459546.5280542	15.391654643537256	0.0301419485182712
2459548.5214371	15.400780045265186	0.0538296560738698
2459549.5818806	15.72628562525952	0.0341541167665431
2459550.5477808	15.28115506132784	0.0363392648027718
2459551.5789331	15.41548944213874	0.0261347567439871
2459552.55703	15.7178103400396	0.052301847526741
2459554.5668938	15.722037063721135	0.0386954369053082
2459563.5461267	15.904355330468036	0.1777119492962126
2459652.9044887	15.309316539443415	0.0537136438522063
2459654.9054036	15.399765904222946	0.0678353282116209
2459655.9021744	15.779484916473084	0.0816267776858903
2459662.9135559	15.717195174623352	0.1100126077970002
2459663.8867344	15.438008287649287	0.0438855587339259
2459668.8784808	15.215894841411444	0.0348805930947018
2459672.8706728	15.583444979426108	0.0600379207846713
2459673.8699789	15.23871811233006	0.0383822802122112
2459675.8644779	15.35347235832148	0.032906221751547
2459676.873647	15.80928122635054	0.0342126538662082
2459677.8591612	15.40040490917049	0.0253546430722106
2459678.8542485	15.827906434503468	0.0366410124688738
2459678.9878364	14.945662867771128	0.1150746813748769
2459679.8771227	15.558436975883511	0.0238439549728551
2459680.8746543	15.421721051136926	0.0259483264136616
2459682.637749	15.664071890627651	0.0303319003694831
2459682.8432182	15.419816640032131	0.0322256952809177
2459682.8445116	15.50026167997374	0.0401000596937388
2459683.8531316	15.828755225461066	0.0463072957919857
2459684.8460638	15.299868457662098	0.0518774892036399
2459686.8231419	15.223878634025612	0.0490295143637524
2459689.8146305	15.422278804288474	0.0691119543145823
2459690.8377076	15.48174880344578	0.0557330909437358
2459695.6778599	15.451725047596533	99.999
2459695.8084212	15.475273292132844	0.0365759228110684
2459698.9718454	15.515283227161694	0.0997258534099157
2459699.9610889	15.301895205747142	0.0328116519197029
2459702.5249167	15.78362869104238	0.0444154749291191
2459703.855567	15.448423667177517	0.0261561564391432
2459704.7820661	15.49684205471596	0.0275852073131043
2459706.7600826	15.612867637210924	0.0359521729556042
2459706.7613345	15.596785103027155	0.0557380059740347
2459706.7625747	15.696416074072356	0.0639015885633499
2459708.7715944	15.77696932586804	0.0359350555930689
2459708.7728811	15.899753869376031	0.0660185208046285
2459708.7741801	15.962371452529094	0.0846163857369477
2459709.8011004	15.44116909032658	0.0191109883316573
2459710.8104695	15.755179939265515	0.0392132449244838
2459711.5197707	15.673382168217326	0.0373167325059745
2459712.6290498	15.65609434324258	0.0252024931970637
2459714.5028806	15.319201583089498	0.0477067193561159
2459714.7673676	15.29596653317934	0.0441127472606069
2459714.7699873	15.637837343344962	0.1202546468103962
2459715.5146878	15.319127357380436	0.0904824909157952
2459716.5542191	15.343305603680577	0.06078035221423
2459717.7920059	15.738876685996804	0.0652406331573247
2459717.7945101	15.539903887658834	0.0921277781216673
2459717.8508116	15.546996648711923	0.0434369263644369
2459717.8521218	15.512919967380782	0.0712838127140992
2459717.8534085	15.626792318196332	0.0821362076130088
2459722.8078513	15.80518331380242	0.0418055652837386
2459723.8022982	15.43171744140164	0.030706311298344
2459724.6833118	15.610948641681702	0.0631960507327757
2459726.4612523	15.340057242682594	0.0239830887720567
2459727.880095	15.757972431947543	0.0436616107230499
2459732.8747826	15.474171474969443	0.0281497046046176
2459735.934395	15.441572807007269	0.021571204225199
2459737.4382375	15.34658883466358	0.0270092904936842
2459738.4490672	15.79142860467979	0.0322552092332214
2459738.9278193	15.24978645908929	0.0297031894856834
2459740.4409325	15.527459942106653	0.0410922616304965
2459741.4237392	15.698240450679464	0.0663382331655021
2459741.471264	15.76561810538242	0.0650256813079907
2459742.8349775	15.30372497262523	0.1419027088361727
2459743.6684518	15.58049268627718	0.0896128172860594
2459753.782972	15.31595951552027	0.0239926374565945
2459755.0089148	15.409956648944291	0.0179279304495667
2459755.5451188	15.803798926980864	0.0293318532383211
2459755.6697946	15.3373276085196	0.0236371519849408
2459755.6710464	15.349150411313603	0.0341283863894376
2459755.8800507	15.762805591048608	0.035742298270057
2459758.4620199	15.268992039099311	0.032075232306206
2459758.9219739	15.490855528549252	0.0232957795304268
2459760.3759131	15.33821525375538	0.0187982117107226
2459760.4267616	15.362390125343676	0.022635446128528
2459765.3485551	15.65404604700185	0.0295836181993508
2459765.3523123	15.572320562259014	0.0266121634688118
2459766.3620616	15.69805187688619	0.0321961317744969
2459767.4410493	15.359384548368034	0.0231308610877822
2459768.5934803	15.372869391542686	0.0239032273249618
2459769.3957682	15.350105297154077	0.0374903938777174
2459769.8789359	15.78801941439477	0.0349874662141647
2459778.5202832	16.434527444423008	99.999
2459779.9302694	15.406826137948212	0.0235084434902376
2459782.8631855	15.75699296911848	0.0382488575077387
2459782.892511	15.577491578227855	0.0462408994034537
2459784.9578205	15.379869013679272	0.017708647256991
2459789.7941856	15.7158466403605	0.0302936353830555
2459789.8900545	15.595160231786744	0.0197186646244366
2459791.8371774	15.574384605609753	0.0236648029877305
2459791.8594896	15.394665145245732	0.0282634776902162
2459792.7754886	15.428240740354278	0.0224672529490367
2459793.8174276	15.434860145237792	0.0208440301431698
2459793.8991089	15.285682032654307	0.0259327428181173
2459794.800296	15.582162647456055	0.0312175169819901
2459795.5244369	15.387595524743354	0.0323087102453485
2459795.7630092	15.440425140651264	0.0247229474017676
2459796.5553386	15.339861120177748	0.0230859887299985
2459796.6877957	15.519888080089268	0.0423383352193168
2459797.2727847	15.527272655432023	0.0185849510251053
2459797.2740248	15.71015051408222	0.0534531712240636
2459798.2731333	15.480905623192132	0.0505521098890893
2459799.6489413	15.43046873888382	0.033104147345472
2459799.6502186	15.44041746822452	0.038083064538457
2459799.7892025	15.51929355620169	0.0482523966002624
2459799.8461086	15.634269741333345	0.0268682687814377
2459800.8463342	15.316158592808057	0.0566836930887449
2459801.3126535	15.465597703525331	0.0903954911379129
2459805.669454	15.601038135200842	0.060899311471895
2459807.3861638	15.67561830950927	0.0472830167524796
2459807.5414746	15.33630125180188	0.0219071999489083
2459807.8065123	15.64119850982705	0.0445697665399719
2459808.4572835	15.674643595315594	0.0453404917142337
2459809.7681337	15.499948592149398	0.0252320635020119
2459809.9115322	15.370381266434364	0.0212214709809696
2459810.5908582	15.272186646196078	0.02013389995121
2459812.3091337	15.642559322077656	0.028283218137542
2459813.3758672	15.379351505478349	0.0236520286512922
2459814.4139994	15.696153505213193	0.0294498769600302
2459814.4442027	15.48363423817364	0.0332413442350376
2459815.256959	15.43142543009216	0.0176370275183665
2459816.7544375	15.641799919425958	0.0237834670271387
2459817.6130275	15.317752605901148	0.0200563134435106
2459817.8316812	15.87137882476632	0.0401743804989917
2459817.8329574	15.82227250609083	0.0445063172458297
2459818.365982	15.328872725997142	0.024192933028264
2459818.6122624	15.794627407686548	0.0260123938763948
2459818.6135027	15.800912783807284	0.0321009878661932
2459819.8946644	15.449981300255333	0.0243105405344986
2459820.3522433	15.448911147626475	0.0160210252281623
2459820.7921005	15.340585001996285	0.0278558046492986
2459820.7933409	15.35442990070158	0.0399496192277425
2459821.5673211	15.394175630769098	0.0232167526496543
2459821.6848021	15.693270762577406	0.0385519544433523
2459822.7089403	15.280026572465871	0.0185802108836057
2459823.5233128	15.350287418633782	0.021433709646321
2459823.7965167	15.457894077872911	0.0202753250635868
2459825.514592	15.499045360093715	0.0263751314472241
2459825.5176523	15.519705843159793	0.0268459260214143
2459826.521004	15.40878145486387	0.0294475583547756
2459826.5222565	15.339066617322084	0.0521386380275959
2459826.5778499	15.249359784574896	0.0241403830784042
2459827.7153155	15.362714821784865	0.0329270594289247
2459828.5147983	15.395165719487329	0.0546371098097737
2459835.4895201	15.65591116189364	0.0804813816042745
2459835.7222152	15.866842525607998	0.060449824261039
2459836.6976321	15.352790430803395	0.0298299198457815
2459836.8331773	15.589550831877226	0.0328674160843942
2459837.7065026	15.78009244527264	0.0421141676228979
2459838.6860946	15.290268857995612	0.0287565967760678
2459838.7743471	15.468808759734692	0.0226462676685064
2459839.7846902	15.33943617726829	0.0320516415859576
2459840.6559615	15.360061840025804	0.0239151766531917
2459841.6663377	15.742895372300428	0.0297154098754671
2459843.428476	15.45353865559122	0.0199536456674132
2459843.798742	15.35511983517486	0.0206318798431061
2459844.7023827	15.829839374860828	0.0361061578841647
2459844.7307773	15.818966879193754	0.0453716316363504
2459845.7315033	15.32726209242071	0.0247156527408668
2459846.7740878	15.344915138552324	0.0243191766034125
2459847.7746422	15.629463152404623	0.0285597122588039
2459848.7755331	15.235566251290123	0.0201360514810428
2459849.4040881	15.89477336903209	0.0323559316975046
2459849.755973	15.7347731579422	0.0411833166288643
2459850.5889109	15.872437814824414	0.0335969110391262
2459853.7549533	15.646580008070696	0.0299477059108148
2459855.5056682	15.490971388178776	0.0355432087238851
2459860.3607484	15.708045530756529	0.0912157072157736
2459860.6711705	15.647564793531624	0.0933006215596985
2459862.5840394	15.7806034026049	0.0685695128279582
2459863.5502351	15.424675523967776	0.0425881988186959
2459864.531803	15.765738677757668	0.0311720907874765
2459864.6954487	15.434555254964202	0.056870166086359
2459865.5679677	15.414147183483486	0.0260752309944232
2459867.7412693	15.81158914367821	0.0405448023150804
2459869.7401466	15.490575513845306	0.0213670164419495
2459870.594205	15.238443332372697	0.0203811838780305
2459871.6078367	15.691784439769933	0.024111521887242
2459872.642462	15.465467437071808	0.0238337208519227
2459874.369479	15.701619658499776	0.0398026757129834
2459874.6097127	15.571194834106524	0.0269075370940968
2459875.5933603	15.453992498880272	0.0165481405637835
2459879.361799	15.672034535180824	0.0353914339975567
2459879.606137	15.333291312837948	0.0211336667167929
2459880.6905999	15.263336500987968	0.0257018083310452
2459881.3387933	15.76142999770136	0.0368426817950644
2459881.6107895	15.442034602735152	0.0209308031354507
2459881.6596761	15.684921676381984	0.0329485175175159
2459882.6590691	15.220525003305095	0.0265509357490691
2459888.6407119	15.346148823624077	0.062360009286778
2459888.659501	15.464782298406307	0.070452627907527
2459889.6559663	15.474001287554556	0.0582098673819429
2459890.636298	15.852923486894753	0.0970059403597219
2459891.2995847	15.343299638651102	0.0576751653145097
2459891.3234063	15.468180807750766	0.0788654596040286
2459894.5339796	15.755657469548105	0.0375506823597132
2459894.5669321	15.658487560449306	0.0337043427390219
2459896.6419065	15.40199854458233	0.0321771974024489
2459897.5364442	15.379715884574091	0.0200622781351111
2459897.6433374	15.680833037804964	0.0398970147165268
2459898.5262248	15.74692294868334	0.0318354495261083
2459899.3103501	15.714513569213782	0.034764643144238
2459899.5343159	15.46267994642565	0.0288010924695135
2459900.554194	15.337542755391144	0.022159483900077
2459900.562088	15.300175429994969	0.0253996867904341
2459901.5320951	15.790116601304875	0.032361775650587
2459901.569157	15.7252022595663	0.033044201565989
2459901.5703318	15.698654593736102	0.0476824983473276
2459906.5935401	15.648656345415636	0.0385231499916042
2459906.5960089	15.583233193402886	0.0618984863562537
2459906.6086126	15.714224494950464	0.0310244229227774
2459906.6098529	15.691838369963651	0.0306283993239069
2459907.5325736	15.515327531902235	0.0293631060109908
2459908.5300475	15.74250789067242	0.0326947244744616
2459909.5148488	15.315893818570698	0.0691532788799115
2459909.5262252	15.369105092493085	0.0311977334860183
2459910.5192678	15.861846272893454	0.0817504426275694
2459910.5217485	15.934315821097766	0.1563205450128812
2459914.5743336	15.208043119322353	0.0457262456548105
2459914.5755854	15.235961491952628	0.0888116030468433
2459914.5819157	15.403394303315208	0.0525297406454635
2459918.5818768	15.649869686827303	0.128818276033554
2459922.5372581	15.582091457781416	0.082644640474983
2459922.5384882	15.910890226631	0.1798565467764276
2459926.5690093	15.684084854566782	0.0552115592688396
2459928.557453	15.339480178143264	0.0361259457097988
2459931.5428931	15.777249929655024	0.0715186906123465
2460019.899076	15.71222494535389	0.0758840323523278
2460019.900386	15.60110149150841	0.0844178306113607
2460023.652379	15.423583488226974	0.0445331880890988
2460025.9115463	15.325327979490917	0.0835391646935231
2460031.8772127	15.282292686148992	0.0279325283857205
2460032.8662244	15.83917800429954	0.0551898653788744
2460033.8971883	15.501361919830464	0.0211321335394836
2460035.6170893	15.720414983278497	0.0204090105417646
2460035.8801926	15.750920848056522	0.0457305234612407
2460035.8993095	15.68006538014462	0.0313777725300334
2460036.86989	15.3365533385916	0.0305047398879967
2460039.6173861	15.309180525713346	0.0407425965577363
2460039.6186611	15.36850594066018	0.0539097156981056
2460039.8530878	15.866332170557456	0.1127937808230509
2460040.8716575	15.45897678424646	0.0730457356831248
2460040.8914687	15.45557593647322	0.0702598481596604
2460041.6076614	15.158426725037444	0.0494353393114303
2460042.8529115	15.566677127676332	0.061488606378868
2460043.8596687	15.268631141854137	0.0420461730568259
2460044.8580912	15.76907079157699	0.0504597417421645
2460044.8593778	16.051409455027173	0.0951407971395009
2460045.8782269	15.311244423007125	0.0359562013117688
2460046.8398734	15.706538356476834	0.0544611788307494
2460051.5933875	15.724015470579014	0.0271422956747962
2460051.6606484	15.335890206723066	0.0283686542895976
2460053.5906886	15.4261645932788	0.0189950046912528
2460053.8295948	15.76629738403653	0.0374776904718197
2460056.8211183	15.369807502266964	0.0363750570501515
2460056.8289785	15.445891448035685	0.0225588095843319
2460056.8315414	17.114977877341644	99.999
2460060.9472171	15.78707384293526	0.0461230343650985
2460064.5635746	15.435325388633032	0.0275235673816595
2460066.800701	15.5191314936239	0.0454016179566633
2460066.9229547	15.290259910248356	0.0277424874312061
2460068.5322842	15.509687883581734	0.0586518947450819
2460068.9141503	15.389380130926025	0.0299591369060668
2460071.5164834	15.383908299552935	0.075172140242374
2460074.7969958	15.56969066267706	0.0476032806497878
2460074.798294	15.510515806791693	0.0609934500408984
2460078.8825589	15.555712883559323	0.022361436421333
2460078.9335078	15.356274679296757	0.0441485258465625
2460080.6006941	15.375557252526251	0.0214643495350065
2460081.615419	15.42774374592905	0.0235100306201276
2460082.8646503	15.242089203554098	0.0264413544566919
2460084.611967	15.840275288392874	0.0535497682399932
2460085.8566735	15.71240857089338	0.0258378323352464
2460088.9313469	15.757557833796085	0.041603574759315
2460089.0786871	15.284131156791416	0.0207476544252165
2460089.9259836	15.398061207138008	0.02679160869945
2460090.9178708	15.773300849608516	0.0271446324066755
2460091.4734889	15.308114935472544	0.0200968091237869
2460091.5738569	15.660849419157376	0.0283576826016435
2460092.4797178	15.666051762349223	0.0316717240534908
2460092.5638129	15.397523313527856	0.0365949110005638
2460093.4747721	15.48450617039806	0.0237675419706673
2460093.5672478	15.761153357800437	0.0294524785812275
2460094.7520866	15.948464312962845	0.0426864882999385
2460094.9465786	15.308832812383928	0.0294730651982924
2460096.7366147	15.866065973755124	0.0822522313710153
2460096.7591955	15.550568253622084	0.0540172844072654
2460097.4685908	15.753312329804071	0.078891104079875
2460097.7326049	15.41691010827841	0.0502101191938533
2460098.7212849	15.53390901600434	0.0734554986166535
2460098.9219147	15.411044772352833	0.0496156780458106
2460099.0539937	15.512127722466504	0.1843257565292746
2460100.8573257	15.789440978377144	0.0962105260470977
2460101.8193415	15.82698713649382	0.1078167952789267
2460110.0502324	15.46862594905152	0.0233159581013822
2460110.0514843	15.396574826716618	0.0334291236120087
2460113.6968922	15.354901056677758	0.0252754956809746
2460116.0341867	15.373040943726089	0.0195060896763283
2460119.6639986	15.862415206326345	0.0450072613010855
2460119.7259925	15.67704578564669	0.032846979446903
2460119.7450144	15.78346646944906	0.0308823520029228
2460120.8555239	15.964211129035611	0.0463964791911107
2460123.6385453	15.864744023324828	0.0581433393074037
2460123.696338	15.459695200835135	0.0248216103531098
2460124.8127718	15.468265334480302	0.0252464746950697
2460125.6260658	15.391493529101837	0.0803708606882287
2460125.6350383	15.5241363425044	0.0837606378085165
2460126.4064788	15.30520452263538	0.0614305399147723
2460126.7186393	15.96684335157985	0.0684172690255032
2460128.6889388	15.63269938949211	0.1269629329816002
2460136.7643022	15.744537011869372	0.0365665633470556
2460139.5800103	15.820793045233408	0.0412427613068247
2460139.5946982	15.730763601814424	0.0422211535486419
2460139.5998335	15.748631220519258	0.0289694225222376
2460142.0006509	15.451132106902737	0.0202057781502385
2460143.4845966	15.854204027924208	0.0334454650659738
2460143.5081479	15.649534234472268	0.0415508149184725
2460145.8057564	15.920120101087484	0.048598633871948
2460145.8466638	15.66427189869846	0.0227068282552317
2460147.7824894	15.676040424427756	0.0307260518074613
2460147.802681	15.529015205945068	0.0503735926111073
2460148.5975158	15.553417574677084	0.0324256585023237
2460148.7362655	15.497208663262182	0.0314640285643149
2460149.8037532	15.451702213500267	0.033459985401336
2460149.8366856	15.312001517433858	0.0228414258656582
2460150.7839296	15.694691183487944	0.0391841052113645
2460151.7945817	15.308631320893731	0.023441631227888
2460154.547741	15.367574248620109	0.0367677653260072
2460154.5889739	15.398342000080213	0.0502960010999438
2460154.6465611	15.664802549707996	0.049509482168136
2460155.9141824	15.841596895143832	0.0385290035191467
2460156.5376785	15.4953688256534	0.0626424908876111
2460160.9261354	15.679470373591744	0.0498023298507079
2460162.8498798	15.5716258699533	0.0547179139085215
2460166.5438232	15.353653395968198	0.0236276166862073
2460166.5475327	15.264083714531886	0.0251649424157084
2460171.7437724	15.434666867492584	0.0245576171629326
2460171.9091866	15.760298207655213	0.0305356230329233
2460180.9012661	15.73778341049782	0.0258964722580501
2460184.2925384	15.7208017992032	0.062112081426737
2460188.7760445	15.199062977792266	0.1147439694742506
2460189.823848	15.746537374495151	0.0453970324996412
2460191.7309334	15.750347323621698	0.0549148317725012
2460191.8152742	15.626490999292171	0.0492772559180188
2460192.857615	15.713656536120835	0.0383702372670927
2460193.224356	15.754100211247458	0.0334418261761204
2460194.772801	15.60470501056291	0.0235008718564769
2460194.7860158	15.69635352955546	0.0424562076226104
2460195.7478975	15.310961006020957	0.0264572154097521
2460196.3755989	15.70655398814216	0.0341568911229699
2460196.836029	15.756268337336513	0.0496695029307711
2460197.6634237	15.467303400044894	0.0257664916250971
2460197.6679676	15.55631187151974	0.0225009726400972
2460201.8339838	15.837323220380393	0.0286873883392974
2460203.7407676	15.694949935396096	0.0284313543092619
2460205.8274816	15.689337008645929	0.0249475610344944
2460207.7920887	15.503334837931728	0.0344571181962453
2460210.4551943	15.489396413629455	0.054255520549102
2460210.7717354	15.704129301085752	0.0331210385783912
2460217.6540966	15.435113243536456	0.0447386621875988
2460218.5864213	15.716566356050874	0.0597790236664695
2460218.5976768	15.638718904075612	0.0380004370942446
2460220.6325107	15.61509837520483	0.0462552865450327
2460222.5792518	15.630046842071206	0.0217714259969708
2460222.6260978	15.371941070812936	0.0265485536886531
2460225.6394349	15.819347863503149	0.0466267878634591
2460226.624487	15.413018042497187	0.0193857514550611
2460227.7171627	15.345727905449497	0.0347316054550845
2460229.622782	15.39695145311149	0.0225513337220194
2460230.6876679	15.76028839954124	0.0419545998835576
2460231.6655852	15.262476746024252	0.0265196683039201
2460232.6146259	15.807448987515198	0.0364894580300886
2460233.6959129	15.526407893199147	0.0259241632004583
2460234.6973675	15.364147557069469	0.0244347374349526
2460235.6560675	15.55711274563394	0.0262569109195931
2460235.7496158	15.778444065599558	0.0314250846983373
2460238.7264355	15.48102063027655	0.0199737950191967
2460242.7093948	15.603619455130154	0.0386877607719468
2460243.6473499	15.324057336024913	0.0558352717616201
2460244.3559316	15.637821183283643	0.0903702422222608
2460245.7119667	15.463562207402328	0.04974668624689
2460247.5929042	15.232587316069552	0.0442248464906098
2460249.6031416	15.389708189061828	0.0282059335147598
2460249.6953291	15.705400182142233	0.0479205422843978
2460250.5976589	15.976489641308127	0.0435303776053111
2460250.6138303	15.775993986501016	0.0313794425905432
2460252.6906048	15.346690133541598	0.0425200804778884
2460253.6024319	15.528702148288993	0.0415090047802781
2460253.6803988	16.028046188070626	0.1039120235935147
2460254.5916354	15.405280815145211	0.0267191975166654
2460256.6017737	15.265398474740069	0.0418576114777985
2460258.2863594	15.75416216014699	0.0301454272417819
2460260.3269694	15.783454885355711	0.0420882524607313
2460262.2794548	15.659913991395758	0.0282186950621622
2460263.3092831	15.52910492903044	0.0203317325860242
2460263.5378194	15.40543438437375	0.031361037275695
2460265.3052555	15.772476859050336	0.0455290509313144
2460265.3164528	15.75746375415212	0.0364592002284278
2460270.2692526	15.341144637987792	0.0438163172124216
2460270.2767294	15.317902940766794	0.0397652746100248
2460271.5166187	15.850421456517411	0.0723514410869575
2460271.5399797	15.613433250788471	0.0727897278228192
2460272.5134434	15.273857408689809	0.0553419109464188
2460272.5211644	15.349316535863275	0.0504448980526868
2460274.518515	15.264501860214796	0.0596266593158529
2460275.530086	15.89142255738938	0.1328463931151323
2460276.530114	15.55746529492069	0.0536331228578272
2460277.5280894	15.54650446876944	0.0439305484863079
2460279.5475492	15.298293325145648	0.0347751209457589
2460279.5625489	15.136270740699564	0.0314224170495495
2460280.5511375	15.838410294893396	0.0423577131181959
2460282.5697927	15.566624746259745	0.0341427533022433
2460283.5661914	15.558374072572304	0.0327862743571371
2460284.5662542	15.259436262381648	0.0302511082863889
2460286.5530663	15.19979214526475	0.0308204603124328
2460286.5716944	15.281643393193502	0.0269155553659972
2460289.5794455	15.481939400433951	0.0270898211343829
2460416.9133955	15.760287384821378	0.0365667001667038
2460418.9205008	15.454399408805877	0.0266928022644836
2460418.9270712	15.42867088325844	0.0694212533694725
2460426.8716457	15.74996272905562	0.0857569322053293
2460433.9513223	15.696756911881067	0.053833699180691
2460435.6100844	15.625453282793591	0.039675571980805
2460436.7743934	15.741325071536473	0.0338862565469777
2460439.1148785	15.719616381358248	0.0330106629529692
2460439.5548791	15.45788359463213	0.0207224384433177
2460440.7596303	15.255207821522006	0.0311607320064637
2460443.5151685	15.234071247900012	0.0221806475989832
2460444.5451564	15.674179612120025	0.0337841889287776
2460445.5119159	15.41342701899374	0.0294201601203214
2460448.5428764	15.31400866032628	0.0225752378384151
2460448.9099287	15.35030756215404	0.0270044936258603
2460449.5030625	15.720176507112216	0.0847903229469407
2460449.7452808	15.348375956949935	0.0388997511059558
2460449.745455	15.356443332894392	0.0296679187360247
2460450.9156892	15.288210115947416	0.0326107520292447
2460452.9142067	15.303035841346562	0.0515298467388289
2460455.8154212	15.88146670683182	0.0776271031640492
2460456.9377396	15.750347229821744	0.0675030760789005
