2458144.0376148	15.584382005452344	0.1242041281880853
2458144.0376168	16.241708017319468	99.999
2458146.0313136	15.67802164731024	0.0722869398150604
2458146.0313136	15.898339395318882	0.0854769077333495
2458146.0313136	15.857770704042665	0.0576340745434985
2458146.8708897	15.863012252940775	0.0476518760875308
2458146.8708975	15.616109326851513	0.055428427927894
2458147.0281801	15.918236969918972	0.0588815805997484
2458147.0281801	15.92879906938034	0.0543516515167037
2458147.0281801	15.801398461787755	0.0581644476334631
2458147.8630354	15.455619756623662	0.0392380811987002
2458147.8630354	15.601112863685454	0.0400117187189096
2458148.8588624	15.637619639738706	0.0717084633495089
2458148.858867	15.53087090636349	0.0447084164909321
2458149.0366845	15.965902827991972	0.1351870617286537
2458149.0366928	16.24260671285723	99.999
2458149.0366928	15.822337791844902	0.1219285829365076
2458150.0258339	15.819712927459964	0.0542217226183041
2458150.0258339	16.06792347631749	0.0815393012466264
2458150.0258407	15.91847668294273	0.0731144313770336
2458153.6092267	15.96588523526741	0.0897214822949855
2458153.8747107	15.937603205124	0.1216272852422702
2458154.0216333	15.861970982961203	0.0628015968502728
2458154.0216361	15.778208464356569	0.0949134292215473
2458154.0216361	15.9049360457392	0.0956006319987163
2458154.6086119	15.890935167136613	0.0776576841815083
2458155.0177032	16.0518201963624	0.0987049249385911
2458155.0177032	15.895214308813708	0.0749640494906889
2458155.0177032	15.819877351206618	0.0554450753417795
2458155.6080278	15.861646091217796	0.0759631174759525
2458156.018293	15.80487808510931	0.07244484593726
2458161.8345692	16.094967004134602	0.0532786757691246
2458161.8345718	16.07985515994081	0.0771261265729066
2458162.0290657	15.718406145786998	0.0845627768420309
2458162.0290745	15.86978909614759	0.1044970912856931
2458162.8414175	16.079537089034925	0.0558162986753295
2458162.8414198	16.071100558135456	0.0619055241184678
2458163.60604	15.66238318937635	0.0335415058866069
2458165.614715	15.630174636101977	0.0306405917043598
2458165.8541119	15.818476186829848	0.0388247776466347
2458165.8541202	15.735532096861151	0.0495512805091038
2458170.0256295	16.509055634950553	0.1693686348697905
2458170.0256295	16.015711507104196	0.0975581875037196
2458170.0256304	15.920945313061283	0.1016537006951865
2458170.8772902	15.627056461751907	0.0416891359657141
2458170.8772955	15.567301204244096	0.0422133712030026
2458171.8615788	15.579986242786244	0.0276970842744772
2458171.8615831	15.593213997574662	0.0397433742945861
2458172.5678649	15.908217094932704	0.041710553075926
2458173.8065701	15.57021496118165	0.0391627417377906
2458173.8065701	15.558936787758848	0.0368812822145174
2458174.0085221	16.042114982435834	0.0527026316779057
2458174.0085221	15.929107602832309	0.0501336716251787
2458174.0085325	15.92876567872812	0.0374318418969082
2458175.0083504	15.990227846567606	0.0392197349507869
2458175.0083609	15.846291339021764	0.0454406913094828
2458175.0083609	15.895011997973857	0.0531041544584682
2458175.5610596	15.968127401023544	0.0441692330873658
2458176.0130102	15.776550539366095	0.03290232954022
2458176.0130102	15.69956510528479	0.047273761385877
2458176.0130102	15.75485715185152	0.0469407871027836
2458176.5406537	15.919042025562051	0.0636352276346639
2458177.5399494	16.029336312437387	0.1054242409869753
2458178.5366684	16.123283069977376	0.155041923566852
2458178.7911274	15.568504912456998	0.0784916412837815
2458178.7911295	15.884620196337668	0.1251858146374179
2458180.8506439	16.144631818853803	0.1030495953630781
2458180.8506457	15.775334981076014	0.0719926462407208
2458181.5927634	16.0558447285845	0.104810842738337
2458181.9934211	15.650133516208848	0.0757825180639309
2458181.9934221	15.576329535203891	0.0529121382858832
2458181.9934221	15.76430459690777	0.0700943315504682
2458183.8908961	15.70722332242661	0.0720875388769849
2458183.890899	15.61143695320832	0.0607930872243634
2458184.009224	15.7633930919133	0.0822306870169369
2458184.0092248	15.99524660917403	0.1016438582047149
2458184.0092275	15.630717130122791	0.0496159500462755
2458188.7712046	15.966865034131777	0.0508277574681719
2458188.771207	15.74890724410466	0.0383169437347118
2458189.8121054	15.581818794415051	0.0342855656593499
2458189.81211	15.628367937429564	0.0457217106094026
2458191.8593546	15.52017429867074	0.0336712215944529
2458193.985854	16.15451576222005	0.0681837968042088
2458193.985854	15.993810862229685	0.0345837349558405
2458193.985854	16.135168191083963	0.0567879745082169
2458195.6486079	15.881801616575943	0.0467834129645825
2458195.8175254	15.64360286047691	0.0273860934950136
2458196.6475192	15.872722609576682	0.0477617682441507
2458197.6012075	16.074290808168694	0.0514164707978658
2458197.8618727	15.923257144985072	0.0452723640563061
2458198.5966281	16.181063813506945	0.0523641440161905
2458200.5603202	16.060432826668603	0.0451411545110585
2458200.851619	15.94001283939908	0.0457246720027537
2458201.5594788	16.00278563804003	0.0501473547043162
2458203.5687662	15.779669465957696	0.0383515831767513
2458203.7332345	15.62406976208134	0.0619220349059591
2458204.4695486	16.126310039441762	0.0975332360796671
2458204.7231953	15.7929202214652	0.0398762613365361
2458205.4501515	16.133513246615042	0.1304101743682337
2458205.7486239	15.728273177201435	0.0392358235909051
2458206.7215216	15.762871004490242	0.0491852914095383
2458207.7146955	15.704674545914482	0.0449008314135422
2458208.7235426	16.159896066087544	0.1290227111394618
2458208.723543	15.915746386305235	0.1883621071837132
2458209.8024546	15.459957956528337	0.0680566889051526
2458209.8024556	15.738926841801552	0.0762662020476758
2458210.460977	15.806565256848934	0.1120105110435515
2458210.9212718	15.635233315196494	0.1371455560428309
2458210.9212718	15.808287855625371	0.1306398187292135
2458216.8836207	16.08427606579147	0.0580274251412633
2458217.8413271	15.810937820806164	0.0424892476573566
2458219.8499414	15.946559591092118	0.0427141854259957
2458219.8499447	15.822501799650173	0.0542228578486729
2458219.8499447	16.188423509578733	0.072755726016768
2458222.818204	15.971149943601608	0.0460010797684184
2458222.8182074	16.155853896637545	0.0691125694345565
2458225.5499117	15.738883555969966	0.0354698361160676
2458225.8315825	15.881517041447804	0.0485106078655111
2458225.8315865	15.78419934541598	0.051075679025537
2458228.5513621	15.665808900175676	0.032521630903213
2458228.7952203	15.75314373740248	0.0350127728306106
2458229.5400109	15.709717851165353	0.0311820464914107
2458231.4927912	15.528277991101987	0.0278768797528317
2458233.8224628	15.577745968168609	0.039643507362904
2458238.4030098	15.941129882659515	0.1385122483089488
2458243.4505039	15.95412484934522	0.0702475233143467
2458243.8081088	16.04123966233945	0.1276459072787684
2458244.6357652	15.633000997303574	0.0517060587741195
2458245.7736813	15.73423402674835	0.0623188087498426
2458246.7873198	16.060347200919352	0.077551086761065
2458248.5022567	15.733632805405056	0.0301078000807102
2458250.6788907	15.96436576103046	0.0543353558349361
2458251.4995159	15.644566071426368	0.0449883356286737
2458252.4991627	15.63484939471742	0.0599544055888312
2458254.5070752	15.806739687487845	0.0324055318259396
2458254.699966	15.914470130951612	0.0533195825942921
2458255.5065626	15.76015562485187	0.0358695991363212
2458256.5062225	15.79828968548286	0.0294987793432167
2458258.6159894	15.88668175397322	0.0518261150250449
2458262.6935363	15.72657652947383	0.0523873534977967
2458265.3116007	15.823737265056913	0.0804240916209132
2458271.702657	15.956948525785208	0.0785319441249102
2458271.7026592	15.934872805654592	0.0650981383737595
2458274.7941597	15.480777315928725	0.0369806432906343
2458274.7941664	15.577757845450751	0.0419223709859396
2458276.4530229	15.604001112318196	0.0291640393011122
2458277.4692334	15.668068043529487	0.0321874963208462
2458277.8000043	15.717746837516348	0.0456448409070346
2458277.8000069	15.750419130756924	0.0449778220827728
2458280.4384957	15.818375752541376	0.0313290945743716
2458281.4357484	15.955911358623606	0.0357025152167813
2458282.4303751	15.834700062453258	0.0344048434232459
2458282.733902	15.772242061295174	0.0367909563213262
2458282.7339032	15.71907062223258	0.0407116648755956
2458283.4722689	16.097275508625714	0.0506965228039897
2458287.8099714	16.028439278671502	0.0636187300574446
2458287.8099771	16.03357824694871	0.0517916583261027
2458287.8099771	15.958144250163697	0.0599444030304997
2458288.47303	15.718970402715936	0.0500831481365971
2458288.473031	15.696776872900353	0.0334566705630213
2458288.8011004	16.032113880759894	0.0557029897731341
2458288.8011062	15.98160980674907	0.0707470611069734
2458288.8011062	15.952143877987044	0.043041529571095
2458289.5444223	15.486220116138147	0.040610837885689
2458289.5444289	15.602337893764116	0.043645105113583
2458292.2217887	15.79230567438879	0.0691772469890298
2458298.3683517	15.6117413296247	0.0950531456353805
2458303.3461376	15.6148429899803	0.0296565492513681
2458304.3912629	15.815042351792414	0.0250080081884882
2458305.3547178	15.710879226492043	0.0311245777433025
2458305.6030192	15.59460446591052	0.0333320213016451
2458305.6030192	15.492649135335558	0.0373183525956251
2458306.3736693	16.04948122540807	0.0439865139037429
2458306.7371504	15.977420843463468	0.057009664273432
2458306.737152	15.945125411947735	0.0498719851356073
2458307.370661	16.008823524604054	0.0565372019459284
2458308.3670412	16.051528465706106	0.0423766397635922
2458308.7138981	16.057603477193783	0.0563403089453423
2458308.7139026	15.86815688081909	0.0362701555875501
2458309.3633343	15.91411761950058	0.0715308388270814
2458310.3378087	16.04891181411119	0.0366254459185846
2458311.7277582	16.12082787291476	0.0565629047981717
2458311.7277605	15.999441547119831	0.0524160041685815
2458316.7260317	15.621520815572902	0.0275193093755761
2458316.726034	15.715326142281093	0.0434555039929343
2458316.726034	15.658078794528333	0.0512062302544332
2458317.3098783	15.941905231800227	0.053669800000768
2458319.7547628	15.58697433220311	0.0542747176919266
2458319.7547628	15.49971756966199	0.0569141848130219
2458319.7547628	15.52639606348552	0.0670642359721602
2458326.2452563	15.557220822853848	0.0812933453705022
2458328.4875421	15.635201026922513	0.0545813471801225
2458328.4875441	15.740959691520064	0.05728274413523
2458328.7238658	15.823780421758052	0.1573881353870155
2458331.4960587	15.507271340720832	0.0329974796531284
2458331.4960628	15.617561553628338	0.0336090137395703
2458332.4778895	15.64727741779534	0.0428010323207331
2458333.2732872	16.019735517406506	0.0383203049149356
2458333.4855145	15.517338324225449	0.0313429826191546
2458333.4855187	15.595753198093892	0.03476640301243
2458334.2927194	16.092076223112144	0.0405647569127189
2458335.5790852	15.952616858126769	0.0402763456374072
2458338.5173978	15.856447210264763	0.0411105058920016
2458338.5174011	15.975986834514282	0.0463168619259657
2458338.6994054	15.75014862455351	0.0364745707435752
2458338.6994056	15.6110235109169	0.0324889554275663
2458338.6994056	15.798725882190002	0.0464581746342326
2458339.2534475	16.168845627809517	0.0526225304545409
2458339.5210656	16.045889002072983	0.0498410601406438
2458339.5210656	15.845587223049808	0.0405817676510426
2458339.7046207	15.620715792873806	0.0453273732663171
2458339.7046207	15.65537627244224	0.0368005150433268
2458339.7046207	15.561569942256506	0.0399409991990869
2458340.253805	15.981394349598292	0.035462081984453
2458341.2619708	15.907057007563154	0.0391366639331815
2458344.2444698	15.852479795186603	0.0347948007235012
2458344.679437	15.591787002895924	0.0536349797400663
2458344.6794382	15.761893562647431	0.0484863516335838
2458344.6794382	15.636152079906315	0.0336478484723343
2458345.6717425	15.628830599346488	0.0473344361967652
2458345.671744	15.706001364948628	0.0464539701134431
2458345.671744	15.755752964192189	0.0591708994292004
2458353.6541263	15.893199758892552	0.1479968114359343
2458353.6541263	16.10559368366571	0.1489568559251282
2458353.6541263	16.18548996688505	99.999
2458356.6793088	15.14950021714933	99.999
2458359.235874	16.212112158037783	0.0772015889155713
2458360.2470819	16.114813669101412	0.0489328930778693
2458368.5689812	15.58026666018464	0.0465911143214704
2458368.5689846	15.548197040498648	0.0277697714705411
2458371.2592491	15.79865732959387	0.031476349504705
2458372.2522243	15.788484895177564	0.0366858503632114
2458383.5183067	16.238493491204828	0.1331205851442469
2458383.5183185	15.85517528548884	0.0841491593220553
2458390.4998771	15.51653666123754	0.03819313733026
2458390.4998771	15.598903624960826	0.0487211545923326
2458393.4927401	15.537413556087891	0.0449461057388781
2458393.4927401	15.565142443579573	0.0391070585661375
2458506.8774304	15.43395974049272	0.1582013159503606
2458509.8724719	15.821592025275612	0.0726056439483662
2458509.8724747	15.636107791205076	0.063948605095229
2458509.8724752	15.542613221749704	0.0587271068368763
2458510.8751715	15.720905640346263	0.0977108725796252
2458511.8639481	15.593075172992316	0.0402346200395721
2458511.8639541	15.674614520849037	0.0480410770300484
2458511.8639593	15.570980462574893	0.056449506697294
2458517.0160193	15.973085330657488	0.0499661228015982
2458520.6005434	15.96538607856598	0.0488817285764358
2458521.5912128	16.021955424674232	0.0518093735446476
2458522.5996481	15.92028023309278	0.0511391294433298
2458522.8525552	15.907246310094392	0.0659609301607873
2458522.8525552	16.095325891432633	0.0643100843336783
2458522.8525552	15.863801694565232	0.0519762723915472
2458523.8520909	16.076741357333283	0.0801033807073917
2458523.8520911	16.03356322810294	0.0604597970701838
2458523.852093	15.996419469767693	0.0669138379080594
2458524.5885879	15.919627993947564	0.0497140164972488
2458524.8473959	16.160760300811802	0.060547294466023
2458524.8473996	16.049296091099553	0.0459006860952744
2458524.8474006	16.10221988773772	0.0548727045771699
2458525.8468448	16.09080034892376	0.0576648937067106
2458525.8468491	16.086022282061485	0.0417255764507847
2458525.8468499	15.973163508072638	0.047097383308317
2458526.8421729	16.070056507245642	0.0674180584441298
2458526.8421766	16.011681597123896	0.0455657646908553
2458526.8421788	16.073635277103474	0.0425515528779815
2458527.8410785	16.008922028252258	0.0670944684504835
2458528.8371543	15.801430954451355	0.0251652117911604
2458528.8371554	15.774572841974202	0.0312853537981121
2458528.837156	15.832251322878092	0.0388686256715684
2458535.8239295	15.893436971832111	0.1305932275229038
2458535.8239417	15.662260755310768	0.0693676614762353
2458537.5749921	16.21035306502715	0.1132847168588283
2458538.8746992	16.00831217325071	0.0959399259725532
2458538.8747086	15.732437327258731	0.0621621674110332
2458543.604794	15.580392375291067	0.0377028840626296
2458543.9820641	15.518824449768733	0.0402330616253106
2458543.9820641	15.540750999796236	0.0506667102228832
2458543.9820641	15.599541698451384	0.0333903021288268
2458544.8246624	16.071951401295156	0.0408371761331541
2458544.8246643	16.08219231413941	0.0531520918369158
2458544.8246643	16.159873088034246	0.0554949153911525
2458545.8380258	16.044649550731155	0.05638419238812
2458545.8380317	16.104639806672395	0.0868477421522708
2458545.8380318	16.137647337854098	0.1007113536893362
2458548.516624	15.767077548960636	0.0459432829956318
2458549.5165238	15.53250751605812	0.0502435751749145
2458549.8020586	15.99751289092474	0.0555667169461977
2458549.8020615	15.924654769830472	0.0439815450838718
2458549.8020615	15.997444469248943	0.034121376704744
2458551.8221998	15.704775868732892	0.0479582520791408
2458551.822202	15.53989233588593	0.0330068250278791
2458552.7995572	15.716459922983088	0.0261589733354471
2458552.7995583	15.704165289453869	0.0344159203118188
2458552.7995605	15.739463952503383	0.0310999671990085
2458553.8210164	15.608670934101117	0.028262485631895
2458553.8210203	15.62392751046793	0.0316640626686238
2458553.8210205	15.636844977803603	0.0317141912090619
2458554.808503	15.56500808791804	0.0339493004218678
2458554.808503	15.595157736547316	0.0336637846108182
2458555.4930895	15.618742035988015	0.0338656894150262
2458555.7624223	15.653979518288242	0.0431655742783811
2458555.7624327	15.65525635835084	0.0564970937831606
2458556.8140776	15.510885575640032	0.031298948816933
2458556.8140776	15.65556688771726	0.0393002523093609
2458557.5514653	15.894754909860769	0.039531215334452
2458557.7978862	15.58251217982923	0.0424809644943415
2458557.7978862	15.49340085316624	0.0315178431180451
2458558.827291	15.867765754325616	0.0466056072691383
2458558.827291	15.679520333909569	0.0472934630061224
2458560.7655293	15.693454987460903	0.050157978635966
2458560.7655318	15.774594453881308	0.0454189187179723
2458560.7655328	15.66865175373094	0.0533811310742668
2458562.7455611	15.677317283437109	0.0807350650375127
2458562.7455639	15.588549577946155	0.0704785946382333
2458562.7468241	15.585490613394324	0.0779251544675061
2458563.7773901	16.454640621760205	0.210037345525052
2458563.7773901	15.64426487543196	0.1142009012932905
2458564.7466314	15.763277627532386	0.0781581214699958
2458564.7466314	15.915813314288538	0.0701465147717663
2458565.8666047	15.809975566637767	0.1016322901404445
2458565.8666047	15.83948163082396	0.0929925799848936
2458570.7249035	16.077746217408396	0.0593160110744207
2458570.7249094	16.231790391062717	0.082482427223859
2458570.7249124	16.075181185718343	0.0602617317763747
2458571.9309158	15.856060563527713	0.0575952518274297
2458571.9309158	15.70321348920237	0.0472623433598882
2458571.9309158	15.8150912249516	0.0445982135666596
2458574.4841866	15.528849471956862	0.0277525683709038
2458574.7081125	16.037112375335767	0.0493452129407352
2458574.7081172	16.04381514929961	0.0445735670007683
2458574.7081231	16.202325876158696	0.0796170382436029
2458575.863703	15.79142660636537	0.0605337423813327
2458575.863703	15.672764346502596	0.0394331224326389
2458576.8629879	15.633155839153158	0.0467978961381816
2458576.8629879	15.753077949786256	0.0404229162980618
2458576.8629879	16.21580900928015	0.1081385333053177
2458578.0339033	15.676906124311571	0.0269077838011445
2458578.0339037	15.827762382066288	0.0456187479814059
2458578.0339049	15.681502549407991	0.0446998493417017
2458578.6916596	15.585576910185315	0.0402553089542141
2458578.6916635	15.69720460818368	0.0412285055915452
2458578.6916642	15.695403812426733	0.0391962264357496
2458579.7150936	15.61103670790837	0.0254371930814229
2458579.7150973	15.652204014377752	0.0244314447159898
2458579.7150983	15.603102072138777	0.0285171380482484
2458581.5988342	15.989714898745191	0.0446195143154974
2458581.7024404	15.60432890148741	0.0273468659698236
2458581.7024411	15.534035974637783	0.0304923898902217
2458581.702443	15.673237029092032	0.0287078040689171
2458582.8390618	16.2905275101894	0.0968859917183271
2458582.8390618	15.837662008897595	0.0399361618706548
2458582.8390618	16.106860341348074	0.0575557645353873
2458583.7469085	15.793500766381827	0.0465068158966916
2458583.7469085	15.698565976585828	0.0363219344090127
2458584.6914993	15.63925590814701	0.0327090028745049
2458584.6915012	15.63629897928301	0.0292865546527966
2458584.6915113	15.701342958200676	0.0334528189951832
2458588.6668775	15.81498621691231	0.0549662677001124
2458588.6668801	15.733655153081028	0.0411476038186488
2458588.6668801	15.785186184164646	0.053691079735485
2458589.671112	15.894332081872118	0.0634867480386809
2458589.6711141	16.035880132406668	0.0852219836919854
2458589.6711141	15.898870489567752	0.0551794340347684
2458590.7914888	15.808781833796385	0.0640059611577986
2458590.7914888	15.721765570664768	0.0738954174441853
2458593.004467	16.330496301109697	99.999
2458593.0057393	15.97271676488589	99.999
2458599.5930242	16.125050818098472	0.0799767118591463
2458599.7245376	15.463884888983063	0.033446947508138
2458599.7245413	15.677433982404882	0.043696143324086
2458599.724542	15.521311364884465	0.0360070686674271
2458599.8380436	15.79096285975632	0.0451245481703629
2458599.8380436	16.0143364329594	0.0901568333708817
2458599.9952288	15.660074689343867	0.0365954659572553
2458599.9952314	15.768048689938992	0.0395756878693751
2458599.9952315	15.960659866474018	0.044244392151156
2458600.7966455	15.80923243620553	0.0542280779294053
2458600.7966455	15.848747763298263	0.0426563727513528
2458600.8650118	16.139851476456382	0.0950102367896753
2458600.8650118	15.939839691659252	0.0429507849307603
2458602.5015591	15.88498199000541	0.0391506048909968
2458603.6269158	15.56814522751641	0.0399787838171959
2458604.8260189	15.96479369415768	0.0545321333800235
2458604.8260189	16.244483523079456	0.100121351292655
2458605.728939	15.908036275011316	0.0505723330914403
2458605.728939	15.703816666068604	0.0380625892452341
2458606.4787527	15.95101051502634	0.0356637648397089
2458608.7426536	16.21534630637513	0.0774267106441376
2458608.7426536	15.892783446701026	0.0504267887943915
2458609.7591611	16.03242149358781	0.0452350630558597
2458609.7591611	16.140854566849526	0.0565367103925091
2458609.7591611	16.160705629950357	0.098408577477168
2458610.8750407	15.617658102184397	0.0574848784807279
2458610.8750407	15.62068214496411	0.0426430082585475
2458610.8750407	15.758861575656148	0.0701579364491285
2458611.8820981	15.55245319942259	0.0359239827741145
2458611.8820981	15.61492691823288	0.0530517631106941
2458613.4156425	15.890517405574805	0.0413797695858817
2458615.3479511	15.98120695684145	0.0558100786607643
2458615.8956079	15.924106318934063	0.0446688967350994
2458615.8956079	15.846328550824456	0.0509685080361297
2458616.8992814	16.03493723309788	0.0534660251960983
2458616.8992816	15.851557798076064	0.0519356271249232
2458621.4192231	15.841648431614503	0.1157807110080768
2458625.4755043	15.91182549834209	0.0794120743806704
2458625.9535403	15.487599410447828	0.0493367663565245
2458625.9535433	17.184688950226523	99.999
2458625.9548289	15.813902190459547	0.0846170502611421
2458627.4429774	16.272427624260356	0.0947408280184753
2458628.9248725	15.601882673515243	0.0302553043850854
2458628.9248792	15.57960134468601	0.0350724439185638
2458628.9248841	15.616632314850866	0.0223063044096159
2458629.9079274	15.592514887013657	0.0698363217433957
2458629.90793	15.786928313180814	0.0896608212975559
2458632.8792289	15.669332195800532	0.0437415003038864
2458632.8792296	15.683712298211791	0.0385692993209438
2458632.8792301	15.598897489070932	0.0231412422020413
2458634.9039498	15.936184651476465	0.0508974548257364
2458634.9039498	15.833226466892778	0.0434227501577422
2458634.9039498	18.079713478834982	99.999
2458635.858223	15.728922514070652	0.0266439780797252
2458635.8582235	15.488285036940823	0.0315931024676909
2458635.8582235	15.743002421052534	0.026675726460894
2458637.3747829	15.66328315827247	0.0391950595352882
2458641.8626089	16.16411728327989	0.0566361112423048
2458644.5015023	16.225391635296454	0.0841856429255819
2458644.5015023	16.16678767794597	0.0666999339133069
2458644.5015082	16.135295490407604	0.0681453125941946
2458645.5866009	15.679926543883903	0.0405483360383012
2458645.5866018	15.66837485703788	0.0319149457595939
2458645.5866046	15.704826473944886	0.0312874202156149
2458646.7195952	15.835580979642474	0.0563521966229198
2458646.7195952	15.961764342131964	0.0707081149480883
2458647.7074307	15.872265006998427	0.0873067209386594
2458647.707433	15.900306527983206	0.0772895897764821
2458654.5551449	15.840279186916549	0.1300997728768507
2458657.5292957	15.706345995017026	0.0353659034663619
2458657.5292957	15.878073311829128	0.0511835787966649
2458658.8229572	15.72030606491177	0.0689455712626006
2458658.8229572	15.947460183078793	0.0959402753559242
2458662.8399108	16.10429586970163	0.0391318027557795
2458662.8399202	15.98551118508741	0.0418058774952885
2458662.8399208	16.10335954880027	0.0608973554279972
2458667.5060138	15.970162142298337	0.0588871958175584
2458667.5060138	16.139973047831177	0.0605368495355436
2458668.6490619	15.665519522698272	0.0291912046890609
2458668.6490623	15.76524064051603	0.0223116352093463
2458668.6490643	15.694150286635791	0.0335098279221784
2458669.6569401	15.766306814772967	0.0224868501463506
2458669.6569421	15.677916364886762	0.0287092973868179
2458669.6569458	15.901586312120884	0.027565959004494
2458670.8093574	15.684585736821637	0.0319124817294838
2458670.8093629	15.731813244941922	0.0378585100362487
2458670.8093662	15.685001918197216	0.0400732362241602
2458671.8319154	15.634907444048656	0.0400174515074285
2458671.8319187	15.653115771531867	0.0220353824192478
2458671.8319187	15.670643422405934	0.0327510647073222
2458671.8332037	15.648395869161408	0.0522365492219038
2458674.3996828	15.984034645859449	0.0516492298801633
2458680.7527718	16.037047153472262	0.1503473522606383
2458680.7527754	15.769461064893832	0.110567881398408
2458682.7717929	15.8302670495619	0.050967690564773
2458682.7717929	15.87161318425144	0.0681018664788415
2458682.7717965	17.4111327282086	0.0680670569424519
2458683.5586834	15.874069235532795	0.0736591758120781
2458683.5586834	15.890624455311729	0.0760260880083427
2458684.6155836	15.53863623886376	0.0561671258412493
2458684.6155836	15.61601542236962	0.0523445866732433
2458684.7751592	16.061348554120865	0.0524667784892101
2458684.7751603	16.017454617805697	0.0508115356596456
2458685.7445597	16.000270320365185	0.0984183400698327
2458685.7445616	15.827987493028818	0.0930847222127671
2458688.6917499	15.61919504484437	0.03110785885434
2458688.6917519	15.922336155063991	0.0365623544559135
2458689.5587718	15.613064339800534	0.073625473110179
2458689.5587718	15.591715422827583	0.0422219346046894
2458689.7645373	15.766880479697818	0.0927734160070949
2458689.7645428	16.001942114217634	0.1306885426990338
2458690.4452732	15.981715681014192	0.0550950219436104
2458690.7617272	15.920104173523432	0.0350319393661412
2458690.7617272	15.951731847206707	0.0494348760400376
2458691.4419882	15.851513788616952	0.0459020870117454
2458691.7576052	15.990804871742466	0.0447282415654088
2458691.7576133	16.11949325216485	0.0592434140363882
2458691.7576144	17.829479031833202	99.999
2458692.5623541	15.708349815035534	0.0368816648335485
2458692.5623541	15.774770659983472	0.0300389912684895
2458694.692208	16.350967073367944	0.1315347802724254
2458694.692208	16.07626064154097	0.0719765068104174
2458695.5834442	15.975883260701174	0.0523019584521581
2458695.5834442	15.820288521034149	0.0382663808877422
2458696.7480029	15.4977833312362	0.0604777582005519
2458696.7480039	15.740963689798832	0.0662686858769964
2458697.5948679	15.70774552247001	0.0342816551493321
2458697.5948679	16.07087545338397	0.0451632276478092
2458698.4214158	15.634155068374795	0.0356003357830493
2458698.598197	15.994697038466628	0.0369346822109366
2458698.5982035	15.731183447663142	0.0264236287948862
2458698.5982046	16.03813801851387	0.0442029093120507
2458699.3409257	15.75654164071347	0.03330589795634
2458700.2151735	16.18193257546849	0.0616482604819428
2458700.7123829	15.719306382734867	0.0795373398368528
2458700.7123829	15.555279927801337	0.0550166474475023
2458701.6227808	15.801804340100675	0.048789586501432
2458701.6227808	15.816802908888103	0.0487567734938856
2458707.655002	15.639955527375283	0.0936337313311258
2458707.6550071	15.750089439138195	0.1108762137005479
2458708.5947087	15.451850921128782	0.0440211077600656
2458708.5947119	15.509664491455217	0.0559445472590161
2458708.5947123	15.461475415019816	0.0453964680851979
2458711.6750142	16.039047221997976	99.999
2458712.5818504	15.782858403551607	0.0547843230932376
2458712.5818578	15.76205183180698	0.0696553644461709
2458712.581864	15.631036007476446	0.0579081356455482
2458713.2771705	15.869105151222328	0.064184872843071
2458715.3644634	16.223943721839532	0.0911789548390958
2458715.6626313	16.250803533371826	0.1058361358526298
2458715.6626313	16.127641496078013	0.0749951745592388
2458716.6310562	16.07761851906168	0.0633185663871683
2458716.6310562	16.00061795657368	0.0769104179916368
2458717.6248918	16.144303395202417	0.0569914087463038
2458717.624897	16.068987790354655	0.0569525733761828
2458718.6026637	16.21135075419013	0.0626268812554197
2458718.6026753	15.844663114034258	0.0478925756283262
2458719.6217747	16.069731925239314	0.0459332789417377
2458719.6217802	15.876876060349485	0.035179404137471
2458719.6217802	15.922417057502038	0.0367981500487873
2458720.6607183	15.790948988254174	0.0528191560130434
2458720.6607271	15.687937195338124	0.065171998460833
2458721.2163885	15.947088652570988	0.0655501166592392
2458721.6180777	15.85311574453568	0.0643457627330704
2458721.6180777	16.003873504448855	0.0574204275079958
2458723.5925038	15.910203477868874	0.0654781522474379
2458723.5925038	15.892905201755426	0.0525869006328628
2458724.2825444	15.821021889247437	0.035183944960819
2458724.5977719	15.722837102617452	0.034497645246171
2458724.5977775	15.588538348533314	0.0290349990128628
2458725.6032371	15.715024912941896	0.0282823458125852
2458725.6032373	15.54479952209412	0.0317439047199644
2458725.6032391	15.60236571787572	0.033156635034831
2458727.337613	15.70566418797042	0.0354268724705413
2458727.6204224	15.750293802054118	0.0731767488071112
2458727.6204224	15.6280717398503	0.0473766884819367
2458728.3350268	15.736573869561168	0.0455193049204883
2458730.5228976	15.682807087055371	0.0416248959770405
2458730.5229025	15.718454758941858	0.0374949114810294
2458738.5525169	15.879741643879225	0.0978410296370928
2458738.5525169	15.85644223184114	0.0913601228618874
2458740.5643253	15.933594680083656	0.1297504478207882
2458740.5643253	15.826658229404412	0.1098660932451703
2458742.5608208	15.942393515423046	0.0707260182540924
2458742.5608234	16.072429246193213	0.0871486479077759
2458742.5608276	15.988569340288167	0.0844367074990453
2458743.5575506	15.910911565297653	0.1027823407404662
2458743.5575547	16.377144332487145	0.122000574454029
2458744.2923309	15.66082575537066	0.0449193220644889
2458744.5533623	15.905390730639086	0.0476002775075616
2458744.5533623	16.03440784659436	0.0633815107660556
2458745.5512426	15.811808213872316	0.0291561558755079
2458745.5512479	15.868890197598288	0.0267703910868963
2458745.5512479	15.976627602344603	0.0338946609681698
2458746.5435881	15.875807451375865	0.0563577422234462
2458746.5435882	15.925529507544	0.0614666370753734
2458747.525964	15.8640546146009	0.0457133929416114
2458747.5259659	15.855595460111829	0.0464642263648159
2458747.5443703	15.663786827909066	0.0295422747783518
2458747.5443715	15.5599921181159	0.0341245268166874
2458747.5443751	15.72744210588725	0.0425002741269982
2458748.5381044	15.600093629215896	0.0295659258353389
2458748.5381044	15.698725123247389	0.037120030638523
2458750.5172057	15.54987552954466	0.0320929578957838
2458750.5172064	15.67676799454783	0.0241150572273353
2458750.5172079	15.702695198499672	0.0398992225445139
2458751.508212	15.72732242412743	0.0487320613835025
2458751.508212	15.664481844658802	0.0418083036349904
2458752.5102039	15.448246766267689	0.0514080849890011
2458752.5102073	15.688629302944427	0.0282420630488441
2458752.5102102	15.618323081693738	0.0350344824529018
2458753.2479531	15.778140761155663	0.0405430848547145
2458753.5105668	15.569992722221317	0.0350910656188717
2458753.5105691	15.4362484199243	0.0317318223469079
2458753.5119329	15.603899552167013	0.0290483960149129
2458754.2374333	15.725154231756813	0.0378050115021143
2458754.5059062	15.611665058360735	0.0349347529148855
2458754.5059062	15.694759252182248	0.046596318041734
2458755.5073379	15.699989797465696	0.0306543687742975
2458755.5073396	15.370064475283325	0.0255239242531057
2458755.5073401	15.686166213780991	0.0336172702305418
2458756.5000503	15.703016164286066	0.0295474450370658
2458756.5000511	15.464507002820172	0.0231599413801922
2458756.5000511	15.676785546906691	0.0235655519403947
2458757.492838	15.681579492584389	0.0283231504214908
2458757.4928421	15.44232082572059	0.0374661141326539
2458757.4928439	15.625355905867927	0.0393403021044515
2458758.2833876	16.067974853654302	0.0607456286116643
2458876.609503	16.042638598755772	0.0700099744829238
2458877.6059398	16.005997440221673	0.0571180018262074
2458879.6183411	16.264728960818232	0.1092228506507194
2458880.618085	16.102770203110207	0.0837822098824976
2458881.036167	15.74811012690123	0.0995485405636044
2458881.0361742	15.819445369060457	0.1443641364920113
2458882.5963089	15.9605462546073	0.0590466826964611
2458883.6119393	15.9792045437466	0.0528010723729796
2458884.6048291	15.819236594659849	0.0426339689527807
2458888.0210151	15.802307938802612	0.0764285021191006
2458888.0210173	15.59672613565168	0.082579720562535
2458888.0210173	15.565986008096324	0.0817361389032813
2458888.5770032	15.544619683275595	0.1322819738934103
2458899.8105445	15.650547715094296	0.0397870224836594
2458899.8105459	15.750954357598417	0.0288977527955684
2458900.8136763	15.714909857938588	0.0104030135078288
2458900.8136784	15.939056282633494	0.0390618775694913
2458900.8136791	15.746161308263014	0.035292300921409
2458903.6369064	15.920747267183868	0.0727639360058751
2458904.5991103	16.00361975767784	0.0492582953134875
2458905.5870016	15.76524763690266	0.045730948016572
2458905.8021344	16.11351018847708	0.0464447171644562
2458905.8021344	15.908748444739429	0.0441152664158722
2458906.8308518	15.802638897943169	0.0487695648688195
2458906.8320713	16.03539906538331	0.0746264786787882
2458907.7967897	16.12925193175981	0.0591140542466193
2458907.7967934	16.036369770105626	0.0415202191891951
2458907.7967934	15.941280551684374	0.0539819757063113
2458908.7836745	16.202555476777142	0.1025011860842658
2458908.7848834	16.07282411589545	0.0556647745628797
2458909.7988825	16.204706495882345	0.0713069160257144
2458909.7988825	16.15102779088966	0.0592480944491157
2458909.7988833	16.058145547653563	0.0459781951719073
2458910.7865514	16.166583372118367	0.0659251785700147
2458910.786552	15.862469547717764	0.046271040745719
2458910.786552	16.032210192525582	0.0401792742192605
2458911.7849726	15.93193813158602	0.0659284658336858
2458911.7862012	15.916699154039826	0.0798355822722528
2458912.7808886	15.77333393579548	0.0308979722219869
2458915.7704268	15.624593259325474	0.0513378166331522
2458915.7704278	15.68341633038656	0.0644205303019992
2458925.7969232	15.972308847531115	0.0465546776737136
2458925.7969233	15.850449895518498	0.0439447730549058
2458925.7969257	15.99292156706857	0.0588140276832764
2458926.571736	15.742155022362263	0.0445572793786569
2458927.5498142	15.942098837594765	0.0488109963748689
2458928.9719794	15.620304317854748	0.0333686318908874
2458928.9719797	15.815206697668962	0.0518825731684047
2458928.971984	15.461804583975692	0.0281698516359206
2458930.4713159	16.20665041510973	0.0707963527427692
2458932.115076	15.93851867924954	0.0362461445245486
2458932.1150814	16.1430706976494	0.0522812823989391
2458932.1150822	16.07085862258827	0.0471638882062218
2458933.8883559	15.570879834411642	0.0453306120227058
2458933.8883571	15.604058123337175	0.0403205471015525
2458933.8895801	15.62063094069232	0.0393919689084649
2458954.8486416	15.557315177852075	0.0506591092155618
2458954.8486454	15.489830646217818	0.0416785787715128
2458954.8486454	15.70257027541523	0.0349165269459921
2458954.8510791	15.524679015852412	0.0413120937509692
2458957.0026168	16.12334129872103	0.0388401189734953
2458957.0026204	16.033754348788385	0.0464959918740624
2458957.0026225	16.23280413381597	0.0835939727282042
2458959.9819455	15.89146243560415	0.0565952562113452
2458959.9819455	18.101782984429377	99.999
2458959.9819488	15.959643222249715	0.0485939716804152
2458965.7956416	15.923623780892498	0.0417059671715867
2458965.7956467	15.857815250821846	0.0526760557732155
2458965.7956467	16.092362316386783	0.0656439755569893
2458967.9567913	15.66929992163378	0.0387833114221863
2458967.9567919	15.54171504779767	0.0234991668610954
2458967.9567926	15.81334896927775	0.0415240155560872
2458970.9499355	15.673145573049316	0.0438918139039794
2458970.9499437	15.56443843284985	0.0430426520022975
2458970.9499469	17.50995063009793	99.999
2458981.9834353	15.959461223198163	0.0669161545571322
2458981.983437	15.940171352232772	0.0663338985496074
2458981.9834397	17.421019806890364	99.999
2458983.3370275	15.709758518271324	0.0486501536957114
2458984.97903	15.702745457425973	0.0313593500926193
2458984.9790301	15.771697783854853	0.0425148067388669
2458984.9790308	15.656464584350733	0.0184402064438646
2458985.9011859	16.094096036842153	0.0510461568899016
2458985.9011859	15.973988416726122	0.0525496999546466
2458985.901189	16.06101294992987	0.0532524152744603
2458987.9723106	15.644140156982878	0.0264837785776723
2458987.972311	15.726242918289133	0.0376387928852744
2458987.9723122	17.3744098284339	0.1210053740731288
2458992.8309224	15.756618293836915	0.0362519969892263
2458992.8309224	15.718190844702717	0.0336479013973517
2458992.8309224	15.822672865111407	0.0447180087669048
2458994.9155645	15.910195458622994	0.0521532678439487
2458994.9155821	15.727668337900576	0.0369636153464361
2458994.9155821	15.715588590978795	0.0414341515245159
2458996.9069843	15.836041228247623	0.030077286743915
2458996.9069843	16.179426544144032	0.0761125502409804
2458996.9069843	15.78578897029468	0.0348831581879948
2459000.8751586	16.398655428736685	0.1130538176754318
2459000.8751642	17.415149425081864	99.999
2459000.8751642	15.89920303747164	0.0716768559023305
2459007.9215009	16.38385520886783	0.2082797445100982
2459015.8322625	15.621105138461871	0.0373604730788
2459015.8322707	15.663811689712515	0.0393737101942772
2459015.8322717	17.502644352441287	0.1144102421005292
2459019.543974	15.804123359312074	0.0388950957507736
2459019.7693714	15.612797518223864	0.0411959347612146
2459019.7693817	15.623278781253845	0.0394297446485299
2459019.7693817	15.580769949815911	0.0312163400257018
2459022.7811647	15.605718728399358	0.0284891976671317
2459022.7811678	15.862212064348531	0.0482996541624479
2459022.7811728	15.714238021708589	0.0264803429320415
2459026.8159683	15.963038357945464	0.0475320840114208
2459026.8159707	15.962248452654569	0.0347597169070545
2459026.8159707	16.095043431085728	0.0600571617172985
2459037.7658986	15.748749421134864	0.0400205313737871
2459037.7658987	15.61907434531454	0.0191343199047728
2459037.7658987	15.710159073344256	0.0416986328424419
2459039.8304878	15.732881301174642	0.0394249362848263
2459039.8304888	17.939535568141363	0.2159384196497002
2459039.8304888	15.728906235324873	0.0344436524728833
2459045.775324	15.871955239966889	0.0889922521468262
2459048.3804391	15.875903034169172	0.0380946672770836
2459051.4480474	16.049846287899513	0.0496018554539885
2459054.7700167	16.096735932343098	0.0569596052652743
2459054.7700167	18.11829135959346	99.999
2459054.7700242	15.856331959206234	0.0485081668537884
2459056.7160116	16.0159351257074	0.0681597408749443
2459056.7160148	16.289880864790064	0.142656484843283
2459056.7160161	16.538721451788895	0.1338616984519137
2459057.743649	15.757134295454694	0.0468123191893985
2459057.743649	15.7187120808815	0.0609386443402483
2459057.7436498	15.790595454110708	0.0745672277366025
2459062.7595042	15.517096824040932	0.0661445590407934
2459062.759508	15.631921352924596	0.075823938414707
2459062.759508	16.844649749000222	99.999
2459066.75344	15.738304192370684	0.0364266828581059
2459066.7534461	15.901614848581804	0.0403182360192844
2459066.7534503	15.826936414999388	0.032589946125084
2459081.6079095	16.3027885088869	0.1333821150760177
2459081.6079196	16.118811797012672	0.0829128269872217
2459082.6697271	15.93722926652341	0.0770721196999782
2459082.6697271	15.745357179152617	0.0673179190485232
2459082.6697271	15.86809490589026	0.0855195402806662
2459095.5948759	15.5929095063758	0.07585920557834
2459096.6246034	15.882741115939634	0.0861549017891827
2459097.6273077	16.123215811933168	0.1138428906303319
2459097.6273077	16.042019884097535	0.0792605976286272
2459097.6273077	15.82470645922706	0.0530930439491038
2459109.2557543	15.642864908976266	0.0465051562530576
2459117.2609106	15.906111217435974	0.1456513176089856
2459128.2345733	15.78993888396634	0.1014210379375288
2459234.8778386	15.12523377705419	99.999
2459254.6171796	15.750358497973414	0.0422149391236401
2459255.8674241	15.617372368929583	0.0485354824959761
2459255.8674355	15.648023124107604	0.054087228166256
2459259.1633878	15.613823377080134	0.0426612043110547
2459259.1633878	15.694417940880063	0.0351719280015562
2459259.1633937	15.593713352532628	0.0410021664696373
2459263.1478858	18.239437560237967	99.999
2459263.1478866	15.89729835503226	0.0504914508657681
2459263.1478872	15.832331057383442	0.0402122965738997
2459266.5566176	16.03284579684637	0.0497916085185393
2459281.7411422	15.730570929915803	0.0467334001884407
2459281.741148	15.624740984852483	0.0357072639726208
2459281.7411482	15.74779127165414	0.042322151996676
2459282.746992	15.702451091100375	0.0493412066765354
2459282.746992	15.475172041051655	0.0488477089637446
2459283.737227	15.564907532358138	0.0389389183245763
2459283.7372361	15.645332725765144	0.0381313735273214
2459283.7372385	15.660683134552205	0.0348871181916633
2459285.8178162	15.995773002078788	0.0681078832134426
2459285.8178237	15.912560566408958	0.0522545973213815
2459287.7422615	15.912666865876858	0.0474945164166507
2459287.7422638	15.72675715688499	0.0380801958972122
2459288.8295398	16.350109488497772	0.0902344895078628
2459288.8295402	15.821727187578698	0.0547703419546617
2459290.721226	15.8174607918885	0.0368935670517639
2459290.7212318	15.921518789083658	0.044251610883619
2459290.8322636	16.07608512462139	0.0471741234295018
2459290.8322639	16.047278289158175	0.0595744877388544
2459290.8322639	16.084007066982814	0.0643809694319722
2459292.9053327	15.54008413422279	0.0411539561477671
2459295.7180195	16.034065003745678	0.0424418323532072
2459295.7180241	16.11043352897657	0.0653933008547655
2459295.718028	16.115070233048094	0.0486929700403879
2459295.7723005	15.82431395418264	0.0486240441328961
2459295.7723022	15.75178391736085	0.0419030301420234
2459296.7312773	15.971616848970902	0.0544263203658759
2459296.7312815	15.909712139145103	0.0452208970645248
2459296.731282	16.02924637775823	0.045655547797773
2459298.8580158	15.705759367396176	0.0481002251908878
2459298.858025	15.67214315835485	0.0444486291788514
2459299.8553148	15.669468194970488	0.0421040242741928
2459299.8553148	15.774805304628824	0.0377684432160374
2459300.8715385	15.78245312980491	0.0662072792928319
2459300.8715433	16.045286842529016	0.0721749382211859
2459308.5592562	15.703037214075104	0.054081376221661
2459310.9793564	15.709091994167409	0.0400782334620699
2459310.9793594	15.586327111333782	0.0526775681027773
2459310.9793594	15.698070046290908	0.0390720364177127
2459311.6778004	15.834899532607569	0.0322427337308151
2459311.6778004	15.74838333875224	0.0375557633677369
2459311.6778014	15.888196806454344	0.0428625542397711
2459312.8630399	15.6234435784389	0.030273366731952
2459312.8630422	15.68334281594348	0.0285060884081957
2459312.8630422	15.569833597178375	0.0265130193967468
2459313.8166335	15.850520802795598	0.0320944263475525
2459313.8166343	15.794846920626856	0.0323913711017944
2459313.8166353	15.813561818061416	0.0313611927327887
2459314.8220011	15.673458199362283	0.0343509975313683
2459314.8220119	15.771964310071969	0.0464676448205925
2459314.8220126	15.6738208081081	0.0471735532080384
2459317.541787	15.717517323412524	0.0429196244368725
2459318.5519836	15.781329981701546	0.0368192130419424
2459320.0643379	15.6591570550607	0.0470742393695432
2459320.0643423	18.05912081027558	99.999
2459321.7837198	15.659790741921755	0.0327391637332389
2459321.7837204	15.65335745831504	0.0260271343547771
2459321.7837229	15.639504298475854	0.0387338901815646
2459322.793552	15.592899740714753	0.0470744023902616
2459322.7935556	15.862243328088487	0.0740198466576864
2459324.8133986	16.146319027949076	0.0760819272327637
2459324.8133986	15.860985757400275	0.0739577381566492
2459326.8020027	16.112497407179475	0.123994973174784
2459326.8020066	15.906193045776664	0.0874741148314149
2459327.7159816	15.528961300178656	0.0404928919798335
2459327.7159882	15.724076711760612	0.0574227096338684
2459327.7159904	15.85348537043619	0.054936279072738
2459327.7172666	15.631065695712604	0.0633991734471736
2459328.5054944	16.108024669969762	0.1216748912410277
2459329.6528155	15.574084088712077	0.077265330149681
2459329.6528192	15.57110082172598	0.0792114388356637
2459329.6528192	15.671561295668225	0.0635109146978391
2459336.484073	15.70952895583009	0.0630738557049916
2459339.6236163	16.0860328154391	0.0851102602985328
2459340.8796953	16.03069908749958	0.048607159028483
2459340.8796961	15.93017271046003	0.0419036645382849
2459347.9166325	15.808169001529386	0.0381660649726422
2459347.916637	15.86033493127642	0.0474865624313956
2459347.916637	15.77995603924961	0.0253117878876266
2459348.7332259	15.935659180356565	0.0569079347825761
2459348.733234	15.763812898074663	0.0377230918845288
2459352.4445458	16.219310195073668	0.0707784764313717
2459354.8993769	15.725256688564889	0.0609988718488874
2459354.8993842	15.549481305483852	0.0396563698104756
2459354.8993863	15.720784223855668	0.0405942936164381
2459356.9425518	15.879964060474896	0.0728400514771232
2459356.9425557	15.934732416641264	0.0699707269549496
2459356.942558	15.97945535789095	0.0572677346850879
2459363.9102556	16.155151940457895	0.1033384181323915
2459363.9102581	17.0225472651445	99.999
2459363.9102581	16.194905398908144	0.1103765517608584
2459366.6475341	15.619947667498506	0.0512306856714858
2459366.6475348	15.63279159158094	0.0500412139771122
2459367.5066428	15.969711030412434	0.0490515835631379
2459367.5066448	15.954074786351155	0.0519417447721467
2459368.8572616	16.03419841658861	0.0664118297106198
2459368.8572681	16.100840347942132	0.0719644418475023
2459369.8541233	15.96067144435636	0.0545031193352657
2459369.8541235	15.828556333781682	0.0438776583959514
2459369.8541236	16.02252053833802	0.0575111737648972
2459370.8083705	16.149298703359772	0.0511102299313052
2459370.8083727	16.078650904514966	0.0630555861712957
2459370.8083742	16.092934391833754	0.0477751592104547
2459370.8648083	15.815694860953062	0.0574755911490035
2459370.8648083	15.803304630063774	0.0450650029014211
2459374.2591962	15.71913423381005	0.0432025085816635
2459375.3426361	16.198753338810334	0.0779801536727027
2459377.8389938	18.009517516676972	0.1826072826667145
2459377.8389938	15.66596305864826	0.0366666518263419
2459377.8390004	15.624824564698848	0.039366610603392
2459381.8524416	15.82521810221952	0.0547301644832846
2459381.8524499	15.974354608716553	0.0648248142633218
2459381.8524499	17.38156539989314	99.999
2459383.7027395	15.578235603415152	0.0359609135357015
2459383.7027431	15.677150148901486	0.0389509798828978
2459383.7632719	15.642454659419691	0.0377974210366389
2459383.7632719	15.732635429663622	0.0431845733642506
2459383.7632733	15.624968353043563	0.0278977617352399
2459384.7927801	15.925550540254848	0.0662404660216538
2459384.7927801	15.75072759202322	0.0521404709320523
2459384.8128665	15.809613662632758	0.0350979458155025
2459384.8128695	15.927547364929351	0.0491502339419548
2459384.8128702	15.983536091188022	0.0489514850131197
2459391.8155633	16.245339057091396	0.1079565004033062
2459391.8155633	16.345012873451573	0.1349958250633158
2459391.8155671	17.084966214940884	99.999
2459394.7187987	16.042266802572026	0.0814080486616365
2459394.7188031	15.945662835874945	0.0812078665723014
2459396.5505828	15.510058598694084	0.0342237936586315
2459396.5505838	15.59210731647121	0.0309400892479884
2459396.5505842	15.60193307662917	0.0301863715898189
2459398.7927776	15.68859675003067	0.0306792767926191
2459398.7927781	15.61338462156375	0.0298501042134109
2459403.3470894	15.76757096846588	0.0485150552111554
2459405.2588261	16.10398265146131	0.0555520647937738
2459408.8107464	18.071014899003707	99.999
2459408.8107467	16.151776802082086	0.0509099139791942
2459408.8107473	15.910279719792252	0.0460775111709388
2459410.5514472	15.681849375048229	0.0400033359040812
2459410.5514531	15.71861079548264	0.0307896549979167
2459410.5514542	15.816724964555084	0.0339970918683934
2459411.6792213	15.827456092399157	0.0459596539777947
2459411.6792213	15.726434296060647	0.0561329764601378
2459411.6792256	15.874865480750609	0.0472774834019042
2459412.5816938	15.54254174161311	0.038254744680435
2459412.5816982	15.663858923976706	0.0564921050466772
2459413.5496733	15.53839980730566	0.0497891480226136
2459413.549675	15.552806753828843	0.0378772705410123
2459413.549675	15.683438290966947	0.0349600326157146
2459418.6071871	15.933292232265924	0.1049312583779934
2459418.6071884	15.968627054947373	0.1102151648663573
2459418.6071887	15.856644084230938	0.0860984100428657
2459419.5294826	15.884248452085927	0.0882865339901003
2459419.5294862	15.672490629211396	0.0953767458897005
2459419.5294862	16.048980415250092	0.1203321415469008
2459420.6207901	16.386271483905	0.1527842572900999
2459420.6207901	16.201607174641083	0.0721872013236266
2459420.6233665	15.951718988196932	0.145643001279938
2459422.7729908	15.759677095889506	0.0408220091569853
2459422.7729927	15.59663442674914	0.0346020696006646
2459422.7729939	17.428087835172047	0.1422608218003269
2459426.3048569	15.577314444449	0.0367869792471255
2459430.6552879	15.651731217675888	0.0403638311159058
2459430.6552883	15.630366151269047	0.0366457480672916
2459430.6552889	15.616492642200722	0.0251819975838227
2459431.6126834	15.589393733882424	0.0377264124876888
2459431.6126834	15.554032485268133	0.0217243361070901
2459431.612687	15.714182236522191	0.027859266908773
2459432.5481782	15.58081978337362	0.0375577813129902
2459432.5481877	15.709272720825243	0.0444941302285009
2459436.2406194	15.661416489599738	0.0416660481244744
2459437.6342862	16.002087323060604	0.0399259873232252
2459437.6342862	15.918415082307678	0.0536723516599773
2459437.6342879	16.03600721799749	0.0470429999809898
2459439.5282788	15.647346859350598	0.0518794756345539
2459439.5282788	15.726517375015344	0.0531766260660758
2459447.6086426	15.678429357630764	0.0662557247755769
2459447.6086426	16.0189677587592	0.0877083182192708
2459447.6086448	15.674638121583415	0.0608486616163375
2459451.3051467	15.64132974841444	0.0649506242744204
2459451.64912	15.569950210981192	0.0694502326484238
2459451.64912	15.513460423603767	0.0649368589523597
2459452.6281503	15.53669731293847	0.0665750123841151
2459452.6281503	15.621742940185085	0.0538058434348023
2459452.6281503	15.53743271973638	0.0640733944473665
2459453.5969797	15.657091163748722	0.0534466093799621
2459453.5969797	15.418130997868651	0.0372619791024171
2459455.5935722	15.644602982213138	0.033481194871943
2459455.5935722	15.5641045554372	0.0378474300279516
2459455.5935811	15.680835421061314	0.0385457491889739
2459458.5827684	15.853306198034742	0.0467746864096017
2459458.5827734	15.701540498988054	0.0376343501203412
2459458.5827765	15.780858788739756	0.0360194517743541
2459463.5702276	15.922465389707734	0.0602134826989604
2459463.5702276	16.02963367778807	0.0630944826561119
2459466.3062312	15.63751611919723	0.0532573012695237
2459473.2635532	15.56783913232564	0.0678712577843313
2459474.5469567	15.64777975167027	0.0769954065891079
2459474.5469567	15.595408566699202	0.0679185226773514
2459474.5469625	15.46086196156805	0.0562409693260975
2459475.5257206	15.827143919341673	0.1057233340505494
2459475.5257206	15.510719197633476	0.0529897836609114
2459476.5296386	15.76008017711626	0.0939226139864803
2459476.5296386	15.277542165622984	0.0805074672893123
2459480.5776792	15.843363105337732	0.0783139153899682
2459480.5776792	15.86988829293822	0.064302343975781
2459480.5776792	15.949685411484284	0.0767183544745391
2459481.5238436	15.871213884395663	0.0621884776125855
2459481.5238436	15.673164841972271	0.0495101547419932
2459482.4905836	15.749825177099815	0.0675509141659551
2459482.4905836	15.82327899347258	0.0576456324201709
2459485.5657079	15.911075358925144	99.999
2459485.5657079	15.643312675519638	0.1552638738572086
2459485.5669829	15.476306333467791	0.1009000361913485
2459488.501434	16.180874231380912	0.0702089252645818
2459488.501434	16.060589182350228	0.0572849517420944
2459488.5014408	16.10231238648039	0.0504741829883729
2459490.4860559	15.90819669414519	0.1000514233821549
2459490.4860559	15.762376052449824	0.1012335446232633
2459494.4881035	15.68810887683717	0.0643498576388147
2459494.4881043	16.134504133552635	0.0960414908359318
2459494.4881054	15.834750552909462	0.0655823291529841
2459597.8711191	15.564530420028628	99.999
2459597.8711202	15.261145503733175	99.999
2459599.8666867	15.964190677299316	0.1243550814545684
2459599.8666902	15.577999142100424	0.0989726844374382
2459601.8621095	15.944883554659004	0.1101414733492756
2459601.8621095	15.554762847727204	0.0936311999546004
2459603.8615252	15.740008607711838	0.0883873247998316
2459603.8615252	16.145966151257156	0.1133463774614334
2459603.8615353	15.97069262804537	0.0758955954113356
2459605.8766851	15.86110927160764	0.1054548256602103
2459605.8766851	16.557288735156888	99.999
2459605.8766925	16.02351301805817	0.1060318904525435
2459610.0372056	15.570258569714728	0.2007283301788284
2459610.0372056	15.46377925606815	0.12029877199304
2459610.037218	15.78056609475431	0.1543884031865
2459611.0340746	15.631075793462276	0.0732442829949955
2459611.0340781	15.99126123742659	0.0942752935308846
2459611.0340839	16.028385813054175	0.1544256543554914
2459612.0193467	15.794842051188953	0.0553551836342428
2459612.0193485	15.695133670321992	0.0438151503581146
2459612.0193489	15.799393031006764	0.0597024095137927
2459617.582792	15.741049200781958	0.0660108812337014
2459620.5769906	15.931130098435132	0.0764322852357787
2459621.829057	15.699431339237236	0.0705648418908702
2459621.8290638	15.615126735968982	0.0584905135458725
2459621.8290655	15.681705079665216	0.0724899340629804
2459622.1694044	16.010225805612382	0.0946085505707486
2459622.1694044	17.070350139301638	99.999
2459622.1694044	15.764220397725952	0.0782553897759302
2459624.81904	15.662620218562344	0.0557589825354378
2459624.8190429	15.761899314527083	0.0825091758475313
2459624.8190429	15.79886590130642	0.0740953320536693
2459625.8808137	16.121905397437363	0.0673797230246232
2459625.880816	15.997567478742704	0.0493506939232759
2459625.8808233	16.11881737492373	0.0650307466019008
2459628.8042	15.894008431761574	0.1215712703192276
2459628.8042	15.860155971374802	0.0965946571535067
2459628.8042002	16.079095568763112	0.0948895658716651
2459630.0096153	15.594409917168694	0.0631288644128279
2459630.0096153	15.435181705318447	0.0896732564088096
2459630.0096153	15.798737239797928	0.0818270991588439
2459631.553514	15.57471461956082	0.1082896495186877
2459632.5571148	15.901042328003989	0.1100332992677399
2459637.529363	15.509483508080654	0.0570682925803494
2459638.5329461	15.582344624357278	0.0683597047403216
2459638.7806296	15.689272726792336	0.0578952265249278
2459638.7806314	15.815690445456973	0.0546768444228552
2459638.7806317	15.67201944854771	0.0342819981696111
2459640.7643785	15.66252901777318	0.0394918600356694
2459640.7643785	15.697688370006224	0.0575571098764712
2459640.7643899	15.710461685254984	0.0417745083635339
2459643.9489686	16.129136827707995	0.0747859635320901
2459643.9489802	15.935092150278289	0.0408743526583571
2459643.9489802	16.043068662206434	0.0553790501268453
2459646.1039658	18.125859157147865	99.999
2459646.1039658	15.831559327740454	0.0389102812286645
2459646.1039774	15.793475737627649	0.040791780248348
2459647.8733061	16.064736384853788	0.0523019387693553
2459647.8733061	16.240891684056052	0.056164425389268
2459650.0942684	16.097010279762074	0.0603797912321093
2459650.0942684	17.946544902453255	99.999
2459650.0942684	15.953459187196051	0.0365658080930647
2459651.8774814	15.747863524606805	0.0351965799429262
2459651.8774814	15.74166189794219	0.0387116889040498
2459652.7878139	15.861102452373686	0.0467570276767674
2459652.7878139	16.06780590737557	0.0577816941561215
2459654.0832891	16.422872350911987	0.1731921765957042
2459654.0832891	16.007881962364273	0.115211587533168
2459654.0832891	16.824352910485363	99.999
2459655.4699179	16.16609141410747	0.1816965502635609
2459656.5006246	15.52071872419724	0.0957029409559485
2459658.8687755	15.636300933040763	0.0463803655221311
2459658.8687831	15.524113448971397	0.0444118515340693
2459658.8687853	15.798660304121016	0.0692631294515915
2459664.0478826	15.630833185832794	0.0455718927343403
2459664.0478826	15.735930239516453	0.0488550879706653
2459664.0478935	17.50365825784688	99.999
2459665.8913519	15.832053723931052	0.067586350064626
2459665.8913519	16.099410094984407	0.0607708211454815
2459665.8913519	15.951233330099775	0.04579726958206
2459665.8925691	16.016072087539307	0.060555590464362
2459666.8637101	16.069073453838353	0.0425560658929957
2459666.8637101	16.109219537386043	0.0461895516228991
2459666.8637114	16.02474600375579	0.0438069535995001
2459666.9001058	15.987378793090528	0.0434008763474149
2459666.9001058	16.089020335981207	0.0619171821572324
2459666.9001058	16.194964777591846	0.087261211657237
2459669.6819704	15.663667582965536	0.0308744138807095
2459669.6819705	15.631958227877846	0.0335407639252565
2459669.6819705	15.731909035087558	0.0340922613098605
2459670.7575394	15.977301457978845	0.0288202363771428
2459670.7575394	16.024154635633533	0.0341189729057707
2459670.7575502	15.968966928208433	0.0351523934268578
2459671.7606261	16.049695531703463	0.0435623024780887
2459671.7606369	16.026458409989498	0.0442818903769641
2459671.760637	15.967281799276876	0.0299316017721627
2459672.8809246	15.854109141093216	0.0423235632506182
2459672.8809246	15.773722812638416	0.0632002658252661
2459672.8809246	15.648440213215238	0.035402575092226
2459673.90077	15.54029849238039	0.0463457343808182
2459673.90077	15.642945633626898	0.0428474658339159
2459673.9007737	15.65878209312114	0.037154136521078
2459675.8950498	15.54544089943494	0.0319117400455438
2459675.8950498	15.674120251604617	0.0363748153151102
2459681.0014193	16.64331861885249	99.999
2459681.0014193	16.111884443989727	0.1228825282465961
2459681.0014193	16.016271153161895	0.1213985376868315
2459681.4709783	15.85739196376834	0.1384951805713019
2459685.6312517	16.126059374232703	0.1844143360931279
2459685.6312517	15.637227106523302	0.0810979716611156
2459687.726331	15.866382473423135	0.0790656997924128
2459687.7263342	16.0240872366779	0.1136016355204533
2459687.7263342	15.765149872352124	0.1076246684103748
2459694.6070619	15.593900408830487	0.0283717257866155
2459694.6070666	15.702402484136543	0.0273463321262918
2459694.6070668	15.677956430060746	0.0438223857196289
2459696.4630074	15.542348683716774	0.041771195314715
2459697.4291764	15.58677118215722	0.0501415358893301
2459698.7940145	15.619426570908834	0.0436127638552749
2459698.7940241	15.57282609882284	0.0306528660077745
2459698.7940254	15.614954439094207	0.0286377679478436
2459702.7783578	15.607035067353582	0.0903973051613296
2459702.7783672	15.651411239298154	0.0554017230305267
2459702.7783675	15.541632111849813	0.0479712664491229
2459703.8586368	15.815850108029938	0.0442206249180983
2459703.8586368	16.049814479732984	0.0561172460037717
2459705.9053456	16.12036665116983	0.0666887678875587
2459705.9053456	16.00638048899388	0.0724357003197827
2459705.9053479	15.950755585488588	0.0498337044044633
2459707.7890909	16.122153971445044	0.0713635786593791
2459707.7890909	15.912144398445252	0.0872179775431201
2459707.7890955	16.01396935351865	0.0573116126102238
2459709.7734567	15.937095590935224	0.07213921521444
2459709.7734654	16.29848331882611	0.0980896552134194
2459709.7734676	15.957900828565082	0.0527356725503021
2459710.7549666	15.919706723775612	0.0345625055165019
2459710.7549776	15.97838843319455	0.0465045151433966
2459710.7549786	15.887607736119149	0.0398059114075865
2459710.7575844	16.066295607243926	0.087570043866659
2459712.9801835	17.13827905919066	99.999
2459712.9801871	15.763912811661452	0.0824342742253857
2459712.9801871	15.569763124516976	0.0610830809487268
2459712.9814285	15.863782690345143	0.1548053023060228
2459712.9814338	15.52815811334592	0.0806827640193411
2459712.9827077	15.628683868394884	0.0939111417930827
2459714.9616275	16.0060247243011	0.1544227981173343
2459714.9628805	15.689233570753252	99.999
2459714.9641335	15.802543102654926	99.999
2459720.89496	17.99034961413397	99.999
2459720.89496	16.044622794258963	0.0525834038959473
2459720.89496	15.962824242672	0.0498076993814552
2459720.8962361	15.87351216290581	0.039128009690448
2459721.5363005	15.649410124605971	0.0374150305184698
2459721.5363005	15.8350251147022	0.0468428026023757
2459722.8520684	15.847883831799765	0.0401940561314593
2459722.8520684	15.843209663309082	0.0077090640709068
2459722.8520767	15.865451994699836	0.0482625192433525
2459724.6430958	15.762056431879712	0.0438295739062759
2459724.6430958	15.823175021486655	0.0495273513568229
2459724.6431052	15.621834127876353	0.0372035720419272
2459725.8505904	15.910968301502198	0.048907480794591
2459725.8505904	16.15105386971616	0.0562187397032013
2459726.8551506	16.15472828437173	0.0530878519799549
2459726.855151	16.185427594816826	0.0494056970792092
2459726.8551564	16.186263027337265	0.0481427251225988
2459727.4176022	15.81534580348434	0.0602298194352785
2459728.7760814	15.928876869716476	0.087722938354533
2459728.7773102	16.007830663995716	0.1054175051928401
2459729.6126715	15.604758255228452	0.0596673711280935
2459731.4409844	16.041638194297363	0.0514020544429581
2459732.8643327	18.20010813781068	99.999
2459732.8643327	15.626595151514069	0.0314480682520869
2459732.8643442	15.73273563802334	0.037457199719997
2459735.7600156	15.961993577482929	0.0609084441822982
2459735.7600156	15.78360962693563	0.0793014908429451
2459735.7600156	16.017340921941972	0.0639682737107105
2459735.762496	15.907609892989203	0.0759770687066709
2459737.5772694	15.51306838974105	0.0382255452094212
2459737.577271	15.829583673450951	0.0409624572893327
2459738.8690614	15.709459248342812	0.0385061769791199
2459738.8690614	15.441501473045442	0.060208464493034
2459738.8690614	15.777286179589025	0.0464061556310824
2459739.8270213	15.561064603538489	0.0333662137314507
2459739.8270329	15.611004334985504	0.0451807206036475
2459750.2617739	15.647159547221005	0.0565008885482444
2459751.7387703	15.980552220754108	0.0820471628662768
2459751.7387703	15.658364328153995	0.0652200985359303
2459754.7994778	15.75213504399863	0.0591716117478285
2459754.7994778	16.0773864018963	0.0564243463265719
2459754.7994802	15.868126318533376	0.0468924137940545
2459756.2058182	15.549130974631218	0.0445167557772604
2459756.2070815	15.572198874317175	0.0841536851231671
2459757.7436118	15.9962745415734	0.0646261206699011
2459757.7436118	15.763378545892106	0.0545179590435577
2459757.7436118	15.877932087510349	0.0946334330900438
2459758.7847398	15.679129194006736	0.0295706039405064
2459758.7847398	15.672997365938723	0.0350167444789963
2459758.7847473	15.638384451282825	0.0289723838898261
2459759.7801331	15.731077990094924	0.046569461340242
2459759.7801331	15.719372042046968	0.03688687297735
2459760.7197266	15.678269320654971	0.0393960351832112
2459760.7197266	15.89568521945586	0.0363915102725553
2459761.713985	15.746404886978588	0.0340741007220587
2459761.7139915	15.760011671441438	0.0315502612700581
2459761.7139929	15.760271605673804	0.0310561100934116
2459761.735156	15.675779374120973	0.0552135936761479
2459761.735156	15.54179300663986	0.0375652969284379
2459761.735156	15.693969428913936	0.0362223381897617
2459762.735729	15.704441313245797	0.0323740099132522
2459762.735729	15.705986216716596	0.030401449208811
2459763.723285	15.585456069514358	0.0444111793266789
2459763.723285	15.661224980305802	0.0265751426188475
2459763.7635558	15.542362658318345	0.0273208108066012
2459763.7635615	15.69120117610511	0.0239391089760782
2459763.7635622	15.739297105110522	0.0312045687714204
2459764.7572539	15.612902357024357	0.037578940923266
2459764.7572539	15.601429646353893	0.0406301283244293
2459769.7339171	15.873806888527543	0.0743215356980137
2459769.7339171	15.967712462896664	0.0885648694797473
2459769.7339171	15.649744683997396	0.0474167088173508
2459773.460104	15.861800235457803	0.0939502349320139
2459777.2044231	15.659152612987162	0.0702076615979017
2459781.7707091	15.675483101602648	0.0353169714416579
2459781.7707091	17.797640356876197	0.1851363198544693
2459781.7707091	15.816207027453451	0.0428336522449215
2459782.720722	15.842036324209998	0.0306621738637293
2459782.7207224	15.763320856961895	0.0289043679274904
2459782.720727	15.651640026020432	0.0284249600244623
2459783.6525309	15.837719786305149	0.0331105364631832
2459783.6525309	15.900726768909772	0.029540917291136
2459784.6087275	16.0912252256225	0.0412795115630841
2459784.6087275	15.83960469371961	0.0253655600580108
2459784.6087287	15.958828980791496	0.040053824526453
2459786.7132218	15.664803219161277	0.0343138013886104
2459786.7132218	15.657229156018062	0.0445134575747976
2459786.7132218	15.480007530027	0.0488172744804522
2459789.6170626	15.651551388551535	0.039152444587382
2459789.6170626	15.562993648647538	0.0380196494173526
2459789.6183037	15.616327231131796	0.0425684894981417
2459791.7212796	15.72955678326341	0.0643060773718523
2459791.7212796	15.894194591414305	0.0396222003151183
2459791.7212879	15.763740870266204	0.0372686580348578
2459793.4752036	16.118343988642327	0.0541269548936883
2459793.4752036	15.992507301219153	0.0440612535792507
2459793.4752074	15.725381445843585	0.0277713598249717
2459793.4764902	16.04672069789384	0.0489876173921193
2459794.6529287	15.753348098639322	0.0216039834691646
2459794.6529308	15.921073556128398	0.0414075272285641
2459794.6529308	15.827541995338365	0.0370730751862826
2459795.6663382	16.01793495671794	0.0408454582513169
2459795.6663391	15.80747360878483	0.0255863488254856
2459795.6663417	16.024413515423163	0.0437000308543705
2459796.7248612	15.950239994323072	0.0830143513910521
2459796.7248612	16.020416910939787	0.0993415880155249
2459796.7248612	16.17108994716042	0.1687240303772009
2459797.420646	16.266963174110675	0.1420190904966547
2459801.2660534	16.007561255910026	0.1382761515373224
2459806.5559544	16.228310532137517	0.061595686666879
2459806.5559544	16.238923410480407	0.0536595740649693
2459806.555957	15.7561443872758	0.0272347643880306
2459806.5572413	16.355557127945005	0.0798730343351068
2459807.6333358	15.630360594025078	0.0415672153517175
2459807.6333422	15.706816980540037	0.0458130383584208
2459807.6333428	15.691327578388464	0.0411367825934222
2459808.5793491	15.901035638264142	0.0398974678433878
2459808.5793491	15.971228981722325	0.0474830848212765
2459808.5793521	15.965863926721076	0.038588764967721
2459808.5806358	16.062518976402682	0.0561582445082473
2459808.5819226	15.788961321304075	0.0384991483183624
2459809.6159502	15.72040089682699	0.035919090329075
2459809.6159502	15.67798744766092	0.0302348361813135
2459809.6159549	15.584822381918473	0.0280860381238453
2459810.6222792	15.63210177886268	0.0371104085649341
2459810.6222908	15.679429695593864	0.0375709586638872
2459811.6297634	15.580334430079583	0.036160979524251
2459811.6297634	15.567045908559455	0.0357917132339761
2459811.6297675	15.642475189771176	0.0370813904350406
2459814.4784746	15.95494506936442	0.0358932215459705
2459814.4784778	15.94443774866338	0.0380474294725294
2459814.4784806	15.962995795247677	0.0285336219716537
2459814.4797755	15.92578887716094	0.0370956500159658
2459815.5504699	15.552780254309283	0.0345815704732509
2459815.5504699	15.561260900333426	0.046765952815536
2459816.5923278	15.50840612663194	0.0540544966696931
2459816.5923278	15.5858356922198	0.0650907780223599
2459816.5923278	15.561336029101945	0.0546610723629104
2459816.5936261	15.51604506171271	0.0649344001195561
2459817.6084721	15.828793483677453	0.0352296730770727
2459817.6084721	15.854144156555066	0.0404047360959861
2459818.6465977	15.97400574053604	0.0551673505356783
2459818.6465977	15.979012022792432	0.0586436891216467
2459820.2936158	16.06435087425435	0.0691455810750098
2459821.5661038	15.93995127577864	0.04236306458094
2459821.5661141	15.951012350487687	0.0403102422373522
2459821.5661152	15.963275367088558	0.0360272188055632
2459821.5686862	15.946276516966474	0.0559764823989423
2459822.5837693	16.099881136396487	0.058599953849531
2459822.5837693	16.05271527660969	0.0543318559908641
2459822.5850097	15.925828917944486	0.0685470562135365
2459822.5850097	15.92124849259199	0.1005957281569999
2459823.5860758	15.921700963466268	0.0490615077092372
2459823.5860758	16.11951250214639	0.0705994548885312
2459823.5873174	16.315047909117425	0.0965524854599697
2459829.5200119	16.12270151881232	0.1123075644492643
2459829.5212638	16.18217629544783	0.1153818908870939
2459830.5417858	15.910859443978069	0.0813259175747196
2459830.5417858	15.93019954261064	0.10561814042981
2459830.5417858	15.994232815886544	0.0757525449864486
2459831.3155574	15.355501334484172	0.1106565933534197
2459834.5509663	15.829495218640746	0.0693788226175082
2459834.5509706	15.590904404067537	0.0484368557155732
2459836.2923995	15.69291750904619	0.0640096150611958
2459837.5081812	15.5497362047525	0.0379593434961393
2459837.5081812	15.74739495476271	0.0394836801085698
2459838.5109589	15.29287197452453	0.0822460993972492
2459838.5109601	15.16159057404147	0.0669849764325128
2459838.5109601	15.271914380216298	0.0691095268203357
2459841.4806556	15.744683575383116	0.0368162020564774
2459841.4806562	15.62916005312903	0.0392283743197087
2459842.5342576	15.83824663008886	0.0335172024501159
2459842.5342617	15.82969055317653	0.0344462402268679
2459842.5342641	15.84357474149402	0.0478826021785399
2459843.4981493	15.824063179369771	0.042808831884946
2459843.4981609	15.792429974916535	0.0247313445971024
2459843.4981622	15.855505495403545	0.0441688443988801
2459844.5134085	15.788494131236096	0.0394505380205451
2459844.5134094	15.954917886954036	0.0326682701100148
2459844.5134122	15.894276920299983	0.0441954902505486
2459845.4820594	15.955763027979144	0.0608524765657046
2459845.4820594	15.80149421636982	0.0537946593303334
2459846.5086735	15.956367788748231	0.0487428090559891
2459846.5086735	15.999404688745296	0.0556372399839754
2459847.4969302	16.025002323001903	0.0392607764335954
2459847.4969357	16.031965480502397	0.0413659429393035
2459848.5134114	16.014682363323697	0.0509601650691654
2459848.5134114	15.916502263305096	0.0715110673751914
2459851.504265	16.182842825787993	0.0674392737435163
2459851.504271	15.937526273648716	0.0430502413569731
2459851.5042742	16.164099027210078	0.0518362609923255
2459855.5049379	15.835814013682333	0.0872534628347768
2459855.5049379	15.581259658625488	0.0460445518868451
2459857.4909835	15.435945761694184	0.0462523645532813
2459857.4909835	15.756301960424274	0.0747734678963196
2459857.4909936	15.554249615715245	0.0467432608324518
2459964.8669806	15.977215754660572	0.0861311165702906
2459964.8669825	15.970548228629792	0.0673770633829147
2459964.8669837	15.952561262871471	0.0698974495106161
2459967.6173864	15.562167249334683	0.1226467703431889
2459967.6186847	15.549639953012724	0.1315916954585875
2459973.8633505	15.608793637517543	0.0501042554189052
2459973.8633505	15.727376134393404	0.041028509220537
2459979.0317354	16.75460736748028	0.211654486809547
2459979.0341931	15.547752550518576	0.1473267160617574
2459981.0204071	15.704842854873426	0.1105318280692828
2459981.0204071	15.922945806357834	0.1855178323351926
2459983.8900594	15.354618417789087	0.1009236783035201
2459983.8900594	16.114452020525572	0.2155698577314538
2459983.8900597	15.673475012057011	0.0950300498804889
2459985.8286565	16.074576867683636	0.1443097284041858
2459985.8286624	15.864151299418063	0.0919663515841498
2459985.8286656	16.343355827461007	0.1597757880677987
2459988.5666535	15.88868125245979	0.0771686729080313
2459994.7971525	16.069700948273407	0.0567854948856556
2459994.7971525	15.983528240765551	0.0466369132851963
2459994.7971537	15.975126434676834	0.0422725414118557
2459994.7984612	15.920082137308988	0.0653570320542423
2459997.9032563	15.554101274639184	99.999
2459999.00807	15.909079547293514	99.999
2459999.0080809	15.586861151711776	0.0919571462815429
2459999.8642615	15.513328480587491	0.0354740713810959
2459999.8642615	15.656729108320398	0.0396737548378839
2460001.8116747	15.552092231734186	0.0410163363145085
2460001.8116747	15.489143827934075	0.0367154176833453
2460002.768199	15.561051622959532	0.0411632008375353
2460002.768199	15.685223156231489	0.0408054973806549
2460002.7682089	15.563214977640468	0.0296735218817387
2460003.7922624	15.689454700785053	0.0372935665418565
2460003.7922624	15.643653361724194	0.0417172767885159
2460003.7922644	15.64099529974698	0.0368992035554183
2460006.5941082	16.13868011091496	0.0661528037184702
2460010.0095877	14.95379590917306	0.0932444016814287
2460010.0095927	15.370417619644654	0.0663126830332476
2460013.9487605	15.82283534265844	0.1494873524010229
2460013.9487687	15.762588400996291	0.0706185998435024
2460021.7236573	15.747787738684082	0.036670943246925
2460021.7236574	15.739872651539548	0.0350200972528756
2460021.7236574	15.729715285953985	0.0292664270807319
2460023.5258571	15.845721913089363	0.0766169006747229
2460025.4793016	15.661602885724214	0.0360652319244476
2460026.8021447	15.740781076471212	0.0434326418351231
2460026.8021447	15.781184172647873	0.0450786187047089
2460026.8395831	15.838611334265744	0.0264569268231867
2460026.8395831	15.89351031205947	0.0352601593732416
2460026.839587	15.878192111244523	0.0280391913914297
2460028.9182164	15.84415272905332	0.0606590095149795
2460028.9182215	15.768015560193035	0.0343236473058412
2460031.0476829	15.82508972243681	0.0504353923567268
2460031.0476829	15.646210177622187	0.0371145352785903
2460031.0476865	15.688909436071544	0.0227049752653693
2460033.8362447	15.922982932139318	0.0516081669845369
2460033.8374736	15.953694227126269	0.0582305639611193
2460034.9322725	15.562666206953754	0.0401122191985207
2460034.9322725	15.42833340441847	0.05941154302732
2460034.9322831	15.587831849682958	0.0307749155241203
2460035.8190272	15.629650774366326	0.0424254940986469
2460035.8190272	15.794357715983134	0.0337511331527511
2460035.8839448	15.431821562781236	0.0658486713287708
2460035.8839448	15.447732730979912	0.0547425777094038
2460037.4660626	15.64460138479162	0.0673367745520066
2460038.9083538	15.643533156715764	0.0424715811799945
2460038.9083538	15.684540973002765	0.0493310483662169
2460040.6524524	16.120142138674765	0.1152221125749552
2460046.7764234	15.692247697255423	0.0539702264856572
2460046.7764234	15.951948098716276	0.0878759031728238
2460046.7764272	15.62779731808834	0.0418510725011823
2460047.8257089	16.029056502185778	0.0831226157922092
2460047.8257136	15.914153176573766	0.0513591816403026
2460048.7415703	15.768186565118931	0.0590419315331742
2460048.7415819	15.72622378952132	0.0367948846762474
2460049.8997992	16.077156338070168	0.0551212156761056
2460049.8997992	15.932347682058374	0.0457128358911913
2460050.8036476	16.183572521006177	0.0557419036782957
2460050.8036476	15.909478210616228	0.0393368256122086
2460051.9332485	15.836508905070596	0.0744628383794745
2460051.9332485	15.639821243213682	0.049694258809717
2460052.8294966	15.907718452173995	0.0427253914570273
2460052.8294966	15.899550183476956	0.0495685619404207
2460053.8095833	15.954781686981068	0.0439114191705264
2460053.8095833	15.936477226491723	0.0317651597760208
2460053.8095869	16.007178064644123	0.0589044761371316
2460053.8108672	16.13887605947466	0.075473915134373
2460053.8497951	15.811767833146	0.0479249786972639
2460053.8498067	15.686053815767984	0.0386052635635051
2460054.7238388	15.89346250136489	0.0456094290258159
2460054.7238388	16.122568232734796	0.0594531141077671
2460056.7181803	15.892721026209706	0.0539882589313307
2460056.7181803	15.961882454533349	0.0430878659846406
2460057.6569406	16.047440933624856	0.0735626212290241
2460057.6569406	15.813514245437494	0.0506145956896533
2460058.8344814	15.704634198541378	0.0368036475852073
2460058.8344814	15.671074272340835	0.0272814189363587
2460058.8344854	15.543773614251242	0.0255837347601066
2460059.6733331	16.03954677748383	0.0655154081620527
2460059.6733331	16.00698897301246	0.0639725650874068
2460060.5019329	15.661821494272168	0.0498009751098319
2460062.9635356	15.967278467942483	0.0921617619438938
2460062.9635406	15.973623384911203	0.0724942329415121
2460064.8848247	15.900385540676291	0.0661025693239477
2460064.8848286	15.80082196661583	0.0531543321892871
2460065.8310562	15.898381132749057	0.0565483729828186
2460065.8310562	15.71622771770598	0.0446357008280496
2460067.8460659	15.744169620979498	0.1281893648129451
2460067.8460706	15.842715475399858	0.1110544318706894
2460074.6973161	15.795280246380216	0.0756160401744489
2460074.6973161	16.493544284402308	0.1582573036154447
2460075.7729342	15.969126124197636	0.0458821266836931
2460075.7729342	16.245608540021486	0.122691437590545
2460075.7729342	16.115101782129823	0.0552902572551656
2460076.8443201	15.6504408721699	0.0515118690847434
2460076.8443201	15.62878363032615	0.0433411516392507
2460077.9747265	16.150306825863787	0.0650861288605996
2460077.9747265	15.785468357516596	0.0463702866218353
2460077.9747296	15.885076136653453	0.0264741471089171
2460078.7001299	16.045763293704056	0.0467681889309753
2460078.7001299	16.143371006205136	0.0466507100358313
2460078.700136	16.075095581566732	0.0374238253023093
2460080.4755125	15.533379247156027	0.0443926342020022
2460081.4710591	15.595087445748511	0.0384648715539982
2460081.8770968	15.95520565781966	0.071879129633994
2460081.8770968	15.810832969754776	0.0515473876962134
2460082.4793967	15.727072087051877	0.0795995566727172
2460084.4632773	15.74109577126054	0.0494662092931319
2460085.6781652	15.685035129476391	0.0312539064636208
2460085.6781652	15.721075252931747	0.0326991235832059
2460085.6781677	15.577842687538723	0.025833428601256
2460086.872751	16.167221870373506	0.0794072681729774
2460086.8727556	15.945085625908366	0.0618359408710368
2460087.8691566	16.166131298357197	0.1345520252628969
2460087.8691674	15.981453172749749	0.0747674884585547
2460088.4521036	15.795529529967386	0.0475450146666237
2460088.8666091	16.08788296645868	0.0837465279972089
2460088.8666091	16.034588632213392	0.0712379104614431
2460089.893084	15.727582967882007	0.0561065874104377
2460089.893084	15.909917913128517	0.0605899187425464
2460090.9344373	18.03242279481108	99.999
2460090.9344373	15.696017948030743	0.043096713458886
2460090.9344373	15.761339698635116	0.0392477087277098
2460091.3466414	15.681711659249052	0.0401891926432371
2460091.5504521	15.49975511178284	0.0482300749647882
2460091.5504521	15.76468058223496	0.0429600242049289
2460091.7488902	15.98823875587139	0.0364267088308921
2460091.7488902	15.936543521663	0.0386025804143279
2460091.7488902	15.76998393691617	0.0284387234038231
2460091.9227407	15.782566383341631	0.0817756402658977
2460091.9227407	15.616588248072368	0.0444954213716991
2460091.9227479	15.649419974454736	0.0246952066475309
2460092.3161494	15.614378396876846	0.0462137493075962
2460092.3173896	15.819618809184789	0.0771513373330984
2460092.5779973	15.674782510069576	0.0399490336032232
2460092.5779973	15.67878688333562	0.0440616342101774
2460092.5779973	15.598383653176366	0.0360968869674778
2460092.9270019	15.34677323077359	0.0588082847868651
2460092.9270019	15.816139023195015	0.0727296921316443
2460092.9270037	15.585145485671156	0.0637369068398435
2460093.3381328	15.798335065967253	0.0653611572081965
2460093.8809946	17.426662208045627	99.999
2460093.8809946	15.723749829189924	0.0495028110505376
2460093.8809946	15.66068396698622	0.0450713792778325
2460094.5383883	15.681716670707626	0.0636537278270108
2460094.5383883	15.58725272694702	0.0613555977891881
2460095.5415114	15.748942902162256	0.0997906266661945
2460095.541516	15.74335091480509	0.0897743615266817
2460096.829801	15.593434881164969	0.1322734956124864
2460096.829801	15.711731139838443	0.1323227835804563
2460103.7424266	15.585269417505218	0.0600812850153101
2460103.7424266	15.600490211939968	0.076547764981242
2460103.8950557	16.070170726230856	0.0640850948511349
2460103.8950557	16.17467809350714	0.0831363478350776
2460103.8950584	17.644072639814816	99.999
2460104.746333	15.66948814443627	0.0377191168200667
2460104.7463383	15.543330680826328	0.0339989509697759
2460104.899211	15.99193470991231	0.0484638359599958
2460104.899211	15.971425846399292	0.0436122339694477
2460104.8992234	18.01705001280297	99.999
2460108.840071	16.148904684161515	0.0570251969591291
2460108.840071	16.055741216790786	0.054510421109496
2460108.8400765	18.02845813805496	99.999
2460109.7332729	15.4858416682118	0.0283723141461289
2460109.7332729	15.781529653518394	0.0483974834468305
2460109.7332729	15.739426856408812	0.0327904028618973
2460110.8093445	15.772258782151962	0.0808123201575579
2460110.8093445	15.913254668835354	0.0561810123189303
2460112.8869921	15.714582257796415	0.0453145741584824
2460112.8869921	15.856350021361552	0.034321090997317
2460112.887004	17.897512063438615	99.999
2460114.8798759	17.710080761319745	99.999
2460114.8798759	15.745758038729802	0.0504615558784508
2460114.8798759	15.651230843271875	0.0290894748019323
2460119.7034677	16.061518896492462	0.0598284958157811
2460119.7034677	16.005267028842802	0.0605842714571459
2460120.7502481	15.70685725293626	0.0273033511747849
2460120.7502481	15.692539788312194	0.0325691713016685
2460120.7502567	15.70814683390724	0.0219477905947095
2460122.7709793	15.627830435623506	0.0859233943616642
2460123.6028726	16.402787854043684	0.1003848553595912
2460123.6028726	16.024420391230727	0.0704932069754138
2460123.6028726	15.921019707871045	0.0421294991737432
2460124.797806	15.745429529540305	0.1266893327988036
2460129.506146	16.67300943772226	0.2122566785467026
2460129.5061565	15.73403057369102	0.0794045845448419
2460129.5061576	15.908303973039766	99.999
2460130.8057651	16.14875355318694	0.1979991135423105
2460130.8072488	15.595372253656365	99.999
2460132.7847894	16.039557155009955	0.0542100039741659
2460132.7847894	15.799414637839153	0.0348327005000691
2460132.7847953	18.041259218471332	99.999
2460133.8010948	15.781435289426303	0.0856845979961605
2460134.8227459	15.794224014346687	0.1536264284433617
2460134.8227459	15.679998405991755	0.1414288314199724
2460134.8227565	15.937721602014363	99.999
2460136.6820822	16.08360488260607	0.0933018121255877
2460136.6820822	15.943886318955329	0.0653633351235753
2460136.7306735	16.202636663914994	0.0728559208153386
2460136.7306735	16.115163523382904	0.0936105346733242
2460136.7306792	16.09141999504873	0.0447050583774838
2460137.7985618	15.747643630172735	0.0835316706013356
2460138.7773761	15.78975941788382	0.0505037160346755
2460139.8023217	15.718919644914957	0.0360325357837847
2460139.8023217	15.781784805658036	0.0362675416628578
2460139.8023341	18.008963556809032	0.1905764897829105
2460141.559137	15.74201099925226	0.0428409391014809
2460141.559137	15.678938153980551	0.0391104267877859
2460141.6071943	15.702347337515	0.0271727360490145
2460141.6071959	16.095912291758857	0.0460630335493345
2460141.6071959	16.054721538506058	0.0478210849677868
2460142.7847717	15.607465661800076	0.0479294132761993
2460143.7607024	15.741281938773415	0.1396720198860334
2460144.678436	15.80525196588787	0.0500020947136504
2460147.7703264	15.712352361495514	0.0443996326001908
2460147.7703264	15.77303531963122	0.0462518012117995
2460147.7703264	15.680695907056815	0.0197049798853596
2460149.5163912	15.957454171415836	0.0839848786624715
2460149.5163912	15.820545538870755	0.0682463953984875
2460156.5114455	15.568248243832151	0.0589796603563496
2460156.5114455	15.578870606757116	0.0546646423211586
2460158.6547578	15.88848908734765	0.099144178727727
2460158.6547672	15.977454135688038	0.1001718610082967
2460160.7504986	15.71022861778826	0.0490901832081262
2460160.7504986	15.735080634004648	0.0436290371426495
2460160.7505033	15.70967713043378	0.0315550035380863
2460161.7224048	15.651141129204468	0.1123815068834305
2460163.6968826	15.755171931572418	0.0509693866259331
2460166.3875602	15.500628737267444	0.038533851748961
2460172.6458847	15.604962591868212	0.0571984307983794
2460174.6424578	15.56220893269958	0.0552426871891976
2460174.6424578	15.737785151711076	0.0514527558563224
2460183.6367818	15.70730917294126	99.999
2460185.3043667	16.412632598383684	0.1961281782871169
2460188.6423912	15.667244286757771	0.1379539262764771
2460188.6423912	15.58502908933538	0.1327600832185708
2460189.6361928	15.526264371133395	0.1011089801546779
2460189.6361928	15.780553793842266	0.0861018741266113
2460194.3096478	15.613729954635517	0.0466755987690032
2460194.5983701	15.57428867415405	0.0569941525347517
2460194.5983701	15.74082505936632	0.0644327480702077
2460195.2882268	15.417251378953477	0.0731931395902971
2460195.6105472	15.575694553897575	0.0477801126212896
2460195.6105472	15.78595131484782	0.0524141339540681
2460196.6100501	15.67837253039314	0.051231947802365
2460196.6100501	15.748083684300598	0.0584180167750277
2460202.3083688	16.053852694239616	0.0636728178901266
2460216.2665291	15.799286338143732	0.1166975567849491
2460218.5057881	15.614184841958224	0.0395891213475089
2460218.5057881	15.57041356216497	0.0295102532809574
2460218.5057942	15.586302331377	0.0305669023268337
2460219.5177554	15.693052284178876	0.0397149475565932
2460219.5177641	15.567854812652287	0.0338247247890742
2460219.5177669	15.653484253150523	0.0391462747396026
2460220.2814314	15.935447579178357	0.070379681018958
2460221.4981516	15.690411076819062	0.0274111929577045
2460221.4981516	15.557239586699094	0.0369811155584441
2460221.4981516	15.605946756602552	0.0423775194823094
2460223.4834063	15.663500337050118	0.1060688750543739
2460225.4844578	15.781118872727316	0.0781294705187629
2460225.484463	15.94789620764034	0.1170262022936828
2460226.2320398	15.695397639247128	0.104423370648472
2460333.6190505	15.44317819614662	99.999
2460334.6149124	15.661801938344182	99.999
2460336.0344501	15.619473731054631	0.1241775756492249
2460338.0281508	16.163252655212684	99.999
2460338.0281532	15.636526072157222	0.0806654047668864
2460339.0248377	15.976913144149556	0.104198589795189
2460339.0272834	15.809327503657729	0.1355816674602128
2460340.0215983	15.741477701181656	0.0668232819002333
2460358.8200316	15.74569954817992	0.0364959673787068
2460363.7967467	15.54182109305873	0.0567482802929567
2460364.8911354	15.904620959315036	0.0788599250964757
2460365.8250029	15.794332511453264	0.0681562122031103
2460367.7934705	15.876896725088624	0.0719655846266275
2460369.8551688	16.252906319206964	0.1236029114340072
2460369.8551688	15.973964115041364	0.0922916845219095
2460370.8171703	16.051467712380635	0.0679913879396827
2460370.8171703	16.113054551609864	0.1130842957135261
2460370.8171738	16.117208280878906	0.0708039612025796
2460375.8467193	15.610208725036154	0.0437089924754776
2460375.8467193	15.961863405808874	0.0583149784133215
2460376.8030592	16.0566968984659	0.0694170885148449
2460376.8030592	15.90330688355429	0.064014982491011
2460377.8522649	15.61575165800119	0.0621659213495494
2460377.8522649	15.770230620068698	0.0713285647604577
2460378.8442783	15.5638507899495	0.0413206432006578
2460378.8442783	15.786934551372507	0.0595362121314423
2460380.8786801	15.567273300244198	0.041219084686844
2460380.8786801	15.566898955381989	0.0349705825982332
2460381.8264849	15.555888846614344	0.0404859236561995
2460381.8264849	15.575093696328157	0.041611378321781
2460382.7952222	15.69196959545329	0.0387409516051779
2460382.7952246	15.6425408660919	0.0433945966949004
2460383.8435278	15.570543665448437	0.0377013293852481
2460383.8435278	15.72881300382965	0.0357192675917239
2460384.8427613	15.69449986275737	0.0411111183414567
2460384.8427613	15.610598707186725	0.040149825951819
2460386.8146734	15.796447536658048	0.0368449033230996
2460386.8146734	15.7465500890489	0.0431032899231385
2460387.8592334	15.932999003466984	0.0640565619270858
2460387.8592334	15.9846501445944	0.044012858599437
2460388.8094359	15.859249366008346	0.0319754128467881
2460388.8094359	15.932061908465462	0.0723586831949783
2460388.8094359	15.829954094495449	0.0247491228523919
2460392.7330473	15.760538016834673	0.0855063830387151
2460392.7330473	15.712400258084289	0.0815829314720498
2460392.7330473	15.847683995184052	0.056145437807371
2460393.8652575	15.7970554774677	0.0857949156707375
2460394.7491871	16.612938767195825	99.999
2460394.7491871	15.803689483976257	0.0567624781211642
2460394.7504274	15.697765271250724	0.1220713796694629
2460396.768441	15.837771453197728	0.0623105821281651
2460402.821986	15.627084194932443	0.0499849633026739
2460402.8219922	15.613812992838806	0.0280217385652216
2460402.8232264	15.622279916986614	0.0400731617829288
2460403.8624127	15.749851137392936	0.043925049674683
2460403.8624127	15.814315159768883	0.0521407342637596
2460404.8421715	15.86049184012182	0.0367093391007296
2460404.8421715	15.780843581994633	0.0471904598328851
2460405.8670608	15.793800165869058	0.0277800384291728
2460405.8670608	15.902511669183328	0.0408907841422732
2460405.8670652	16.023512888234233	0.0532344063533823
2460409.853543	15.932746911769929	0.04964127650413
2460409.853543	16.09076896767041	0.0578783454869075
2460416.7739463	16.04387502502478	0.053327488903042
2460416.7739463	15.884282554221958	0.0527009433127316
2460417.710716	15.896221692423866	0.0683136123656059
2460417.710716	16.259944824572912	0.0847127923233966
2460418.8152662	15.653704219287778	0.0321517765909378
2460418.8152662	15.671441274401952	0.0690790500853159
2460419.7845943	15.78065726610169	0.0278999421556196
2460419.7846059	15.74540195949371	0.0596612637292515
2460419.7846059	15.832922830242104	0.0412850647785357
2460420.6930572	16.069300859380633	0.0567992258651947
2460420.6930572	15.933299962260076	0.0568047978752647
2460420.6930572	15.994972658413824	0.1244725129053183
2460423.6457683	16.135112675529783	0.1474121438929536
2460424.7092444	15.917043731660554	0.1432604844496301
2460424.7117252	16.311973348607193	99.999
2460429.4809151	15.93271772522334	0.0970990881006085
2460431.9928484	15.574296046226536	0.0460605512883419
2460431.9928484	15.796931116340833	0.0465745976814969
2460431.9928484	15.539621039560414	0.0556313975991113
2460432.8897631	15.86124142146377	0.0506150546358112
2460432.8897631	15.879115164916318	0.0895556604955099
2460432.8897679	15.945335039801009	0.0432096385506372
2460434.9639013	15.579010601769864	0.0458214801278945
2460434.9639013	15.696411757937527	0.0413540248676094
2460434.9639103	15.494342447790622	0.0311157795826708
2460436.8386911	15.747092220601006	0.0422762907949719
2460436.8386911	15.766319182772015	0.0453460738008769
2460436.8386911	15.65592328130132	0.0348206490524949
2460437.9148165	15.470707209488168	0.0384564121696853
2460437.9148165	15.536274724570266	0.0577613162702626
2460437.9148165	15.517404632356106	0.0401772952734191
2460439.5870565	15.669358422735185	0.0302819934977008
2460439.5870565	15.769480510673448	0.0671690890942981
2460439.5870565	15.603941453597695	0.0293751342767436
2460440.5777266	15.873130511143431	0.0609878679440566
2460440.5777266	15.707772287688424	0.0477843191509958
2460442.8418825	15.530609955035748	0.0368692794042012
2460442.8418825	15.62169729906004	0.0445195485548219
2460446.3473727	15.52042416240278	0.0467795373124267
2460449.4637875	15.589751667731198	0.0876499246985996
2460452.9463003	15.483985117285622	0.1210917757592996
2460452.9463003	15.862284303831498	0.1518429247286164
2460456.7285227	15.988772932896383	0.1704095808097095
2460456.7285227	15.77325847220882	0.054182114609985
2460456.7285227	16.127746782649318	99.999
2460457.7309107	16.398634570913625	0.1353337937618813
2460457.7309223	15.849659970231402	0.0461732379958839
2460457.7309223	15.830005341768166	0.0623413782685859
2460461.8121941	15.656962017661732	0.0276378433344333
