2458018.6044128	12.651402837984463	0.0042945761685858
2458018.6044128	12.607478574108324	0.0043335500103858
2458019.5816505	13.344340215035611	0.0062410566419514
2458019.5816505	13.3931772104442	0.007087581557033
2458033.6395715	13.393126732174254	0.0092948445047553
2458033.6396179	13.38502269525426	0.0090693222588535
2458034.5913438	13.389232747116198	0.0067960810784742
2458034.5913506	13.380987536436209	0.0059957298871367
2458035.5910133	13.332085698606718	0.005390221689958
2458035.5910133	13.322431603721403	0.0059307763028269
2458036.5747265	13.153737287429792	0.0026412974795859
2458036.5747335	13.124201345391814	0.0033630002590998
2458039.6148153	12.767205983398387	0.0042329703839709
2458039.6148153	12.768312887083988	0.0040682955244161
2458040.6214942	12.592774865327431	0.0044604651826839
2458040.6214942	12.610067969647842	0.0044510990828528
2458041.609452	12.17673228511456	0.0045584727125598
2458041.6094649	12.174469885799834	0.0045458554053355
2458042.6227471	12.86974640089733	0.0037408355120076
2458042.6227471	12.827165298333888	0.0039326868004465
2458043.6124824	13.295580861207585	0.004639975776123
2458043.6124887	13.230068845354072	0.0049356286734111
2458046.591067	13.375368254685782	0.006344449708808
2458046.5910713	13.37003461083453	0.0079375108444851
2458047.6059386	13.319134245641155	0.0050108603204782
2458047.6059386	13.308290160486724	0.0058842194751325
2458059.5623955	13.136029349953573	0.0042226341347399
2458059.5623955	13.147555270645954	0.0042528350946219
2458060.5619701	12.986237618242807	0.0044554134883579
2458060.5619701	12.98198680906392	0.0052895274659241
2458061.5531166	12.741355200722952	0.0060261911187782
2458061.5531166	12.745505176473976	0.0053305068037501
2458144.0338933	12.54090886217999	0.0050312397709344
2458144.0338933	12.49696241339487	0.0053603261618306
2458145.0300128	12.478015653501108	0.004760233577513
2458145.0300131	12.452891885355124	0.0048337054099591
2458146.0387173	13.069291331033831	0.0092678206156197
2458146.0387181	13.057811419861858	0.0130680791014821
2458147.0355802	13.331421932211944	0.0075134313871388
2458147.0355852	13.327469700286462	0.0093174084999487
2458148.0251023	13.435002033726612	0.0075290347156554
2458148.0251023	13.427788943086284	0.0070751301633658
2458149.01445	13.52056869750157	0.0129199404587958
2458149.0144522	13.372980230147917	0.0073433451589652
2458154.0332719	12.91041811203736	0.0060714665225567
2458154.0332799	12.961964354670696	0.0046117368243404
2458155.0287796	12.671623720556282	0.005173865405584
2458159.019865	13.388609462653315	0.00713778874111
2458159.0198652	13.348950748971475	0.005800639045243
2458170.0164078	13.309860288973688	0.0062256792798401
2458170.0164109	13.363708571942578	0.005819326419858
2458173.9933409	13.27717459984892	0.004347372515334
2458173.9933409	13.249036493580071	0.0051742065372895
2458174.9938361	13.156866757225954	0.0026731488622482
2458174.9938361	13.182599817083016	0.0042648669124488
2458175.9980011	13.020502039772436	0.0026626011578622
2458175.9980082	12.992083732660124	0.0027331300713523
2458179.9453206	13.247968349885994	0.0083336183950841
2458179.9453228	13.26398588420801	0.0077123174606693
2458180.9421903	13.431402805484808	0.0090719839323796
2458180.9421948	13.415987758330854	0.00994980055292
2458181.9507767	13.440535550400911	0.009240873074406
2458184.9744549	13.334972513117568	0.0061151263849155
2458184.9744551	13.302249005653302	0.0061948284720571
2458186.8955503	12.756135498873228	0.0052647398263535
2458186.8955539	12.70067167932764	0.0061901571077307
2458187.8947236	12.44515813647441	0.0061852887931412
2458187.8947252	12.489741222352247	0.0054274810650373
2458188.890143	12.542566690800353	0.0061496001010661
2458188.8901467	12.586567742090129	0.0051416997750911
2458189.9004273	13.162276505904549	0.0033779061158042
2458189.9004292	13.11016328696532	0.0033383225349922
2458190.9350945	13.232908037358175	0.0039230718724241
2458190.9351031	13.243555280945742	0.0050751924887531
2458193.9139955	13.393817265898996	0.0072348785939506
2458193.9139955	13.398444661168952	0.0060986426869035
2458196.9051291	13.05420393238223	0.0017541518385257
2458196.9051291	13.104701889729029	0.001863482322574
2458197.9115246	12.954732430009605	0.0033998148424713
2458197.9115267	12.89408734039675	0.0031854812994482
2458199.8975821	12.41056796234493	0.0046071419957305
2458199.8975837	12.381994670772665	0.0046949710627183
2458200.6363573	13.312477899616024	0.0048780663460976
2458200.6363605	13.33818803761276	0.0058480765035571
2458201.6354703	13.19573938104033	0.0031894778350226
2458201.6354703	13.20836105976278	0.0026342992227684
2458207.8606869	13.056449236189549	0.0063674893261858
2458208.8861979	12.924205776171306	0.005551385053877
2458208.8862069	12.966885979203369	0.0053549940538438
2458209.8782808	12.834263972170776	0.0064359948115522
2458210.8721329	12.455725041544536	0.0056093695657125
2458210.872135	12.435228345235764	0.0053027690778361
2458212.8870145	13.021931337409	0.0053068623689258
2458212.8870166	13.017873816266745	0.0056697720237079
2458216.5843503	12.31084508512879	0.0054976878408545
2458216.5843517	12.333305759066796	0.0053909219780553
2458216.8491806	13.366951499464472	0.0060792095451949
2458216.8491806	13.370481517111344	0.0066941851471073
2458217.8413325	13.21811479471963	0.0045510812599951
2458217.8413325	13.235250299247808	0.0039957424974111
2458219.8804408	13.046125128813228	0.0018996676363957
2458219.8804408	13.053425753685888	0.0023198697673539
2458224.8284085	13.394739794771404	0.0063144655086351
2458227.8445835	13.408261443960718	0.0085619064447941
2458227.8457997	13.50688557613683	0.0086161206259148
2458229.8302551	13.098199824335552	0.0028239435243838
2458235.5319851	13.01550280576312	0.0055580693451822
2458235.5331931	13.04088271565369	0.0055190008415327
2458235.8630511	13.124996181116956	0.002934848062549
2458235.8630526	13.155934938814635	0.0030433795569929
2458240.7766978	13.086680877276011	0.0099250647367032
2458240.7766992	13.10155999340406	0.0126104746324642
2458241.8178685	13.15935197970372	0.0052700200173447
2458241.8178692	13.0906908377348	0.00478956356064
2458242.5313905	13.429162374370264	0.0088411517576618
2458242.5313905	13.418583816602569	0.0082447041124692
2458244.541704	13.416743696088927	0.0087004512839927
2458244.544137	13.380826474761932	0.0093835016485915
2458247.7667209	13.448375154389566	0.0084912986747567
2458248.5392386	12.833737411123566	0.0050624137314913
2458248.5392386	12.815338920478244	0.0049204674137912
2458248.8562009	13.319662807173366	0.0061412100950262
2458248.8562051	13.362098870710945	0.0057747704791925
2458249.8631342	13.458442731523872	0.007865774285905
2458249.8631342	13.45368334103848	0.0092237011870048
2458250.7833276	13.301760343409985	0.0055657979169175
2458251.7653375	13.117668504458146	0.0033483401571992
2458251.7665426	13.1825354679546	0.0032912228702627
2458254.7525228	12.560918213525396	0.0045095026620317
2458254.7525228	12.589419349472914	0.0046082541272867
2458255.8336061	12.746807855484118	0.004141203250136
2458255.8336061	12.774902433981358	0.0041307028843595
2458256.9236451	12.952867006905675	0.0032380212209243
2458256.923646	12.915982498888528	0.0032052507755378
2458257.8530518	12.391351916887754	0.0046986988532577
2458257.8530518	12.404290260503403	0.0046467249629808
2458258.7831031	13.333479080948049	0.0053257173250038
2458258.7831055	13.35687853173894	0.0068330622046654
2458262.70474	13.11214219558778	0.0047416559625801
2458262.7047406	13.03157921279666	0.0046573306316901
2458265.4496022	13.420183976819157	0.0087596021125266
2458268.794992	12.713819734508768	0.0067367060931172
2458268.794992	12.733004904050222	0.0057642410902767
2458270.6965796	13.451549746644933	0.0117959702978233
2458270.6965885	13.419115775863707	0.0102069183204036
2458274.5247247	12.9424723195053	0.0045429028813171
2458274.5259254	12.908916673712538	0.0053864215326126
2458275.6041532	12.38807733356672	0.005388946133061
2458275.6041532	12.404939589249569	0.0054192855906035
2458277.7132433	12.310999905076134	0.0051134807086734
2458277.7132466	12.265085616726894	0.0060217608658641
2458281.8004557	13.343020877622688	0.0055775533836729
2458281.8004604	13.309311772477908	0.0058810159996202
2458282.8008001	13.357483119852375	0.0057747978961107
2458282.800804	13.292841128069366	0.0060554203729936
2458283.7566086	13.401013117201463	0.0063473480429249
2458283.7566103	13.397790510238842	0.0070793259788297
2458286.4450633	13.418681355681962	0.0065215998962976
2458286.4450647	13.36982349927823	0.0060641660819827
2458287.7098045	12.786690877459549	0.0041697533714355
2458287.7098045	12.730310989919513	0.0042593089828652
2458289.6232235	13.426011077311744	0.0076054470399621
2458290.3790399	13.014684423531488	0.0039240411360344
2458291.3689881	12.779849057502828	0.0053047407884947
2458292.3742802	12.655827299992408	0.0063480300723594
2458292.6259959	12.474984731940896	0.0047509414178951
2458294.6903981	13.430307135978232	0.0090266037577207
2458294.6903998	13.36872212932802	0.0101808573460917
2458295.7641862	13.3954196377499	0.0127600597627163
2458295.7641932	13.464968540659171	0.0117257573783332
2458296.7956529	13.397024841868696	0.0105031530451608
2458296.7956543	13.384550469884012	0.0092969949334146
2458303.5309961	13.342373474142706	0.0063945956723639
2458303.5309966	13.298350150072697	0.0065268347410511
2458304.5097106	13.09214182779326	0.00358562677559
2458304.5097106	13.085408431051333	0.0035899133875564
2458305.3879773	12.254228031825932	0.0052434348211628
2458305.3879818	12.266651620020127	0.0052538719929108
2458306.3920601	12.90443413790832	0.0045022891888326
2458306.3920645	12.907325569615534	0.0043488065971621
2458306.6032209	13.093100162668016	0.0018975568612575
2458306.6032253	13.151478147721544	0.0028868983890808
2458307.3769246	13.362658282852596	0.0057095500539671
2458307.3769321	13.373547463014898	0.0058337215178591
2458308.3744686	13.46145658475342	0.0072460039223373
2458308.3744697	13.475673377547434	0.0076180072699749
2458308.6268002	12.903760937517069	0.0044136891164904
2458308.626803	12.855732023212338	0.0049953458746934
2458309.7737212	13.198016205734014	0.0045688620673456
2458309.773723	13.255296125334835	0.0048193740047427
2458310.3791752	13.41217087016899	0.0060565439527073
2458310.3791794	13.455049343394847	0.0073068067241557
2458311.7672369	13.023611664542443	0.003552687137114
2458311.7672382	12.935597886103716	0.0044684886170777
2458314.5591558	13.445466975460713	0.0090684322792501
2458314.5591574	13.51291999093296	0.0082939941980681
2458317.2985239	13.3758336580275	0.0065820014258624
2458317.2985262	13.374067714227545	0.0066140034933062
2458319.300025	13.452937342182222	0.0089273929744028
2458320.2903074	13.423639239588	0.0082603890872022
2458320.2903135	13.436078963990033	0.0082364090654917
2458322.2907808	13.131732673768468	0.0044833784356596
2458322.2907809	13.138658345977	0.0049052848065863
2458323.2883762	13.026419363688197	0.0060162786416456
2458323.2883817	13.034556540182558	0.0056919358988594
2458323.5230762	13.388046319008232	0.0103142823573335
2458323.5230782	13.46947771065436	0.0105303244823813
2458324.2851106	12.85938270324037	0.0064858813243456
2458324.2851134	12.836414517290391	0.0063113044249835
2458324.5272681	13.48197915454731	0.0120092452906486
2458324.5272709	13.416787746465015	0.0122884187189634
2458328.3259809	13.090374673040126	0.0059205246465464
2458328.3259822	13.072111476429969	0.005884220474201
2458329.7275438	13.39752202327357	0.0096742133183485
2458329.7275439	13.417503008423218	0.0098099544401973
2458330.3160654	13.371556117693792	0.0072037092107893
2458330.3160654	13.41030575225494	0.0077144311504122
2458331.7641858	13.3380784017022	0.0062461134208196
2458331.7641858	13.308309030453284	0.0071421940127739
2458332.390734	13.41128856052083	0.007432038203683
2458332.3907355	13.451615133554458	0.0075971440855246
2458333.3026814	13.319732657799388	0.0047228620231925
2458333.3026879	13.295675876123486	0.004571150482287
2458334.3002447	13.165239402647693	0.0019054206830978
2458334.3002468	13.146894071475764	0.0016775458625759
2458335.6944452	12.469649224613146	0.005127051164748
2458335.6944452	12.411007452790544	0.0060909354143847
2458336.4866723	13.387316169355486	0.0080452012497946
2458336.4866723	13.46547700961998	0.0075717393479151
2458336.6968245	12.726803606612744	0.0042516861849662
2458336.6968314	12.738746969005364	0.0042195228390349
2458337.7592058	12.481772151457193	0.004519645653146
2458337.7592058	12.503163936446136	0.0045683701890259
2458338.4799847	13.123026404826453	0.0028580263532229
2458338.4799863	13.196902466744264	0.0039823623112074
2458338.7031121	13.379224714566964	0.0068043218874704
2458338.703117	13.382758299602068	0.0059145973781189
2458339.2865884	13.187604410543328	0.0029836814126085
2458339.2865892	13.193640823589924	0.0022957029165049
2458339.4764321	13.067822870726712	0.0029693043984812
2458339.4764327	12.994007008732298	0.004017119211704
2458340.2906489	13.331021031959834	0.0052171916612112
2458340.2918492	13.339371921331551	0.0050594419281776
2458340.4768491	12.835557344463169	0.0052669518605299
2458340.4768553	12.889679326014472	0.004290100555426
2458341.2987717	13.390295560847145	0.0059488550660874
2458341.2987717	13.384684286253492	0.0062511947233556
2458342.2921501	13.43292617837026	0.0069908744448654
2458342.2921501	13.437251582110658	0.0067076792692926
2458344.2223524	13.149775449924157	0.0021189483539276
2458344.222353	13.14072542799342	0.002205215926403
2458344.6459051	12.8527687398711	0.0046329041570832
2458344.6459051	12.785550283590556	0.0053701579530258
2458345.2190043	12.961555760023494	0.0042317490289841
2458345.2190067	12.97649405943185	0.0041762539076496
2458345.4638193	13.438258044191423	0.0105259552778017
2458345.4638193	13.332983223589874	0.0109467853276071
2458346.215761	12.821182268471125	0.0052265683201145
2458346.2157627	12.814629003617313	0.0049246726027789
2458348.2239342	12.445607076220796	0.0054523699849253
2458348.2239378	12.437791698869916	0.0054501813259037
2458352.2878867	13.388317918268234	0.0100671151380975
2458352.2878879	13.36822828007061	0.0072356883959186
2458353.3329069	13.40076474001292	0.0097205548438585
2458353.3329069	13.3470702017648	0.0085650984831596
2458354.3700929	13.448120799334005	0.0108890134926824
2458354.3713145	13.38728825218173	0.0105067620431855
2458355.3743681	13.467237517146536	0.0107854143211755
2458356.7453115	13.066302655339864	0.0072819010706391
2458356.7453213	13.133280944538033	0.0068368302157811
2458359.2764969	12.845608578132213	0.0049845182394551
2458360.2286301	12.233907397502444	0.0052548078842379
2458360.7483253	12.298575310040746	0.0048891033125949
2458360.7483253	12.263254473815389	0.0049570180447264
2458361.751993	13.037739982645494	0.0045903880705096
2458361.751993	13.071627405459088	0.0034919017905993
2458365.6085061	13.11545313432438	0.0026618557526387
2458365.6085092	13.040342856099295	0.0031904888556577
2458368.5986648	12.430087803602069	0.0051629684630417
2458368.5986725	12.361213524745976	0.0061021304820098
2458380.572243	12.866841708538749	0.0063579066406934
2458380.5722457	12.881607311108144	0.0055899787732118
2458382.5599442	13.492531670755852	0.0124772866243528
2458385.548612	13.3371723841735	0.0105651509637033
2458385.5486173	13.34551681145851	0.0103308917820031
2458394.5247614	13.382343923482829	0.0080053706329508
2458397.514736	13.12328507746608	0.0038693229273718
2458398.5111169	13.006472720397896	0.0017872768760375
2458399.6251376	13.220209916065585	0.0048940126902121
2458399.6251376	13.260104296326826	0.0043698641617504
2458401.6190527	12.917823131833636	0.0035946665518171
2458401.6190527	12.886856165307725	0.0035080954163915
2458416.5598207	13.317878649448216	0.007155115712848
2458418.5809999	13.466446301223788	0.007254171308895
2458420.5648489	13.319348620077069	0.0052026708677818
2458421.5717417	13.254279302098944	0.0041131106977084
2458425.5620629	12.482633765930746	0.0045816185185569
2458426.5579976	12.517580250368416	0.0045701847515017
2458427.5463393	13.308824001538156	0.0054937279600019
2458428.5458307	13.360571939288658	0.0060939965086967
2458430.541348	13.4491847732523	0.0102315754682367
2458430.541348	13.462591668488082	0.0082201576048705
2458431.5446231	13.40599754805979	0.0076417434242232
2458431.5446231	13.39002502782	0.0066238236930985
2458508.0368477	12.617693229703288	0.0069328898268693
2458511.1660329	12.825439998498013	0.0041674774240985
2458519.1466384	12.877576357469987	0.0014554883325094
2458519.1466468	12.877448442125807	0.0026550634518267
2458520.1431721	12.70341096914169	0.0038298730462498
2458520.1431732	12.643987585678437	0.0030967344572791
2458554.6440106	12.862766725939991	0.0050066414206527
2458554.6440106	12.88467880791852	0.0047358852085007
2458554.9008596	13.41938504372006	0.0085148876835177
2458554.9008625	13.429972859141127	0.0096040073949102
2458555.6394724	12.607758371840749	0.0052500634100237
2458555.6394737	12.583011421275003	0.0053508035814599
2458558.6330078	13.382883586706653	0.0067772137198315
2458558.6330088	13.360431580459306	0.0057597740915455
2458559.0128682	13.41407954294313	0.0140064204674152
2458559.0128682	13.4425453684163	0.0298546374610655
2458559.6282923	13.453521737807431	0.0073258574405003
2458559.6282941	13.494861252258188	0.0083755911763431
2458563.6221352	13.141342321618444	0.0074674081812089
2458563.6221352	13.143355255858893	0.0087223021582717
2458563.88412	13.277609613922722	0.0093564916183612
2458566.6298444	12.732150231173785	0.0064390434320457
2458566.6298444	12.707043068182903	0.0059177756374222
2458567.8806685	13.384925609805425	0.0098902871958059
2458567.8806723	13.380511581209053	0.0089595682337782
2458570.8599713	12.91559517019846	0.0040169633774566
2458570.8599726	12.912785472770697	0.0036983781242492
2458571.85532	12.71360371719137	0.0049776587574881
2458571.8553205	12.719887767780088	0.0045765788722616
2458573.1194316	13.37559847192713	0.0072568033004039
2458573.119433	13.497329124272476	0.0086489986747047
2458575.5966802	13.09281661175455	0.0029885496490788
2458575.5978941	13.09441730456087	0.0032898180824049
2458576.6035325	12.9258065227761	0.0045163091412206
2458576.603541	12.969768958492423	0.0042524442599384
2458577.5875556	12.634519203031882	0.0052723131585447
2458577.5875675	12.65076926743662	0.0051755772988917
2458578.9862561	13.42797486891978	0.0075204686782375
2458578.9862568	13.305907527335869	0.0060868218413458
2458579.9614653	13.388856329635896	0.0061085607516524
2458579.9614727	13.339140725210337	0.006465240195273
2458580.8544889	13.139775275349502	0.0033194203206013
2458580.8544897	13.151609225034507	0.0028125633119513
2458581.8157026	12.86419541445494	0.0051352305659252
2458581.8157063	12.881781849816049	0.0044441139302318
2458582.8164117	12.677503272587764	0.0045798475960868
2458582.8164128	12.692899365033044	0.0045905836996406
2458583.9839658	13.099648929354704	0.0032107036975569
2458584.8914841	12.558953423756371	0.0049174424291309
2458585.9566847	12.679328794637671	0.0043736425594226
2458585.9566879	12.638868775279429	0.0043403221352528
2458586.8273344	13.399306433966796	0.0065589697707711
2458586.8273344	13.398502348870965	0.0085316811923704
2458588.7946875	13.42066110396912	0.009285251370797
2458588.7946985	13.43276077594741	0.0076277471116535
2458589.9525064	13.432682379810553	0.0106590982401508
2458589.9525064	13.382465690831037	0.0087570257200215
2458591.5479937	13.342644871864668	0.0118976229100056
2458592.5789009	13.378238179872628	0.0111592261757379
2458593.9051206	13.116846470566284	0.0062754741855859
2458593.9051208	13.139925782318224	0.0053106348677855
2458594.9075085	12.979836747017671	0.0060737174252262
2458596.0731775	13.271848000455895	0.0069728762751046
2458596.0731781	13.37032698294662	0.0083795751691744
2458598.6164336	13.153171017852689	0.0046074798264945
2458598.6164387	13.14686043649708	0.0036729347695016
2458599.7603809	13.40292216115612	0.0095188398045498
2458599.760383	13.50477668331375	0.0108927822152037
2458600.7621501	13.350999941270864	0.007804387600604
2458600.7621501	13.341962186682991	0.0075716818958282
2458601.7875124	13.280307015762045	0.0062504772426228
2458601.7875172	13.286900339802878	0.006591469501654
2458602.746189	13.005496675024284	0.0037323648515846
2458602.7462004	13.047715738220404	0.0034613234510465
2458604.8990291	13.213400572092764	0.0055289844834036
2458604.8990343	13.185004559360769	0.004804530540555
2458611.8908841	13.332579068704248	0.0064253249339226
2458611.8908861	13.466716497289044	0.0082636804506224
2458612.8150058	13.387856623144668	0.0063887514592068
2458612.8150058	13.368580811281614	0.0065518407240682
2458613.8525187	13.47664095273508	0.007531004751348
2458613.8525187	13.386954470518235	0.0080521686042016
2458614.7395744	12.930115316397782	0.0046077059932584
2458614.7395763	12.983685191711396	0.0038211995351417
2458615.92035	13.438303123865865	0.0084681610258309
2458615.92035	13.321445082532426	0.0064492156881331
2458617.7491969	12.298748468140335	0.0049013919847126
2458620.7000542	13.463547555338762	0.0147960276673032
2458624.6936136	13.024793317973	0.0058409795707873
2458625.6902814	12.831534790875796	0.0059249567434595
2458625.6902875	12.865604541466755	0.0056486852247522
2458626.6929774	12.654120520964147	0.0054505518492388
2458626.6929816	12.622630286912928	0.0055368760680255
2458628.9600984	13.218584343045167	0.005250309227396
2458628.9600989	13.274894577030734	0.0059565036653898
2458630.8904112	12.756121940994673	0.003506913539486
2458631.9431781	12.796419360880298	0.004113499016567
2458631.9431781	12.822575281760338	0.0041792224916548
2458635.8162286	13.405941469322403	0.0085209611492493
2458635.8162354	13.534016355518329	0.0091801109419595
2458637.0086048	13.267652222196933	0.0056960991995935
2458637.0086115	13.358383204906438	0.0067224960984451
2458638.4263462	13.384414715521784	0.0068211825842125
2458638.4263462	13.461818074120965	0.0083491185408441
2458640.6744498	13.224822965880932	0.0055649066931262
2458643.6508065	13.41846387750368	0.0090363406152236
2458643.6508143	13.471238988054406	0.0082747560099809
2458644.6753712	13.41558772738853	0.0083087569397461
2458644.6753775	13.398494588806146	0.0080843470893922
2458645.3858966	13.089404616490391	0.004336232931294
2458645.3859004	13.093618688393914	0.0034182576563525
2458646.637156	13.050131069822122	0.0039731624117159
2458646.6371612	13.038590856363552	0.0047302931316291
2458647.644164	12.907644911584637	0.006101951874762
2458648.6338795	12.668470702191108	0.005716049046834
2458650.0088451	13.371641100159051	0.0086302770189821
2458650.0088567	13.452323598100351	0.0101607281709785
2458650.717444	12.64847318926268	0.0057432707078513
2458653.9278608	12.933797294257465	0.0037961766049741
2458653.929142	12.947518528602624	0.0056901172104619
2458656.9276581	12.23538917447123	0.0049851206026723
2458656.9276597	12.30646011163659	0.0050241265774491
2458657.9156314	13.136063827932531	0.0038480958370056
2458657.9156417	13.133647603323215	0.0045435450129487
2458659.7447463	13.2070397352179	0.0036338609464469
2458659.744756	13.19426822301654	0.0044711028137188
2458666.9155232	12.675827083609168	0.0038592050409039
2458666.9155305	12.633739822309977	0.0031224729222432
2458667.9182203	12.34973472591722	0.0035162248011975
2458667.9182238	12.394975635380623	0.0042987647501223
2458669.5827685	12.886163275993994	0.0039468668253839
2458669.5827715	12.898760327077898	0.0037790624431242
2458670.6527241	12.982183771613563	0.0044451117701886
2458670.6527308	13.04985831317114	0.003353420854046
2458674.5868147	13.361894422945255	0.0081274436735423
2458674.5868173	13.395359088823792	0.0081604937883523
2458674.6853929	12.565034878867646	0.0052836620317082
2458675.8657661	12.94045683902893	0.0039124452954119
2458675.8657778	12.952072066656124	0.0038191649237608
2458676.5859869	13.436466840864368	0.0111423850859141
2458676.585988	13.506351173847516	0.0100573822604782
2458678.5961962	13.442977415988093	0.0091002046482131
2458678.5961972	13.349236149181792	0.0097592331921335
2458682.6317534	12.844171976699862	0.007702358840711
2458682.6317647	12.926758360947318	0.01040729793599
2458683.9449789	13.373417773678684	0.0077832012139446
2458683.9449822	13.436279627889842	0.0115779785293388
2458684.8700812	13.338501660341354	0.0082968023246554
2458684.8700823	13.315924722787882	0.0097318047113284
2458685.8695534	13.169421067324162	0.0062673665812872
2458685.8695605	13.21147092957797	0.0054854866137255
2458686.745536	12.524522434951283	0.0046739330646766
2458686.745543	12.477686681378591	0.0046521403187958
2458688.816366	12.380293393867516	0.0049664637070486
2458688.816366	12.404864969948068	0.0056886728406337
2458688.9669544	13.069381998074824	0.0030906965842809
2458689.9627002	12.88238060587884	0.0013278447165533
2458689.9627087	12.965068074971867	0.0019044253728828
2458690.7387746	13.387509873659956	0.0064933006720528
2458690.7387746	13.394019640571525	0.0069594433207921
2458691.6474914	13.272691643771816	0.0057071813607775
2458691.6474914	13.286131086994434	0.0048609129856648
2458692.8132368	13.4276850019966	0.0067019720940742
2458692.8132368	13.424410163769384	0.0075130395981004
2458694.7469342	13.172113394410738	0.0036194039872432
2458694.7469387	13.14162916329682	0.0037327744588574
2458697.5658577	13.35525641558448	0.0075575740016907
2458697.5658628	13.46666415307283	0.007581523918178
2458698.7085309	12.444382941404314	0.0052337867554049
2458698.7085331	12.427008679709004	0.0061671336710986
2458699.8977991	12.944888951074542	0.0020068527673916
2458700.5179036	13.292097328601336	0.0067793894406331
2458700.5179093	13.35771479732026	0.0063733233259987
2458700.8935695	12.72499261189304	0.0027241686190209
2458700.8935708	12.761603566599462	0.0029628635621876
2458701.5110462	13.155848862719868	0.0034633916367468
2458701.7218625	13.428496510100768	0.0077521278061798
2458701.7218625	13.39345073902924	0.006493395218144
2458702.6380663	13.381514727665904	0.0082979533079397
2458702.6380769	13.366672552859525	0.0063546148359932
2458702.8257749	13.325366121101071	0.0073560466277121
2458702.8257783	13.305276225892708	0.0059878415295137
2458704.6959249	13.266334052660904	0.0081995245604643
2458704.6959261	13.36402323028189	0.008761112601362
2458705.5699611	12.70438900284451	0.0055379128600343
2458705.5699611	12.664402798166316	0.0065219694164587
2458707.4700937	13.435510507917456	0.0149627777443712
2458707.4701014	13.499254265968837	0.014929517806161
2458707.8639785	13.336819925771191	0.0079959554028136
2458708.466968	13.368180582964706	0.0098845382534668
2458708.8214569	13.050943778866069	0.0053597991315272
2458708.8214575	13.115545989639738	0.0048228940184029
2458710.3360942	12.94466639939608	0.0066389079427271
2458710.3360954	12.91321639502884	0.0075028881733151
2458714.8940198	12.576254420126956	0.0045500655300409
2458714.8940198	12.600820379237492	0.0054544198615019
2458715.8215087	13.504894411890987	0.01903347319432
2458715.8215181	13.430070330022744	0.0166022953501495
2458715.8895412	13.309516152221592	0.0073385037043746
2458715.889552	13.296713590902742	0.0067687125703879
2458716.3927531	13.346751301606222	0.0067308645536134
2458716.3939748	13.315564876290727	0.0080698300082991
2458716.8888921	13.425653032911852	0.0078599288259798
2458716.8888921	13.36581462346019	0.0075715864489349
2458717.3835584	13.473223221904531	0.0073114406101629
2458717.3835584	13.469539574303324	0.0076361902202003
2458717.8845061	13.389485781321998	0.0073708370059853
2458717.8845061	13.47485032434376	0.0082688923239618
2458718.2761711	13.27028253796321	0.0043721186146697
2458718.2761753	13.285770273935038	0.0047505338741051
2458718.8838976	13.443738151292084	0.0077301691585222
2458719.6853683	12.740655525069371	0.0045337185271465
2458719.6853709	12.726556821340298	0.004854622155363
2458720.7431417	12.799619836993038	0.0034022809848266
2458720.7551888	12.852796514473104	0.0039719739915567
2458720.7551888	12.867183347854406	0.0039463684292754
2458721.6366751	13.238666059011535	0.0041836765071593
2458721.6366829	13.233811637508875	0.0051581742470434
2458722.6389067	13.393847264527762	0.0082917839803062
2458722.638907	13.46861183839011	0.0077219919801651
2458723.8008655	12.30165325765802	0.0035761522045294
2458723.8008671	12.3059695841399	0.0041845283083605
2458724.6381319	13.44179801494869	0.008780378766915
2458724.6381366	13.42748567405996	0.0088044344600545
2458724.825112	12.438091676928977	0.003443748338485
2458724.8251131	12.436389753338837	0.0039934455362791
2458726.6092277	13.213381582440933	0.0051441656638401
2458726.60924	13.251564404202153	0.0046000859945616
2458726.8038252	13.366714045789111	0.0067006803180832
2458726.8038256	13.48028078805675	0.0081688067228383
2458729.2768219	13.357918542746267	0.0058549476847289
2458729.2768233	13.352047127968609	0.0052177520840044
2458729.606571	12.697565563435012	0.0059459128542736
2458729.6065797	12.729798260130012	0.0050435673109675
2458730.6247338	12.584531218438356	0.0051948412024343
2458730.6247338	12.5093278511122	0.0061495871882291
2458736.6206898	13.39601293172249	0.0138618847827624
2458736.6219123	13.54652554360172	0.0318100934208569
2458740.5911488	12.738028007694297	0.0101082947364962
2458740.5911589	12.8346947105878	0.0086691076715536
2458742.3143253	13.323501724155676	0.0105742826044851
2458742.3143253	13.292430091078904	0.0124569420052074
2458742.5882113	12.49617742270177	0.0063580110871788
2458742.5882113	12.414539363788151	0.0074953638780957
2458744.2849704	12.9429548812417	0.0044218824310942
2458744.2849768	12.946257390888796	0.0042553965678384
2458745.8056682	12.672928411446437	0.0028605604219303
2458745.8056699	12.735335800000415	0.0036967704213426
2458750.5709118	12.97655466867032	0.0043780269248545
2458750.5709118	13.010720900083312	0.0039447478940675
2458750.5824338	13.01789703649822	0.0046165634896954
2458750.5824339	13.0183185082143	0.0034505647828345
2458751.5677548	12.815336454466822	0.0057420392936184
2458751.5677575	12.879727284904051	0.0045494679083275
2458752.6769887	13.028111084912164	0.0030791277085736
2458753.68345	12.87327077306248	0.0040671978523754
2458753.68345	12.876668409665417	0.0036387376706069
2458754.5553066	13.270104630097084	0.00676492822715
2458754.555313	13.228682300531664	0.0059844678281253
2458755.6692078	12.306134639900613	0.0048803799480506
2458755.6692204	12.301841222499965	0.0053025233963079
2458756.7507786	12.522479416531375	0.003865783820625
2458757.4889892	13.318050254183122	0.0072584339094009
2458757.4889892	13.342618736944084	0.0075466598893684
2458757.7750458	12.399810089233227	0.0042900680337861
2458759.7753677	13.313241139081049	0.0060617985318023
2458761.6536803	13.316238289491384	0.0057408766777516
2458761.6536803	13.263210453461172	0.0065307721831042
2458764.544426	12.350610996763468	0.0055547601093963
2458764.5444275	12.301955909819585	0.0066114055858767
2458764.6485179	12.858316646048916	0.0047018613012575
2458764.6485179	12.859443644666555	0.0046487612442598
2458765.7335729	12.967012016176342	0.0035700001126898
2458766.5001741	13.407905013806104	0.0105814972119101
2458766.5001773	13.414448825523452	0.0105016454525885
2458769.6311407	13.443074636333396	0.0108693562432289
2458769.6311436	13.428846346024912	0.0092251838427046
2458770.7072945	13.302669330107054	0.008308866015891
2458770.7073035	13.288243631014094	0.0069285574647989
2458771.7145931	13.533436572384144	0.009742284464573
2458771.7145937	13.42837747945833	0.008331559039783
2458772.6292431	13.31858099760998	0.007175572957135
2458772.629246	13.295962576508906	0.00952055726396
2458777.6499204	12.596936470408249	0.0045948954601223
2458777.6499288	12.55772415201916	0.0044989776705093
2458780.5794372	13.418637449818943	0.0066843893808835
2458780.5794469	13.40334264363482	0.0069188263950613
2458782.577837	13.281058578107208	0.0052515539191271
2458783.5771085	13.283313524196108	0.0044282707635007
2458783.5771085	13.247502025382566	0.0048149934642718
2458784.5730302	13.126351183503422	0.0020548471982316
2458784.5730302	13.108802101105674	0.0029870335751874
2458785.5688745	12.937829623537851	0.0029816940658343
2458785.5688807	12.958588217513462	0.003275468750419
2458786.5721359	12.803527358984969	0.004140230047635
2458786.5721458	12.775508407347235	0.0042226037658595
2458788.5670374	12.356080915671557	0.0046514415081662
2458788.5670453	12.380496070318774	0.0046033311127228
2458793.5534076	13.372187636649535	0.0069121440428477
2458793.5534076	13.342462926568968	0.0077890230009351
2458883.1714957	12.579747751016804	0.0053947962139807
2458884.1714244	12.32040534594115	0.0052713073420857
2458905.106192	12.61045310526844	0.0040187751644992
2458905.1061932	12.569033878926234	0.0032308595870643
2458905.9623482	13.427209058343273	0.0065924637062672
2458906.9044982	13.340126744838	0.0301484292197671
2458908.8993389	13.144065316105614	0.0079455413131302
2458908.8993424	13.232967993205715	0.0062121073312805
2458908.900587	13.181950610508986	0.0079047005697545
2458909.9003209	13.00993475954604	0.0046002053911623
2458910.8937028	12.870826232247056	0.005595171146469
2458910.8937029	12.904411634177816	0.0051494563645393
2458911.8935034	12.5900752937753	0.0051820204512508
2458911.8935063	12.57782013330534	0.0050977917340552
2458912.8926447	12.214382972156455	0.0054159836647353
2458912.8926459	12.260686528697446	0.0051512197939002
2458913.906174	12.746163806373788	0.009778811970137
2458913.9061772	12.735146185754258	0.0084371271017607
2458913.9074094	12.741298754030533	0.010431429843886
2458921.6240142	13.435119781066112	0.0094588208683879
2458921.6240142	13.464051482629383	0.0101052717496764
2458926.6266564	13.049429511196593	0.0045568231548914
2458926.6266636	13.031983868994327	0.0044059893395356
2458931.6087326	13.366628225413288	0.0061367667548021
2458931.6087457	13.356368121832531	0.0063629178631916
2458933.8808256	12.845529887610724	0.004123668854022
2458933.8808256	12.813501804500412	0.0039633295163521
2458950.0366532	12.604620862855231	0.0056895833149453
2458956.9501023	13.11126957774368	0.0032754857022596
2458958.8987528	12.489355263662612	0.0045284182960228
2458958.8987528	12.57046719404032	0.0045256386902575
2458960.8332572	13.34419317194982	0.0055564285219594
2458960.8332637	13.3454032444955	0.0063298253925174
2458962.8109969	13.380053864099384	0.0065963928049543
2458962.8109969	13.360689676570196	0.0060498232443676
2458963.8533574	13.372999996135473	0.0058574873958493
2458963.8533631	13.377933447464477	0.0067955775828622
2458966.935002	13.248983734844389	0.0056581452736424
2458968.9550148	13.03880750998072	0.0031905623630073
2458972.9493198	12.32743987186961	0.0039165602592389
2458972.9493211	12.313282578148272	0.0045445505683829
2458974.9899197	13.152128965251254	0.0063558283256101
2458981.9558954	12.854569951746235	0.0023491998220417
2458981.9558973	12.905827606096144	0.003383877102919
2458983.953743	12.3767554528451	0.0048117061994571
2458983.953743	12.423249231596849	0.0047158176500483
2458986.0298487	12.35155123110765	0.0035423298612165
2458986.0298498	12.357101818312431	0.0043210917235561
2458989.0720414	13.25804102216681	0.0060911878478362
2458989.0720445	13.23542200443338	0.0052864989131825
2458994.7192486	13.374203855361536	0.0060172248175588
2458994.7192513	13.398595408484493	0.0069744756523123
2458998.0189627	12.447266572326445	0.0042499643493689
2458998.0189647	12.420561416521554	0.0034554295858705
2458999.9239469	13.40019307842643	0.0061653586670002
2458999.9239537	13.372419544421426	0.0066703554288521
2459001.4190179	13.311574082725787	0.0063136069282642
2459003.9522197	13.105471634004218	0.0052579128835461
2459003.9522241	13.02884070636222	0.0043726986194462
2459006.797251	13.372707554955998	0.0082253685505776
2459006.7972521	13.373835588944775	0.0097990046953175
2459008.9121222	13.26411533173586	0.0071112977157518
2459008.9121236	13.336848834778529	0.0094136989923119
2459009.4990198	12.612279533602695	0.0081047274773469
2459009.4990258	12.666132364067693	0.0066613220884649
2459010.8915359	13.322465867293046	0.0061615774789124
2459011.8956078	13.334891804819332	0.0063810718761352
2459011.8956129	13.346241092268327	0.0064930088495611
2459012.9844444	13.31338823245632	0.0062612826659359
2459012.9844453	13.279087452076435	0.0061439329525878
2459013.8459568	13.0310257747261	0.001966780149113
2459013.845961	12.96327720423983	0.0018766221991085
2459015.3706696	12.888060332697211	0.0046640693003516
2459015.3706723	12.875676637266912	0.0045960696873439
2459016.0442134	13.305091235352409	0.006462453254525
2459016.4936276	13.130827850355482	0.0023707043494186
2459016.4936308	13.146084965002562	0.0021471800358172
2459017.4759012	12.938357894194258	0.0043160665633868
2459017.4759012	12.92929223073479	0.0044247358724981
2459018.0440146	13.029199775567568	0.0020700497348671
2459018.0440187	12.991882509128772	0.00266888652371
2459018.5138008	12.911756085960675	0.0046202248902529
2459018.5138008	12.910569242546435	0.0048042002877024
2459019.3639267	13.306395283172783	0.004769341974215
2459019.3640326	13.295528078324253	0.0052854243502585
2459020.3679997	13.406304703979329	0.0069816079091539
2459020.3680037	13.389442908811889	0.0061730509966208
2459022.4948622	13.285807523252416	0.00492793269972
2459022.4948693	13.283023399037155	0.00465371951913
2459022.9238812	13.39427657622201	0.0061417603913339
2459022.9238846	13.38332762659402	0.0067547197133203
2459023.452951	13.456895841645558	0.0076231018530804
2459023.452951	13.415967832538463	0.00683634993956
2459024.3493683	13.140510745892408	0.0025543548238554
2459024.3493701	13.160430747856802	0.0025944287082776
2459025.03429	13.470053408825358	0.0081332639030746
2459025.5389002	13.412724595886743	0.0072154852726502
2459025.5389005	13.37871564085999	0.0066027831591496
2459026.3394374	12.917559099823857	0.0049873119526034
2459026.3394385	12.893100078875918	0.004793982853047
2459026.7665287	12.453123791645488	0.004599407076406
2459026.7665287	12.393533101987837	0.0046807006725499
2459027.9579286	13.031151749574338	0.0021360986552531
2459027.9579331	12.981722404673537	0.0025685152164596
2459028.9186719	12.665676427988066	0.00387442956632
2459028.9186767	12.610295533913591	0.0031746966057687
2459029.9080615	12.260974535145143	0.004364087199477
2459029.9080615	12.2489507541691	0.0036727375961448
2459031.9993367	12.37971893668016	0.0036686103117914
2459031.9993489	12.371998758710026	0.0046532851744766
2459032.8981314	13.4579112951168	0.0094255966799381
2459033.436607	13.324537784107156	0.0131944472233525
2459033.4366186	13.409552676887335	0.011970108074457
2459034.3606113	13.42913450833753	0.0135679050993959
2459034.3606122	13.366221464880814	0.0123356913380286
2459039.8546024	12.356724035874826	0.0035373550288397
2459039.8546037	12.379123296299252	0.0043520450184147
2459041.9775938	12.688912794735735	0.0040197079389251
2459041.9775941	12.641472225843843	0.0031508841646281
2459043.9855714	12.540927373077398	0.0041870933495111
2459043.9855717	12.50892153828281	0.0034946053034124
2459047.9665175	13.36722120406396	0.0067781684438814
2459047.966518	13.437953106931412	0.0078626862038138
2459050.8075457	12.345439302302442	0.0042890659535182
2459050.8075497	12.287564886087834	0.0035567644894385
2459052.8109423	13.24883279005594	0.0042978871610019
2459052.8109472	13.26880394145754	0.0056155682685412
2459055.7698581	13.315662022579088	0.0069144128227263
2459057.810598	13.22488777303455	0.0045413283614773
2459057.8106088	13.235690575369992	0.0039941425319549
2459059.8741707	13.169672289091386	0.0047749117737075
2459059.8741833	13.143070298755068	0.0052144336087995
2459060.8465198	12.923886710341224	0.0036776099998629
2459060.8465206	12.916683060398476	0.0041392790851646
2459065.282071	13.428516894931963	0.0158657616162421
2459065.2820777	13.333914874345512	0.0123471192462062
2459066.7680455	13.398994347203336	0.0102420786387386
2459066.7680455	13.407720008308289	0.0110025988024283
2459067.8351169	13.359832232461686	0.009508431328132
2459067.8351173	13.373591772470794	0.0115912027060125
2459073.7425318	12.832883624602111	0.0037730695502633
2459075.7871696	13.241588528727236	0.0050776611637999
2459075.7871772	13.221215754952432	0.0051458968954047
2459078.8837707	13.40810202219956	0.007294224147703
2459078.8837803	13.31687340379814	0.0061880721983326
2459080.8789524	13.35756091853854	0.0066441524375171
2459080.8789536	13.452758647243286	0.007942446423177
2459082.7667434	12.839434246909162	0.0040722138270297
2459082.7667434	12.87186660811348	0.0040535946067081
2459084.8120629	12.64678293978375	0.0029560540084064
2459084.8120733	12.660021447645155	0.0034493104959507
2459086.8187647	12.666325963983402	0.0031209943087058
2459086.8187647	12.67504194370473	0.0036405329657797
2459088.7941892	13.442166592107252	0.0087156271623337
2459089.7647654	13.347369071182111	0.00864849674143
2459093.8480041	13.289043659079509	0.0081593975684734
2459095.6619057	13.172583880023184	0.0048669883532845
2459096.7406171	12.638078262558128	0.0055026846422592
2459096.7406171	12.697581595503088	0.0055637587462038
2459097.7203329	13.288995764006362	0.007445557596632
2459097.7203329	13.282215651780142	0.0065520228424748
2459099.8025121	13.30938764690963	0.005951370185478
2459102.7847271	13.375283878777063	0.0067620036001222
2459102.7847271	13.28627995634754	0.0057946340764836
2459104.8178204	13.19438110296623	0.0052166919177158
2459104.8178222	13.215559744909608	0.0050735534087661
2459107.7818391	12.615482092624683	0.0036532500085984
2459107.7818391	12.603380123378166	0.0031487352376126
2459118.7443285	12.585112864758054	0.003373855801156
2459118.7443285	12.5907877773289	0.0043204040517798
2459121.7685228	13.1292885619665	0.0051217616222616
2459126.7552447	13.20152242078672	0.0054612049289938
2459128.7303847	12.848163602411752	0.0030740337994248
2459129.6509527	12.60398946063536	0.0047432118622072
2459129.6509655	12.556803678842645	0.0047071252725104
2459130.6515416	13.21497143239241	0.0051972011849557
2459130.6515416	13.225962777197944	0.004382190610791
2459131.6378386	13.355831625470856	0.0064484124261132
2459131.6378409	13.349541528039474	0.0055907281440438
2459132.6266783	13.376675869133248	0.0061332125309856
2459132.6266823	13.36290126413214	0.006840914254923
2459133.6272462	13.406030525622244	0.0063851986868077
2459133.6272462	13.375851991849022	0.0067473006198107
2459134.6329545	13.286138679174677	0.0058401557618007
2459134.6329545	13.317034553630094	0.0055430537698579
2459136.6275084	13.074368551095697	0.002557679287206
2459136.628722	13.082787705820335	0.0028071074255748
2459165.5358171	13.394823856037029	0.0122211791011974
2459165.5370326	13.378398317284764	0.0106649078181636
2459169.5345833	13.059797296510824	0.0061798973411057
2459237.1679845	13.27677476612967	0.0067072540910186
2459237.1679856	13.38975594045012	0.0085597378121562
2459247.0008325	13.436230707032273	0.0089197560551296
2459247.0020526	13.40496215905447	0.0126007811159572
2459252.151177	13.397170003214349	0.0076056520395423
2459252.9870918	12.561867695930175	0.0046620287762423
2459259.1103383	13.3919594055309	0.0072417251361289
2459259.1103383	13.251103517947085	0.0057187668620364
2459263.1038155	13.217776084239352	0.0051117323472059
2459263.1038171	13.318521387488516	0.0060445431512268
2459268.0856646	12.461208907574104	0.0035080004743557
2459268.0856713	12.51940230244096	0.0042143650407367
2459271.10187	13.40105622757362	0.0095433812827321
2459271.1018752	13.302236847106595	0.0095948940454916
2459275.8941038	12.939613251462244	0.0087398998938666
2459279.1036795	12.533871034638045	0.0064077057379316
2459281.8778543	13.237134410428622	0.0065415357233204
2459281.8778584	13.24645708955642	0.005939761194521
2459289.0248937	12.549805297692306	0.0038416436071255
2459293.0140086	13.399269580329436	0.0078558653567256
2459293.0140177	13.377536670822842	0.0066153629065982
2459295.8609345	12.802427568285635	0.0041249265337047
2459295.8609373	12.779616606500234	0.0047834146593404
2459296.9830423	13.0514063568028	0.0018915603429833
2459296.9830423	13.07297826224547	0.0021856192982534
2459298.6036153	13.304793796864146	0.0045028481011054
2459298.6036183	13.24046283970339	0.0039787586056577
2459299.9958616	12.544276114206628	0.0048128638724772
2459303.6121461	12.289325019958136	0.0063190359085813
2459304.0463639	13.35624973439164	0.0098626971947133
2459304.0463718	13.26370653485223	0.0072725042344104
2459305.9027137	13.216894978818027	0.0087308716149929
2459305.9027137	13.290780106005112	0.0078712720346468
2459310.8192272	13.37286664602492	0.0078685121259478
2459310.8192327	13.37837789972193	0.0079464077139984
2459310.8501713	13.206635027100017	0.0061213042050676
2459310.850177	13.263429641656009	0.0054125526741751
2459311.7898924	13.385064527497132	0.0084748589736805
2459312.8705529	13.407364207489184	0.0071621446608798
2459312.8705602	13.414170399988604	0.0064989411916861
2459312.8970344	13.428734430449428	0.0077176696996215
2459312.8970367	13.37522255790635	0.0091670281094645
2459313.8599687	13.44336676737349	0.0102258299333327
2459313.8599687	13.434570975781291	0.0073739543503937
2459314.8879965	13.475338725494526	0.0082002886046422
2459314.8879965	13.381793392297428	0.0084406511459402
2459315.8157412	13.137462391856984	0.0029423333811428
2459317.8011121	12.761445932615914	0.0047437160037043
2459317.8011155	12.770690173009209	0.0042716926717216
2459318.8400755	12.777139707508574	0.0049395273903068
2459318.8400827	12.725012802729776	0.0056448037210559
2459318.8413335	12.742302928177068	0.0050387666613003
2459318.8626508	12.829639570495225	0.0040158758741849
2459318.8626549	12.837734245501816	0.0043874756364268
2459320.7890092	13.258611370219208	0.0060219091140508
2459320.7890092	13.228702587213462	0.0056976332432986
2459322.5390406	13.002634657547896	0.0038443712554747
2459323.9305614	13.187824961155352	0.0049470059885621
2459323.9305634	13.086802714243625	0.0039524077999053
2459325.5439814	12.648931367898523	0.0055253902482958
2459325.5439828	12.669660222669354	0.0054311614668927
2459327.9480149	13.35849785610243	0.0081276874640607
2459327.9480154	13.418956099138304	0.0091698165948734
2459328.8830536	13.1641794438066	0.0037943156153185
2459328.8830554	13.22419748400246	0.0059737164216864
2459329.9344615	13.15983593316697	0.0082025402095357
2459330.754576	12.606874835690409	0.0087846926321894
2459336.5359626	12.561558580389354	0.0054948388086426
2459336.5359699	12.564404978225724	0.005414284396693
2459337.4930192	13.283802362128071	0.0064427888267157
2459337.493025	13.260507323389715	0.0054785439681841
2459338.0681812	12.69617391726084	0.0085425341662602
2459340.9133244	13.226260556093298	0.0038621180386764
2459340.9133267	13.19293490299523	0.0041062963319027
2459343.8808712	12.531554670740732	0.0040341017815449
2459343.8808746	12.497850997447252	0.0033896424609274
2459344.4805096	12.97576426862257	0.0043591247105129
2459344.4805117	12.960387026729794	0.0044292181767084
2459344.9605412	12.767388319778938	0.0023551963125109
2459344.9605412	12.766824460761637	0.003497745986215
2459345.8142598	13.412233219494285	0.0072168180599677
2459345.8142603	13.32974585258622	0.0072636586613133
2459346.7084814	13.39387905540324	0.007155900710079
2459346.7084847	13.336532308847072	0.0083978250645983
2459350.9679927	13.402624636362969	0.0071627338130814
2459350.9680012	13.293779432465756	0.0060501917026705
2459351.5018068	13.408488336459852	0.0065217049463165
2459351.5018096	13.46108068471754	0.0070029460692878
2459351.8337824	13.140571598965543	0.0039538487889353
2459351.8337859	13.204505016506769	0.0039549804843963
2459352.8753991	13.097340143629063	0.0034934649970385
2459352.8754021	13.11405919963526	0.0034485262580162
2459354.895562	12.814908573379633	0.0026051671924551
2459354.8955691	12.844963308567646	0.0034839190172885
2459356.9615268	12.613259513872269	0.0035258494827023
2459356.961528	12.621990416643968	0.0044812372823695
2459357.8362965	13.254674252205854	0.006707039216173
2459357.8362965	13.355062964503038	0.0077160367666089
2459360.9526452	13.354993256007138	0.0085924508994112
2459364.7006681	12.82321286687206	0.0071263950640073
2459364.7006682	12.792298493940743	0.006940285914622
2459365.8204163	12.637941999136975	0.0039806833216433
2459365.8204189	12.598952758277903	0.0032500384880278
2459367.6598291	13.391151827519929	0.0082804563138617
2459367.6598301	13.392677968680845	0.0079046113107778
2459370.410673	13.208489391377697	0.0034636375581543
2459370.4106774	13.186593191386784	0.0036189380589711
2459371.4805256	12.88385730050923	0.004794232540046
2459371.4805289	12.902571414362114	0.0047485101423962
2459371.881439	13.462441166231375	0.0107237782162231
2459371.8814392	13.394990205024047	0.0097260445431135
2459372.6488258	12.820347976538695	0.0043916682597175
2459372.6488258	12.82511649243111	0.0039870233737102
2459373.8579754	13.357904042742891	0.0077027426007474
2459373.8579795	13.336828665271288	0.0073058861233201
2459375.9376695	13.307423016523884	0.0059661119563959
2459375.9376695	13.195878436675754	0.0049381094997239
2459376.8534395	12.998040748840824	0.0042514981728875
2459376.8534425	12.945225996174166	0.0051052816576128
2459378.8656572	12.492051307778471	0.0050448581020757
2459378.8656583	12.451547613781912	0.0053580342914525
2459379.7902733	13.25563714878263	0.0062711559395358
2459379.7902733	13.229484877193675	0.0054476601970736
2459380.7518785	13.55294657483718	0.009371062030274
2459380.7518875	13.451395993898858	0.009522222405708
2459382.7591057	13.377058954266438	0.0096994342264876
2459382.7591066	13.42298344566946	0.0081336476809255
2459383.8442227	13.433378106842303	0.0067373617460675
2459383.8442227	13.406150580882594	0.0071422590150597
2459386.0547258	13.30793615846439	0.0059315679497218
2459386.6096527	13.18975740186305	0.0065457127491695
2459388.9588551	13.16707313383833	0.0064228628438369
2459391.9003883	12.2399824517192	0.0040034166965107
2459391.900397	12.24641010499078	0.0048959613502958
2459393.0019284	12.637979032655846	0.0035488158360302
2459393.0019284	12.680635664555355	0.0043991260651118
2459393.5828862	12.969004128675778	0.0039248921359633
2459395.5971782	12.61650739731368	0.0059575719944212
2459395.5971897	12.63148409130151	0.005253233954235
2459397.6997716	12.703865890441708	0.0059864083687404
2459397.6997736	12.742210687105022	0.005071115023434
2459399.8850908	13.054643535395464	0.0025186615502842
2459401.7780306	12.849304880195664	0.0046093565003602
2459401.778031	12.86001196452321	0.0039408198848882
2459402.7280152	13.328951141628975	0.007258896920917
2459402.7280152	13.401292395849405	0.0067036168275839
2459404.9849316	12.59882457410161	0.0040523230995102
2459404.984932	12.541437159789922	0.0033048280622338
2459407.5443641	12.561182890766329	0.0051899176138097
2459407.5443669	12.571150370516788	0.0049052505724695
2459408.7483357	13.089969954747332	0.0036027968934482
2459408.7483365	13.023212384666978	0.0041090509844872
2459408.7500273	13.058963106107608	0.0027034891433057
2459408.7500292	13.022362647961687	0.0032651283230054
2459409.6233719	12.835773229385508	0.0053226278609843
2459409.6233743	12.807825673808122	0.0051594979086241
2459413.2771011	12.711212879479849	0.0054462929456611
2459413.2771085	12.659970206249074	0.0062991967154986
2459414.2730161	13.267973207676668	0.0090991179231188
2459414.2730172	13.226236223258264	0.0056310451680963
2459414.8524793	12.61983172183912	0.0042783444795493
2459414.8524855	12.568233411049183	0.0035161383586726
2459419.5662455	12.450601949585282	0.0084648203910795
2459422.2567409	12.740545775497267	0.0051951530442372
2459422.256744	12.702724767288888	0.0052458865640637
2459422.8342009	12.958694375217831	0.0048621566711786
2459422.8342009	12.909246903754992	0.0051283034308786
2459423.7992858	12.487511460416131	0.0050315735177759
2459423.7992925	12.495286134720736	0.0048923821199705
2459424.8607266	12.68542189246211	0.0035547475153313
2459425.915908	12.725160243270706	0.0029481123472809
2459425.9159196	12.728850857992944	0.0038266545200865
2459426.9227056	12.373838484388152	0.0035205719859119
2459426.9227056	12.432669302610496	0.0042743452589856
2459427.7945212	13.269699896504113	0.0057924893842692
2459427.7945212	13.362376839984494	0.0058859697997643
2459428.4790223	12.49240082435399	0.0050036394132918
2459428.4790227	12.49048792565921	0.0053241752383814
2459428.8667616	13.26205777950182	0.0057375573635211
2459428.8667616	13.321846748746724	0.0061647679064655
2459430.4216135	13.300621282404936	0.0053613768935972
2459430.421618	13.380386409100836	0.0061785146477718
2459431.8078202	13.158999441449271	0.0042458912382793
2459431.8078223	13.246665254148926	0.005163752732147
2459432.7286131	12.853302191230188	0.0039664228495105
2459432.7286143	12.79931067646415	0.0040690558445625
2459434.3808295	13.16972347208644	0.00321201362354
2459434.3808295	13.19512982905339	0.0033418386377103
2459434.9072515	13.069167094912926	0.0035039083837114
2459434.9072539	13.142894883893536	0.0038053570349516
2459435.4894289	13.350286127462002	0.0071774548669086
2459435.4894387	13.372129546558591	0.0078296929223974
2459435.8928718	12.923795332155454	0.0017375057320116
2459435.8928768	12.938649810306622	0.0015164790068618
2459436.8227125	12.36427914950188	0.0046618318099623
2459436.8227141	12.326530247788984	0.0047725348862419
2459437.9049217	12.49752733014726	0.0033920355960813
2459437.904932	12.51428475451864	0.0041772637820878
2459439.5963304	13.188179339828078	0.0050612185238944
2459439.5963352	13.16147713373676	0.0046441144561582
2459440.8880913	13.25469287651326	0.005656944127738
2459440.8880955	13.255036157194857	0.0060715167902523
2459441.841428	13.32823208228984	0.0068042333752911
2459441.841428	13.393835810185577	0.0073073151848633
2459442.7863434	13.21990115603034	0.0051857969741602
2459442.7863511	13.25835106932601	0.0061723292223162
2459444.5240328	13.3655350936025	0.0096497099390772
2459444.5240328	13.381897459169846	0.0123590686509849
2459444.5252963	13.325164148152483	0.009468016723757
2459445.8777324	13.085081536533057	0.0058983205707068
2459445.8777388	13.150382727043713	0.0064863698687314
2459448.2868033	12.588337024169466	0.0069314450924029
2459448.6007791	13.365184312358856	0.0120108654910481
2459448.6007791	13.328918266183432	0.0145661547519364
2459449.2905608	13.12547324745764	0.0129227517599655
2459451.792698	12.89112021807699	99.99
2459451.7927031	13.477445192170665	0.0086624082191573
2459452.6590221	13.225300271269164	0.0073307331923234
2459452.6590221	13.130490925847528	0.0106553780822758
2459453.6290724	12.910866366219992	0.0060455573577033
2459453.6290724	12.976447718982984	0.0050107586670763
2459454.8253989	13.26529184004212	0.0056672406335292
2459454.8254027	13.302745772772598	0.0065568229851081
2459456.8007186	12.998939897498982	0.002882488498622
2459456.8007302	13.01701782915929	0.0029295020599034
2459459.375451	12.907488574460812	0.004968954791552
2459459.375451	12.898180709155689	0.0048315491746609
2459460.5756981	13.358564383016162	0.0076031869946712
2459460.5757008	13.35267091211824	0.0075144457874919
2459461.8096529	13.148508890340002	0.0044954626552005
2459461.8096601	13.1446242046087	0.0045980408335557
2459462.843064	13.219636572577867	0.005594823502299
2459463.2294599	13.394016103506631	0.0078181299670168
2459463.2294695	13.393040121672694	0.0095212148260855
2459466.3176624	13.353165310717126	0.0059481547190196
2459466.3176624	13.384944364203792	0.0064493561095547
2459467.2985632	13.240981280638064	0.0041825626719987
2459467.2985701	13.216966015290977	0.0037898758653759
2459469.757682	12.561179800164911	0.0032160157457852
2459469.7576942	12.577400605816806	0.0037287107231967
2459470.5135773	13.391530960237011	0.0088527788982718
2459470.5135832	13.387640405780656	0.0085638197070737
2459472.6052197	13.314873058882668	0.007325503857398
2459472.6052197	13.3179601342599	0.0075963830179198
2459474.563638	13.038642877506357	0.0086358110891488
2459474.563638	13.098555798154694	0.0071570359181073
2459475.5413713	12.714899988743474	0.005742936872124
2459476.6918025	13.127753594872363	0.0064471911076836
2459476.6918114	13.118473147876056	0.0079464055778645
2459477.5033442	12.665381019331855	0.0076250800806928
2459477.5033521	12.735228553231837	0.0058137888246481
2459480.7847491	12.876639300403385	0.0040754654365661
2459480.7847491	12.800349473927668	0.0033198103588403
2459482.3001441	12.651353854047963	0.0056561752307284
2459482.3001459	12.646602561064718	0.0059306463814061
2459483.2909782	12.50089690848525	0.0054713783604689
2459483.2909823	12.486017339081355	0.005412990493325
2459484.5518764	13.319146879189612	0.0061018091195738
2459484.5531284	13.27010181738963	0.0072541491521942
2459485.5336835	12.990895924015502	0.0033051339870878
2459485.5336907	13.001715063411323	0.002305216931496
2459486.6636577	13.250776024581182	0.0044141647072198
2459486.6636577	13.215703433934197	0.0047659568974487
2459487.6629611	13.188416007794924	0.0034750056447829
2459487.6629611	13.164670741323734	0.0046667843330628
2459490.7288981	12.930654549958746	0.0023355996783497
2459491.7473449	12.89112021807699	99.99
2459491.7473514	12.835907780533988	0.0023329678161311
2459492.2718541	12.85389140904664	0.005063647512585
2459493.648955	13.328474087565889	0.005419905975174
2459493.648955	13.289232238578563	0.0057778105147155
2459494.6513349	13.34505159972876	0.0057411499686468
2459494.6525752	13.277806394726834	0.0063726930706977
2459495.6507744	13.47041559962689	0.0073582331760249
2459495.6507753	13.393966038973684	0.0071363949323481
2459501.7187375	12.968101635006226	0.0031132609968499
2459501.7187501	12.995460294667618	0.003531611225664
2459503.6003397	13.137492734931564	0.0048642070596543
2459503.6003397	13.17988489442354	0.0052322647802641
2459505.7048367	12.92861968309868	0.0033639190690138
2459505.7048367	12.997510043343258	0.0032855706572819
2459507.7116803	13.366705607924738	0.0096490277478543
2459508.5474506	13.131457977481046	0.0093002487903855
2459508.5474542	13.176946142225995	0.0082284741351055
2459509.6041754	13.22669671355283	0.0100830515267148
2459509.6041754	13.236490028926791	0.0077888429718938
2459510.7064877	13.331060749021033	0.0063729736598978
2459510.7064877	13.24801215645582	0.0056288175194932
2459514.5740236	13.070170952742243	0.0024567385148972
2459514.5740236	13.110520799442067	0.002372027627465
2459516.5760408	13.38765992642083	0.0059539837141387
2459516.5760408	13.35050242672538	0.0062209880400806
2459518.5579453	13.33224138353177	0.0055664236230963
2459518.5579453	13.357980259956042	0.0066795107585346
2459523.5539039	12.563930839766096	0.0045964129260664
2459523.5539039	12.578039056952086	0.0047030985363308
2459525.5570199	12.931522341361037	0.0038132339346778
2459525.5570221	12.871996607747604	0.0041641284207881
2459526.5602028	13.327293678249848	0.0056996500906963
2459526.5602081	13.257073400677958	0.005715098158061
2459530.5396886	13.322482924393045	0.00736736720095
2459530.5396957	13.33408309495913	0.0077980565518215
2459533.5387027	12.885891682624806	0.005480430838841
2459533.5387027	12.875146246191802	0.0053034290536428
2459602.1679162	13.45323829956901	0.0117239314078793
2459602.1679167	13.30652494728417	0.0084503506791531
2459605.0161257	12.478988471996711	0.004786214515105
2459606.0241337	12.395402056723707	0.004882990245816
2459616.1315679	13.13694730177363	0.0037580677481081
2459618.159148	12.902645724877267	0.0015225571644839
2459618.159148	12.915069562784486	0.0022544887028007
2459620.1559864	12.443998887040822	0.0035402073793063
2459621.1239565	13.078224137018893	0.0038207177343028
2459623.1181622	13.376752473371674	0.0067221948913278
2459623.1181622	13.421135017249249	0.0087045848639632
2459625.1155846	13.41255763059291	0.0084731570774821
2459625.116851	13.516960707797464	0.0186086170637896
2459629.1129905	12.835487289788484	0.0039473886240417
2459629.113	12.917859025299666	0.0058531697518358
2459632.09006	13.078144557078764	0.0048765491591298
2459632.090072	13.13236798113762	0.0063731540425565
2459634.0860029	13.323799255176002	0.0073019364251929
2459634.0860032	13.414947264408635	0.0092827328822297
2459636.102318	13.487270326116793	0.0083594794189737
2459636.102318	13.342644553432867	0.0066372508132855
2459638.9047691	12.68174229213927	0.017717600635237
2459638.9047719	12.696916290097915	0.0108738830819122
2459639.0723454	13.009107920281355	0.0027835926007785
2459639.0723538	13.059859816915427	0.0023844558385531
2459642.094444	12.366300434650562	0.0035232734680099
2459642.0944458	12.36745953972676	0.004352039280603
2459644.8917879	13.222992360589352	0.0058676186224044
2459644.8917881	13.21092013149376	0.0056168596618269
2459645.9079114	13.1542010032892	0.0031738202435072
2459646.8931897	12.935027750893996	0.0052359991637151
2459646.8931972	12.992551360368823	0.0040760198373344
2459647.9334151	12.88362523150411	0.0036644333691625
2459647.9334151	12.945039489388874	0.0034697107298251
2459650.0440828	12.977244942201082	0.0022046060764617
2459650.0440828	12.930962998618238	0.0020849611209551
2459652.0424124	12.589582408317195	0.0045986575444707
2459652.0424124	12.550420274704962	0.0035861456310736
2459658.8565523	12.770275816914012	0.0049972120324539
2459658.8565543	12.724729325301528	0.0070832255378327
2459659.9188927	12.82769014885116	0.0054096948961073
2459659.9189043	12.845479502938346	0.0052426309381277
2459663.9168442	13.369463605722329	0.006051252968725
2459663.9168524	13.345126255148978	0.0066331857194493
2459666.9984034	13.367830163058702	0.0064679976794487
2459666.9984034	13.404880083161952	0.0073170402890723
2459672.065993	13.308581871626709	0.0059779433856269
2459672.065993	13.226653484775746	0.0050550079426881
2459673.8187173	13.357189750870289	0.0079474503971861
2459673.8187173	13.492969669220926	0.0078759501214742
2459673.8199467	13.369564544092928	0.0078751577458477
2459673.8343282	13.267956614356963	0.0058602637804664
2459673.8343283	13.245235960799558	0.0053275715303777
2459675.8213246	13.399970636770298	0.0067197830844835
2459675.8213246	13.3935229602901	0.0083523289788908
2459678.0083612	13.45308770722244	0.0078300926328502
2459679.90566	13.30414089581613	0.0063083246711345
2459679.90566	13.283722780740275	0.0063135275659642
2459680.8665551	13.003983866528088	0.0037365374638466
2459680.8665551	13.021703866861444	0.0038279090663279
2459680.8678071	13.005925242743803	0.0040826311908019
2459683.0754176	13.425634380880268	0.0100867034471482
2459686.9320713	13.087437043917037	0.0046070474506541
2459686.9320713	13.001797596846478	0.0054440121040578
2459689.9706838	13.333243289570332	0.0086613848012931
2459689.9706838	13.371459817266446	0.0068110572776514
2459691.9097889	13.21566498951116	0.0051018262382636
2459691.9097889	13.25212168410361	0.0052003414853642
2459693.897519	12.912632449309529	0.0034979089268247
2459693.897519	12.957600493236674	0.0035126667061581
2459697.016623	12.912832634283395	0.0024464572081869
2459697.6184256	13.15990859420858	0.004200529869919
2459697.6184256	13.181256961739493	0.0036570331021525
2459700.5443341	12.71055615488198	0.0053082395721181
2459700.5443341	12.728779383723024	0.0051941605634113
2459701.8536393	13.31490283248021	0.0049516982771624
2459701.8536393	13.282886843365912	0.005736851214111
2459702.7259986	12.706489730102229	0.0048963378859774
2459702.7260043	12.738755452194193	0.0043740764442239
2459702.7842618	13.016500666798756	0.0036192831252613
2459702.7842618	12.975043561524178	0.0041700925520566
2459703.8623944	13.063948584715888	0.0027611296970515
2459703.862402	13.055054471484466	0.0029929679581679
2459705.8857682	12.83745359846347	0.0038752753462687
2459705.8857682	12.803977030930197	0.0041523767278761
2459707.812651	13.283852961663989	0.0047331553723816
2459707.812651	13.28379266710482	0.0056390847853973
2459707.8139439	13.260521399960574	0.00635350712249
2459707.8152193	13.22126021681924	0.0062989124859475
2459709.781295	13.37705209490932	0.0071758665730439
2459709.781298	13.37908257386002	0.006078591541207
2459710.7729694	13.363317302185733	0.0075239331769161
2459710.7729699	13.38962593937686	0.0080100552572595
2459710.7742738	13.47646226378646	0.0104885535811893
2459710.7755787	13.32696517976996	0.007761008464613
2459712.7759383	13.109157332857617	0.0070162020710218
2459713.9121278	13.346730601041363	0.0082566078848863
2459714.8827068	13.227123251143082	0.00832443385795
2459714.8827121	13.249703247457925	0.0086752408751225
2459717.4917197	13.247034298825644	0.0257950658381002
2459717.4929658	13.206633447497689	0.0256283092825811
2459717.4942034	13.192595092496246	0.0157394749291723
2459717.4942118	13.209171432615571	0.0176747154690096
2459717.902815	13.178131449238707	0.0056577890537493
2459718.0209578	13.321576199850746	0.0076683236890348
2459718.040205	13.350646397988076	0.0142061676340646
2459718.0414812	13.373603774243408	0.015510275299089
2459718.0427343	13.337987099085014	0.0192648544860009
2459720.8547412	13.30861246916908	0.0064165420858665
2459720.8560628	13.329446694929858	0.0062473380726738
2459721.7180125	13.318488123144492	0.00764688131605
2459721.7180209	13.404409946450606	0.0069652765520948
2459722.865574	13.452351768139437	0.0101649079598043
2459722.865574	13.543177680325568	0.0089821932315974
2459722.8668259	13.449621383707449	0.0077957056113875
2459722.8758568	13.476703924461953	0.0097022527513555
2459722.8758579	13.519608273083728	0.011317879173974
2459723.762547	13.252814094418046	0.0045636926253858
2459723.762547	13.175613173901692	0.005045270515095
2459725.5152185	13.37865713337002	0.0066043403471186
2459725.5152283	13.378943702521628	0.0062902104054951
2459728.0167788	13.429936714213312	0.0076992075958401
2459729.4459427	13.032028131811442	0.0042965225874226
2459731.5822206	13.217899478855127	0.0032549664074348
2459732.8142471	13.471444509425847	0.0082578360111569
2459736.4470367	13.427379974802388	0.0065611588800776
2459736.4470407	13.455250368030631	0.0075853299687226
2459738.3992015	13.273140405135116	0.0060377563783725
2459738.3992015	13.220814224615866	0.0065698843470324
2459740.7454752	12.845972725723737	0.0050477125682579
2459742.6538182	13.405236676600518	0.0090467699501078
2459742.7362843	13.41702284466842	0.009466312945162
2459747.5936012	12.438634979880856	0.0094749401243442
2459747.8232864	13.304590625866208	0.0110119104572853
2459747.8232891	13.391614998295154	0.008808062569374
2459750.7644068	12.626557316958747	0.0040609506246463
2459751.9342	13.134223341926178	0.0035569836780119
2459754.0541882	13.2365485563107	0.0052214058746201
2459756.3494977	13.11852410857638	0.00275087741448
2459756.3494977	13.108320244484585	0.0031049897919325
2459756.5550283	12.862837896591252	0.0054514503022452
2459757.3432741	13.458928047872472	0.0075065145529961
2459757.3432741	13.410538589744055	0.0065064644690707
2459758.3705816	13.330590656689765	0.0048053546371734
2459758.3705816	13.358707002461724	0.0056219737284316
2459759.3280935	13.286336007327224	0.0042085466751098
2459759.3280935	13.27247570221984	0.0047955312611886
2459759.9168853	13.363680079101671	0.007022798432455
2459759.9168969	13.393319425065622	0.0063185708172165
2459760.4531823	13.463472726666874	0.0083611330927626
2459760.4531823	13.407783583118832	0.0066043701828144
2459760.7552569	12.931853678856475	0.0038005562007072
2459760.7552596	12.943661493410248	0.0028833724299721
2459760.7565472	12.95174398633026	0.004861823416857
2459761.3793746	13.356590456741545	0.0058297535601642
2459761.3793746	13.358506702731908	0.0053676429076774
2459764.5759118	13.37543508690705	0.0075672853022182
2459764.5759185	13.370369513976346	0.0076562810358112
2459765.3104634	12.718682185387742	0.0054506642846549
2459765.3104646	12.683527860701409	0.0055673320215766
2459765.6446694	13.486394916800444	0.0079084851853059
2459765.6446694	13.42703411747864	0.0088478179991062
2459765.6911804	13.456366393773369	0.0092164588257708
2459765.6911811	13.43610114709988	0.0089792161208199
2459767.3145299	13.128005660911208	0.0034269416799261
2459767.314542	13.124180401940812	0.0030068423258915
2459767.3157898	13.295232079184462	0.0077272328230608
2459767.7861532	13.504772881059226	0.0084774925256157
2459767.7861532	13.46382346199572	0.0097092854318729
2459768.3429472	13.307911589143316	0.0051349713490856
2459768.3429517	13.301004910908231	0.0052514628080726
2459769.3028336	12.83507178569543	0.0052802921279312
2459769.3028336	12.83549691569574	0.0055125871924705
2459770.7791236	13.218763643845913	0.0057363744350539
2459770.7791285	13.195021735896413	0.0063166103868229
2459770.7815924	13.257352683599947	0.0093044431087806
2459772.8476049	13.16379052268502	0.0120133191410947
2459772.8500865	13.107140803084704	0.0158203541740247
2459779.9226122	12.97776531563585	0.0020624085927399
2459783.8858213	13.46381148299826	0.0078467565350058
2459785.5324625	13.448825370096264	0.0095050265592693
2459785.5324736	13.48388983815826	0.0078562469247911
2459785.5337144	13.46025242142403	0.0115074403881752
2459787.8727275	12.694756138198551	0.0044669377159916
2459787.8727275	12.694120159203433	0.0044243241518546
2459789.5238337	13.077258066299978	0.0026231849784188
2459789.5238393	13.04771561790328	0.0024228932717143
2459790.5757521	13.141181247206209	0.0022484118829659
2459790.5757521	13.093158137925498	0.0019282104581438
2459790.5984676	13.154459970170931	0.004436826083762
2459790.5984691	13.129570538840063	0.0043385465416365
2459791.7017772	13.341169668831762	0.0074346982813924
2459791.7017772	13.42367276065663	0.0070843810724324
2459792.8864362	13.39747386195164	0.0072441132688818
2459794.6835975	12.872600773856464	0.0049914785751988
2459794.6836025	12.911635546036376	0.0041696046902079
2459795.6948616	12.6378718172292	0.0050542800548421
2459795.694863	12.651626086228088	0.0046981384711216
2459797.4168905	13.26981289662668	0.0064025468924929
2459797.4168905	13.2485942111874	0.0061115711100791
2459797.4181191	13.275854657481608	0.0071152738592711
2459800.6904359	13.405165161791787	0.010595846872071
2459800.6904359	13.417192554035353	0.0120080270043284
2459800.6916645	13.40708982563605	0.0134065249281077
2459801.7873534	13.325755609261863	0.0083633588376593
2459801.7873546	13.376403147777914	0.0087584602564728
2459805.8073462	13.371008174870871	0.0071471095710568
2459806.8876027	13.456134900527788	0.0088434712779638
2459807.6176385	12.809337853965712	0.0055565778490187
2459807.6176486	12.84836812950521	0.0047912261752647
2459809.8767999	13.040704364644206	0.0022927246427106
2459812.8145893	13.205211603869758	0.0045190941057987
2459814.3529945	13.320340292121726	0.004580947605418
2459814.3529945	13.33087577407047	0.0051572278725592
2459814.3554645	13.339753775553918	0.0065747950018104
2459814.4755534	12.59608772150653	0.0049365804570187
2459814.4755584	12.561657740384655	0.0058706573319287
2459814.4792747	12.527244220247304	0.0062389833539882
2459816.7662708	13.360050609446354	0.0064128221198768
2459817.7623834	13.19852612633592	0.0043106694197569
2459817.7686673	13.198087820400705	0.0044507731303832
2459819.7570855	12.848747928123473	0.0028823448545797
2459820.3330313	13.01453031749852	0.0045371369668874
2459820.3330369	13.02166257776528	0.0039810327723288
2459820.7540334	12.564464471588224	0.004055496090438
2459822.8042824	12.316286390057575	0.0043395761753515
2459824.519585	13.057347573059516	0.0039145117615451
2459824.519585	13.084748018393896	0.0032315282900833
2459829.516198	13.3229036303321	0.0078525937858818
2459829.516198	13.448216100623444	0.0107401660547955
2459830.6924701	12.643103876037111	0.006198960784644
2459833.361949	12.960190898355762	0.0305750414997463
2459834.4814774	13.163609957274058	0.0043109323670087
2459834.4814774	13.228834108280816	0.0041944095485277
2459836.7602394	13.39291896214332	0.0070001332189094
2459839.7017627	13.131330500133911	0.0033035108196466
2459839.7017627	13.141677788307636	0.0025905089670802
2459840.7049499	12.963257856854607	0.0031241777960499
2459840.7049499	13.020482802788806	0.0028984341553068
2459842.7989927	13.04397912016209	0.0024795758607832
2459844.7639607	12.417502585767073	0.0042821189102426
2459850.6703614	13.14149398642688	0.0029106005409317
2459850.6703616	13.132333513014787	0.0033295851236049
2459851.5268961	12.27367854335668	0.0061928596316591
2459851.526901	12.314526770901182	0.0051409204367031
2459853.7646937	13.02134126993645	0.0021766522237341
2459854.6643559	12.22872713113455	0.0047235356396262
2459854.6643559	12.257355881736103	0.0046936388984467
2459856.661811	13.345398363014285	0.0074833120199816
2459856.661811	13.375097724333504	0.0072730646997489
2459858.5335208	13.26541474093403	0.0086266088004807
2459858.5335217	13.225230625190513	0.0097005684918711
2459864.5026523	13.364891051060471	0.0075118023258741
2459864.5026584	13.342439996986297	0.0074501045763368
2459865.6502459	12.314824413283642	0.0057579812397932
2459865.6502486	12.32246049460418	0.0053463851470308
2459867.4920699	13.35405934985623	0.0086416222297911
2459867.4920702	13.345765581384146	0.0098009351431804
2459869.7055169	13.333949133844284	0.0065833576630039
2459881.5576613	13.320164132482155	0.0053754680265285
2459882.553252	13.185313611596325	0.003957688262072
2459882.5532533	13.178942979297698	0.0041035772675671
2459884.5954759	12.999577161916136	0.0036683618088304
2459884.5954761	13.014040857565874	0.003560092601995
2459885.5592023	12.73376633094186	0.0048542898945278
2459885.5592023	12.690207533197771	0.0046996649466728
2459886.5587541	12.482459246122136	0.0050371090661454
2459886.5587541	12.454415433334171	0.0050329887489959
2459886.5599829	12.42049914323214	0.0049271654940759
2459887.5544994	12.372634373711538	0.0050074799652638
2459887.5544994	12.309189007385037	0.0049450642107805
2459888.5463869	13.307237502059506	0.0078906218801835
2459888.5463941	13.2890013638704	0.0075770896610189
2459890.5455461	13.418849434742889	0.0120287545498852
2459890.5455553	13.399531269893842	0.0095484806724408
2459890.546775	13.389298566329352	0.0177177041664283
2459891.5488744	13.344011792551626	0.0106170374592952
2459893.5442486	13.25630780501816	0.0061845616770064
2459893.5442612	13.264837482458557	0.0065343464780394
2459896.5396335	12.802928695393128	0.0045626019284178
2459896.5396431	12.73497520996048	0.0050144723716038
2459968.1682867	13.071669473676764	0.0048154926988533
2460003.9007827	13.410233469364726	0.0127305285344458
2460004.904035	13.442739157601665	0.019502089787197
2460005.898583	13.367780900362344	0.0112544173876856
2460005.8985845	13.432153835777225	0.0090031332554568
2460008.9276138	13.102295523060716	0.0046684102373619
2460008.927622	13.070509399427843	0.0066818720025433
2460010.8948224	12.559012055609864	0.0071225873564394
2460010.8948271	12.6136234455543	0.0065794684866057
2460012.8813877	13.091287731883504	0.0067175014455601
2460012.8813988	13.121847728845069	0.0065187724115847
2460018.0133941	13.39701003579885	0.0110395390679193
2460018.0133941	13.406663069876032	0.0130367057288566
2460018.0146361	13.387973953284584	0.0200121904229781
2460020.6475303	13.348143057382684	0.0067735874094117
2460020.6475382	13.38097065296693	0.0074403375066229
2460020.648956	13.345686602697754	0.0081406757094773
2460023.0626058	13.17746531638649	0.0042939267738768
2460024.8545038	13.43111635426126	0.0087471408253725
2460024.8545052	13.392847491780994	0.0079486190938087
2460031.0438049	13.472598938532707	0.008347459480861
2460032.6039837	13.430990571680532	0.0069082633904414
2460032.6039837	13.341689920033462	0.0057459753663994
2460033.858017	12.480399997268009	0.0054030257874433
2460033.8818284	12.72998778215667	0.0050605653929226
2460036.5773184	13.014106480843042	0.0040429151406823
2460036.5773247	13.030404039884464	0.0041400453635086
2460037.8993802	13.327572073485308	0.0063007768336827
2460037.8993915	13.298223544409115	0.0072273622577128
2460042.0284833	13.532011339769255	0.0131635056171634
2460046.7883201	13.37522464778326	0.0095974521277815
2460046.7883328	13.402564909487085	0.0095255518339346
2460047.8180457	13.370030134104171	0.0060774706960968
2460047.8180573	13.371272768533291	0.0070160158505249
2460049.9473009	13.32682748084782	0.006291059922562
2460050.9857431	13.245781231073666	0.0127836689934045
2460052.0183154	13.332050595312342	0.0063563075608301
2460056.9275818	12.94558349394155	0.0025517496818079
2460058.9608424	12.69574828430233	0.0044622699501268
2460058.9608424	12.72137225530634	0.0043649651677954
2460064.5830662	13.201729668605342	0.0031198272702583
2460068.4879154	13.18150063062426	0.008632236730309
2460068.4879231	13.155970748911544	0.0078049737840562
2460068.4891783	13.136538783339695	0.0093644042555005
2460070.8676685	12.800945158694068	0.0067251998257735
2460070.8676685	12.802011250251288	0.0081242056410075
2460073.4978197	12.637518728106167	0.0072639738324766
2460073.4978253	12.635582093890203	0.0059814287555415
2460075.0728204	12.391131479001109	0.0045250878512477
2460076.0874577	12.933168325022772	0.0032776845199935
2460079.0889939	13.464729490020666	0.0089330811179424
2460080.0363505	13.333861950203572	0.0064071148717588
2460080.7332787	13.34257871823471	0.0072845051461997
2460080.7332866	13.356991794901614	0.0076226941756918
2460080.9911539	13.1041316785044	0.0043803564904082
2460082.7246136	13.503257816706215	0.009764237761373
2460082.7246136	13.530143830829996	0.0114845543347228
2460083.0594724	13.050123155573557	0.003169480778004
2460085.9059279	13.521802833985548	0.0090970293548266
2460086.7196017	13.084401830530524	0.0043160075764838
2460086.9775847	13.386580566820152	0.0070924559187774
2460088.0043547	13.528876957240426	0.0090596419118409
2460089.0016534	13.420679717241075	0.007383201223222
2460089.523559	13.412328733105015	0.0072382686896858
2460089.8605489	13.100256677438471	0.0034938435745461
2460090.8570241	12.878505213840985	0.0032451250313973
2460091.4696869	13.141731976650808	0.0045073365891249
2460091.7064286	13.385584180094485	0.0087939143097433
2460091.7064286	13.462611861121086	0.0077639184543919
2460091.8575092	12.610121734131209	0.0045827634331566
2460092.4607171	13.024374430829582	0.0046504617654692
2460092.4607171	13.082511872155798	0.0035996480238615
2460092.8585281	12.354021330184535	0.0046231657933671
2460093.459575	12.823739486808252	0.0052154917672479
2460093.459583	12.82210132033158	0.0051444908353834
2460093.8388799	13.135263386852811	0.0048769724248396
2460094.8852697	13.154916158868987	0.0054192773719828
2460095.84808	13.39056902672568	0.0087988808239545
2460096.8484822	13.508485911523303	0.0117452704581281
2460097.476358	13.220587111219457	0.0113762997595022
2460097.4763635	13.199587565272925	0.0062106053817008
2460100.7073712	12.41754738294405	0.0066161059602197
2460100.9438917	13.412774212824075	0.0098168054257349
2460101.6742032	13.073132749752997	0.0072280116079284
2460101.6742032	13.106049617837714	0.0061185390945693
2460103.028418	13.389022646501424	0.0078990482102324
2460103.717155	13.383062067334516	0.0084073654486624
2460108.7860749	13.387425599148711	0.0070535183547567
2460109.6997204	13.014363856526945	0.0040604492873356
2460109.6997204	13.060440008540974	0.0031357067995644
2460110.8055425	13.21540803558432	0.0036804572266278
2460110.8055425	13.209720821126696	0.005450846282583
2460112.7674003	12.729403392801505	0.0049519587768279
2460112.7674003	12.714540206071923	0.0055062642860732
2460113.7999644	12.67149022812752	0.0039874104710388
2460115.9146178	12.733814572256154	0.003637502146308
2460119.6502853	13.10716878763493	0.0027112874359626
2460119.6502853	13.050412352048406	0.0046781081356574
2460120.8218006	13.441487827813646	0.0088835035012172
2460120.8218025	13.435198477761784	0.0090686435046035
2460123.0087308	13.535330801193588	0.0065589401548105
2460123.0087331	13.499288344630862	0.008397136884005
2460125.5943239	13.449446707705183	0.0110457793083234
2460125.5943239	13.418470834291938	0.0098058682698193
2460127.6462297	13.458436556540764	0.0153095490960815
2460130.4000949	13.080218323354808	0.0092915292032873
2460130.6358922	13.126278348201208	0.0119230281713107
2460130.6358922	13.17976427920727	0.0072170541195763
2460132.9788477	13.366056740387627	0.0044951569706145
2460132.9788542	13.371026480779618	0.00790652921255
2460135.8941752	13.318095821887464	0.0031189199579984
2460135.8941863	13.28251234973415	0.005738234005219
2460138.9080128	12.834932955796264	0.0031814677921541
2460139.7811926	13.321758321120274	0.0077920887991675
2460139.7811945	13.347857689751976	0.0074452221589417
2460141.6645867	13.379704727788916	0.0061703504962305
2460142.8558502	13.42488101297958	0.006750442842743
2460143.7022684	13.116166484451233	0.0022340674146734
2460144.6919631	12.954571347931392	0.0033102386845824
2460145.6810253	12.747070133264987	0.0042320121974968
2460147.2627239	12.99725443561947	0.0039687697648777
2460150.750497	13.37873843084669	0.0054457274917486
2460150.7505085	13.361300803613643	0.0076295215939028
2460151.7341882	13.45824129986379	0.0091234706177387
2460151.7341905	13.448104512403871	0.0092384880305102
2460153.8862551	13.407122594891336	0.0053816533530924
2460153.8862646	13.382335722378944	0.0077504254051936
2460155.8821156	13.48082487705272	0.0072839287807591
2460155.8821283	13.462342447855312	0.0092119941469312
2460157.5569887	13.204178377298977	0.0086872131031285
2460157.5569887	13.33382054470377	0.0122308075670311
2460159.2681154	12.84637396851684	0.0080104911705145
2460159.6646507	13.00691987742492	0.0078085384817362
2460163.2197694	13.388978391162382	0.0064215355330583
2460163.2197735	13.475979205366	0.0083158159344552
2460166.8211117	13.437993098353632	0.0070121188170574
2460170.4230631	13.35715575524726	0.0060217731601669
2460170.4230724	13.348055589225137	0.0066687632959665
2460176.7720028	13.367355016339245	0.0066057089945853
2460181.885039	13.284374545175178	0.0063682285262566
2460185.3558793	12.632260060153088	0.0069842519374935
2460185.3558793	12.608414342847045	0.0087815783423247
2460187.6864041	13.372536079587258	0.0124830509890157
2460188.7626096	13.394935613629738	0.0111015049844171
2460190.860544	13.34945773915749	0.007336937054333
2460191.3752055	13.36966138755895	0.0089800704195623
2460192.6921932	12.693229297696105	0.0050279648325338
2460193.2281349	12.834526279657435	0.0051178707382213
2460193.2281349	12.801936909941192	0.0050705699691737
2460195.8214653	12.759043480863518	0.0054339097658407
2460195.8214713	12.67425857301511	0.0038510106568185
2460196.7749969	12.624445458956352	0.004050903040424
2460200.8345482	13.388650699065842	0.0072073563016066
2460202.3528339	13.3980762349821	0.010211246190986
2460202.6859575	13.001895523551728	0.0034078446563011
2460207.7563015	12.46052475660252	0.0043127828815207
2460210.6536418	13.315747592644552	0.0062005642686181
2460211.6501502	13.271275275264507	0.0059288351533423
2460213.7256511	13.20680645014297	0.0097215877583911
2460215.2913345	13.181253545103155	0.0096957972569645
2460215.2913345	13.164225056275336	0.0070007204031174
2460218.7636436	12.334658980918867	0.0049090306076685
2460220.743942	13.305440162787654	0.0059641632287463
2460222.7542679	13.45332437908194	0.0080038170138832
2460225.7295032	13.168700188159477	0.0041519539208198
2460227.619887	12.243770689869423	0.0046519938059633
2460230.7304969	12.54754201997712	0.0041203751892055
2460232.629876	13.352441421710832	0.0061550611071285
2460232.629876	13.369121912088495	0.0065755895634301
2460234.7387793	13.432999821783056	0.007748047105706
2460235.6188934	13.04040204337639	0.0022632443797027
2460235.6188934	13.059180292734007	0.0028714459751592
2460236.6095572	12.887346591084183	0.0036178898158525
2460236.6095572	12.876921931836996	0.0039396051746755
2460237.6026017	12.613301816727729	0.0045980458048655
2460237.6026017	12.650241077431456	0.0046024015926939
2460238.5942642	12.298504017672826	0.0048618202849353
2460238.59427	12.290100829681167	0.0047437879066791
2460242.7018391	13.234872014154105	0.0064542022521116
2460250.5727789	12.695913606992644	0.0044763524011671
2460250.5727789	12.68564535303446	0.0043630117369794
2460252.5519713	13.43931112855872	0.0076359294296587
2460252.5519713	13.390109221889334	0.0065913730786475
2460255.564329	13.368039356968245	0.0067390779250807
2460255.564329	13.332676958603365	0.0058282743048517
2460371.1425247	13.361208721690767	0.0091717316279234
2460372.1427773	13.409619126599472	0.0079114049375658
2460374.001102	12.925763324674646	0.0040903218306435
2460374.001102	12.913254938553775	0.0034747405538384
2460375.0127583	12.837901204380485	0.0061020944183897
2460375.0127583	12.777380952978152	0.0046041096272317
2460389.0753169	12.502525405112648	0.0042426934534958
2460397.0355697	13.092304303639734	0.0053265873663237
2460398.0553	12.930714923211434	0.0043544932642322
2460400.1225955	12.897526723382832	0.0032750092260288
2460401.1417187	12.775652728174393	0.0054043120541122
2460403.8747504	13.250607309495807	0.0044676045118317
2460403.8747504	13.252992464099172	0.0048690472682362
2460409.0620946	13.072887215739676	0.0029297034346836
2460410.0460436	12.917561970623444	0.0027336255249951
2460411.047702	12.73142863117284	0.0036846540253952
2460417.0151566	13.360428612384192	0.0067423105586683
2460417.9947767	13.271214227977875	0.0057857489983148
2460418.9757993	13.084517563984484	0.0037684848476513
2460419.9735056	12.923017494743942	0.003517979788508
2460420.6670571	13.363856133752371	0.0079918949698166
2460421.6114278	13.15241926918275	0.0031134358675431
2460425.8008138	13.226947966780656	0.00811894828582
2460426.0064118	13.32876815380824	0.0092276260237733
2460428.5209657	13.414054372410288	0.0270114142448093
2460428.5209728	13.503257593707673	0.0264280935260006
2460431.9966374	12.927295117283624	0.0038181314653869
2460432.5045828	12.925933422099677	0.0064466621932605
2460432.5045921	12.925569651884672	0.0063167470892823
2460433.8936911	13.121220705774835	0.0036376802627796
2460434.8904859	13.351776702142326	0.0062636110617663
2460434.8904859	13.31945860440964	0.0054056502087143
2460436.7785789	13.230970572409454	0.0071766205303987
2460436.7785789	13.189675797746832	0.0054729663853429
2460437.8173098	13.215628072949126	0.0039394185093842
2460437.8173098	13.197266074614376	0.0042835434641423
2460439.7069613	12.352904752950431	0.0053133266012853
2460439.7069613	12.343916444907457	0.0054771432840881
2460442.7056534	13.429134885298108	0.0087641367492185
2460442.7056534	13.380175199106414	0.0088778641280705
2460443.8665663	12.461314277914957	0.0047919149391366
2460443.8665773	12.469741790303548	0.0047172533240066
2460448.6891413	12.893724193209318	0.0051290807230001
2460448.6891413	12.917057010720946	0.0046649777902324
2460449.6921057	12.722665633134406	0.0051950099269281
2460449.6921057	12.687033566918831	0.0054150083839634
2460450.7844085	12.900787039797809	0.0041164048877664
2460456.6674107	13.362095371829168	0.0100497813532534
2460457.6862699	13.311326411199556	0.008752239374955
2460457.6862699	13.272138989761196	0.0075321689961419
