2458114.0361871	14.829087348003789	0.0447635470783778
2458118.0077061	14.98076049752207	0.0169415967576923
2458118.0077063	15.205431111797004	0.0275281344726042
2458119.0040541	14.848787426671844	0.0175919948414418
2458119.0040578	14.662405540118469	0.0083893837985793
2458120.9976497	14.887762732403456	0.0474583678873535
2458120.9976497	15.29709937601359	0.0747632910613862
2458121.9943613	14.642087605801938	0.0272795121900308
2458121.9943641	14.880042552821465	0.0336656369096857
2458124.0259447	14.89162592853795	0.0239542420621264
2458124.0259478	15.130256661878294	0.0433236846501435
2458132.9657567	14.726506822100763	0.0146789121729239
2458132.9657597	14.602882902026517	0.0082875214856881
2458133.962569	15.127933764677936	0.0254138108530036
2458133.962569	14.926097111975876	0.0157169342100673
2458137.9538792	15.03482520446191	0.0198296011374329
2458137.9538837	14.90711369190806	0.0138983326575245
2458138.8777728	14.628894732466131	0.0510633590482661
2458138.8777762	14.634032087062277	0.0555954712748517
2458138.9505936	14.55327268021518	0.0095951112824102
2458138.9505936	14.722926618184166	0.0139134020554735
2458140.8733653	14.919390880844931	0.0250082358941959
2458140.8733664	14.873939037802602	0.0271066070441281
2458144.858939	14.975945539161524	0.0252187526962406
2458144.858941	15.01222932241416	0.0206783795648292
2458146.8543659	14.72441776681183	0.011054312741976
2458146.8543691	14.74615101697879	0.0154599248403781
2458146.9281291	14.926966800276215	0.0214395072079735
2458146.9281291	14.908378402036506	0.0232089331965296
2458147.620097	14.61253545847345	0.0163129043174918
2458147.620097	14.585989034543363	0.0247163409126439
2458147.8500747	14.991443839268973	0.0153830992207863
2458147.8500769	14.988740711601672	0.019560241781921
2458147.9249797	14.767031764844234	0.0224143232056287
2458147.9249797	14.955557736399456	0.0432008191659933
2458148.6158272	14.80504609359684	0.0174924269050625
2458148.6158275	14.891924016698228	0.0151693454639417
2458148.8498031	14.652189912190202	0.0217315189860091
2458148.8498101	14.709481267942587	0.0209244671753171
2458148.92185	14.500194195717771	0.0238735986590568
2458148.9218577	14.6580923231647	0.0264886946949825
2458149.849082	14.73080311221786	0.0360297308470959
2458149.8490858	14.560246946988071	0.0257533821769029
2458150.8449973	14.992433418295803	0.0440335558470623
2458150.8449979	15.024763499098697	0.0420311853333275
2458150.9038204	15.169692557367496	0.1574981940465913
2458151.5900803	14.652905695485307	0.0284964636136747
2458151.590082	14.678285610671864	0.0196455007801544
2458153.863613	14.880106298530578	0.04230151168293
2458153.8636164	15.130128049924554	0.047025084783253
2458153.9060577	14.926993904950974	0.0272084706034131
2458153.9060665	15.12795115226006	0.046012125659174
2458163.5856906	14.597120448056152	0.0139867597655282
2458163.5856933	14.5822189755877	0.0101929923723686
2458164.5960149	14.81204223501262	0.0078019444321906
2458164.5960149	14.776564386906635	0.012100932374371
2458165.5918132	14.93922883443094	0.0174060492755821
2458165.5918181	14.986816625914594	0.0150367595404937
2458165.8088749	14.53875670782435	0.0141188834058626
2458165.8088776	14.561893966336571	0.0111197375844181
2458170.8281258	14.871851045303902	0.0107904793312806
2458170.8281273	14.855649977772527	0.0172787888537691
2458173.822023	14.97685812254111	0.0152835902974953
2458173.8220244	14.95197028061668	0.0170999963716303
2458174.8596454	14.57213303727887	0.0123671860927361
2458174.8596465	14.61507981307254	0.0204976507587188
2458175.5758655	14.91645552482262	0.0157890714293498
2458175.5758664	14.87513136809072	0.0086975671616312
2458176.5221973	14.622263437056407	0.0199536993051492
2458176.5221988	14.67890179936363	0.0151336454538556
2458176.7919322	14.991914137365397	0.0240873883098929
2458176.7919328	14.90723469042165	0.0260335431162196
2458176.8459609	15.131564582723865	0.0515099700898889
2458176.8459627	14.863165623627143	0.0303412645336334
2458177.5177103	14.555398690001216	0.0255097759164493
2458177.5177194	14.611128206559862	0.0207010695020753
2458177.7809504	14.768712408625117	0.0311800184577936
2458177.7809518	14.700677304394462	0.0284675271325223
2458179.8961236	14.92133264534348	0.0270542030990626
2458179.8961244	14.90489143895806	0.0470540423791725
2458180.8687961	14.64128889868472	0.0225122182001033
2458180.8687991	14.797450578052535	0.0299138314408568
2458181.5252315	14.834458282476866	0.0266288848639281
2458181.5252315	14.858889032023177	0.0358632213671609
2458186.880691	14.66315477525606	0.0122950206277607
2458186.880691	14.69398510614375	0.0174175090137849
2458190.5512799	14.836838667764072	0.0094431378277669
2458190.5512799	14.81436985591597	0.0141358581341577
2458190.8751039	14.52849169397726	0.0104274194780569
2458190.8751039	14.527932081708352	0.013673005394944
2458193.834656	14.577651764251565	0.0114507275350437
2458193.8346567	14.557949590694864	0.0108655501677751
2458196.5335021	14.626503385083696	0.0103486668654266
2458196.5335039	14.58553921580846	0.0097152825841157
2458196.8209195	14.668830811073054	0.0128838191861755
2458196.8209204	14.695436537164545	0.0100599680331583
2458197.5901365	14.938838924716668	0.0170742223692506
2458197.5901383	15.022327573988925	0.0150983037072272
2458198.5855282	14.611203234946466	0.0119270911769888
2458198.5855295	14.619045669889754	0.0101422177544041
2458199.943039	14.538941911668644	0.0097224622391076
2458199.9430406	14.694424612611884	0.0138402092792577
2458200.4586485	14.683362460089675	0.0093485868257875
2458200.458651	14.674838272146571	0.0134109852226296
2458201.7294667	14.625658208869938	0.0115580565156895
2458201.7294738	14.609218643455812	0.0112373446913766
2458203.443032	14.569030093212085	0.0126599095518253
2458203.4430333	14.570950548372744	0.0164283014382174
2458203.7782809	14.629889006186607	0.0177805277065648
2458203.7782826	14.74742247450761	0.0242825855834657
2458204.4438843	14.93760047175802	0.0166533369455886
2458204.4438843	14.873239723856674	0.0216132532706427
2458204.7537143	14.604320969634523	0.0142859455760125
2458204.7537152	14.645834212163145	0.013861618927786
2458205.4259053	14.971724749403323	0.049101071970998
2458205.4259064	14.95458343733053	0.0473666042798091
2458205.700282	14.89193282124711	0.0249560218434741
2458205.7002826	14.884757759303078	0.0224802717851285
2458206.7812052	14.647459938215778	0.0253870805834856
2458206.7812129	14.669872303847155	0.0200070380990211
2458214.8361855	14.899340706627608	0.0234870427386765
2458214.8361855	14.980925316924472	0.024292867561821
2458215.5778463	14.644468515269525	0.012793938620107
2458215.5778556	14.579658800642637	0.0162726402604965
2458215.8502615	14.717953205578102	0.0162494318401567
2458215.850263	14.650772039082998	0.0150923174749158
2458216.8873248	14.678584761515092	0.0201820836613308
2458217.8756301	15.007819100620598	0.0188292814206548
2458219.7309227	14.677152364749206	0.0080002019368862
2458219.730929	14.894007411419604	0.0163437710246394
2458223.7607571	14.522612610751608	0.0107941184258965
2458223.760762	14.567027982715612	0.0133201208479869
2458226.7891863	14.566209067137624	0.0108349273234739
2458226.7904112	14.553516658216171	0.0166709780303438
2458228.5747297	14.69827142341992	0.0111304473185084
2458228.5747323	14.68845630777568	0.0091023902470852
2458229.57093	14.99501242764124	0.0171671885975737
2458229.5709304	15.005968810527854	0.0140209356222337
2458229.6585589	14.77718525041023	0.0110011866323364
2458231.365888	14.903676894949369	0.0153154226718485
2458231.365888	14.838874249435214	0.0196286046827393
2458233.361294	14.80626015694793	0.0185419057415184
2458233.3612998	14.758665885054834	0.0227643769975923
2458234.9412456	14.54782848998358	0.0095975945496023
2458234.9412456	14.71328347265294	0.0142209809695213
2458235.6055123	14.755001580631324	0.0202520413116633
2458235.6055144	14.689761347344255	0.0177107249213809
2458243.4207209	14.990364190519124	0.024545929770241
2458243.4207289	15.01651594845799	0.0199613437884725
2458244.5081068	14.577036341268418	0.0171115749668234
2458244.5093181	14.48362175634248	0.0234882869401434
2458246.7077327	14.605154610954472	0.0100490177367484
2458246.7089517	14.60044524209822	0.0131825707579544
2458249.6835477	14.496531933189027	0.0104082985402664
2458249.6835485	14.50910165578814	0.0132734615700143
2458251.5230801	14.72022228900103	0.0126700763249294
2458251.5242967	14.812812969832546	0.0067416463540762
2458252.5188542	15.014786156152416	0.014148936492089
2458252.5188542	14.98235297746833	0.0163749017557188
2458254.4837202	14.542692038007084	0.012895271321827
2458254.4837232	14.60408272147912	0.0105998958750875
2458255.4832712	14.915929880373143	0.016382368580922
2458255.4832712	14.94536314455291	0.0122842848147545
2458255.6105232	14.796429453822588	0.0166948199146778
2458255.6105259	14.748712071208892	0.0127158861784585
2458256.4485099	14.870418163919473	0.0177550764679005
2458256.4485135	14.90661161643514	0.0111765968234791
2458259.5529343	14.706614301650603	0.0071897045812621
2458259.5529356	14.68379141267836	0.0095516392791368
2458261.6272451	14.903167383173574	0.0201045460606818
2458261.6272451	14.903720763625484	0.0200294342692691
2458262.803487	14.87922338319561	0.0140103806331342
2458264.5961976	15.07938758750743	0.0438671786600456
2458264.5961981	15.14587659276904	0.0459129763418318
2458274.5134692	14.935326062722552	0.0174390269409472
2458274.5134698	14.901335046026013	0.0256488556292271
2458275.5103363	14.727805436526523	0.0139864777634358
2458275.5103371	14.74602724025648	0.014196197626447
2458276.7212281	15.033702513787714	0.0171636668661162
2458276.7212308	15.01156979961536	0.0199128710238592
2458277.6607922	14.805434665699744	0.009563286243327
2458277.6607929	14.794458438019053	0.0114838472175249
2458280.390865	14.549647941435834	0.0103528687523739
2458280.3908664	14.493289853758537	0.0124543414029095
2458281.4133986	14.919412753976488	0.0117436152864637
2458281.4134014	14.920379019069312	0.0140130514879397
2458282.411346	14.879359129680518	0.0095219847829415
2458282.41135	14.861101262439592	0.0137702340364973
2458283.6018554	14.956427646498202	0.0167659018796623
2458283.6018562	14.968783976713803	0.0175209828509388
2458286.6402438	14.978056391510528	0.0145355288949983
2458286.6402533	14.962783702435836	0.0185307480892717
2458290.274991	14.608647117309456	0.0118524262832866
2458290.2749939	14.575793988948467	0.0152845386955662
2458303.4345431	14.771682986302526	0.0213622682185038
2458303.4345456	14.78713515244952	0.0157318223105999
2458304.4318553	15.06419495937197	0.0205029764391058
2458304.4318553	14.95833176057113	0.0207060512089307
2458305.3068749	14.92041134332445	0.0148636275771551
2458305.3068752	15.007254558393395	0.0133423589515988
2458306.3037166	14.59989120443796	0.0096416119440339
2458306.3037204	14.562770697748729	0.0110919832893445
2458306.6811984	14.687107991269388	0.0100433985818721
2458306.6811995	14.65986825834668	0.0134113446321917
2458307.3113691	14.72813142736241	0.0118581863654108
2458307.3113733	14.747375594391672	0.0076899412730535
2458308.3300933	15.013649882127066	0.0203774197526813
2458308.3300943	14.989963399029138	0.0134695008182546
2458309.3045052	14.591791895801167	0.0131908703591569
2458309.3045061	14.635546705119062	0.0088913950964378
2458310.2900732	14.598638287577884	0.0116462229004987
2458310.2900761	14.596338523786002	0.0099448390405893
2458311.6608912	14.780480390312714	0.0119842196191212
2458311.6608965	14.879722408706552	0.0152357815883553
2458317.2193164	14.6090151129033	0.0163440888498377
2458317.2193172	14.614428192109049	0.0111985553349288
2458323.3618445	14.914571563741497	0.0261586883481043
2458323.3618445	14.954501227401932	0.0394905684736934
2458323.7180903	14.78670924220856	0.0475003297218025
2458323.7180903	14.64576877172144	0.0274606262659141
2458324.2217611	14.88102248709515	0.0325156217282908
2458324.2217635	14.900175112953647	0.0228544984346149
2458328.614021	14.980906295390554	0.0313233605545925
2458328.6140263	15.063991819350928	0.0499753736758461
2458329.6144967	14.702139559274356	0.0173759359095005
2458329.6144985	14.691814291512747	0.0226675080698148
2458330.2680533	14.858707294262672	0.0105489352103352
2458330.2680548	14.859061252418236	0.0148328898508492
2458332.3402933	14.558016035798332	0.0229546702109984
2458332.3402937	14.534833072900764	0.0170195837929899
2458333.225569	14.623910489706612	0.009820909875471
2458333.226783	14.607986355892734	0.0147635888179716
2458334.2476899	15.00075280219783	0.0140000859945832
2458334.2476998	14.995331958411477	0.0170877991412645
2458335.5977485	14.924142806575505	0.0182959287153875
2458335.5977496	14.916613633505024	0.0149467938013588
2458336.6819399	14.59005843975658	0.0095731382686643
2458336.6819456	14.76837145803746	0.0158967469182262
2458337.2257167	14.891301115822657	0.0215254283801912
2458337.2257169	14.910140607948456	0.0128408726582732
2458338.2198695	14.836451394570858	0.0081919303809287
2458338.2198729	14.836205166687543	0.0151980021248582
2458339.2239798	14.523382221322787	0.0132049078659503
2458339.5322442	14.755536861753905	0.0104206312904643
2458339.5322448	14.717553059416923	0.0093739186729481
2458340.2428218	14.96039729895716	0.0160346689799354
2458340.2428239	14.943158859158848	0.0111777190032403
2458340.5251539	14.571828863911245	0.0096751717396303
2458340.5251571	14.505858301980838	0.0117435137773239
2458341.256227	14.820258220301204	0.0070474828157555
2458341.5740834	14.943899490794156	0.0148219091466023
2458341.5740859	15.009038814037796	0.0203760859471674
2458342.2267989	14.609291747738766	0.0096267641580987
2458342.5778948	14.5926237512123	0.0134202793836546
2458342.5791086	14.710096171432266	0.0105733129484054
2458344.2297471	15.036405739193956	0.0162880769196087
2458344.2297474	15.037313511249549	0.0207079310359567
2458345.2337787	14.591937822328276	0.011322666698567
2458345.2337823	14.606836659577263	0.011914228999048
2458346.2343667	14.707318173803234	0.0130671897389222
2458346.2343667	14.739177852325556	0.0099422608398819
2458357.5312259	14.816446098466864	0.0383426997677318
2458357.5312331	14.913939625511484	0.0325415565691211
2458359.269148	14.86429019218868	0.019069069657563
2458359.2691572	14.984405877726257	0.0278238683713159
2458363.5146917	14.623720412138375	0.0111225672347858
2458363.5146965	14.626974439527327	0.0114025466923197
2458364.5079473	14.972484316922683	0.0155760959647446
2458364.507953	14.970028272275409	0.0195136061823954
2458365.5042698	14.696792729341066	0.0100033298035711
2458365.5042763	14.700920078738172	0.0129852521820573
2458368.4980854	14.89945247468103	0.013349230180426
2458368.4980871	14.856465466458848	0.0191390122544327
2458475.1526376	14.547605557952934	0.0356467027347518
2458476.1671384	14.93808049231388	0.0623641068963749
2458492.1303755	14.963052185921974	0.0202221316219571
2458493.1477645	14.678718063554747	0.0116501859278245
2458493.1477645	14.628889877037032	0.0085715412238781
2458496.1155077	14.791470149877917	0.0081146468545112
2458496.1155161	14.83181895525778	0.0149086776514972
2458498.1327848	14.864148499353025	0.0120985731293182
2458500.8716037	14.851483666298716	0.0280229084735719
2458501.9600627	14.665667161408392	0.023293204688386
2458501.9600712	14.546732855998794	0.0129131740602477
2458503.9683198	15.188466100344357	0.0571080887042261
2458503.9683198	14.748254430529316	0.0498342852456328
2458505.1242906	14.993969104214935	0.0385355189032975
2458505.1242906	15.116551286001537	0.0451662292688821
2458505.8771865	15.0833834541434	0.1712542359114685
2458506.1278354	14.647518090403857	0.0209911345856289
2458507.0966859	14.524818932963814	0.0188323027773123
2458508.9980391	15.17350394252235	0.0424619226746324
2458508.9980509	15.085253867994815	0.0297227558061057
2458517.5965099	14.936151643869437	0.0178725785298176
2458517.596517	14.980644035944298	0.0153180571583331
2458519.0581215	14.837320050759882	0.0139762098374997
2458519.0581234	14.70056407197065	0.0064229337672385
2458520.8257447	14.602095126980132	0.0110091367144388
2458521.594887	14.934751656131732	0.0173252802275911
2458521.5948907	14.965185792733712	0.0127907934833782
2458523.8297802	14.778753738759798	0.0162514026992655
2458523.829781	14.724072381289377	0.0134692035023995
2458524.820184	14.612604039263012	0.0158076166127872
2458524.8201907	14.606547602544133	0.0130814049429383
2458525.8204273	14.9499291344247	0.015923268117462
2458525.8204273	14.884121373921936	0.0201450100265882
2458526.8159525	14.870466792862947	0.0149055777569869
2458526.8159525	14.907985065791824	0.0214442664337884
2458527.8225124	14.556541885407556	0.0142931605382572
2458527.8225208	14.593266042750296	0.0109245845043038
2458528.8657244	15.06457408177509	0.0171471785444142
2458528.865725	14.93934278685673	0.014053177883522
2458531.9031241	14.987820676269436	0.0419923952889065
2458531.9031241	15.094530979184055	0.0321153485951218
2458532.5358986	14.63837961682259	0.0294457954910286
2458532.5359025	14.63666130017392	0.0317483665436881
2458533.5409828	14.775694652522224	0.0325168997571993
2458533.5409853	14.799877057974612	0.0341962772296987
2458535.5455758	14.718291288160078	0.0421709245564439
2458535.5455758	14.540817921176952	0.0383449504441265
2458537.6369735	14.819337142560665	0.0237459528024462
2458537.6369812	14.846361387354143	0.0333051524967698
2458542.5594139	14.553392371436246	0.0123345835230817
2458542.5594141	14.541071536267346	0.0128016294981559
2458546.6143277	14.954808974091252	0.0131194196884681
2458546.6143289	14.91273757702353	0.0161958381549506
2458547.7922343	14.681214729221876	0.0095096726600228
2458547.7922438	14.774389844686446	0.0108220764166547
2458549.4931497	14.618652473523325	0.0119739069863918
2458549.4931579	14.592399609109393	0.0109897741329467
2458549.8312283	14.62928149293653	0.012065077593799
2458549.8312341	14.602702962237142	0.0108377488112592
2458551.8185252	14.995689769998783	0.0189892526659481
2458551.8185252	14.990464383066753	0.0178368163256115
2458553.7426155	14.553284476777508	0.0129203405142597
2458553.7426211	14.587447837777232	0.0130131716997393
2458554.5229394	14.669413558387834	0.0093312712101556
2458554.5229394	14.67349738178472	0.0110570651543503
2458554.7445814	14.81886112530825	0.0099664408408146
2458554.7445842	14.931880985173242	0.0132759513216465
2458557.8295884	15.095147899659253	0.0319973870096079
2458558.4862074	14.551717584024145	0.0120450610048705
2458558.4862146	14.572303614319186	0.0111924417431884
2458560.4742658	14.96693692948001	0.0356630408514149
2458560.474268	15.016333848249737	0.0275260977770208
2458560.8044142	14.929504780293348	0.0440373239646202
2458560.8044142	15.032140003597236	0.0517206135334895
2458561.8482371	14.766443775410282	0.0387269203429412
2458561.8482371	14.9099977142034	0.042585400101424
2458562.8778898	14.470583090973356	0.0404409113016198
2458563.5371994	14.932643165769615	0.0579257443224031
2458563.5372032	15.043291297672734	0.0463367968683291
2458564.7540658	14.900755545531128	0.0513980350878972
2458568.698981	15.038617190381531	0.042202954794224
2458568.698981	14.961007860560953	0.033224195229327
2458569.0768181	15.016437018391285	0.0215934153912153
2458570.7569853	14.879318349427336	0.0153180386032513
2458570.756987	14.869150617168575	0.011437717340658
2458571.8457836	14.660288785889373	0.0104676189772692
2458571.8457956	14.678202382721292	0.0115380329044131
2458575.6693584	14.869699933126148	0.0133020827703194
2458575.6693632	14.965995819643052	0.0128161805926233
2458577.0480972	14.668992005928573	0.012587230351513
2458577.0481035	14.556007197375829	0.0080549796247588
2458578.0494062	14.60296486532727	0.006873276788786
2458578.0494114	14.677100399238372	0.0117976659044988
2458579.0406001	14.955072791266655	0.0127340982879954
2458579.0406057	15.041671459246222	0.0206672208454987
2458580.864817	14.82909824871543	0.0107130278946726
2458583.0694289	14.709825900119034	0.012536111959799
2458583.0694296	14.638569048065545	0.0061735755386644
2458583.7776529	15.081428463529214	0.0159294657011483
2458583.777653	14.974349292580955	0.0139335786367685
2458585.6418963	14.73152404307614	0.0087678694799062
2458585.6418999	14.794799419578396	0.0129440885778111
2458586.5869662	14.590797866279118	0.0111660093267739
2458586.5869714	14.547564718586797	0.0140034575577522
2458586.6569876	14.555828317149995	0.0128247568078127
2458586.6569969	14.59321495418228	0.014897580802651
2458587.9049519	14.73181729618464	0.0154889328201324
2458587.9049519	14.521738885272482	0.0096890940298835
2458588.9616535	14.86686834989412	0.0164133484330416
2458588.9616543	14.919655064523347	0.0222734765207463
2458590.0617872	14.540058445143089	0.0179094330552238
2458590.0617872	14.530739402840243	0.0133882705681733
2458591.6404072	14.78689312402674	0.0218721290706294
2458591.6404101	14.802224228145011	0.0226170883927971
2458591.9145851	15.037095299411629	0.0602085743652437
2458591.9145945	14.782414628226814	0.0641298641854572
2458595.8581247	14.857718374828966	0.0352997923271617
2458595.858125	14.905252867237886	0.0334980478204798
2458597.0309157	14.543176898384765	0.0174033702540559
2458597.0309188	14.594277044526589	0.0197487865387662
2458599.0737263	14.619308537460569	0.011823926482042
2458599.0737286	14.64378858252858	0.0171996595857576
2458599.4447679	14.805841507046846	0.0165369519251997
2458599.4447706	14.871340234101355	0.0120413724482976
2458599.6600582	14.661040830726003	0.0140072208623174
2458599.6600673	14.62700738482151	0.0128168639082142
2458599.8798229	15.004778886395837	0.0206208037160428
2458599.8798265	14.849483152354786	0.0132502715991889
2458600.7280184	14.990018364514173	0.0206390579874007
2458600.7280187	14.97270807395185	0.0168737280946972
2458601.6106007	14.93691162243385	0.0147651041279726
2458601.6106109	14.845160314846837	0.0104301765488974
2458604.5864092	14.847016140294064	0.0086718521605768
2458604.5864108	14.799933005348908	0.0065030054352367
2458605.7928294	14.90076389502692	0.0142527797920727
2458605.7928294	15.064925711842088	0.0216577545262173
2458606.7987364	14.875467021732732	0.0160058943954916
2458606.7987423	14.843670096673549	0.0121872716694807
2458607.8163511	14.72504217900452	0.0164389602290131
2458607.8163511	14.506408597702068	0.0100231167524513
2458610.7782764	14.61257158414977	0.0130814490302246
2458610.7782892	14.576401285334562	0.007266790716198
2458611.919122	14.927158044916569	0.0168128334048764
2458611.919122	15.156002516038232	0.0304145175249512
2458612.8967227	14.622217642844175	0.0088371462385581
2458612.8967227	14.835844818467086	0.0185158245468805
2458614.5566047	14.997527145640564	0.0243585027424244
2458614.5566047	15.002065887722392	0.0255997643436643
2458615.5973697	14.55231004233202	0.0140217426231627
2458615.5973705	14.499720898313493	0.0159286064319334
2458616.6344045	15.06861020389852	0.0283599358479796
2458616.6344069	15.014071024280948	0.0238520042286372
2458618.0165061	14.983315485428363	0.0202900422883865
2458618.0165061	14.969053746725276	0.0166315944493966
2458618.793682	14.89308702076546	0.0273560431694803
2458618.7936866	14.935387256310884	0.0310453351835712
2458619.7657161	14.925930910324094	0.0341134441439545
2458619.7657161	15.075945054978572	0.0557528609621807
2458620.0067656	14.768839312017024	0.0289143115900685
2458625.453253	14.656246281633694	0.0260852021108137
2458625.4532567	14.73809008827641	0.019836290392192
2458625.9496621	14.539850999697489	0.0156144915070227
2458625.9496634	14.472342070545148	0.0129693707472709
2458627.5043244	15.040337405860766	0.0312066942824472
2458627.5043244	15.02886216970622	0.0255282038740562
2458628.8235696	14.96571313392147	0.0212310000186957
2458628.8235719	14.882954463159988	0.011187215636286
2458629.7998777	14.526875260253457	0.0139109682946907
2458629.7998777	14.740918732328389	0.0267738259814639
2458633.8442271	14.665959197043165	0.0062517915387746
2458633.8442314	14.722970815961231	0.0125622958025929
2458635.7475363	14.955375561322947	0.0213104097371599
2458635.7475424	14.92074764513699	0.0176450215959356
2458636.7562598	14.524735965190365	0.0123690856743529
2458636.7562602	14.55453129661964	0.0124762697950924
2458637.9356191	14.833947054273116	0.0126903922664823
2458637.9356212	14.803793057304189	0.0097447769666614
2458640.5549789	14.806154528067356	0.0143804421770473
2458640.5549839	14.715638926110216	0.0100684650085472
2458641.7587974	14.9436464069331	0.0204660793258568
2458641.7588004	14.963519225600312	0.0180958747015371
2458642.7062368	14.775515469916009	0.0126885982454254
2458642.7062368	14.915651848037992	0.0198064363900668
2458643.7143248	14.539715606329493	0.0142296911826165
2458643.7143303	14.508185973573289	0.0126264792503981
2458644.8361505	14.892368779887777	0.0150513389645844
2458645.7445741	14.834944133675895	0.0117890292688488
2458645.7445749	14.72104803619783	0.0084166745050043
2458646.7163092	14.518889990630935	0.0199277274319264
2458646.7163092	14.6956912987852	0.0323908152863256
2458647.6754303	14.886019085110147	0.0428627976803804
2458647.6754303	14.601314420915967	0.0276137884470917
2458650.5806267	14.57174155455343	0.032724324639992
2458650.5806313	14.567884246458169	0.0341483935844027
2458651.6220065	14.920052390802953	0.0422983895223549
2458651.6220091	14.942561611451374	0.0579952358816006
2458652.7182984	14.623418230321104	0.0481553071281485
2458653.6880668	14.566783722644242	0.0251035532613347
2458653.689284	14.7136032335796	0.0466631363488746
2458654.6433236	14.818374643440292	0.0341064672331596
2458654.643326	14.92290979296013	0.0258339915500333
2458655.6261671	14.926453549969834	0.0407769345275471
2458655.6261671	15.046374119994434	0.0497723111702007
2458657.6183358	14.75737699087695	0.0164854371722975
2458657.6183441	14.68190863288678	0.0113599266721821
2458658.763169	14.800924003121771	0.0183886069558288
2458658.7631759	14.549331334227457	0.008552186108414
2458662.7046414	14.585998780022644	0.0132641618929295
2458662.7046429	14.591914811967008	0.011144729410079
2458666.8621808	14.973610487844391	0.0144017862883947
2458666.8621809	14.949761829057364	0.018659823036986
2458667.8190173	14.76663405661644	0.0136252833037035
2458667.8190192	14.593744440500188	0.0070217471579295
2458669.4419775	15.00084408178074	0.0242722163105644
2458669.4419804	15.047083824813502	0.0164172134557987
2458672.8404288	15.003648755539077	0.018329208851088
2458672.8404296	14.914279242698754	0.0156950098824696
2458673.7254778	15.04648150444855	0.0266582683851382
2458673.7254872	14.938916106629875	0.0261671313201268
2458674.5426378	14.903518681727007	0.017969654052097
2458674.5426394	14.921960447478677	0.0187192181809783
2458677.780406	14.598452684771264	0.0205339587436712
2458678.6335328	14.66383023906609	0.0399956696493087
2458678.6335367	14.758720268816328	0.0372488068996799
2458679.6268174	14.65420106618338	0.0271796390021814
2458679.6268194	14.509193606475485	0.0204765778814581
2458680.599966	14.88584082043378	0.0260364660132652
2458680.5999667	14.97010541114761	0.0301777954032472
2458682.846196	14.968834878218876	0.0264224480675493
2458682.8461961	14.964480196588358	0.0302545992615878
2458684.5932933	15.094010978914024	0.0368190195253277
2458684.5933042	14.996244891741425	0.0326028972130554
2458684.8338878	14.545456946447477	0.0129869888730732
2458684.8338906	14.622358373868504	0.0178532966684814
2458685.3869039	14.96314227776108	0.0249367912441932
2458685.3869054	14.900725298795477	0.0341506738749577
2458687.6684764	14.954388923859202	0.0261717301753873
2458687.6684792	14.800108153100153	0.0190063908481204
2458688.6419791	14.604502175632724	0.020858590529379
2458688.641983	14.555549207604168	0.0157465176523409
2458689.8148768	14.874030758500329	0.0107106360844172
2458689.8148768	14.887013298479468	0.0128178673915053
2458690.6634639	15.03606732004648	0.0246418917476075
2458690.6646754	14.864197303120282	0.0156815063134596
2458691.6437589	14.568257272188884	0.0092749083571526
2458691.6437589	14.777824540195796	0.0174358071634578
2458692.2767293	14.895066309987037	0.0248827527462181
2458692.2767293	14.890034400650658	0.0140390757510634
2458692.7882047	14.926698441274604	0.0113856781684679
2458692.7882056	14.98482298607052	0.0171720205124293
2458693.5433352	14.804537371878734	0.0169104366062255
2458693.5433383	14.807307460735206	0.0108660448038979
2458699.2560961	14.982681670974342	0.0168481507627256
2458699.2560977	14.974414286128546	0.0375489729817323
2458699.7853502	14.744238988293535	0.0079628014551725
2458699.7853541	14.764012321924715	0.0090047861827668
2458700.7812403	14.550799485869415	0.0120958139529011
2458700.7812424	14.495737500790533	0.0090960639230462
2458705.3517702	14.87693513312318	0.0563516381012257
2458705.3517702	14.990213509482867	0.0429118663676261
2458707.5751337	14.719499644213489	0.0372049445430194
2458707.5751377	14.741227940275634	0.0248160945049282
2458708.5789409	14.587152131199908	0.0307226527394676
2458708.5789432	14.583859498458072	0.0237697909069891
2458710.3025278	14.50313113832238	0.0322946729132859
2458710.3025333	14.619456082309918	0.0249409085426895
2458711.5758823	14.49477270426936	0.0309332532160673
2458712.3176896	14.751952297587907	0.0586565697861807
2458712.3176928	14.817621331967032	0.0374368430932991
2458712.5774918	15.037494478593851	0.0377931292159427
2458712.5774922	14.815733562859954	0.0268177295593767
2458715.293069	15.00024427796375	0.0210900520606548
2458715.293069	14.995523367191256	0.0141860843862775
2458715.738395	14.933395022700587	0.0198411304611496
2458715.7383967	15.032026731740435	0.0268666255913997
2458716.556893	15.065726454859613	0.0279484672019992
2458716.5568967	15.048478767491517	0.0207711487336951
2458717.6366542	14.70528503721788	0.0178799482367251
2458717.6366542	14.538516099624736	0.0093470606845128
2458718.5465885	14.569234712349443	0.0173115716847061
2458718.5465901	14.58197439631452	0.0107309642484743
2458719.5426988	14.963277795574864	0.0131876841967415
2458719.5427094	15.030595361005554	0.0150463708458201
2458721.2357113	14.873962525730144	0.0138083341092039
2458721.2357143	14.909285985286516	0.0125681866399396
2458721.625522	14.887482221615263	0.0216848921743223
2458721.6255323	14.682568384204998	0.0100197645336514
2458722.6024695	14.879222213657302	0.0183416045296716
2458722.6024695	15.200482787873543	0.0365468755848648
2458725.6147351	15.093359010970012	0.0306061028967303
2458725.6147351	14.877670446492283	0.0165961734133614
2458727.2558005	14.81982106929433	0.012798615397381
2458727.2558005	14.854800565746244	0.0096486766610259
2458727.6093632	14.812857524089631	0.0200755363092413
2458727.6093711	14.488862059075318	0.0108704505922769
2458728.2520641	14.99303020604362	0.0170641135064192
2458728.2520641	15.039368006865054	0.0205248372165331
2458728.6045631	14.87546303529246	0.0179021375785076
2458733.2355709	14.519751955829054	0.0225756851898256
2458734.4952653	14.532626681452804	0.016696078274194
2458734.4952654	14.662673783245914	0.021455088314318
2458738.4847802	14.678895972605249	0.03353595103736
2458738.4847802	14.60938294163993	0.0325946483346661
2458740.4768691	14.551384031134385	0.0599980139915621
2458742.4750608	15.086917136796014	0.0410801786373648
2458848.1699061	14.561444073935656	0.0217055677345298
2458851.1555166	14.6163210476508	0.0077122022213515
2458851.1555181	14.694723625655328	0.0153223681350482
2458854.0033306	15.044919120991471	0.0191123810375155
2458854.0033306	14.83628612044498	0.0131836634886925
2458858.9984529	14.643689967377025	0.0391151166604438
2458858.9984529	14.603193304062197	0.028346799736099
2458877.1774739	14.53952154451206	0.0467656407121809
2458877.1774739	14.473649628121963	0.0353790353254726
2458878.1707742	14.726629295863525	0.0170021332151874
2458878.1707767	14.663795232966116	0.0106980610388038
2458880.9414195	14.863796322052028	0.0143210384894243
2458880.9414213	15.097751906101864	0.021253359190083
2458885.0949539	14.776398684319911	0.0137999780727829
2458889.0527283	14.930678178620576	0.0465208549480856
2458898.5675968	14.984838854498596	0.0158670314038681
2458898.5676007	14.929194074885617	0.0226478510570642
2458901.7858196	14.65015322592888	0.0136991111925901
2458901.7858196	14.669114235345775	0.0113327057217459
2458903.536004	14.562346904200442	0.0142092326708623
2458903.5360065	14.587851033402728	0.0110206724432835
2458904.7730898	14.709609671864524	0.0091852660591656
2458904.7743682	14.81096896124026	0.019585232749952
2458905.7708961	14.567310552540151	0.0136967756305944
2458905.7708961	14.570768493626892	0.0125140227368096
2458906.7780354	14.941335051916846	0.0160959983782503
2458906.7780367	14.894022264861778	0.0183616312455591
2458907.7636438	14.85086283453986	0.0168359657846377
2458907.7636438	14.840867601804815	0.0114833919130922
2458909.761121	14.86110082602142	0.0144246281193828
2458910.7503298	14.97269449165536	0.0208281506139635
2458910.7503347	14.963021648015191	0.0222298885318797
2458911.5928835	14.96277315749257	0.0227274401513512
2458911.5928903	14.99533538596106	0.0171863461376919
2458912.7508197	14.743620575840756	0.0103757115144845
2458912.7508218	14.752888873229676	0.0082623386197168
2458913.828711	14.809755733288933	0.0146679436311689
2458913.8287187	14.767275398697793	0.013162428493274
2458919.7643135	15.002383125781538	0.0580186881998884
2458919.7655491	14.89651529595246	0.0611759139580217
2458927.4491807	14.735961998593933	0.0104026205916533
2458927.4491807	14.787643501500568	0.0162880433866169
2458928.9423505	14.837866056641536	0.0120509815224107
2458928.9423519	15.010477947505748	0.0180528352349784
2458930.505024	14.839213836835947	0.0152613127029492
2458930.505024	14.875739050794172	0.0117974168611482
2458932.9099	14.612239865151768	0.0071725785428387
2458932.9099054	14.623384299837852	0.0116351642029005
2458933.9033518	14.574516112800511	0.0073886980078271
2458933.9033566	14.786612492598453	0.0127092115390556
2458958.8259971	14.63139229791728	0.0070144949394156
2458958.8259987	14.668388818823008	0.0124633139604791
2458960.9742937	14.60218611253142	0.0065270467511521
2458960.974296	14.73257958664714	0.0105368974303594
2458964.8483571	14.976114239079475	0.0170728531159089
2458964.8483642	14.742206776666889	0.0098992517108511
2458966.9665816	14.89923239549279	0.0169837212349688
2458966.9665838	14.901167008539588	0.0109039250364843
2458968.7935192	14.78391371525136	0.0148699185699655
2458968.7935225	14.6010503657894	0.0082704772996321
2458971.9384004	14.502777893083834	0.011040958292503
2458971.9384009	14.592288080057145	0.0137831804565304
2458980.4827603	14.502385943365304	0.0233148501737954
2458980.4827636	14.606321205370431	0.0196293272960962
2458981.9087147	14.82505438209146	0.0212091161749753
2458982.9094052	15.21259400839597	0.0448730041303548
2458983.3668819	14.933302697962349	0.0130580104013175
2458983.3668892	14.89224755681432	0.0194281288414339
2458984.9868245	14.8312528903571	0.0160654346580615
2458984.9868256	14.82026909849552	0.008868078550023
2458987.0070243	14.51462440347476	0.0117079258511184
2458987.0070248	14.477961390399308	0.0082248503788913
2458988.8640117	14.93899257783922	0.0181487885663518
2458988.8640221	14.776105315749296	0.0107897075897588
2458994.7854084	14.526878468012388	0.007750812005044
2458994.7854084	14.534014814756766	0.0126936025179379
2458996.7954182	14.937110788608656	0.0153490904852455
2458996.7954182	15.114427476696138	0.0216283985986542
2458999.893599	14.623270130177216	0.0086299766657354
2459005.8963465	14.873448295481612	0.0426453839500224
2459006.8170163	14.56131470686648	0.0288432647339346
2459006.8170163	14.602700539061066	0.0242618346538649
2459011.8916818	14.95029572643099	0.0173140789666891
2459011.8916835	14.979750671700703	0.0139671988563428
2459013.9502188	14.758498296131387	0.0064411324940129
2459013.9502214	14.789175504179685	0.0140097996942219
2459015.9161199	14.626435819948222	0.0125290788836054
2459015.9161328	14.614812642325935	0.0064652169801469
2459018.8529935	14.959962343815882	0.0167681766401907
2459018.8529961	14.92854390526089	0.01112481716173
2459022.3962453	14.70072379601209	0.009796537452211
2459022.3962453	14.65794027774506	0.0149731125533111
2459027.8219233	14.84018570056076	0.0118982779969746
2459027.8219349	14.898013395272445	0.0161577303752131
2459033.2779854	14.536469468197726	0.0265085479715358
2459033.2779911	14.528519489448747	0.032432226677302
2459036.8740095	14.841276840073592	0.0259683345947077
2459039.7865736	14.475937973517958	0.0081788377588596
2459040.7644836	14.790364279646797	0.0149002373297618
2459040.7644836	14.941816568207466	0.0252879267089399
2459042.8012158	14.543563388594537	0.014272328388508
2459042.8012204	14.481239894695948	0.0079192414549401
2459043.7265684	14.77508116506908	0.0135054475808746
2459043.7265798	14.580748164679584	0.0114491498384722
2459046.2159135	14.625109454663416	0.010760943074522
2459046.2159174	14.56267550057321	0.011893065559
2459046.7519593	14.593804804115988	0.0095035709190124
2459046.7519593	14.758123617267316	0.0153559313386289
2459048.8123551	14.601698664932542	0.0156628940689672
2459048.812363	14.577206075005376	0.0069349142711767
2459051.8103062	14.59430514458916	0.0072771391207989
2459055.7894233	14.512503289669592	0.0083448216434347
2459055.7894339	14.64635174763549	0.0131502775815467
2459062.7033431	14.54180300000575	0.0372173853256987
2459062.7033431	14.568608796682366	0.0271231013408423
2459063.6655854	14.97693437392518	0.0536955094474094
2459063.6655906	14.680066498578643	0.0266907782725049
2459067.2084005	14.949072147923507	0.0264201936753501
2459067.7724433	14.682830190442912	0.0062404396922972
2459067.7737414	14.72908721798941	0.0132508698450333
2459071.7549656	14.551900038030368	0.011379043130471
2459071.7549701	14.51978651691332	0.0084217350029711
2459072.6779201	14.765638019240772	0.0167201017128974
2459072.677921	14.588393965030592	0.0093878535635387
2459073.6735956	14.93654421660141	0.0158853670121482
2459073.6735984	15.072797381848158	0.025115699666064
2459074.6729005	14.815403845147856	0.0135238701716298
2459074.6729006	14.958349868674391	0.0178131129583118
2459075.6572623	14.735645425254662	0.0166243068447932
2459075.6572628	14.517454367043047	0.0099891764743064
2459077.6445918	14.96187462565956	0.025112521895766
2459077.6445918	14.94876823814721	0.0180171721776836
2459080.7461906	14.689510178035173	0.0070420369807706
2459080.7461973	14.816037996146836	0.017898272278676
2459082.6368674	14.723948461199225	0.0230269529527
2459082.6368674	14.601926346755556	0.0154113999094828
2459087.730428	14.494811138441303	0.0270401463139405
2459087.7316751	14.552467894671937	0.0239094143328056
2459097.6050133	14.8701661553663	0.0175522886745577
2459097.6050133	14.759885052855502	0.0133429387287577
2459102.2335125	14.916557379569689	0.0245828548298354
2459102.2335125	14.926675631591769	0.0202842632865374
2459207.0103527	14.9025289943164	0.0199207977727768
2459211.000596	14.7274136023073	0.0209838451787917
2459218.1153601	14.862905056818592	0.0290023350766009
2459218.1153601	14.929797736432072	0.0334707042723083
2459221.1170097	14.931683298534628	0.0243758998875582
2459221.1170115	14.793264200576882	0.0193204645756311
2459229.0922002	14.649707764680215	0.0073990882953314
2459229.0922002	14.686903701756613	0.0140170071233203
2459230.9720197	14.745568853992188	0.0140946305369733
2459232.1186307	14.653296074703553	0.0059372285900564
2459232.1186351	14.702545040289625	0.0111349544106264
2459232.9499946	14.873640244516078	0.0101734032405697
2459234.8703281	14.627855663884954	0.02599616631294
2459234.8703353	14.585173043864776	0.0344400483487629
2459236.8661016	14.865940684361572	0.0170106625024055
2459236.8661017	14.752691901906466	0.0107954974459732
2459239.08022	14.56237620423342	0.0075186533385493
2459245.914253	14.783246595206869	0.0230028714553719
2459245.914253	14.699662798921384	0.0157438725864853
2459246.1130848	14.569028531997066	0.0185623141493104
2459246.1130949	14.65504705803028	0.0220467884115911
2459246.5805494	14.659035576707147	0.0260332428000359
2459246.9376856	14.746990443189883	0.0279167631296542
2459246.9376856	14.559815459347467	0.016180135618563
2459251.8747659	15.039402710052968	0.0217408594976323
2459251.8747684	15.037025831184147	0.0211434602896753
2459252.0638264	14.52315119119148	0.0089876656434228
2459252.0638264	14.588411736676765	0.0154585645822398
2459252.8702182	14.754288403706417	0.009722061017342
2459252.8702199	14.808349868654446	0.0150298893874249
2459252.9312608	14.703727173585976	0.0119991598514395
2459252.9312608	14.549616890016344	0.0071064844818302
2459253.0230019	14.757803305436578	0.0086589464050179
2459253.0230031	14.710585703387318	0.0046823485936717
2459253.5508086	14.858098955425586	0.0162385181568926
2459253.5508088	14.818460433335702	0.0205255222159177
2459253.5520325	14.861158305334143	0.0178151601350556
2459253.7969194	14.57357122296104	0.0166043036982404
2459253.7969194	14.616214184168651	0.0142675587940089
2459253.8537662	14.5536517249737	0.0119526891770248
2459253.8537669	14.667028853386553	0.0133097767069949
2459253.9054456	14.738612195064484	0.0071838011339495
2459253.9054571	14.710689690205598	0.0058143773731926
2459257.0372334	14.862875301110083	0.0106923718311393
2459257.0372432	14.92777929600426	0.0146507433852932
2459259.0067957	14.523093684491712	0.0077303527051366
2459259.0068077	14.580411232378689	0.0132882067313406
2459260.7840245	14.620235286656914	0.0157937287331319
2459260.7840245	14.583912214786796	0.0119880092587119
2459263.562914	14.937476355177475	0.0197173093981044
2459263.5629155	14.98662833138866	0.0160876452243749
2459267.7697438	14.725896123739416	0.012094226054496
2459267.7697501	14.779560965814047	0.0161306492155643
2459267.9838108	14.730010752167244	0.0206047801130674
2459267.9838116	14.745477750392132	0.0176879130543233
2459270.0202552	14.962424580971888	0.0261970423675449
2459270.0202563	14.83635341540715	0.0244918936622715
2459279.0267963	14.73570027827754	0.0251250066316646
2459279.0268009	14.838961156048526	0.0373097932989023
2459279.7288619	14.604273248106406	0.0198961362115856
2459279.7288684	14.682329525703697	0.0194122668460521
2459280.8867371	15.075660528489514	0.0261689618556322
2459280.8867405	14.989600172038672	0.0196627861517017
2459281.7213544	14.930976816012624	0.0126581790512574
2459281.7213559	15.044790338763976	0.0154863671677295
2459281.8017983	14.798247238829228	0.014124062312604
2459281.8017983	14.75402527801666	0.0109314853594167
2459285.7283796	14.69198574450898	0.0098974171947099
2459285.7283875	14.711215949804258	0.0153341423256195
2459286.7777486	14.745400890225472	0.0181027839592057
2459286.7777486	14.706636712408947	0.0145570731027112
2459288.8452007	14.724878747977016	0.0109215381590738
2459292.9167276	14.921294330395922	0.0119262134090985
2459292.9167324	14.954904176336136	0.0186409688308806
2459294.8578281	14.612413841633494	0.01228943348693
2459294.8578281	14.600502586746115	0.0139408526639087
2459295.4308512	14.80594167412368	0.0099558489450367
2459295.4308549	14.834940498495238	0.0142179924837442
2459295.6943	14.590910976200671	0.0099238500742493
2459295.6943022	14.685370039084829	0.0120347004290883
2459295.7272539	14.622841461945292	0.0125892074101004
2459295.7272618	14.556566143399078	0.0159877989741534
2459295.9107476	14.879007094512357	0.0122209568579971
2459295.9107503	14.88830728240396	0.0141371521788191
2459298.4428236	14.62886906792765	0.0189533151622722
2459298.4440496	14.7036232817464	0.0366265102007878
2459301.6710846	15.070051707271464	0.0581360808407361
2459306.7612492	15.02355619195501	0.0326434931171195
2459306.7612518	15.003966102917756	0.0437212451229192
2459307.9345889	14.64455429754129	0.0151681337339199
2459307.9345955	14.539791222714914	0.0098656007133165
2459308.9626919	15.06362070182601	0.0292684956114155
2459309.3951547	14.760015178400252	0.0127672741877283
2459309.3951575	14.769027504856496	0.0107484634371317
2459309.7337889	14.80151248306311	0.0128898621608767
2459309.7337968	14.986743521479577	0.0182678674281773
2459309.8183926	15.029624113211108	0.0179405290181756
2459309.8183967	14.930815987489126	0.0133106822092439
2459311.4623413	14.768638773507718	0.0150344525839657
2459311.4623439	14.783318555053304	0.0087466738363659
2459312.9912655	14.604309608009409	0.0064832191654986
2459316.1238573	14.52804328023574	0.0084360455759947
2459316.1238573	14.574228416325624	0.0140865182337605
2459316.6547819	14.858674818405191	0.0134900640284251
2459316.6547847	14.854880159954028	0.0110393267342878
2459318.8766134	14.903098295276113	0.0122685688970373
2459320.9006519	14.59046568721518	0.0116502770808324
2459320.900656	14.525083823363849	0.0082389074856157
2459321.6854259	14.609016548246252	0.0161699733880851
2459321.6854274	14.60094014744019	0.0126951427938736
2459322.8529178	14.650185287075718	0.0062668966684542
2459322.8529212	14.675911573084743	0.0103999227812029
2459323.3619604	14.71283757894556	0.0148286638686638
2459323.3619639	14.721549999842392	0.009336745125492
2459323.6150702	15.01017864922293	0.0164694790304013
2459323.6150719	14.948057880716856	0.0132198579520291
2459323.8292197	14.610540174720978	0.0093324420570741
2459323.8292257	14.558075997752848	0.0073757467841109
2459324.815565	14.685547555353333	0.0160174410207769
2459324.8155698	14.644065006984745	0.0134121328782457
2459326.7944218	14.849148528515103	0.0222438600763105
2459327.713589	14.656100900286551	0.0197410078749204
2459327.7135919	14.551478217348045	0.0207644468666485
2459328.9904957	14.586753286117991	0.0171200702286208
2459328.9904977	14.631542464712396	0.0228040885659339
2459329.8837665	14.600769127627766	0.0248915675551939
2459329.8837697	14.654257059139772	0.020867986229966
2459336.7661108	14.623833811738155	0.0170327213684374
2459336.7661131	14.809558034741135	0.0235496837116408
2459336.9291187	14.777570691239156	0.0104906072592828
2459336.929121	14.614270864523007	0.0076027388452576
2459337.3156291	14.724580397200036	0.009119964259776
2459337.3156304	14.698820762934735	0.0137472661799587
2459337.5949491	14.745868571398807	0.0095651705105229
2459337.5949509	14.848493172459465	0.0164043052362892
2459337.7951563	14.808754011289407	0.009633783107895
2459337.7951594	14.766148165644662	0.0066384679606326
2459338.7503327	14.932922653767626	0.0154697949139438
2459338.7503368	15.018214013752427	0.0181413140573591
2459339.8513435	14.661788123019946	0.0174086255761736
2459339.8513504	14.59979271178791	0.0116861112706225
2459339.8971594	14.67920880327056	0.0138298640483594
2459340.7859916	14.558212325282785	0.0162511349258819
2459340.7859941	14.580185123102329	0.0134902139338932
2459344.2972881	14.849775883599142	0.0133693220141509
2459344.2972886	14.842963027755795	0.0098195867042119
2459344.6330209	14.67506184165439	0.0164875949953031
2459344.6330252	14.575435028032746	0.0119453066340147
2459344.6342558	14.552109539569424	0.0118255908914849
2459344.7746308	14.84972164906756	0.0093568856514585
2459344.7746421	14.885904159036404	0.0131045208506594
2459346.5664664	14.99270871931161	0.0180047660418944
2459346.566468	14.99416986612108	0.0223247622071672
2459349.0355804	14.67096365733209	0.0127489964446604
2459349.0355804	14.613410484020534	0.0080149663026798
2459351.0285927	14.632203994810082	0.0072339193338564
2459351.0285927	14.653019119108272	0.0140142354114257
2459351.2697792	14.819158230249718	0.0089258795918643
2459351.2697792	14.75287647051817	0.0105941277939138
2459351.5289269	14.64098991771503	0.0179084985478704
2459351.5289332	14.600338026383104	0.0123826899570779
2459351.7542934	14.704160618425156	0.0081961963106091
2459351.7542934	14.656176723194886	0.0059273378528529
2459351.8300436	14.874992988373473	0.0208046089504111
2459351.8300473	14.981385523329344	0.0209360374244181
2459351.8315041	15.078025165531807	0.0188839412230779
2459353.8409338	14.771561297969187	0.0122204985100872
2459353.8409349	14.928420104682774	0.0200037229457555
2459355.9353672	14.579146833803655	0.0198795201661389
2459355.9353678	14.508845942039205	0.0123285065316984
2459357.9921948	14.635083567686188	0.0216456351773194
2459357.9922039	14.57968724258488	0.0158108472331137
2459358.5123777	14.754812441736645	0.0518411835124179
2459358.5123786	14.475724452019708	0.0448315087042565
2459358.5394394	14.70813832839529	0.0264670267331555
2459358.5394487	14.697000562193196	0.0190179592691803
2459361.7843118	14.8319844505137	0.0229197547511206
2459361.7843121	15.105787495268782	0.0669263732524182
2459364.8807513	14.614899949787606	0.0078684697266024
2459364.8807555	14.653136056452665	0.011265074844436
2459365.2388551	14.741140227269064	0.0097058043362154
2459365.2388564	14.722455254613584	0.0138438342853822
2459365.5080499	14.84948448188865	0.0117247944452383
2459365.5093379	14.798152146014347	0.0074489384454308
2459365.7936092	14.855820671921984	0.010318105570764
2459365.7936092	14.6599330125582	0.0070354122795991
2459366.7381493	14.756640741039488	0.0160268442810627
2459366.7381506	14.604067499553352	0.0139250307008911
2459368.6800579	14.9946322421985	0.017332826292288
2459368.6800645	15.021409017596651	0.0221135873852004
2459368.727605	14.797402289032783	0.0103046455690458
2459368.7276105	14.885166014149522	0.0177865162599145
2459369.8561779	15.017467070789785	0.0171490812197105
2459369.8561788	14.800958086246697	0.01161168832973
2459370.8421689	15.181144390974849	0.0245885641136533
2459370.8421747	14.931356697956408	0.0143719241238314
2459371.6856729	14.958409242119512	0.0181137652123279
2459371.6856809	14.937219108436585	0.0138787827723541
2459371.8674493	14.62568912424	0.0091404670773257
2459371.8674551	14.561774290635327	0.0064712839145037
2459372.2161572	14.753908712176765	0.0112284947805934
2459372.2161583	14.704280990517873	0.0180206266060714
2459372.4738322	14.867987592970184	0.0136138402638794
2459372.4738343	15.025011822821837	0.0241456375733701
2459372.6082571	14.808652345808952	0.018580374105254
2459372.6082629	14.874206715181302	0.0148032609329476
2459372.7575207	14.659559636398674	0.0048972129667482
2459372.7575252	14.713695517049866	0.0092569119696676
2459376.4057644	14.973264219514464	0.0215900325399469
2459376.4057656	14.96398706390046	0.0151300199851138
2459377.2434905	14.91845876545976	0.0204769990119126
2459377.2434978	14.924315813264313	0.0136565383445374
2459378.9383392	14.806940332435186	0.0092308194386723
2459378.9383392	14.835515452733524	0.0139221406052408
2459379.2009474	14.64090494063854	0.012161956610864
2459379.2009495	14.640681099978304	0.0117918066623252
2459379.4623063	14.703048910340094	0.0081265476429255
2459379.4648587	14.78505946463686	0.009545997780678
2459379.5365135	14.814548674112348	0.0169849108373214
2459379.5365181	14.722152662093102	0.0183303735770008
2459379.704421	14.722156543035416	0.0148048214445854
2459379.7044251	14.570205672167834	0.0084626394217067
2459379.854128	14.925119408858132	0.015432185382156
2459379.854134	14.938184956825673	0.0119489008863896
2459381.8254086	14.54538003946123	0.0101970185956125
2459381.8254086	14.709935967401256	0.0169383726848648
2459383.6913905	14.8337598173609	0.0165337328880826
2459383.6913936	14.901703695354552	0.0239824708854183
2459383.7255208	14.895476800541555	0.0122861516367914
2459383.7255235	15.08002255249183	0.0210418890253411
2459385.7992555	14.624662357077566	0.0177943037330659
2459385.7992614	14.592778422886155	0.0180307339207687
2459388.6466136	14.655362495997776	0.0244381621209912
2459388.6466184	14.803873760756955	0.0353812932255068
2459391.8271468	14.559875499519093	0.0171369155704662
2459391.8271469	14.547684468251967	0.018138531519465
2459392.8980665	14.916719520529838	0.0284701152144231
2459392.898068	15.014448827695013	0.0399040935348687
2459393.4484233	14.731341299924726	0.0202781823899171
2459393.4496646	14.724609274059848	0.0263290641316206
2459393.6936458	14.90393637379258	0.0284129242473928
2459393.693647	15.047150321144931	0.0321243369395029
2459393.8425737	14.701759820851285	0.0090843342129432
2459393.8425741	14.57923661633158	0.0081983484863926
2459396.7808973	14.78313451083736	0.0067484973283565
2459396.7808973	14.806717440461377	0.0115170862248382
2459397.6933554	14.886195973758271	0.0137737319293244
2459397.6933563	14.929861470544031	0.0161105141699531
2459399.8774166	14.667299573909656	0.0069490370798744
2459400.1929776	14.945684626257936	0.0345402253405958
2459400.522671	14.802459646836011	0.0172267456547503
2459400.522671	14.821351303161654	0.0124578116446852
2459400.8149906	14.510893380147042	0.0071774239661098
2459400.8149985	14.578523869106238	0.0099256388808895
2459401.6551803	14.671412927935394	0.0124331036674
2459401.6551803	14.673765636839205	0.0119057518551746
2459403.3008302	14.912953678579868	0.0139804560279636
2459403.3008375	14.893201527639857	0.0177724300503796
2459405.811434	14.931983104929644	0.0117317544598148
2459405.811436	14.989766538384668	0.0160533912879658
2459406.4150721	14.66707875716166	0.0139919766561504
2459406.4150764	14.652999487473188	0.0114005199336143
2459406.8535861	14.587934833395684	0.0073428586867518
2459407.2008328	14.954590698200898	0.0297431462469852
2459407.455982	14.784430586799006	0.0260464895268187
2459407.455982	14.80991586718013	0.0221945297016526
2459407.6117269	15.14440256103087	0.0294946704671713
2459407.6117309	14.959862162926989	0.020570309895261
2459408.6619522	14.608475517349506	0.0138971335129901
2459408.6619524	14.549693981813354	0.0115067530532578
2459410.6198846	14.98301150150219	0.0227505070288435
2459410.6198859	14.983888681701398	0.0211319530654952
2459411.6599911	14.73483731297703	0.0210150493725408
2459411.6599957	14.545842199051869	0.0164768456733664
2459412.5890771	14.665136163308254	0.0177071082493234
2459412.5890799	14.604631092341494	0.0147656178613243
2459413.3748406	14.606035972113052	0.018791277951184
2459413.3748439	14.596104724205167	0.0320999013536121
2459417.5858812	14.861874958144718	0.040858891065906
2459417.5858812	14.855257671371856	0.044923885273032
2459418.5173522	14.754274651611404	0.0262169842758356
2459420.215077	14.58872502891757	0.0273726472638574
2459420.2150799	14.770872161516042	0.0238280500946687
2459421.4568706	14.928855038781004	0.0280908247689406
2459421.456871	14.918322939730515	0.0277600146596148
2459422.7923413	14.733455337961637	0.0097011813317031
2459425.7486402	15.048676700797577	0.0216763711476518
2459425.7486402	14.960206822402204	0.0156449412339993
2459426.6291072	15.049729685508137	0.0213280660529819
2459426.6291098	15.014650067559662	0.0174812373338112
2459427.6154947	14.72977196176453	0.0145948789102938
2459427.6154973	14.62586026556654	0.0117799058422538
2459428.4593343	14.630101289983068	0.0249999436079073
2459428.4593352	14.731477259249164	0.0242256463223585
2459428.4606164	14.730750734355036	0.0238665742499714
2459428.5506348	14.566034100814862	0.0128104392938965
2459428.5506362	14.548856700994405	0.0156603407496096
2459429.5612184	14.889257182996554	0.0122014648965712
2459429.5612203	14.959214006194037	0.0162138123133517
2459430.6619212	14.652727446316716	0.0198688226485887
2459430.6619239	14.562007080128645	0.0147034959714671
2459432.7804936	14.644750733369602	0.006667252286353
2459434.2470651	14.670649483007663	0.0143111004329848
2459434.2470681	14.616419953289236	0.0168244097394846
2459435.4657824	14.545883492853475	0.0144552405302385
2459435.4657829	14.627346667508332	0.0199678029439654
2459435.616889	15.081810794869606	0.0260292066012494
2459435.6168977	14.908472558216916	0.0190258796088684
2459435.6181176	14.927802423224218	0.0257454403853189
2459435.6181229	14.916127579070814	0.0240077317183891
2459435.7596334	14.805662775813392	0.009020835920442
2459435.759635	14.878310756509068	0.0147257876150671
2459436.5837774	14.967798443537996	0.0247792444138974
2459436.5837779	15.016891778025386	0.0210145726201054
2459438.7545191	14.969389543611548	0.0178664688335082
2459438.7545303	14.909206879281172	0.0124703954481277
2459443.2431262	14.549874127106236	0.0277325277989573
2459443.2431262	14.550733361052144	0.0320566507318601
2459446.7460015	14.50782294846257	0.0136171026157932
2459448.2944539	14.822939163771949	0.0490494008954805
2459448.2956826	14.850573542146527	0.0719363134581236
2459449.3018292	14.512477289040245	0.0613180242357863
2459450.6273076	14.6867153130685	0.0235967156618134
2459451.6115876	14.82899078279063	0.0128625953064727
2459452.6252663	14.87113262974488	0.0146752892949062
2459452.6252663	15.094971493582284	0.0260104943441301
2459453.6392365	14.52788418758483	0.0109554193795041
2459453.6392365	14.720277626154472	0.0156762917960069
2459455.5047859	14.889612330083974	0.013865476149364
2459455.5047909	14.821137884744877	0.0157840818208146
2459456.4803821	14.986135258857889	0.0183571271018581
2459456.4803833	15.007637569747846	0.0172832710388814
2459457.284166	14.927948707142155	0.0151494092462091
2459457.284166	14.974371655039862	0.0262209717056099
2459459.5119376	15.007554509313676	0.0204666992635195
2459459.5119377	14.977160482014378	0.0208660861363235
2459461.5165031	14.66476586113259	0.0143524889564328
2459461.5165033	14.70598880219198	0.0117014860038076
2459463.479529	14.724144127648024	0.0147153296494646
2459463.6009854	14.535214483829614	0.0106768153409539
2459463.6009854	14.766640822055177	0.017570717317319
2459465.4761223	14.904711556186662	0.0340643549173914
2459465.4761223	14.91185751744556	0.0388231625681679
2459466.4764802	14.83055661429914	0.0262993739471883
2459467.4891086	14.537178661456371	0.0132655167736376
2459470.4816895	14.453555213596964	0.0235109614933461
2459470.4816895	14.561914148457785	0.0271635110185903
2459470.5830407	14.770245819848723	0.038290582209953
2459473.2250871	14.76095276952866	0.0331293525738635
2459473.2250992	14.788670571470536	0.0427011726867302
2459475.477332	15.18298635901222	0.097409051436854
2459475.477332	14.942766974315076	0.0711361741147083
2459476.4790439	14.474272253046344	0.056494967938723
2459476.4790464	14.608359591253294	0.059703456200193
2459569.0286026	14.827141826664434	0.0603928088931814
2459569.0286026	14.65190325113641	0.0301291233391907
2459576.0080632	14.834056299648529	0.0238368950869956
2459576.0080632	14.509824659070292	0.0182987398748944
2459586.1291586	15.045577555257662	0.0190625923025666
2459586.1291635	14.889675582026635	0.0122067305071778
2459589.1120215	14.770528180039824	0.0088794271451273
2459592.9930832	14.715756967164324	0.0116906963105926
2459592.9930832	14.838451886713017	0.0243432200691789
2459595.0159008	14.733206838769402	0.0169758996981716
2459595.0159008	14.5573426907067	0.0112129619256613
2459598.1779475	15.073703875982329	0.0915291890914714
2459598.5877361	14.749530767953598	0.058025558636612
2459598.5877361	14.769489600970587	0.046058473595609
2459601.0720193	14.470207440847677	0.0220557652300848
2459602.6159343	14.85672821152107	0.053382181866376
2459602.6171872	15.0471241738294	0.1236579515983606
2459604.0600492	14.568995060103964	0.016990812007046
2459604.0600551	14.769116799352188	0.0232072831855453
2459607.0874349	14.607857501703238	0.015365139982075
2459607.0874349	14.5418807453997	0.0109551459445531
2459609.0875744	14.93709809974071	0.0118001234279304
2459610.8663133	14.957392826994155	0.0186229354732337
2459610.8663173	15.040619602667606	0.0242792109785783
2459616.0305276	14.979630325993629	0.014589526444172
2459617.5754312	14.62007154079826	0.0112929171784552
2459617.5754312	14.570407181056948	0.0143214599194234
2459620.022445	14.850215589472676	0.0154102429277774
2459620.022445	14.6239523987382	0.0088439110336062
2459622.0196704	15.027837079699577	0.0288879421234288
2459622.0196704	14.912749222347326	0.0189533441595716
2459624.008271	14.745110940720252	0.028157363678231
2459624.0082786	14.515062685007482	0.0204412643103031
2459626.7828607	15.066110099828151	0.0593985837969348
2459626.7828631	14.877336024792475	0.0631351202967658
2459627.5565039	14.691806235186608	0.0339046731672335
2459627.5565137	14.743314361875097	0.0296283216827298
2459628.9261892	14.916839772940609	0.0353356485726059
2459629.9158341	14.8167257995469	0.0278230073954886
2459629.9158341	14.98564483859065	0.0444864790976964
2459634.5590517	14.958145063175056	0.0291439059921677
2459634.5590621	14.89338392329467	0.0296578846992573
2459636.0683563	14.554979818411727	0.0096219521008069
2459636.0683563	14.57884239801916	0.0145083989876735
2459637.0570838	14.771564811360273	0.009603375284656
2459637.0570838	14.706993735768492	0.0043126343822691
2459638.8607288	14.926599796369576	0.0179076046516104
2459638.8607288	14.888597822481875	0.0252583593120989
2459640.9615858	14.831058570963528	0.0178163161513562
2459640.9615858	14.598426094679311	0.008447206524529
2459643.9557786	14.54650330330907	0.0081539369665246
2459643.9557902	14.5778169025244	0.0145295385310372
2459645.002188	14.978655166677012	0.0166065137730887
2459645.002188	15.05309398635882	0.0263525525899017
2459647.5330316	14.973740546788354	0.0259957793821787
2459647.5330387	14.992610738156197	0.019236256014244
2459648.5034024	14.930106213988594	0.0209962722619095
2459648.5034073	14.92540513846331	0.0148368462621599
2459649.9862144	14.568366398820205	0.0133543649260079
2459649.9862144	14.515126947965918	0.0092022809710155
2459652.0078595	14.638559701903084	0.0102232683435438
2459652.0078595	14.673650108658409	0.0128542994971709
2459653.9254133	14.741620689554122	0.0229974920282618
2459653.9254133	14.712639008413804	0.0227473626497825
2459654.8404872	14.867520904564955	0.0195746517388872
2459654.8404924	14.945718112297865	0.022245770960558
2459654.912476	15.030916769887943	0.0289719570068051
2459654.912476	14.979417964084004	0.0358382657070116
2459655.8785245	14.771811159488944	0.0316088008775888
2459655.8785245	14.64963588332376	0.01903431691486
2459663.9745348	15.106264420097688	0.021427573744482
2459663.9745443	14.925898723123636	0.0119738541902851
2459664.6856165	14.579544644182992	0.0126428771628053
2459664.6856177	14.656508114303744	0.0116402640750733
2459666.4692188	14.663741555118806	0.0172360836225129
2459666.4692188	14.711913166399452	0.0126320252175776
2459667.6057737	14.698023964962989	0.0258295165202538
2459667.6057813	14.63792709189872	0.0169013045226341
2459667.8543789	14.977766171187673	0.0169955984258235
2459667.8543789	15.022344213413808	0.0205349012086591
2459671.8944092	14.833358683889127	0.0160787693427935
2459671.8944092	14.66756795357948	0.0060563852924137
2459673.4883106	14.937747346004397	0.0210088650822954
2459673.4883138	14.960998999912963	0.0192941040590656
2459674.7734358	15.079435597836374	0.0302149102527549
2459674.7734358	14.892559516218853	0.0146897619854064
2459675.7908112	14.685732263558473	0.009874638536519
2459675.7908112	14.67872648600126	0.0134877541007408
2459676.75131	14.513151131321615	0.0117752379803788
2459676.75131	14.52411432276718	0.0122249957046904
2459676.7845001	14.626732063864056	0.0121030435308432
2459676.784502	14.544922688058612	0.011360803003561
2459677.6785759	14.552228349568177	0.011901372844419
2459677.6785759	14.61703385503375	0.0104342560472765
2459678.9216927	14.512818389783252	0.0098446102920516
2459678.9216927	14.638991242181431	0.0162123639985896
2459680.8126403	14.901291592238934	0.0198356230730102
2459680.8126403	15.049304855052394	0.0307465755741293
2459681.8592697	14.64204266031067	0.0118202822029371
2459681.8592697	14.679741860340386	0.00977318838904
2459688.829296	14.615448991497717	0.0368073950901654
2459689.6330025	14.715724023424023	0.0235408923917706
2459689.6330064	14.782157674104496	0.0291007368728133
2459690.8575294	15.080987406020624	0.0381637049022368
2459690.8575363	14.990917361313503	0.0227434117281267
2459691.7066082	14.896252786954214	0.0214117129310189
2459691.7066159	15.045026612298	0.0266755603007088
2459693.5947067	14.531045043183376	0.0139993599695253
2459693.5947162	14.549048603660731	0.0116923327364101
2459694.6019241	14.780281751474922	0.0118746301788612
2459694.6019252	14.8207964799193	0.015449427290067
2459695.337727	14.686287274743515	0.011110170754179
2459695.7177934	14.660136360493592	0.013147313008739
2459695.7177934	14.603884193261823	0.0113139595207425
2459695.7277297	14.620207372476514	0.0111662061661076
2459695.7277399	14.69539014078538	0.0127015972191069
2459696.3444635	14.767351664472567	0.013500888196519
2459696.8054248	14.927022684936098	0.0145491442043556
2459696.8054248	15.05134928073737	0.022435434991229
2459697.4763791	14.683158119701057	0.0092785936818772
2459697.6338927	14.812623494264312	0.0129985008621389
2459697.6338927	14.790911034418244	0.0134029036834795
2459697.7328393	15.066392368974334	0.0181423586429654
2459697.7328422	15.01269231915041	0.0165775435546795
2459698.3471824	14.58439710896439	0.0133676054012049
2459698.5768115	14.96963529400806	0.0178786849498013
2459698.5768115	15.016755098819743	0.0244350942491141
2459698.5995297	15.050450114795058	0.0161880123202715
2459698.599534	14.963152303555429	0.0148889087029209
2459699.3321476	14.684438230538197	0.0134258173872186
2459699.6925763	14.667646437928347	0.0170378800809936
2459699.6925781	14.48851245661332	0.0116930351092659
2459700.3559129	14.963838762911047	0.0144303944977581
2459700.5794103	14.641698231205742	0.0098141853256262
2459700.5794118	14.611269195808257	0.011316288534923
2459700.6144397	14.754193893900052	0.0134160574818254
2459700.6144448	14.66488809087364	0.0101425089200152
2459701.4685295	14.867545735027974	0.0087518104740463
2459702.3256445	14.654965784443604	0.0177436040189453
2459702.3256468	14.636727242561134	0.013739867248829
2459702.5706668	14.827046104601484	0.0122488754784798
2459702.5706668	14.77550197374964	0.0138689589557416
2459703.3177691	14.738253896449253	0.0093190851304108
2459703.3177724	14.645284806371077	0.0157654354228802
2459704.314868	14.72758813159244	0.011396326823809
2459704.314868	14.700636603642614	0.013104436189984
2459704.6452979	14.96512657582374	0.02174578478762
2459704.6452986	15.016123032995877	0.0165872708590045
2459706.563314	14.60927276044232	0.014660418132946
2459706.5633155	14.54334539362926	0.0132923826590669
2459708.3038011	14.652909261094331	0.0284522882571334
2459708.3050645	14.761193919626564	0.0456514836465443
2459708.3063048	14.561674284362336	0.0209251369983678
2459708.3063048	14.5955596078263	0.0179393253000184
2459709.3033752	14.77040852969971	0.0355938035544472
2459709.4181661	15.009123670416749	0.0418282885973331
2459709.4433355	14.974935280340569	0.0203851249250671
2459709.5033792	14.73667296716173	0.0103790761295833
2459709.5033792	14.805376196435189	0.0062981825840707
2459709.5817877	14.45575754383884	0.0303863908514672
2459709.7750929	14.897500135160628	0.0241722567546618
2459709.7763459	14.936197274936402	0.0289035105834172
2459709.7763459	14.941102902882758	0.0342181824885647
2459709.7775989	14.89311071323949	0.0371920157994132
2459710.7753695	15.109267120193511	0.0335058708238785
2459710.7753721	14.735118234882083	0.0225679639434137
2459711.2981093	14.65774585495163	0.0149099788128911
2459711.2981093	14.623612071863604	0.0164076547460997
2459711.3005666	14.756364717375336	0.0610034910379983
2459711.7073203	14.663230172496997	0.0148171921944394
2459711.7073312	14.579007850818078	0.0126273853569881
2459711.7625798	14.534764870245018	0.0185281839875232
2459711.7638677	14.593633631539742	0.0250224518846551
2459711.765163	14.513470438045209	0.0204454819819854
2459712.462621	15.047225687008709	0.0353522965361139
2459712.462621	14.886732836098124	0.0347891875816368
2459712.4638636	14.88292096538948	0.0830257609032072
2459712.7047993	14.66734312427617	0.0328752257327436
2459712.7047993	14.542941720338888	0.0445068244252976
2459712.7060397	14.603477322756792	0.0338683632537148
2459712.712277	14.653795391028968	0.0340344553441619
2459712.7122772	14.789331706918588	0.0409719662836042
2459713.2950724	14.67893849519474	0.0214754307860818
2459713.2950724	14.748801657958676	0.0239803972159262
2459713.2963125	15.019159156783983	0.0951434035942771
2459713.2975529	14.853273109749976	0.0931109968748751
2459713.4630348	14.594618027145362	0.0549009874324833
2459713.4695153	14.444819367595484	0.0650500133452457
2459713.4695153	14.609346119503366	0.057053215396099
2459713.4707696	14.794325955298037	0.0766055002378342
2459713.4707696	14.730396887464885	0.0749897089650795
2459713.4720099	15.212283833546527	99.999
2459713.4720099	14.55636342855655	0.0418528652865058
2459713.8006446	14.831966506724688	0.0388348844030547
2459713.8006464	15.141946900247415	0.0549505536312049
2459717.3252641	14.490311757134789	0.0879422936534593
2459717.327933	14.276610642500533	0.0838474971807998
2459717.3898102	14.907595093400662	0.1299399212022555
2459717.3910464	14.6596049554876	0.0949992416814713
2459717.3922986	14.64796426788784	0.0416463057421203
2459717.3923038	14.577456632957263	0.0483398177103366
2459717.7510733	14.857630514352332	0.00990018196379
2459717.7510733	14.643923097175492	0.0091781034908072
2459717.7523381	14.853867392347684	0.0103338713671042
2459717.8592728	14.6499159222995	0.0102276503942428
2459717.8592728	14.849070965422449	0.0113237541679563
2459717.8605257	14.5124653940113	0.0361865973162531
2459717.8617905	14.494732422754748	0.0225702712319551
2459717.8899953	14.60252808523919	0.0392306346780412
2459717.8912483	14.664425136831792	0.0477668958111853
2459717.8925012	14.471258357591028	0.0265870689435855
2459717.9477954	14.737778668279407	0.0281625563295595
2459719.5602816	14.544413261407872	0.0130222205084283
2459719.5602906	14.555491318063783	0.0120651679913901
2459721.8969525	14.982403402191997	0.034383937443595
2459721.8969554	14.896041581206852	0.0212620398862073
2459723.5194812	14.675985550222196	0.0141318439410043
2459723.5194815	14.622018954517095	0.0123942785037453
2459724.6272939	14.854010920061514	0.0207429434217075
2459724.6272959	14.773459968364415	0.0131078658783377
2459724.7453539	14.536399978406196	0.0136589803164892
2459724.7453539	14.570951327439325	0.0125988170576484
2459724.7478477	14.528561791835596	0.0173989311065862
2459725.8861985	15.04046244194582	0.0326035660348524
2459725.8862047	14.881329568968688	0.0150308950470319
2459727.3145681	14.543551945289169	0.0181421661659828
2459727.3145681	14.57806009631028	0.0123207135705667
2459728.7721393	14.815879287320405	0.0168651774755581
2459729.5505049	14.54366539742773	0.0174234830644418
2459731.869931	15.104581046520932	0.0346076543268522
2459731.869931	14.8829706810561	0.0154249560444772
2459734.2281883	14.622717901944728	0.0243007850182776
2459734.808523	14.78655572786246	0.0107238507314494
2459734.808523	14.909249986117803	0.015889526895319
2459736.8427066	14.557207628045015	0.0120341083997137
2459736.8427066	14.68228151791247	0.0231960295035587
2459736.8439352	14.554645345525843	0.0331168448520302
2459737.6657782	14.707277627820176	0.0118192966337015
2459737.6657806	14.61418198742376	0.0108190167482421
2459737.6670732	14.599507473897098	0.0124946251810651
2459737.669941	14.588191211503624	0.0119651529657845
2459737.669941	14.587612602913795	0.0137560230921253
2459738.8462036	14.93723006345006	0.0188449954756509
2459738.8462036	15.11682976150173	0.0233841954505149
2459739.3920265	14.60376321509946	0.0259936599824465
2459739.3920265	14.695319498968985	0.0240365028563598
2459740.8210767	14.605323047680738	0.0365814713154147
2459740.8210767	14.67168907727527	0.0243807334722599
2459740.8223403	14.460196444077788	0.0381607905328244
2459741.5151595	14.63198923104889	0.0769587041762103
2459743.6948069	14.746361419025346	0.0447421813638264
2459743.6948069	14.748361440143336	0.0477040430136036
2459745.7559812	14.951833097768809	0.021924489764144
2459745.7559812	15.149951868355828	0.0280612728296743
2459749.5659405	15.000703518732292	0.0143187495142396
2459749.5659448	14.9015678679093	0.0116596719588295
2459749.580422	14.942326638538187	0.0162002283376578
2459749.580422	14.977461280791712	0.017279644430507
2459751.8607483	14.943945262494868	0.0157797101803244
2459751.8607593	14.816084390265477	0.0094521112952505
2459756.2172598	14.722254606495566	0.0109747158174452
2459756.2172598	14.635962689690832	0.0182372725581778
2459757.7626322	14.873633400682696	0.0167449309192303
2459757.7626322	15.019825886551972	0.0301327691408455
2459759.3584877	14.526241908061303	0.0146620475143675
2459759.3584877	14.51404165932454	0.0141545208728688
2459761.7738611	15.077887473975212	0.0279830684785908
2459763.7801325	14.702581440666316	0.0089010173204784
2459763.7801325	14.910467550077168	0.0260199693772524
2459765.507303	14.786550032318305	0.0146505203431424
2459765.507303	14.711589611687742	0.0120624206740855
2459765.5085438	14.65706672689177	0.0190519383053399
2459765.5097855	14.79066789535864	0.0233821409927992
2459766.532995	15.045215556276675	0.0391816719608809
2459766.5329959	14.99748551685865	0.0297706142452264
2459767.6746831	14.795186628830182	0.0124035226155569
2459767.6746831	14.796992182319483	0.0142767438415693
2459771.8264364	14.554008057596391	0.0317445621235505
2459774.8265467	14.82183125689611	0.0247259188131333
2459774.8265467	14.597501627381044	0.0219876741163428
2459776.7135329	14.543494219732008	0.0135548158101433
2459776.7135329	14.559992935956272	0.0263142699809709
2459777.7165404	15.072565633097948	0.0240591550275801
2459777.7165404	14.913177719546937	0.0276023957127532
2459779.7327473	14.570896102044449	0.0117114091168538
2459779.7327473	14.78160522729339	0.0221963407425755
2459781.8283714	14.640454174144	0.0131796511448066
2459781.8283714	14.49082394663073	0.0084621171416821
2459783.722025	14.873507311574974	0.0156044345909709
2459783.722025	14.908164229553751	0.0236334612259589
2459785.8231551	14.9045272636705	0.0148873538309413
2459785.8231636	14.697070530666066	0.0066046949804093
2459787.7010749	14.988851425483244	0.0194198989041639
2459787.7010749	14.95322958540073	0.015987432455051
2459789.484348	14.864712464303114	0.0144983209675963
2459789.484348	14.878008561893004	0.0134774355558735
2459789.4855768	14.800202042318354	0.0172577446011773
2459791.6142783	14.949014326821668	0.0176676820928016
2459791.6142783	14.955722226682552	0.0190048777323416
2459792.6028835	14.603062342710286	0.0201949022745573
2459792.6028835	14.638797757017878	0.0161497012983193
2459793.5885714	14.64186157577563	0.0128798893557762
2459793.588575	14.638389387672966	0.0110585985895928
2459794.5857905	15.036939553080677	0.0200179229188652
2459794.5857951	15.02700402543681	0.0187312540405626
2459795.5926462	14.678128982180954	0.0171900871306215
2459795.5926491	14.709963115291858	0.0138173175683021
2459799.7717732	14.9327912246539	0.0253598667648855
2459801.777213	14.738660672367905	0.022038784228151
2459801.7772188	14.509954718402966	0.0183638221511652
2459802.6625118	14.830539702971803	0.0590455243494068
2459802.6625233	14.603292524130566	0.032509536573004
2459804.5028641	15.030942241872546	0.0319842323261103
2459804.5028641	14.934048850484434	0.0267910725387072
2459804.5041044	14.953433943925244	0.0467120796832689
2459804.6625166	14.892833717590348	0.0554800659532992
2459804.6625198	14.620240034064576	0.0264525591528379
2459805.567538	14.68518180139167	0.0242313222977106
2459805.567538	14.530815584927584	0.025426951975016
2459806.5182698	14.543298687144064	0.0113518597659945
2459806.5182698	14.515079338937124	0.0127263367008
2459807.5528627	15.078354219509528	0.0245928720030258
2459807.5528666	14.988457583020567	0.017838121197588
2459808.5423096	14.728095926747342	0.0146331504190387
2459808.5423096	14.726824055655957	0.0104790653227108
2459808.5435504	14.69847378922944	0.0198066256806436
2459812.7416289	15.16710576143612	0.0285292448329566
2459812.7416339	14.931005725910104	0.0131661128108633
2459814.5141547	14.983420926916748	0.0150141073770863
2459814.5141579	15.08093775632334	0.0172652293617995
2459814.5154445	15.110135397138905	0.0224686699323905
2459818.5135445	14.635562513266343	0.0109861333996723
2459818.5135559	14.621882496690349	0.0099672274326322
2459818.5160363	14.621504731747216	0.0167499040225807
2459819.5408387	14.689333705241198	0.009837911494967
2459819.5408438	14.751351772257324	0.0119107555571689
2459819.5421247	14.7251891847277	0.0126729211153614
2459821.6397222	14.689502421007727	0.0169102031123261
2459821.6397285	14.550781478464978	0.0107695258976441
2459823.5081204	14.909982238553638	0.0182708722297242
2459823.5081204	14.91961598716079	0.0204886987834318
2459826.2524595	14.852223803857942	0.0236553850118447
2459826.2524595	14.84567925555398	0.0363570549367292
2459828.2308852	14.6281182953029	0.0338488654000982
2459828.2308852	14.855512364898864	0.0369599506896077
2459830.2329563	14.469514484563785	0.0293609714973976
2459830.2329563	14.552359276138066	0.0325277653079217
2459832.2691245	14.709537823763704	0.0790139659054185
2459832.2691245	14.966894868709018	0.0840546846776012
2459833.4813908	15.076513554681805	0.0387676695896979
2459833.4813953	14.913795846074247	0.0305742312706846
2459834.4935267	14.80500244239561	0.0136649807968823
2459834.4935309	14.715035312653962	0.0112608374064592
2459835.4856081	14.57622545815219	0.0137588846791373
2459835.485621	14.502436757399767	0.0134334858225503
2459836.4896198	14.911644926828371	0.0175796491638384
2459836.4896314	14.959231240420303	0.0195331568376361
2459841.476363	14.576072583732277	0.0323186249008442
2459957.8683524	14.630046910226364	0.0308478514527275
2459968.0777625	14.816911209700809	0.015655096955411
2459969.0818506	14.680097345080055	0.0125942421145921
2459969.0818506	14.474261969307404	0.0099389619059055
2459971.08074	14.883506157787425	0.012635411393015
2459971.08074	15.037972640578886	0.0209984376677046
2459971.0820039	14.85732470876422	0.0142457163461611
2459971.0832908	14.878584867137558	0.0183005563247064
2459972.9431503	14.526689921730206	0.010352516554223
2459972.9431503	14.51963563688586	0.0206921868983631
2459978.9109109	14.635769303490369	0.0411918363668455
2459978.9109109	14.718494111701288	0.0261095932644486
2459979.9885901	14.706303438162037	0.0388952807861482
2459979.9886058	14.810516946662052	0.0264799759676633
2459980.8746505	14.717815589204452	0.0248381765558352
2459980.8746505	14.953525851604033	0.0392798265244725
2459982.8621753	14.54253642570536	0.0286983131042273
2459982.8621753	14.548158030893532	0.0348415144158359
2459984.8063637	14.986635988905212	0.03768248896716
2459984.8063692	14.901294872039106	0.0314384785116109
2459984.8076647	14.898068967351612	0.0394560489645446
2459985.8528017	14.659746587339493	0.0354623847160189
2459985.8528017	14.723512029998396	0.0237160371036457
2459989.8347809	14.438654109742474	0.0231369101748648
2459989.8347809	14.524904205414664	0.0234511020507098
2459990.9983418	14.761820504765222	0.0113852712776867
2459990.9983418	14.729299838789792	0.0264607142711519
2459991.977553	14.487840023542953	0.0101664876907092
2459993.7766942	14.641204915280577	0.0113714373133565
2459993.776698	14.694484534301877	0.0149382710446969
2459994.7853513	15.03453526328864	0.0197257747272613
2459994.7853513	15.05130661764112	0.0201422773903361
2459997.8655073	14.876301337891196	0.0167231067920471
2459997.8655073	14.848280129518006	0.0118344655796546
2459998.7695262	14.904424954528102	0.0154532201041224
2459998.7695321	14.82714618484556	0.0119244806339381
2459999.8842703	14.736837438617254	0.0142940437043303
2459999.8842783	14.811819632867236	0.010616424154787
2460002.5372058	14.927291313458122	0.0131888095626661
2460002.5372084	14.92643602075178	0.0167135261075574
2460002.5384488	14.988277464089364	0.0296087259157883
2460002.5384576	14.879612919229755	0.0194906378335428
2460003.8081831	14.88934452005894	0.0162104948192721
2460003.8081831	14.902466099467976	0.0163821522797403
2460010.7772262	14.99017568554811	0.0487532018025836
2460010.7772262	15.049274031178417	0.0535705991316896
2460012.9218387	15.080146566572983	0.1056679701377951
2460012.9218465	14.984961460677887	0.0604932431248285
2460012.9230565	14.910755911497857	0.1361882970037726
2460017.4978418	14.527906135028864	0.0141731481982164
2460017.4978418	14.519522839560654	0.0143146171638427
2460018.6520368	14.86331882153501	0.0273723218606828
2460018.6520368	14.879070158100562	0.033977604846992
2460018.6532887	15.030054669366423	0.0538597678488378
2460021.9631933	14.959884687980455	0.0169317897648679
2460021.9631933	14.779842868421774	0.0107881608163583
2460024.9330393	14.62916543280616	0.0075531179965344
2460024.9330393	14.687581940809649	0.0109068246244046
2460026.8651809	14.853245563952362	0.02166321696201
2460026.8651809	14.800488518246809	0.0123477274562642
2460028.914472	14.901915099419297	0.0149622962521865
2460028.9144775	14.889865499779871	0.0128027678879713
2460031.0323332	14.91766411571496	0.0141011509434163
2460031.0323361	14.789891389009169	0.0088442630106043
2460032.4695422	14.964386094255168	0.0298634122259326
2460033.9123998	14.578416672676449	0.0207039563630045
2460033.9124114	14.58372378203268	0.0164860107469547
2460034.8892199	14.797412047911571	0.0311505934593314
2460034.8892305	14.679512471687222	0.0119755237202574
2460037.4978214	14.773414935575447	0.0182396174586767
2460037.4978222	14.710267655704726	0.017234262540402
2460037.4990617	15.017432382533906	0.0465680698008859
2460038.8968751	15.047611031191842	0.0195290719245809
2460038.8968751	14.983794105954294	0.018883276833419
2460040.6240267	14.972472089509647	0.0430636468492234
2460041.7235086	14.628805369918116	0.0408745318619814
2460041.7235163	14.676322892888107	0.0404820686053789
2460044.4592626	14.932799342289208	0.0198795068416608
2460044.4592626	14.896949809293869	0.0186910723154345
2460045.4177183	14.974210190491377	0.0325010700727888
2460045.4177261	15.02016239622482	0.0309399006129158
2460046.6376116	14.931260823836702	0.024333131005727
2460046.6376178	14.945065193725428	0.0261938177660956
2460047.9020009	14.867875226591886	0.0167359937927584
2460047.9020015	14.946533029126254	0.0230334917883147
2460048.6998789	14.786333061951238	0.0105143969838158
2460048.6998875	14.67057539514437	0.009012132918929
2460049.9004715	14.637860660647611	0.0134962627819955
2460049.9004715	14.58284449757345	0.0131421883193774
2460050.7896427	14.538315157590231	0.0133532441866141
2460050.7896427	14.56759033786642	0.0138901276854141
2460051.7428615	14.764374865497444	0.0117971422095585
2460051.7428615	14.688779300513842	0.0108635677371181
2460052.7315868	14.965107985992992	0.0182136629250676
2460052.7315868	14.989194202419254	0.0210620799448403
2460053.837806	14.52697395790939	0.0119205382265298
2460053.8724487	14.598732748685116	0.0126790628056115
2460053.8724487	14.571706788478403	0.0153327577268083
2460054.7276058	14.538112755667123	0.0137553273623069
2460054.7276058	14.57402536394822	0.0170169473612701
2460056.7144233	14.871000722352466	0.0173303124721894
2460056.7144233	14.872475889543832	0.0139360883127749
2460056.7443204	14.678260862419352	0.0094856277726258
2460057.664488	14.5666951357374	0.0099591353383713
2460057.664488	14.585400352101455	0.0115612013345414
2460058.8484621	14.926417970934356	0.0192828890909999
2460058.8484621	14.964606352987158	0.0168570294488853
2460059.8871989	14.621970510405378	0.0129447914988065
2460059.8872008	14.551984425734537	0.0130187163172114
2460060.8466974	14.7601463726627	0.0114582823698425
2460060.8466974	14.687625568795143	0.0168432278691316
2460062.5855348	14.72769419020626	0.0172359263762918
2460062.5855348	14.790537953551492	0.0147835154024459
2460062.6020803	14.844861807035413	0.0164844196372434
2460062.6020803	14.924138970552686	0.0186741006855376
2460063.9028296	14.77652269473213	0.0118984423954419
2460065.8079424	14.713472760256629	0.0122077550024677
2460067.838612	14.952108144618652	0.037364355778454
2460068.8359572	14.776367141556964	0.0429111210923522
2460068.8359572	14.869866568647726	0.0534804782909152
2460069.5232543	14.870539961726164	0.0340513644501688
2460072.5687969	14.927088841853308	0.0515990981120965
2460072.5687969	14.765326093616782	0.0310262252881929
2460073.9750226	15.04285657587162	0.0296588308357421
2460073.9750253	14.885932623088172	0.0226812131394156
2460075.0231538	14.646557746061076	0.0192984949453027
2460075.0231542	14.47913828083892	0.0119250314614481
2460075.5546123	14.748400791348272	0.0193438731265577
2460075.5546167	14.780796203289102	0.0250259463243943
2460076.0306925	14.96349306478079	0.0358906141669998
2460076.030696	14.861249168614698	0.0212351868191686
2460077.0206569	14.919974973244916	0.0231544276735388
2460077.0206582	14.876593009204916	0.0144581370110587
2460077.6643681	14.595247993232688	0.0120900904099535
2460077.6643681	14.588486947303982	0.0132220852396784
2460077.8412765	15.08814002673346	0.0253150092477233
2460077.8412765	14.987985528722392	0.0208880804859321
2460078.670415	15.02729548080286	0.0158661850363608
2460078.6704267	14.991329741223536	0.0147156199200332
2460078.835716	14.681840580298626	0.0142590630597501
2460078.835716	14.683268286662011	0.0182396397462048
2460079.8247133	14.667297412725729	0.0135566065690071
2460079.8247166	14.60518382941432	0.0111492010056482
2460080.5605817	14.631563371145036	0.0156629782122902
2460080.5605817	14.700751727900643	0.0136019321650187
2460081.5567915	14.698055273571402	0.0136475809696023
2460081.5568027	14.622176452664268	0.0112637327321973
2460081.8697127	14.636525711876304	0.0107670822363623
2460082.5522719	14.91742446262228	0.0149169923079995
2460082.5522719	15.044166085895217	0.0196557162141936
2460085.5479414	14.961169392873725	0.0166030647891813
2460085.5479414	14.877046274741083	0.0167018875210957
2460086.85028	14.849164820774794	0.015689548336706
2460087.8428833	14.796855602900274	0.0429858823982574
2460088.5318778	14.74339571214182	0.020034001942619
2460088.5318778	14.809063375267987	0.0158128487233256
2460088.851668	14.519184064310986	0.0112549763129283
2460089.5506405	14.987261436064026	0.019699830772583
2460089.5506405	14.934090747797782	0.0296825714284936
2460089.5518808	15.003437340902009	0.0357036398835774
2460091.5235652	14.607336231078206	0.0184585837624478
2460091.5235652	14.709473343253263	0.0144225341430631
2460092.5954777	14.947154429831304	0.0272956287089026
2460092.5954777	14.92938047390891	0.0334535867688141
2460093.8846267	14.869930638153486	0.0187173634882141
2460094.5117573	14.578699031061277	0.0270278118445806
2460094.5117573	14.559408321220006	0.0230101324204689
2460094.8094477	14.6675683288694	0.0156171414346658
2460095.715643	14.58897925887278	0.0237744534001076
2460102.887195	15.025046298833333	0.022782129152222
2460102.8872069	14.912188963484496	0.0185373604399263
2460103.8835948	14.891639620890604	0.0154742228685745
2460103.8835964	14.6605930657797	0.0066515474887301
2460104.6826575	15.008191732325631	0.0257624885063807
2460104.8382475	14.70870098133911	0.0140707338832499
2460104.8382514	14.480798007668378	0.0081701324043726
2460105.8346886	14.722637850262815	0.007251348812952
2460106.838701	15.02735272312229	0.0151225108788711
2460107.823068	14.62397517587724	0.0109516166276779
2460108.7041305	14.635394737927609	0.0125623480700638
2460108.704134	14.620952562440696	0.0112996370293467
2460109.7856147	14.878659268209582	0.0212964862396065
2460111.7834147	14.498768305331676	0.012910912885264
2460113.6742997	14.941559081831958	0.0146218295738723
2460113.6742997	14.927431202672125	0.0200787373876606
2460113.7405927	15.015848485664849	0.0167776111571143
2460113.7405927	15.12292792487279	0.0241730313142417
2460115.8914497	15.003631465712129	0.0189480897569385
2460115.8914604	14.973842529034062	0.0126546124566171
2460119.6730748	14.76159238741757	0.0190111490135276
2460119.6730748	14.743125531852828	0.0148001585490426
2460121.5161072	15.031020516234118	0.0241363324263159
2460121.5161072	14.974994870848723	0.0215964852721643
2460123.7215829	15.001493749547253	0.0301554988350589
2460123.7215829	14.979417317632713	0.0271082675343881
2460126.4364559	14.61304450860858	0.0366133266717497
2460126.5474751	14.605680045231203	0.031873334754612
2460126.5474751	14.626991987050635	0.023858955711069
2460128.1999891	14.49186305620037	0.0727379198103335
2460128.2000007	14.552124648933662	0.055285115976413
2460129.6090205	14.849890386749625	0.0760157901677414
2460129.6090205	14.70068422811779	0.037097565214277
2460131.8612825	15.11736322155	0.0248445031505376
2460131.8612825	14.914498093383038	0.0212838450227038
2460133.8847944	14.511970726236497	0.0096679085660838
2460133.8848005	14.70796176768365	0.0153253915138187
2460136.6887125	15.063063748150496	0.0186697053833275
2460136.6887131	14.990978737119484	0.0168623613939438
2460139.7794462	14.84003615124274	0.0094963991831224
2460139.7794543	14.640297855585684	0.0052973716382242
2460142.2418975	14.918714204945626	0.0177315284942502
2460142.2418975	14.971252817547152	0.0151100556989454
2460148.7472156	14.967606779553302	0.0372807407690184
2460148.7472156	15.087200789774148	0.0281724014064165
2460153.7532153	14.597768030326506	0.0304918111896743
2460154.760423	14.84671432257163	0.0232964539426829
2460154.760426	14.995962140969151	0.0293665850010633
2460156.5871178	14.99041446434433	0.0456151864381616
2460156.5871178	15.024859613498618	0.0444305857410318
2460158.221482	14.874379608449615	0.0443530949021616
2460158.5874992	14.666814601764877	0.0365444552125004
2460158.5874992	14.659430830646157	0.034650602203773
2460158.8027232	14.96930700475055	0.0268888367667778
2460158.8027258	14.81558282813146	0.032106169458949
2460160.788651	14.97463055368524	0.0169738998734101
2460160.7886592	14.77386158944557	0.0101979403131398
2460170.7532621	15.040626597659084	0.025687660974972
2460170.7532621	14.797202783047164	0.0090576321532491
2460174.6516493	14.891726323549928	0.0196188887588338
2460175.65492	14.876690364237104	0.0171806690003536
2460176.6473837	14.473803268754228	0.0164582978833305
2460187.595956	14.63545345805395	0.0407305412292886
2460192.6122585	14.651632665788412	0.0132459669567749
2460194.5939538	15.03555623309633	0.0260435353695638
2460197.620593	15.099776292016482	0.0568227718677651
2460202.61251	14.593994276602633	0.0256451106816972
2460203.6228802	14.97492430784812	0.0232103269262864
2460301.0135314	14.961765336927986	0.0209410209427932
2460301.0135314	14.915787833144083	0.0176529868768193
2460309.1279519	14.848394631526036	0.0312782381268755
2460309.1279631	14.87896277722448	0.0283036397140196
2460311.1250045	14.474597517609604	0.0224747461002553
2460311.1250101	14.497278988077142	0.0145791344571919
2460313.1229752	14.954677867296349	0.0213991677614306
2460313.1229795	14.915557449411915	0.0279216556087818
2460334.0735066	14.449062020697594	0.0581138074418434
2460336.0761019	14.733413203923307	0.0400209729209937
2460337.0643386	14.548802035905602	0.0306275315935771
2460338.0608744	14.877635570182289	0.036920079428208
2460338.0608828	14.84948212516177	0.039453021365799
2460339.0640188	14.955437717693998	0.0230133661373475
2460357.834901	14.62809724918652	0.0157626423754632
2460358.7924075	14.706587147844653	0.0156412981932417
2460359.7957264	14.981353701252258	0.0155362033422753
2460359.796982	14.989761822837211	0.0180766676188239
2460360.8030268	14.647997414578889	0.0102209671544637
2460360.8030327	14.6346026695164	0.015080145168236
2460362.7927698	15.133200795648262	0.0555118742391992
2460363.5229488	14.625722590639391	0.0291074722389226
2460367.7561156	14.590308806968473	0.0399312280356593
2460372.0993282	14.57483631212842	0.013749164735396
2460372.0993282	14.475908523503456	0.0159311927700173
2460373.7868941	14.62982215388431	0.0147725045123224
2460373.7868941	14.61588719876461	0.0248629459454489
2460374.7559876	14.550365687167773	0.0136343170576825
2460374.7559876	14.612367458478335	0.0186851001735252
2460375.6341103	14.571204567943823	0.0165740545448462
2460375.6341103	14.623242032982963	0.011869358194649
2460375.7593721	14.98413674831482	0.0176139315209027
2460375.7593721	15.057798701440475	0.0266197461729271
2460377.5273129	14.953468448038132	0.0166723561766965
2460377.5273147	14.968623817785476	0.0162909663140256
2460378.5354095	14.640374992425969	0.010715570439506
2460378.5354095	14.593304085130212	0.0143049056056818
2460379.5220653	14.643336004218169	0.0133355318907782
2460379.5220653	14.617167512496676	0.0107303964527427
2460380.5064463	14.94104532863971	0.0191051140441242
2460381.5219564	14.71612064739005	0.010415818678716
2460381.5219564	14.666030669258356	0.0147364532891829
2460384.5115559	14.858347322961256	0.012862546871411
2460384.5115559	14.817588656801544	0.0149040703752812
2460386.9267441	14.784525617925562	0.0172457182811444
2460386.9267564	14.773217749907404	0.0181131078248265
2460387.7453673	14.634011398796414	0.0116516323075718
2460387.7453673	14.650815454040496	0.0101268888473936
2460387.919243	15.064186552599372	0.033866559325972
2460387.919249	14.947697514919604	0.0243597531629507
2460388.4575874	14.653702434078228	0.0159581799637362
2460388.4575874	14.678594517753414	0.0166518548844221
2460388.9196513	14.5531381549869	0.0207202911619831
2460388.9196513	14.589704380123845	0.0194190764409639
2460390.7622525	14.6499027826421	0.0142394946949216
2460390.7622543	14.600277824736873	0.0150247283405168
2460390.9130309	15.090730997814262	0.0525959072575927
2460390.9130424	14.929068312130696	0.0337721092377183
2460391.9093378	14.755203672037217	0.0313381134533325
2460392.730439	14.80951566976767	0.0303629033314576
2460392.9094871	14.663199816306626	0.0343486212869997
2460400.5562504	14.704188924281125	0.0245390916446431
2460400.5562616	14.593738606822642	0.0194329379331054
2460400.6839067	14.562078993924638	0.0183362021630988
2460400.6839067	14.547648640661794	0.0174778233628097
2460401.6787309	15.046912115274315	0.0250346241382855
2460401.6787344	14.959407596656716	0.0240463457693883
2460402.7020989	14.75647526693746	0.0177998423089849
2460402.702102	14.684450859936955	0.012927926227883
2460403.7336129	14.607051400594802	0.0135358789180047
2460403.7336129	14.557155363628084	0.0128666498955086
2460404.6612611	14.794339381818434	0.0449230711685977
2460404.7492791	15.05931568735023	0.0160473506124731
2460404.7505171	15.03269983759913	0.0182074862754072
2460405.11228	14.766908536810051	0.009732965265695
2460405.1122827	14.841072018339885	0.0146638754898115
2460405.7250347	14.680104331083314	0.0160691124429955
2460405.7250347	14.687431314588704	0.0142043966200641
2460406.1088906	14.954481075586536	0.0208970292365432
2460406.1088957	14.872847075183312	0.0140307112509906
2460407.7088137	14.903460898105092	0.0137315878134813
2460407.7088137	14.867421343990085	0.0173957283015449
2460409.6991694	14.56458130981474	0.0097308305139114
2460409.6991694	14.552425744929806	0.0128032290619773
2460410.6947041	14.721371094325036	0.0146268604303742
2460410.6947095	14.75540006215278	0.0092399058246108
2460411.7093471	15.010740768323137	0.0207160118024333
2460411.7093528	14.987774497541936	0.0167949931553296
2460412.4255006	14.73614345349744	0.0129412902271359
2460412.4255052	14.721290946040694	0.0096454636252796
2460413.4015739	14.974801958401711	0.0188370867604905
2460413.4015827	14.961211446717616	0.0267990971810839
2460414.3819041	14.701400795464538	0.0115165541530988
2460414.3819041	14.702107047286503	0.012339560884045
2460416.856126	15.026944119908215	0.022158057411461
2460416.8561317	14.927198386937206	0.0202326595602475
2460417.6807837	14.897985499731988	0.0171606677400606
2460417.6807837	15.01593296437254	0.0208545135433395
2460417.835392	14.704937375438114	0.0282223576385551
2460417.8354026	14.658999534085908	0.0264254222026974
2460418.8357186	14.475639141864944	0.0165432871869638
2460418.8357223	14.542783855305538	0.0224281965006712
2460419.3666118	14.850808703204738	0.0212915726095731
2460419.3666118	14.880133912509736	0.0344853684174366
2460419.6768913	14.5816032715443	0.0169907684179467
2460419.6768913	14.54670942376592	0.0142863119271783
2460419.8372803	14.84475485554462	0.0275035118939351
2460419.8372803	14.895294627999544	0.027437335991523
2460420.3662676	15.01000998422466	0.0362510322105237
2460420.3662792	14.961993239970251	0.0370829031107063
2460420.8326769	14.81618292957007	0.0352155672638554
2460421.3807754	14.62512411511928	0.0257474610396221
2460421.8404463	14.605889649340934	0.0295078312551588
2460422.8484777	15.051637494261264	0.0595584417845905
2460426.8156885	15.060912625248326	0.0490318125750504
2460428.5944175	14.991767970251948	0.0380867324522976
2460430.0415629	14.480119820309245	0.0332888916743606
2460432.8515239	14.964544531690118	0.0180882211456741
2460432.8515253	14.911795480774035	0.0128124654323843
2460434.0149759	14.62431169492687	0.0166282179070516
2460434.0149826	14.554415173613776	0.0090648832897261
2460435.7713958	14.757920704979664	0.0176941677452413
2460435.7713977	14.7192180479352	0.012113345622709
2460436.7980972	14.989846305603	0.020414252768439
2460436.7980972	14.978074540920057	0.0217835691010932
2460437.8436568	14.561777085998358	0.0128780748655006
2460437.8436568	14.523130905380931	0.0098351623128143
2460439.5782694	14.57674389881139	0.0105660108917185
2460439.5782694	14.601875824847635	0.0131485941941078
2460439.6682328	14.736383061974273	0.0133001178499495
2460439.6682328	14.689115199855502	0.0115540588061779
2460440.6605519	14.990650458733812	0.0187951280533415
2460440.6605519	15.016821917322044	0.017711995881541
2460442.6607337	14.82187383192515	0.0076926428310327
2460443.8207671	14.694034958102096	0.0128619210666087
2460443.8207671	14.660077603527611	0.0121604836319765
2460444.9012419	14.857049463060427	0.0218538015307851
2460444.9012419	14.881229627129064	0.0150595288090549
2460444.9024822	14.937087617321769	0.0227605035545352
2460448.5974235	14.620886196978455	0.0162593449444901
2460448.5974235	14.591397462699495	0.0216084079024897
2460449.5735518	14.748666634143	0.0193305145708933
2460449.5735518	14.623465625427809	0.0165486754890214
2460450.7606126	14.571393779419653	0.0291779273746613
2460450.7606126	14.580760763426166	0.019168023922803
2460454.6408513	14.695812066583846	0.0296523547357862
2460454.6408513	14.692911795397809	0.0349906273487233
2460456.799511	14.617233561324603	0.021874423259155
2460456.799511	14.742128133345796	0.0368837869817088
