2458014.4908751	15.131584156902711	0.0128972753756781
2458015.4972424	14.760454101490996	0.0090403021740729
2458018.5133961	14.704840278457716	0.0106226243714151
2458019.5073841	15.116371499481165	0.0168461496703112
2458029.5460672	14.93194441380454	0.0167301662850254
2458032.5093094	14.717589735763966	0.0138692853157321
2458033.5246552	15.134919426649704	0.0230241488522587
2458034.5878079	14.8838247778641	0.0136389782752486
2458056.5265883	15.13147127956692	0.0216537838241899
2458057.5010333	14.65881731324459	0.0158147536063287
2458058.5053506	15.213213474445954	0.0320676100381261
2458179.9001609	15.32725283234923	0.0704769573364093
2458181.6361619	14.594738535817172	0.0283049569304594
2458181.8924042	15.074225396526671	0.0489097044840204
2458182.635385	15.047769388738654	0.025455807601193
2458182.887908	14.970728048270654	0.0181828984185565
2458186.6282521	15.068215365703503	0.0175314711660369
2458191.8898545	15.11456380970612	0.0167130398546931
2458194.8754482	14.70431173093906	0.0101716485539437
2458195.6216318	14.962411671630836	0.0099124360761936
2458196.6512251	15.096194458762168	0.0248518060853002
2458200.5985095	15.154235371091032	0.017306107504064
2458201.5976621	14.695915420876036	0.0088093553354932
2458201.8656522	14.665188155675358	0.010817170351448
2458203.5921334	14.805122803136875	0.0078513883197277
2458204.58745	14.96386126405208	0.0103978774131435
2458205.5919672	14.971648269575166	0.0105694229625643
2458206.8503548	14.71292444280046	0.014727937282276
2458220.8575084	14.849997541444768	0.0090768316537462
2458221.8607551	15.04283358041989	0.0115443471862705
2458222.8451863	14.685857615341249	0.010279888089243
2458225.8621267	15.20589878717215	0.0149661793333363
2458242.4897167	14.634903718742716	0.0168564751651594
2458245.8417054	14.673044425545454	0.0126354550280118
2458249.8252439	14.78328699898366	0.0085900757682223
2458250.7471647	15.14503772584666	0.0184537479151845
2458254.7630051	14.92464307726576	0.010365739572011
2458258.7161646	14.683478286437396	0.0107088551672503
2458261.6905888	15.000258593385947	0.0092134013396244
2458263.6822365	15.018556661515664	0.0144525774906754
2458273.8110928	14.930992801883889	0.0145558813527368
2458274.4078398	14.636431196850078	0.0132081018137912
2458277.8111611	14.650019315106316	0.01105492751547
2458283.5380836	15.095948474383796	0.0154717275472182
2458286.4532535	14.661911249138113	0.0094769268157624
2458287.6739374	14.813416338702996	0.0070593111916941
2458288.7046267	14.640554809130414	0.0107651110737475
2458289.7891987	14.998592524933514	0.0141410188093991
2458290.3493703	14.981585664713103	0.0134662290300028
2458291.7597535	14.927414871969567	0.0075718339218789
2458292.7096455	14.783646713236568	0.0154451223686416
2458294.7462941	14.849073405598078	0.0081464592585533
2458295.6833659	14.84315022313858	0.0199933648580959
2458296.4897807	15.13966408533415	0.0364855900096483
2458296.7238199	15.229215799722605	0.0322816215337771
2458301.9053848	14.668485345330495	0.0176033275603104
2458305.399013	15.069768989126418	0.0132807068472276
2458305.6255198	14.89878354263495	0.0080804633164104
2458306.3958286	14.611342658415596	0.0097615550046469
2458306.5623451	15.114212874447	0.0167169295390752
2458307.3882637	15.13118970990721	0.0155220314136574
2458308.3855052	14.702831984335162	0.0084104852464443
2458309.854821	15.037228736262575	0.0156195470650684
2458310.3865656	14.865839990162348	0.0076176882979701
2458312.6642204	15.032062578241412	0.0137464159901022
2458320.563057	15.078349374465637	0.0205431964082813
2458323.4417182	14.68921108700753	0.0161446524522845
2458324.6706418	14.874429077254703	0.0196076802972859
2458328.3371435	14.943722705470844	0.0282597009319741
2458332.7232694	14.747344142642431	0.013752287475729
2458333.3246334	14.69454814273173	0.0091737173681786
2458334.315054	15.125046704260058	0.0149271750586393
2458334.586001	15.230230031908947	0.0214770850595024
2458339.3122643	15.078273793180028	0.0141244629887182
2458339.6435618	15.14438035044234	0.0180859894420975
2458340.2980335	14.645435712396637	0.0094468171074505
2458340.6479511	14.810781438939184	0.0079104581481112
2458341.764935	14.822650619920717	0.0071475971273774
2458342.2880697	14.696256819581675	0.0085421972615514
2458344.2920918	14.810723372689358	0.0066013578921719
2458346.2674852	14.8609508638649	0.0052864089426634
2458346.5835512	15.085815681045563	0.0161797169774986
2458349.5250211	14.68910441232836	0.0116147574376422
2458350.7006463	14.692885046058535	0.0149291123916222
2458351.5670365	14.771047775764604	0.0143074739992476
2458355.2637589	15.006476412968048	0.0279050759584855
2458360.269022	14.795043654880024	0.0063926975102292
2458360.6664401	15.154562188936742	0.0224092275634106
2458365.2565736	14.621985929719754	0.0103360719343768
2458366.568152	15.101585919223687	0.0164811061654642
2458368.6353273	14.675111182230484	0.0112692046520531
2458371.5397434	15.12514626464656	0.0172308361314452
2458372.3113176	14.750968859971737	0.0086639375539508
2458372.6034769	14.850380793758536	0.0082810918362556
2458375.29184	14.80944102184448	0.0083055059184788
2458377.6988609	15.15699623730474	0.0145429769007843
2458379.6069861	14.761834470851309	0.0140624480134869
2458390.267562	14.846743854447524	0.0056774434382136
2458390.4961562	14.66645782155135	0.0108960818769659
2458393.6749376	15.085343960560966	0.0169390878606452
2458394.6711413	14.735830020435294	0.0101226402013547
2458396.667876	14.675231687340492	0.0139776814200864
2458397.6706162	15.20397745484374	0.0341769971585417
2458398.3232296	14.643046194738153	0.00946624154273
2458398.6631342	14.824078302437757	0.0112755987576331
2458401.5965469	15.151458558941007	0.0167771117786811
2458402.300502	14.757221139142969	0.0094759955218586
2458404.6399677	15.210650693428882	0.021484566992788
2458406.6333304	15.192405404550057	0.027195265104621
2458409.5043643	14.65542415740839	0.0150635746009652
2458410.63008	14.644062780381237	0.0178314106678872
2458411.6238607	15.14558411612631	0.0305511162765966
2458412.5245624	15.16470990569332	0.0256825581998276
2458413.6084197	15.1797597074206	0.0338826320812436
2458414.6132398	14.719161628112705	0.0216704416934672
2458415.6051631	15.138211161317114	0.039495397086842
2458417.3384941	14.80483153272812	0.0314239152756051
2458417.601803	15.123713694695796	0.027448941145829
2458418.3424813	14.951021012452838	0.0342964935978024
2458419.2841763	14.97173576620792	0.0114850769455725
2458419.6001177	14.672528490153232	0.013502336020779
2458423.5836052	14.705808636119224	0.0109941356454978
2458424.5802186	15.169473669253314	0.0182466088228763
2458425.5806168	14.835865997836155	0.0100449508236198
2458426.5778	14.95648865513395	0.0116187159724807
2458427.5748264	14.979026013639633	0.011899563738734
2458428.5714407	14.657219307535703	0.0120095911954046
2458430.3065313	14.673994057046553	0.0096384870738635
2458430.5651105	14.644948985918491	0.0123766413719747
2458431.5611176	15.140393248732506	0.0171851159196569
2458432.5558554	14.749288767674477	0.0102952955417388
2458437.542263	14.644948734291091	0.0139578257342988
2458438.5374818	15.105791832830642	0.0224963176898277
2458439.535925	14.663889465156023	0.0171255984575216
2458440.5317101	15.24170398816226	0.0286390945163976
2458441.5285976	14.71301634586778	0.0174934793110147
2458442.5260591	15.113147838902783	0.0281990951828638
2458443.5187938	14.889425501475902	0.0261511165270149
2458444.5197241	14.937946094420298	0.0321929550813311
2458546.6364657	14.73562597298229	0.010432398411504
2458546.9009363	14.638262946989917	0.0163786807677317
2458547.8954702	15.167195066716753	0.0219195970396331
2458548.6384397	14.849277790521054	0.0081793185413038
2458548.8909272	14.865724158182587	0.0094422550891737
2458549.6264108	14.894984493209307	0.0092368596479647
2458549.8869941	15.04324908213027	0.0161000019955402
2458552.8838995	15.106661583928975	0.018529875180887
2458562.870469	14.602909495570897	0.0178426972809346
2458563.8694385	15.15611087368886	0.0327782877901745
2458564.8724874	14.805590540709852	0.020557581187418
2458565.8639735	15.08069844069617	0.0312913866867084
2458567.8699756	14.64085338989098	0.0177442574182109
2458570.8400523	15.161897439591058	0.0203747284080594
2458572.5876122	15.0390219602387	0.0152735938976715
2458575.5819642	15.041457074501334	0.0137377760747763
2458575.8286871	14.90906500397006	0.0117624021685652
2458576.8248508	14.74036677473899	0.0106090026961518
2458577.8185948	15.074968307141576	0.0165711754487041
2458578.8185991	14.667028105616716	0.0114305370041419
2458579.8115793	15.14944432676472	0.0197908035169451
2458580.8139432	14.679568559842537	0.0121282214651594
2458581.8128265	15.119115583027185	0.0165768253534209
2458582.5554607	14.85647625654832	0.0077755657474204
2458584.541704	15.007308713781406	0.0123402980389063
2458585.7984704	14.6918616251593	0.0106346523918266
2458586.7865133	14.974724143104655	0.0118111632402508
2458587.8685897	14.851157550918288	0.0070961563933475
2458588.8117577	15.12195307356066	0.0172950997367063
2458589.7909734	14.741729822540668	0.0155645884633688
2458590.8686909	14.672587338788832	0.0109084653656486
2458591.6459486	15.047252582633426	0.0125589386045356
2458593.5079215	15.010486699427688	0.053980384299245
2458593.7946433	15.081789838209614	0.039835316822745
2458596.7685735	14.63098970104225	0.0168368167263086
2458599.7625156	15.131383062232809	0.0219941576132952
2458600.75924	14.915136726275184	0.0127543026504394
2458601.7705072	14.706013209618831	0.0121593739933628
2458602.7571323	14.995106606501018	0.0110800049803951
2458604.7440899	15.1166360871216	0.015515874407759
2458605.7363925	14.699948015426347	0.0115004433952818
2458606.8522324	14.612098624455498	0.0113334109080809
2458607.7802607	14.993912931107015	0.009409296943285
2458608.8589622	14.728070528878366	0.0111552437461795
2458612.8566617	15.07124327835746	0.017032693987101
2458614.4784001	14.781812500037992	0.0081773385598989
2458615.5102811	14.634344630439326	0.0097568934849316
2458616.5050774	15.040541601781472	0.0118115830472076
2458617.8431152	14.797810256185125	0.0088808959730309
2458619.7038162	14.762160775161366	0.0239943469971054
2458625.6825039	14.756967349535694	0.0237019467677867
2458627.4690218	15.078814088268404	0.0263711768771016
2458629.5369051	14.640189709971992	0.0176961611441801
2458633.4118371	15.015283067703166	0.0134287089568133
2458635.6654557	14.934861602453624	0.0100850113482094
2458636.6678995	14.996377940334538	0.0121624803377907
2458637.6643366	14.676955764290238	0.0110725383260095
2458638.688113	15.21944534582576	0.0214773511942885
2458643.6605152	14.932948002730368	0.0092923690461431
2458644.6630867	14.72010641511348	0.0119219783093362
2458645.6514297	15.047277538084078	0.0218742850144764
2458646.6755644	14.693055813210654	0.0132888382010996
2458648.3929384	14.83823724136298	0.0142645239496267
2458648.8123318	15.12706311741155	0.0191593851703586
2458650.6159051	14.71827386602486	0.0341785941244529
2458650.7115625	15.192184396847548	0.0416794723978362
2458651.7304574	14.757909743218278	0.0299948963907639
2458652.7471817	15.111700155777166	0.0378069148697498
2458654.6078851	15.052796253602098	0.0284144650036731
2458656.8884825	15.114539297461809	0.0223358356770615
2458657.6674189	14.883299700770408	0.0131344792702327
2458659.8890458	14.84917787510176	0.0099122708901351
2458660.8285779	15.192216228306773	0.0177656713349328
2458661.5167727	14.630183164457058	0.0098723267958613
2458662.9389195	14.725578710593092	0.0142798204221215
2458666.8814376	14.749957993532549	0.0103088946487152
2458667.8036914	15.15382507823637	0.0174397191271111
2458668.51446	14.627391075740537	0.0096111789354988
2458668.782404	14.699310697404565	0.0101887572624678
2458668.9150693	15.10003851122265	0.0183885011115701
2458670.7107074	14.761839077335368	0.0098485838862378
2458673.2987942	14.714487756007998	0.0086031166707764
2458674.4651836	14.83381894099349	0.0124290809640794
2458674.6250497	14.907660022006777	0.0127045139993916
2458675.3491578	15.005668351187737	0.0168464016919604
2458676.468258	14.995423667489316	0.0182799228774128
2458677.3494252	15.098034404370209	0.0245398148443351
2458679.6574354	15.06064942479882	0.0306397017315643
2458682.7409657	15.192016653420009	0.0351276283642219
2458683.7524667	15.141280956922142	0.0262566227670416
2458684.5895494	15.043033731297651	0.0242206094442592
2458688.7476249	14.759273106948958	0.0114393738798535
2458689.6973082	15.167186144881535	0.0202699340373737
2458690.4944721	15.077130035652056	0.0132165170362424
2458690.8380817	15.245314842738216	0.0192498362115282
2458691.5024572	14.633770122752408	0.0098493289937861
2458691.6983989	15.11743260165266	0.0183346245791921
2458691.8655119	14.945916323728875	0.0163435327058983
2458692.7751768	15.121357483296835	0.0175661601729623
2458693.5321492	14.888301416466494	0.0089620689484523
2458693.7705456	14.71015786278409	0.0104460984451263
2458694.7821062	15.114428050701484	0.0185683624214147
2458695.7462441	14.780694339460874	0.0089601322181986
2458697.7424933	14.90500569767224	0.0093645290631972
2458698.5465327	14.738247842262185	0.0086973954161696
2458698.8347617	14.799135825884338	0.0101690027576794
2458699.753934	15.074171752056152	0.0164621215374619
2458700.6779401	15.053946472316609	0.0116044143819567
2458701.8264526	14.752124789902611	0.0150561673733686
2458702.4871186	14.8360052095778	0.0106963550190872
2458702.7892893	14.866179415488393	0.0095174711659291
2458704.8012516	15.153487411935089	0.014706881170012
2458704.8277369	15.148090025305002	0.0186017703270989
2458705.682262	14.95235844946799	0.0174542443568763
2458716.6273238	15.13650856367988	0.0185400108164627
2458716.7955607	14.901732236198429	0.0137260357689633
2458717.4144771	15.131210253216882	0.0170588788737044
2458717.6286131	14.815535017972024	0.0089755217204029
2458718.5361435	15.10431489632282	0.0206532857058798
2458718.5622156	15.189497345858818	0.0205851067331723
2458718.6127654	15.027344623025504	0.0133527871864795
2458719.5254472	14.651650533009308	0.0141538942576307
2458719.6140214	14.850805450152665	0.0088690781354004
2458721.6537903	14.814476966174064	0.0077868153928544
2458721.7514772	14.690933899331018	0.0104942651393218
2458722.3288404	14.604127409732603	0.009884816857055
2458724.3364371	14.720743641280048	0.0088235366170568
2458725.7650221	14.81768323514579	0.009893409999458
2458727.70395	14.7689685225375	0.0098210709858462
2458730.5189313	14.807758574468998	0.0106703504596042
2458730.7470045	14.654268426796742	0.0120572101802194
2458732.2580997	15.035482056812477	0.0146978093105012
2458733.4318872	15.066863004559192	0.0201894770096163
2458734.7013552	14.736956223630228	0.0406737496089126
2458738.7342227	15.223401316288856	0.0541653540487341
2458740.5532088	14.62540357196925	0.0218001931000373
2458740.7256399	14.943658492097542	0.0391380662597682
2458741.5633356	15.211892718401891	0.0263210401305018
2458742.5528293	14.767688936513704	0.0185156257386235
2458742.7238415	14.99979011329447	0.0285514164729827
2458743.443044	14.877584194274366	0.0256871094897796
2458743.5538124	15.114298985354496	0.0192978339188036
2458744.5388267	14.700101054297647	0.0123648370971087
2458745.5171085	15.100175927724546	0.0172661697261837
2458745.7144711	15.027965155023788	0.0270222770881208
2458746.5393146	14.810020247501727	0.0114341086259241
2458750.2652904	15.109921809841946	0.0148712924943054
2458750.702158	14.78341873801348	0.0110795017096572
2458751.7024704	14.971456910195744	0.0193027053083361
2458752.4407408	15.045454182978212	0.0138899601828685
2458752.6983028	14.952820308742576	0.0151855201754106
2458753.4257827	14.678093609951672	0.0111110526414942
2458753.6936909	14.661227278829616	0.0115258183031058
2458757.6818338	14.74731857209781	0.0123346751043643
2458761.2754444	14.68501732760708	0.0130322054081353
2458764.5935373	15.03767364111634	0.0219984972445316
2458765.3073514	14.88818402099491	0.0186616013395025
2458768.4005042	14.828903560810524	0.039446720303995
2458769.3885546	14.765736895611704	0.0272384397155942
2458770.381968	15.067417128614936	0.0395294884537833
2458772.3634947	15.077510936450144	0.0259317948165099
2458775.3468027	14.729226815776691	0.0091447393726357
2458776.3718488	14.839006735748548	0.0059102535606344
2458777.6292992	14.910419666242529	0.0143071970510255
2458783.5393027	14.993069957747103	0.0132467222037503
2458786.345035	14.979499539566875	0.01088442853833
2458786.6057708	14.93511376585407	0.010857012824646
2458787.3453813	14.683048712136808	0.0104883805148139
2458788.3272329	15.085981550071963	0.0154680478443018
2458797.3127912	14.971437535879684	0.0305242544548747
2458798.5716775	14.744026087532234	0.0243748970626331
2458799.5676647	15.095523137992185	0.0425101938544109
2458800.5484953	14.702281032917613	0.0302088626357832
2458801.5452058	15.13879186731657	0.036805343572464
2458802.5366838	14.743168827514788	0.0123688233758343
2458803.5349391	15.054825427994816	0.0163464101501203
2458804.5307271	14.856688313042154	0.0125561539692882
2458805.5284883	14.910489214188758	0.0111033677379852
2458806.5293791	15.029008765631712	0.0149497660027477
2458807.5252132	14.765607844833536	0.0143459223608367
2458808.5266664	15.100800024592278	0.0185328279983799
2458810.5199041	15.198131224596263	0.0270333930507105
2458811.516827	14.827508578020566	0.0214097476162285
2458812.5287325	14.918466014017527	0.0155753945929637
2458908.8922317	15.084250428861347	0.0201842394590968
2458909.6385516	14.852425465616044	0.0121035783743946
2458910.8904266	15.058035002499548	0.0183198884415363
2458911.8856036	14.980268096437154	0.0100171989582004
2458912.8849082	14.62326243231096	0.0140613073620821
2458921.6351332	14.717608260689287	0.0171036060382016
2458928.6115394	14.63816553647398	0.0108662570690908
2458931.5976541	15.090062498485477	0.0155380706157634
2458933.6069389	14.886529018349284	0.0093126730965713
2458978.4638719	14.620606800143694	0.0237726294758642
2458979.6111809	14.657007504797406	0.0181248231986105
2458989.4477878	14.627712706130067	0.0101763066280649
2459007.4430615	14.770915519202228	0.0277147282882674
2459014.509536	15.101780426962836	0.0150874362807732
2459017.3915912	15.039754766964112	0.0130772526692562
2459025.4379725	15.10304926398546	0.0170907140591863
2459029.481225	14.628600076575696	0.0102698932291581
2459034.3195113	14.791300143190984	0.0229509151798342
2459038.2944288	15.026037944373016	0.0298928262444905
2459046.2756575	14.86722117961282	0.0066737128064724
2459048.2653385	14.67001753952778	0.0101359240127124
2459049.2574383	15.067518953771868	0.0145274603074722
2459050.2768332	14.676678508714282	0.0093172390736049
2459051.3694823	14.632785008683715	0.0096815935444637
2459052.2513081	14.695666463376	0.0096862418221759
2459053.4672465	15.08995093458603	0.014309381002353
2459054.2406058	14.779540043827437	0.0095874669938144
2459056.5998272	15.105168503550017	0.0160560650217954
2459059.5707577	14.837069365651	0.0095866774040997
2459061.2542903	14.885657283022656	0.0185878995172901
2459068.4293728	14.694532794564177	0.0165324115280888
2459072.3191937	15.08523229371522	0.015463042668569
2459078.4544006	15.142469737068703	0.0175247323822436
2459083.2259607	15.113169553973808	0.0152330197960006
2459084.5176587	14.84109174660594	0.0099091447607351
2459094.4937229	14.779398783559705	0.0342994927629712
2459097.2615941	15.03558868561537	0.0153369823069812
2459101.4803431	14.977606263186653	0.0167426461489675
2459108.4766916	15.110599980747546	0.0173473678600998
2459111.2822033	15.063769492048891	0.0150520233371111
2459114.2649883	14.973013941535513	0.0123866602294916
2459116.3030572	15.08206190005475	0.0234553457921256
2459120.2472484	15.14341256703744	0.0309468959865256
2459122.2593729	14.64324803202808	0.0214049852871095
2459128.3168205	15.122332710911069	0.0170626957561997
2459139.2644707	15.141987040958464	0.0189715625839152
2459146.5268737	15.170570465541314	0.0281153447102207
2459148.5094295	15.119066666265786	0.0243145843526443
2459156.5743072	14.980828388136128	0.0216095042594547
2459157.5749056	14.644317836182156	0.0118132286486928
2459158.5838811	15.105230979476191	0.0191166070273031
2459159.5685012	14.628783470006432	0.0132487740653618
2459163.31075	14.968632344422986	0.0132498735726988
2459166.5456018	14.628918795273302	0.0131049235825942
2459169.5233205	15.1494371953182	0.0242059385645024
2459182.2721422	14.547561205837132	0.0452337457013448
2459271.8982904	15.041291454396893	0.0472941469473653
2459277.881366	14.680997250616866	0.0171201041578494
2459285.8915406	15.085435229129011	0.0163542675450985
2459287.8450727	15.052642457481047	0.011380584446551
2459290.8737466	15.144582832812032	0.0175087156648539
2459291.8573853	14.643384529662187	0.0130930417983492
2459292.5889972	15.101923235682207	0.0142590850138002
2459293.8803172	14.78777185217675	0.0137662605004385
2459294.8447492	15.095180877554322	0.0176730630718284
2459295.6127639	14.996786223774992	0.011806432824284
2459295.8727171	14.916528873457814	0.0094917338350021
2459295.881065	14.857575782834685	0.0236821031662614
2459296.8520993	14.836196267208146	0.0116619345861345
2459298.8256732	14.7494458860467	0.0116106020636566
2459299.8135163	15.006858653356588	0.0185837672834628
2459300.882751	14.804587995984932	0.0274445569232307
2459302.8766366	14.928986261684878	0.0385943238070389
2459305.8062294	15.142519459880964	0.0369414254139406
2459310.8032449	15.195028699670257	0.0220223348627788
2459311.8302002	14.813461454875595	0.0109922411853489
2459312.8895148	14.684387955918464	0.0115684420185773
2459313.8293143	15.052159896971771	0.0128625358406326
2459314.8824863	14.697692968318703	0.0173091131965944
2459315.6496035	14.64952671936474	0.0104466465817217
2459315.8887411	15.0406716476587	0.0145127376783515
2459316.7862303	14.672265258988128	0.0120093575433448
2459318.772633	14.627741289654958	0.0131716382746772
2459319.7702281	15.11975598772124	0.0166125363934222
2459320.8364605	15.009352623916136	0.0132723907159946
2459320.8599056	15.128872448758152	0.0139790234951349
2459321.8390159	14.647873075686125	0.0114928515775514
2459323.766827	14.726312443327148	0.0122806370673105
2459324.7614084	15.00937104442048	0.0126107811186559
2459328.4905012	15.059845213584776	0.0299070172977423
2459329.7426324	14.751631600909745	0.0232614779507286
2459331.8823591	14.871441099412904	0.0351897167862026
2459333.7759313	15.017803113067671	0.0364021094674744
2459333.8294263	14.9958934475854	0.0337501045317871
2459338.821889	15.124777337219957	0.0225605433413063
2459340.9242131	14.63112041056133	0.0149409692465904
2459343.5085146	14.8513675078173	0.0095712771615454
2459345.7013937	14.823067120706376	0.0062385383838902
2459346.8630008	14.821293029069963	0.0112124521435217
2459348.770889	14.596514681499194	0.0125715032878594
2459351.6867108	15.070906693924496	0.0146719915344418
2459356.6675051	14.8318859642463	0.0140934659958492
2459357.6854257	14.695010374558226	0.0158098142497286
2459358.4156478	15.082850511293495	0.0265559899473839
2459361.7793626	15.042637539524538	0.0354277675630439
2459366.6812339	14.683509154743316	0.014937532003241
2459367.6833146	15.134001648605537	0.0169330666315791
2459367.7264563	15.16470730882087	0.0196402746507234
2459368.6387904	14.759051917197654	0.008969677473203
2459370.7883127	15.168403967880796	0.0183297754237609
2459371.719594	14.694138639135447	0.0107253818279779
2459372.6252948	14.74535779060814	0.0109823020401607
2459373.8576074	15.11256632206564	0.0188999578590824
2459375.6889534	14.686109680145252	0.011951870719821
2459376.6125238	15.065265020163576	0.0137863855110558
2459376.6768161	15.177567855889327	0.0177482191456963
2459377.6868597	14.87846679245283	0.0081531978852402
2459377.762738	15.124997601486394	0.0169725991730241
2459378.7075533	14.663620810786494	0.0112697634817293
2459378.7403984	14.676876855835497	0.0107327757797991
2459379.5999508	14.649922006207756	0.0111813816793269
2459380.7088838	14.6119694069851	0.0119775745738388
2459381.7972955	14.632185256183345	0.0189899716668551
2459384.5895224	14.741400938182734	0.017170537323158
2459385.6095609	15.026804921551165	0.0219686772816917
2459386.5858688	14.624836426720725	0.024583190663309
2459386.913439	14.724744939768172	0.0123629328862284
2459387.8316651	15.144544949539082	0.0313354187110987
2459389.7486608	14.902215039137143	0.0377980232074561
2459389.7642112	14.89562196614288	0.0467534027453651
2459392.770687	14.601565850445432	0.0253081538770234
2459394.5965981	15.13516682193658	0.0214835440190046
2459396.7929303	15.053604557982696	0.0170018050415192
2459397.7333276	14.909088708085436	0.0078114284030779
2459400.7000451	14.925948305929223	0.0204763325483562
2459401.8363106	14.983968041146705	0.0123850650585231
2459401.8460865	15.144922296199349	0.0140395034829341
2459403.3833339	14.644311939120955	0.0099165818030111
2459406.3541057	15.08015287314968	0.014373156413232
2459407.5202817	15.19056147246894	0.0172317979820753
2459409.6740932	14.945223649831725	0.0115131784700031
2459410.7381545	14.736751863869769	0.0115174426782682
2459410.7658703	14.834457080920595	0.0091332965268005
2459411.7434623	15.06712772646394	0.0158628589833844
2459411.7820284	14.660054176429618	0.0112093774958081
2459412.6540238	14.691519297585012	0.0103103679840095
2459413.641475	15.178838018561391	0.0221590522484146
2459414.4960352	15.042062039227629	0.0209829488528475
2459414.5017176	15.179150763098688	0.0311638762047076
2459415.8090967	14.85076637150331	0.019085125474844
2459420.4092791	15.138740925745632	0.0419796288964357
2459423.8106021	14.928410554021166	0.0264861837626913
2459425.3286222	14.91071126331169	0.0097122986730526
2459425.8161978	14.77124503246758	0.0179314123923635
2459426.4562771	14.787274848845051	0.0113253794676015
2459426.8280956	15.183777933319098	0.027300080968065
2459428.601198	14.687179626581177	0.0114880726039897
2459429.8255043	14.818678268148492	0.0118177182882796
2459430.76162	15.17999873111286	0.0176040857557563
2459432.4150643	15.070542603780376	0.0141808161570419
2459433.343837	14.878308336823562	0.0086175616720243
2459437.3284859	14.694465548417796	0.0086711369639177
2459438.5241367	14.890246192889355	0.0078491042433839
2459439.6857899	15.059502411842088	0.0172692615902009
2459440.7154717	14.675503328580312	0.0114586413960462
2459441.4639638	14.873487556982685	0.0335497587909252
2459442.7857192	15.099652789912298	0.0182344029186468
2459447.553897	15.21217370367684	0.0432219855145584
2459448.540657	14.593955079634217	0.0355674425346639
2459450.3614941	15.125027529023995	0.0388485597962518
2459451.5172312	15.177249456600348	0.038945215176688
2459452.780249	14.625959911168938	0.0214192360837572
2459453.6518439	14.811391677116504	0.016185983338627
2459455.6543709	15.05896358471697	0.0131890282670354
2459457.2662736	14.688603117032326	0.0132545624402458
2459457.6611361	15.090127555026443	0.0177074444245911
2459459.294966	14.988429786923668	0.0134556175233617
2459459.6196741	15.138424792552524	0.0181254997574024
2459459.7435579	14.641242126703556	0.0122848477009173
2459460.6267425	14.735672244587956	0.0135640455189163
2459461.6231797	15.130812973103502	0.0155037071341939
2459462.3476078	14.839419526741324	0.0084235808910663
2459462.6194192	14.798916807350816	0.0089564048120856
2459463.6468302	14.658614879279192	0.0116754448960727
2459465.454649	14.95725233852199	0.010765173787812
2459468.228132	14.77240026154942	0.0131859793219178
2459471.7054216	15.040747488056372	0.0229457854819096
2459475.2759199	15.001374756670485	0.022779529749018
2459476.514555	14.855241163550994	0.026943715593506
2459477.5986319	15.127985104239237	0.0398201638135685
2459478.5228172	14.663791912379088	0.0225630887471461
2459480.6588439	15.085039019853156	0.0320400674411927
2459481.5936533	14.699602311329503	0.0152024456032306
2459482.5972592	15.200641487915563	0.0215585148062782
2459483.558997	14.642676493799325	0.0109261647818961
2459485.5535349	14.621912075621792	0.0122524916971272
2459485.5832477	14.736029963452996	0.0116171536547586
2459488.481349	15.0834750548825	0.0276688060793643
2459489.541112	14.93901301960253	0.0086459284684137
2459490.5870982	14.632597584707662	0.012741971559407
2459490.6076327	14.664798613333838	0.012750606065484
2459492.5896707	14.757672290985669	0.012016391931101
2459493.648055	14.690791863931643	0.0135273075172589
2459494.6319862	15.029226351894584	0.0155731940721177
2459496.5081162	14.715667563769005	0.0108515686074839
2459496.5309806	14.78482839904346	0.012628166120032
2459497.5010699	15.085482780567592	0.0203441292489815
2459502.3626305	14.584221820592862	0.0219767230806997
2459503.5908099	14.992160797390587	0.0305434213407692
2459506.4981691	14.953195820987382	0.0283442193791489
2459507.6304084	14.901512708671154	0.045827894494015
2459509.6208525	14.914202603901323	0.0451010163940514
2459510.5205947	14.727217029329118	0.0107449688058176
2459513.5777318	14.668112605615258	0.0127887682869265
2459514.5367663	15.077759393867504	0.0182809164124907
2459515.6007985	14.813060634090656	0.0138572766557287
2459516.5226807	15.056582465899137	0.0170519973033358
2459516.5658075	15.11933264465155	0.0188114764280085
2459517.6041625	15.05647595778351	0.0228976844720589
2459520.5968046	14.551827736473175	0.0254603372911558
2459522.3398063	14.904096839112544	0.0122032903471768
2459524.3233508	15.016174082927856	0.0151434103197758
2459526.526302	14.798185014626872	0.013716006790146
2459529.5091656	14.752603910258692	0.0250544723092405
2459530.5570881	15.110651650170473	0.0334498608220432
2459532.5435183	15.191463072114278	0.0379070819787126
2459533.5288088	14.784070679262536	0.0222416429022265
2459535.2994632	15.142748700294913	0.0363955136925535
2459536.533173	14.627723970826136	0.0368216762803141
2459537.5406644	15.404959656749575	0.0713434297870152
2459538.5424598	14.508332864944489	0.0369682226841513
2459542.5323607	14.957763256095433	0.0177167887088701
2459544.5307138	15.183918498583528	0.0292830261353564
2459546.5201477	15.474786558244846	0.080579212841461
2459632.8975056	14.896152899630874	0.0522838417082417
2459634.8920701	14.809012983162518	0.0269389839493372
2459638.8929272	14.705168814585717	0.0134408116941126
2459648.6507761	14.645169536089709	0.0255140919639748
2459648.6532566	14.799011314293992	0.0510234645929345
2459649.8866747	14.908823267648009	0.0101907101527697
2459656.6257181	15.190354093793449	0.0461515539648113
2459657.8811175	14.637402114555654	0.0230386736023974
2459659.6037881	14.635130065477366	0.0226795669213445
2459662.8763623	15.01364475579472	0.023017497638233
2459667.9018149	15.167087349427383	0.0175191484480188
2459671.8400822	15.09552250290074	0.0146346074982538
2459672.8535127	14.909901294809869	0.0080673062020204
2459674.8076234	14.808806849354536	0.0091772110547227
2459676.792362	14.953147743067118	0.009905174264118
2459677.8052752	14.70687400875856	0.0110715683088065
2459678.7968241	15.147820753640524	0.0163277754955807
2459679.8238217	14.730804120701384	0.009758993093405
2459680.8173651	15.127149547725466	0.0183256713968287
2459680.828803	15.086746871213276	0.0153117861672066
2459681.8529522	15.011930190011968	0.0133766877423478
2459682.8385576	14.606737034674593	0.011931492510116
2459683.8625749	15.159771757400184	0.0212700402064397
2459684.884399	14.775864962092813	0.0123983472214169
2459686.7964401	14.553021349168612	0.0274949877282991
2459690.7589289	14.907553063355998	0.041179635452828
2459693.849006	14.78237599509492	0.0144439740353157
2459697.7406638	14.655349878529986	0.0112239879416448
2459698.7388844	15.08839879751986	0.0135297959778195
2459703.5641562	14.656865643998842	0.0109910443798574
2459703.6009041	14.694437196503213	0.0204112076488819
2459708.7159037	14.978456029352133	0.0098664864588746
2459709.7972146	14.793085835815248	0.0077512766683518
2459709.7984689	14.714169195199704	0.0137598713346714
2459709.799721	14.838896116407737	0.0186866027115222
2459709.8347126	14.827758656492	0.0079243717392194
2459710.8142391	15.038332214332968	0.0192235883512472
2459713.69293	14.75858940547875	0.0310800544058194
2459714.7000653	14.928967039532331	0.0494484750265357
2459714.7013752	14.952652728895949	0.074046034526122
2459714.7026736	14.614598479574468	0.0625200144209388
2459714.7286017	15.12716922033999	0.0391155629898195
2459715.7322039	14.789788544509712	0.0262041531757368
2459715.7334674	14.87906051410408	0.0349891293253632
2459715.7347193	14.921361763200654	0.0418267800084216
2459716.7779997	14.661276760765029	0.0214766914339984
2459721.8330565	14.586929263432816	0.0135008822230103
2459722.6616468	14.619193568076929	0.0158046183106065
2459722.9314788	14.693267351547274	0.0132917026297356
2459722.9340847	14.692753987583128	0.0200677215890911
2459725.4050661	14.955343796428188	0.011008139688465
2459725.6957613	14.774397771067536	0.0089340798859242
2459726.6614996	14.849957553613567	0.0072411917555803
2459727.656857	14.707295662575191	0.0092723452022495
2459727.6594686	14.821540633138376	0.0133702598820355
2459727.7961621	14.975974101093328	0.0069409405431016
2459737.3763341	14.777089780247028	0.008320576117425
2459738.6165239	14.674390952263083	0.0140612121716802
2459738.6178055	14.650353387491108	0.0133064194691055
2459738.689261	14.7136046992908	0.0114964284057577
2459739.6116645	15.14579502711382	0.0181588370745049
2459740.6856363	14.937814656105106	0.0233395033162038
2459741.6591594	14.97891351189635	0.0223226625196404
2459741.6950225	14.668379195112662	0.0155651124229353
2459741.6963208	14.57043015073852	0.0194262571424588
2459742.7441805	15.162025622914786	0.0303469399352231
2459747.860485	14.623635844324294	0.0217319053767873
2459749.8670715	14.605275750539944	0.0170467121477138
2459756.3988432	14.962004440054926	0.0124928525839232
2459757.8714516	15.112624272872466	0.024990900461618
2459757.8727024	15.134992971095196	0.0253724506130132
2459759.3811736	14.599981541992143	0.0114062531296285
2459760.5914902	14.903501782215278	0.0111254649560197
2459760.826628	14.73165176978023	0.0101479250020632
2459761.868781	14.633699995771622	0.0111731941620816
2459763.6032038	14.659381850619468	0.0123110207672546
2459763.6057091	14.68818399323596	0.0143641311994259
2459763.6399446	14.791032296913036	0.0088796423067246
2459763.6412415	14.765234564159408	0.0100234638784262
2459765.5584007	14.641866818941828	0.0122616604834092
2459766.8651197	15.088202990450926	0.0183840791914508
2459766.8675888	15.14269080495726	0.022037503131002
2459767.7596053	14.648117315902123	0.0117206893081658
2459767.7899553	14.62581682344733	0.0122103526452434
2459769.6563006	15.126842491200614	0.0213451999823578
2459772.614341	14.824058780210692	0.0401648535530677
2459777.5052919	15.130131654332748	0.045291300263844
2459779.2552042	14.662981008016285	0.0119403236044057
2459787.4792626	14.846306782716198	0.0095429079407192
2459788.5635373	14.689377289939443	0.0115388769272344
2459789.8567169	15.137265242144668	0.0258823163650747
2459792.3855577	15.0490148660358	0.0156391989752731
2459793.6837884	15.066182499848548	0.0118290797361108
2459794.6913528	14.614973852735035	0.0115502402405028
2459795.8296636	14.651663159222004	0.0110088121429778
2459796.7419827	14.8624860991999	0.0089882389628312
2459797.647006	15.152104486505102	0.0218178224278521
2459799.6678971	15.090529272405355	0.0286756682993933
2459799.6691374	15.331250569782435	0.0478733397408958
2459805.6932526	14.829126582785523	0.0217902359431
2459808.5081885	14.808658654172042	0.0090613982074389
2459808.5094173	14.866801439460534	0.0104560355942101
2459809.8058604	14.649507841636993	0.0236816582604963
2459810.5433921	15.139635122335616	0.0171070089316778
2459812.509405	15.13101415245918	0.0160547480618804
2459813.3986821	15.090371631691102	0.0161751125907839
2459814.5907166	14.647310689326847	0.0111089713546647
2459815.5924621	15.193237973008472	0.016145279298591
2459816.6242209	14.78988062584332	0.0107112223727714
2459819.4110209	14.697695921124351	0.0110032413772077
2459820.4778979	14.658041204210347	0.0116304463510229
2459820.4791381	14.650434186292957	0.0136788447469428
2459821.5383365	15.02482330977072	0.0129030398017345
2459822.5721502	15.117786946417649	0.0142852964892164
2459823.5784562	14.621127397169104	0.0117958964284186
2459824.5959214	15.100606187537624	0.0180308062168526
2459825.624071	14.873728195473216	0.0107639775143162
2459826.6207107	14.57105238557151	0.0154279926952669
2459827.5684124	14.844825742816392	0.0159360773011509
2459830.2517642	14.713659847744744	0.0188186432003477
2459831.6613449	14.600913642874726	0.0234098032224172
2459833.4682048	15.178584877158098	0.1102452477154435
2459834.648793	15.236974101393802	0.0384425876594458
2459835.599858	14.659267083480456	0.017195155324094
2459836.5698403	15.021503166710806	0.015499619747137
2459837.2206009	15.073486573816366	0.0298032086675765
2459837.5599398	14.635084290668685	0.011292311921191
2459838.5520812	15.038425573667986	0.018871940346714
2459840.5481016	15.10082602742077	0.0167425039534471
2459841.6204729	15.03472458440288	0.0149768118459447
2459842.6439045	14.640429461064862	0.0113506352470051
2459843.6414447	15.17265229090809	0.0175912126960404
2459844.6263266	14.690206550806243	0.0119316335993412
2459845.6534291	14.917226844500258	0.011871674933613
2459846.6267334	14.824222932180591	0.0075626875601002
2459847.6540155	14.63613977590818	0.0116562721719122
2459848.6541972	15.11510238393318	0.0177734651017557
2459849.6186637	14.66716369954376	0.0120400340663892
2459853.2393594	14.680485587537968	0.0119243141110127
2459854.277603	15.163086602641629	0.0253576203990018
2459858.2842926	14.709694458195768	0.0223388813282058
2459859.5415643	15.208882080679697	0.0506469662750993
2459859.5441493	15.63519928574194	0.1000198713168345
2459861.5193051	14.995161323131915	0.027056983472689
2459863.5765986	15.030300866150302	0.0238646951132244
2459864.5393503	14.736272043373493	0.0115717549508656
2459866.3927018	14.969416205943642	0.0331421120501966
2459870.2827235	14.903081714323436	0.0102981621186126
2459871.5547377	14.729791015504476	0.0122581407355324
2459872.5436452	15.1259511376096	0.0199375820891325
2459873.532882	14.82227261722934	0.0106778877969774
2459874.5376248	14.804032069605771	0.0088889034346737
2459875.5459335	15.086107379180689	0.0164493113528311
2459876.5465925	14.629074801815168	0.0117447860374224
2459877.5212048	15.092774767422894	0.0159412413467838
2459878.5685426	14.768666011853206	0.012030486064399
2459879.5482235	15.084513627056076	0.0151817483905502
2459880.5924996	15.078353807933787	0.0155068149263734
2459881.5951837	14.638849173916071	0.012508918217332
2459881.5964704	14.658039108469213	0.0137906329322846
2459885.5819286	14.723454100175308	0.0202955562745494
2459886.5754273	14.988519248991391	0.0318214145680965
2459886.5766792	15.094347397185675	0.0482273109261753
2459887.5762846	14.96245018140963	0.0320936610985676
2459889.5694286	14.98129534459336	0.0324086961607252
2459894.5336336	14.740527527169856	0.0127861952086868
2459898.2903035	15.073846549024491	0.0211005540652145
2459903.2834104	14.950720130660784	0.0146198480741779
2459908.518152	14.667680146813789	0.0300779047862364
2459912.520643	14.960106309890753	0.0358859453004158
2459998.8969832	15.253546592659823	0.0487382181818741
2460000.8913783	15.12508661549284	0.0225026289009629
2460003.8851077	14.900504768114343	0.0099819071052357
2460005.8834081	15.089112244139333	0.0167563407165072
2460007.897538	15.29839359430883	0.0320504981427235
2460009.8880149	14.96976644903384	0.0212385696886233
2460022.8466185	14.676859040398092	0.0111915434721225
2460025.5882104	15.02034622437619	0.0142115446162678
2460026.867149	14.885268356323444	0.0122292001956513
2460026.9141041	15.01629029214531	0.0512022093110762
2460028.9053439	15.172496567820506	0.0202807317154555
2460030.8273721	15.058887724965585	0.0147859682603578
2460031.8257654	14.640765422539811	0.0113977244336182
2460032.8433361	15.14805317113227	0.0195689783553851
2460034.8093955	15.108853538350823	0.0155378367594988
2460035.8955423	15.081451228169616	0.0140646885752697
2460036.8668763	14.678312038321303	0.0110196076809068
2460037.9126769	15.109834858732862	0.0242046668354805
2460039.7921735	15.001241438333484	0.0359450904242195
2460040.8018432	14.681522617861608	0.0373300470298695
2460044.7905936	14.800348074233966	0.027008152905765
2460048.7951491	15.051092673353743	0.021830233374142
2460049.8922411	15.029569176906172	0.0177538969584008
2460050.8240387	15.017104786293316	0.0162219140814004
2460053.7692103	14.914721363612474	0.0104923838862118
2460056.7581524	14.708637250862086	0.0113140109826489
2460057.7703067	15.032427593729867	0.0117885918321056
2460057.8597984	14.66144443668006	0.0124415492760438
2460059.796133	15.011695355092453	0.0129428422366082
2460060.7551978	14.76578538060054	0.0114948459114319
2460060.7620273	14.829941473135726	0.0098473731457087
2460061.8748478	14.74948556601136	0.0106868837865782
2460063.51935	14.754993452386154	0.0143084616759112
2460064.7412492	15.097957598976574	0.0206332433806966
2460065.7331589	14.65621867999636	0.0166182649084655
2460066.7386946	15.190475047158287	0.0355010449591035
2460067.7268775	14.640493751633484	0.0203707681751557
2460068.7295049	15.127155305864765	0.0352115754800826
2460069.7907957	15.205216464371391	0.0613934170464413
2460069.8108745	14.98224221128837	0.0409933823311834
2460072.7123974	14.83281057122002	0.0360502501647051
2460073.7115553	14.956692526264238	0.0387725511361213
2460077.9100077	15.001487872912596	0.0164404127626252
2460078.9209307	14.605865937363935	0.0139236185814145
2460079.733614	14.655686171410586	0.0125636269272463
2460080.6044497	14.638560930623882	0.0108628351382382
2460080.7630588	15.169447864791456	0.0251332947641226
2460080.9285438	14.771603976112504	0.0135091509619975
2460081.8270609	14.943725515745315	0.020688895068902
2460082.8277829	14.670459760497623	0.0123318470026515
2460085.8268966	15.150528171791589	0.0165652695557958
2460088.4328384	14.648309241759453	0.0098694633143062
2460088.859721	15.092432485530637	0.0163580035226376
2460090.8474275	15.162899287963976	0.018842982561974
2460091.4159385	15.157041474044078	0.0203094058232875
2460091.8293487	14.675227837501655	0.012283434715089
2460091.8306488	14.674430596427824	0.0144199381997809
2460092.4114058	14.72213015751066	0.0113411439785192
2460093.406435	15.117575850253628	0.0226589691524418
2460094.6916949	14.81819639643765	0.0155856175166212
2460094.8617047	14.647436982464406	0.0123939156987442
2460096.7256028	15.05776483418612	0.025608149924016
2460097.4243437	14.596976411468823	0.0256882518449636
2460097.8167056	15.055848778025975	0.0289016894180033
2460098.7894392	14.561853621151382	0.0285079656893312
2460100.7048648	15.37037977403487	0.1313682659558792
2460103.8500391	14.894787064517516	0.0281724916665216
2460104.8459588	15.132284501078091	0.0220380955842726
2460107.745912	14.67274591581911	0.0109015941592446
2460108.6659839	14.682590420310856	0.0119699702848717
2460110.9285136	14.78538987699646	0.0104644103836975
2460112.7123549	15.077875089915045	0.0264803837726251
2460113.828038	15.141101567394408	0.0170711234158343
2460113.8460332	15.094037189999408	0.0210537395375294
2460119.8018024	14.63705976133912	0.0126853394529333
2460121.6126416	14.950615491251677	0.0124406134237893
2460124.569925	14.640315020901102	0.0161555729289204
2460124.6159189	14.559415582889146	0.0177460805996647
2460125.6921411	14.631393976823732	0.0226625764512461
2460126.7110471	15.321892261727909	0.0508689506284667
2460126.741082	15.060756996547536	0.0367829495326323
2460127.3984414	14.58871116957862	0.0350366409845565
2460127.5854208	14.805403592071942	0.0573441293239695
2460130.6294589	14.983403304259287	0.0391158777784405
2460131.2921094	14.635848440938693	0.026453077623561
2460131.2933613	14.717463221896132	0.0368416920918275
2460131.7286074	14.655904457703311	0.0667669852517831
2460136.5504866	15.088214894681528	0.019407450062177
2460137.5854522	14.958275794489856	0.0100724974329934
2460138.6373959	14.749617815015078	0.0138137859727602
2460139.5131966	14.74044698979554	0.009830564661268
2460141.2745173	15.102094029275106	0.0183495665987002
2460142.2569899	14.6065648298008	0.0105428470837815
2460142.5434343	14.668721985606156	0.0113447951256591
2460147.3960128	14.907411866141882	0.0088078113905057
2460148.2405331	14.929301288271963	0.0111668450422814
2460149.4953838	14.839562126987566	0.0121953896133096
2460149.6002336	14.719463695101629	0.0135113504086777
2460150.4977811	14.997642682434307	0.0139639818291773
2460151.2458632	14.708953660266973	0.0180933672641658
2460151.8066603	14.666938498787111	0.0120085789581706
2460153.6065902	15.143199790992153	0.0268594864490849
2460154.5106005	15.13790951138552	0.02486175165762
2460155.7429554	14.614226031985131	0.0196424228952165
2460155.770636	14.683423691156255	0.025857725850071
2460159.5124506	15.215313411174158	0.0468337311896391
2460162.5557521	15.11282162271241	0.0434808897598549
2460163.5456681	14.727606040652166	0.0206518404367095
2460169.4717524	14.660796942093786	0.0104436200363604
2460172.5196647	14.674436571423078	0.0114744805305317
2460183.2996543	15.082829744820671	0.0315339798077414
2460191.4983208	15.114204591509122	0.0223549624568703
2460194.3210189	15.048417452107108	0.0136166490762924
2460206.4460221	14.610809458970609	0.0136243254387918
2460216.4237096	14.842854937162937	0.0647850126701106
2460217.5486596	15.130975144200743	0.0341895527966826
2460218.6315833	15.079747160892955	0.031406281019872
2460219.5335555	15.113627122202152	0.0173524616027003
2460221.2822375	14.627916930664783	0.010125126552635
2460221.6035827	14.62942176856606	0.0112520879386444
2460222.6430336	14.992781947455342	0.0142913638667221
2460223.6501266	14.95700236300073	0.0127548424198027
2460225.5181119	14.616594660881608	0.0122423420151776
2460226.6435321	14.615519396702227	0.0117794948801242
2460227.6121401	15.150811372908567	0.0188145408865109
2460228.6208272	14.631687993951576	0.0119749457560517
2460229.6416435	15.043752371080934	0.0163855509978598
2460230.6419161	14.893708208369166	0.0103922553309648
2460231.6503307	14.662169034584212	0.0143024763872564
2460235.5011546	15.1401318344894	0.0184431717484815
2460236.5407431	14.999879724793296	0.0147965516506536
2460240.2516013	15.089895735355078	0.0350246598102251
2460241.5598026	14.79353924468538	0.0191020673774738
2460243.5094679	14.7568407952419	0.0166811674728689
2460245.6006083	15.101965577062002	0.0388803230080913
2460248.3022119	14.941184256693935	0.0243466347933745
2460252.5598398	15.130372426719989	0.0193012846149571
2460253.5263565	14.668878780217526	0.0115305478684872
2460254.5310534	15.137012890326323	0.0191527426932804
2460255.5771932	14.878770857872691	0.0102760855747671
2460257.5089503	14.706134974952397	0.0133611470731024
2460258.2751154	14.628888176934716	0.0125887050914846
2460260.3147286	14.740725610354318	0.0124218783157561
2460262.510143	14.63560330257544	0.0187796697933014
2460264.5139503	14.709820667610176	0.0142509149438899
2460268.5327113	15.154076011436231	0.0298100532658732
2460270.53535	15.183141146834648	0.0306025133921071
2460272.5247347	15.081882014700748	0.0348824731104428
2460369.8997745	14.891571527917192	0.0386686948780968
2460370.8989159	15.318379223362832	0.0461640295019332
2460371.6377679	14.926569285383742	0.0302917671478048
2460371.8942172	14.873779874635993	0.0212272996037305
2460372.8934454	14.74765087464397	0.0223291199556474
2460373.8888949	14.966909982893284	0.0287431466778452
2460377.6213648	15.080313078114695	0.0160111762899047
2460378.6205043	14.859180623288852	0.008997500764551
2460378.8915839	14.818086844916436	0.0098023478874965
2460379.8870754	14.910964130081853	0.0102067943707337
2460381.8815356	14.638674490314123	0.0112930221696488
2460382.891909	15.116155101741844	0.0188474392626346
2460388.8699794	14.695487614671114	0.0112018056325388
2460389.8653795	15.014107896391256	0.0204477285881184
2460390.6069492	14.635467067683518	0.0115126701169981
2460391.5931534	15.152802171664872	0.0207943785859547
2460395.5911458	14.574517473604494	0.0270071089497549
2460396.8481255	15.144588508770871	0.0512563893618306
2460400.8371093	15.160854166674431	0.03861776441844
2460404.9154089	14.637444967078476	0.0162613480943745
2460405.9079332	15.074098489561525	0.0167778337138499
2460409.8412039	15.12597325796477	0.0174826463022346
2460411.839682	14.862166122961382	0.0072261513557288
2460412.5346433	14.888701540615974	0.0112837122189327
2460413.5443829	14.627123054707516	0.0113120930753023
2460414.5444869	15.089300697859336	0.0189655163672282
2460416.8055014	15.131691214493443	0.0179149398709312
2460417.5342885	14.724202316374573	0.0103608440919204
2460417.7933792	14.689922019194396	0.0122777736633153
2460418.5320434	15.08528409453296	0.0167938461660819
2460418.7890448	15.142165449989015	0.0201621892140857
2460419.5544896	14.908027904477382	0.0146022642699541
2460419.8374439	14.938815199295243	0.0121088115735469
2460420.5125604	15.0087572261376	0.0250870250526134
2460420.8028003	14.92732602730698	0.0147255234347382
2460424.5085983	14.418253411346964	0.0539387844261339
2460425.4974115	15.095100220020068	0.0471469271931682
2460432.7202551	14.894598364156996	0.0099729896247038
2460433.755381	14.63808039238704	0.0148311734200619
2460435.5083524	14.834689961796927	0.0107445644795102
2460436.7298425	15.170101349440056	0.0234250412580727
2460437.7004906	14.663514138570502	0.0169536539482683
2460440.461474	14.649314437162172	0.0105486727635273
2460440.7024801	14.917017858378646	0.0106411698315278
2460444.5071928	14.977040995799072	0.0140100758262487
2460446.7211266	14.818888956921478	0.0122902871106278
2460449.4345171	14.656686223418742	0.0158813589108033
2460449.8060251	14.832486310138338	0.0091385196745987
