2458220.6708488	9.729274058705943	0.0003459984746258
2458221.6742856	9.682608172475192	0.0002503388746752
2458223.6600534	9.56345623663495	0.0006186335948516
2458226.6558165	9.653057890695628	0.000448754628851
2458363.9090936	9.545311910781788	0.000590437714279
2458376.8890843	9.51703149642171	0.0006677230180316
2458386.8686919	9.72881774376715	0.0008055148548556
2458405.9560535	9.60354987325606	0.0005053369562729
2458409.8762018	9.39692046957475	0.0007421436794491
2458415.8508574	9.456144640435294	0.0007971514359216
2458427.8968189	9.745139261472714	0.000595348728398
2458431.7708952	9.420123368051312	0.000682492284215
2458437.7218288	9.551169207473698	0.00056544254936
2458438.8168529	9.481977689892972	0.0007342703891484
2458439.7135471	9.545355058820236	0.0005838549635248
2458440.8130818	9.73201042284762	0.0003788322976229
2458442.8085338	9.739012108337349	0.0005950236818634
2458443.705719	9.520958111965252	0.0002757411704659
2458446.8144704	9.474805850109862	0.0007758326854516
2458447.7929565	9.576462823525391	0.0005237400898917
2458448.7315788	9.512486760445336	0.0003394764122855
2458451.7329122	9.495592554107148	0.0007093420442471
2458453.0081682	9.68133090994472	0.0004688610493559
2458454.0005354	9.815139442038875	0.0005427924739741
2458455.9901007	9.668338620045954	0.0005112739407024
2458458.0013944	9.688219946103567	0.0004708839264701
2458459.013582	9.727046893680424	0.0002450285414361
2458460.0141098	9.748250703717336	6.998344870672395e-05
2458462.9993237	9.68278155856228	0.0004894879142372
2458465.0344349	9.63366770189574	0.0006241400635461
2458465.6366211	9.604425910598104	0.0003236215588106
2458466.0388382	9.63642122015645	0.0005986830662027
2458467.6558578	9.50361422359682	0.0007304296840434
2458469.0010161	9.697877627975863	0.0004359147719564
2458469.664099	9.443221386552946	0.0006180720415852
2458472.7062704	9.503659225201972	0.0007054024500531
2458473.9168831	9.810441824661112	0.0005740180781056
2458479.6600236	9.483900570842131	0.0007343408674983
2458484.0438685	9.693622889066043	0.0004212004880251
2458487.8851221	9.718185552387844	0.000261795654228
2458488.5614129	9.69072158338355	0.0005682018266178
2458488.8825833	9.700283914305752	0.0001210093357373
2458493.8011304	9.727921978775836	0.0002861912434856
2458494.5607809	9.620790024660913	0.0003070481901458
2458495.5459037	9.631395209162818	0.0001852809072252
2458495.8721328	9.67841774937123	0.0005044579491371
2458499.6230218	9.493603142634209	0.0007106920187849
2458499.9740824	9.667616648599518	0.0005404547425889
2458502.8689833	9.78814525417119	0.0006773574411932
2458506.5950333	9.55998833854699	0.0005512011448588
2458506.8904688	9.790529054569554	0.0007008911428301
2458507.9588099	9.76313615912856	0.0002810755224752
2458510.9757405	9.786153125503978	0.0004069646857895
2458518.8718443	9.682701706332274	0.0004635263081784
2458522.8410981	9.605458310921552	0.0004968107113319
2458523.5838036	9.86592706952662	0.0010384842002616
2458526.8370719	9.713942450594814	0.0004490099330175
2458527.8307806	9.749635538970452	0.0006122358324842
2458528.6210739	9.5137036258692	0.0006688219968888
2458530.5228768	9.535366205891286	0.0006308954245012
2458537.5400763	9.499896962335937	0.0006955388021352
2458538.7179534	9.583049696381655	0.0005092297018542
2458540.7959248	9.678623600042474	0.0002048300376576
2458542.7162655	9.506829767298054	0.0003411014731749
2458543.7012751	9.601801746999993	0.0006147667375782
2458544.7169964	9.65090942806258	0.0002785818487225
2458546.6622178	9.48508639219408	0.0004604462623694
2458547.6959287	9.580265094440648	0.0004514473163489
2458548.6991803	9.556592538389827	0.0003694563429466
2458549.7379952	9.66136455238498	0.0001989503834158
2458550.6563561	9.532901728383832	0.0006148027373616
2458551.6733986	9.469504894635753	0.0005269191638206
2458557.7489737	10.036876143760288	0.0016250240903443
2458558.6642011	9.618629557841698	0.0007135491166048
2458561.6570794	9.584909576847778	0.0005082476098217
2458562.7118357	9.78137682431542	0.0006786219039261
2458564.5087227	9.50833029409347	0.0006846237015755
2458565.607041	9.622531299545363	0.000737869629179
2458566.6291027	9.47736545119804	0.0005099639360569
2458567.6720071	9.61292308035561	0.0004693139872003
2458571.7077252	9.704916235072604	0.0003992919701179
2458572.6525991	9.640751842603445	0.000342515877215
2458575.2880017	9.5430423868978	0.0007999753056422
2458575.5054242	9.448019685284317	0.0006036503710222
2458577.737451	9.66390837745928	0.0005477082390472
2458580.7640557	9.71603932587598	0.0003548952722489
2458582.3369494	9.594730456299908	0.0006828030830316
2458583.6362697	9.66846361166658	9.327329940156832e-05
2458585.5209326	9.536138461061457	0.0001897726255892
2458586.5275878	9.5199408365591	0.0002579177074698
2458587.5877505	9.57366511988769	0.000500759277995
2458591.7449901	9.84004651949547	0.0006960281102465
2458592.676215	9.90378816402674	0.0012919318159218
2458593.6520781	9.76530360139203	0.0007068808699247
2458594.564132	9.626718829209045	99.99
2458595.5217033	9.58315217929489	0.0005375840855991
2458597.4887866	9.45667697619628	0.0005751857958842
2458600.4948032	9.477994272283327	0.0004944800281181
2458601.6245916	9.709761031467124	0.0004251655549192
2458605.6060106	9.595780971572312	0.00054024084601
2458610.628266	9.904951598947097	0.0010744649829889
2458613.4714632	9.557138403141378	0.0005449660371627
2458619.4912575	9.601733116537943	0.0003742319791827
2458622.492146	9.476167227682431	0.000550109290857
2458624.4824284	9.532416558719987	0.0006216560645251
2458626.2178078	9.524041028331528	0.0008352912612887
2458627.463675	9.465623319124656	0.0005447850205393
2458720.9184651	9.59328870831179	0.000616228794359
2458730.653444	9.580043230168782	0.0007437475022912
2458741.8793511	9.73142033166131	0.001176964462975
2458743.6172706	10.014607167841046	0.0016327254503585
2458749.9020519	9.719526107677144	0.0011248052656178
2458753.9863485	9.771534148255602	0.0007047817770398
2458754.6078421	9.701844434684306	0.0001131696396335
2458755.8738672	9.496648218831451	0.0004110848315036
2458756.8348413	9.523811017998227	0.0002545518158359
2458760.5848498	9.579117195338998	0.0007227072833497
2458762.1254379	9.736644336469464	0.0001562472580103
2458764.8316556	9.65783856456348	0.0003890063754609
2458766.8408026	9.628131435471538	0.0007576641362924
2458767.8181951	9.70605775498099	0.0006725147245609
2458771.0748511	9.784234942265686	0.0004209966217264
2458773.103792	9.651554472367836	0.0005901354011141
2458773.9514055	9.98271931861592	0.0013440693932722
2458779.9124021	9.597802660515889	0.0005234716722398
2458780.9578648	9.63256442518832	0.0003878160476423
2458782.0277393	9.773629498921672	0.0003739871904634
2458786.9308143	9.576571701937302	0.0005859978111476
2458787.9685833	9.634580797869738	0.0005177238144587
2458790.0467852	9.736506504359417	0.0002233414031664
2458791.7375377	9.801365395452814	0.0010067332026289
2458794.815444	9.578598910724024	0.0005095334163032
2458795.7512358	9.621093261588465	0.0002302240289555
2458797.0151218	9.72063917214772	0.0003181785911054
2458798.0446301	9.785318848842422	0.0004208870324308
2458798.7569077	9.753036009896544	0.0008569222853532
2458799.6033064	9.78840893695868	0.0008094469553351
2458799.8104195	9.673507842469318	0.0005343813985
2458799.9793322	9.906022261952502	0.0009946051544987
2458801.0377642	9.802692992553377	0.0005465083221227
2458804.772295	9.999821739560389	0.0017217799337958
2458804.8470448	9.7013956435309	0.0003276673488653
2458805.5295041	9.762763475979222	0.0008257147026347
2458805.7622595	9.640079305497837	0.000305868570588
2458805.7798296	9.60105946724072	0.0006888414710121
2458808.5895339	9.688625561806244	0.0002803402269131
2458812.6840011	9.73402745601309	0.0007574368432192
2458816.9169937	9.77259397956891	0.0003318708546841
2458820.9254039	9.635334313764378	0.0003735794427711
2458824.9688991	9.726430043114023	0.0003108911439455
2458826.0446591	9.727315646161804	0.0002433910370268
2458827.0381496	9.677890985789814	0.000517221376739
2458828.0645277	9.745575821579306	0.000168150646632
2458832.6716861	9.532730558103232	0.0001841920608691
2458833.7464922	9.501072597367736	0.0004138857770098
2458834.7455476	9.662139280096632	0.0004229940086904
2458835.7325231	9.634515761889215	0.0002201033127948
2458836.7151645	9.65697534867747	0.0003926512599176
2458836.979779	9.76631720447937	0.0002897744504684
2458838.8796053	9.579877711754882	0.0005744180293129
2458839.7542063	9.58327727468687	0.000434447001142
2458840.7054419	9.666065103403032	0.0004385306156259
2458842.7162508	9.611509907319968	0.0002658703465181
2458843.7353904	9.482195993482687	0.000476789631934
2458844.7318633	9.62574203154222	9.949761192263728e-05
2458844.7330803	9.596164963640044	0.0003767128687566
2458847.604578	9.781254326255784	0.0009350648856777
2458849.6056226	9.754930733691433	0.0008371729972372
2458849.8971786	9.719964308781533	0.0002906380026471
2458850.8482054	9.80093462066714	0.0005109901432025
2458852.7460061	9.714169000839249	0.000671408681783
2458853.7389647	9.719911598215136	0.000695904748624
2458854.602341	9.979057304460971	0.0016548122790915
2458854.816044	9.765609349648672	0.000293817881374
2458855.762595	9.614478600803182	0.0005891072581688
2458856.8652366	9.589138592504112	0.0006564855895754
2458856.8664654	9.579808458207973	0.0006820437520499
2458861.7005632	9.69769432307288	0.0006615231320243
2458862.6938934	9.504664460586994	0.0003819621245275
2458863.6539685	9.719117556992336	0.0007091897189222
2458866.8549586	9.574238377380604	0.0006804124837674
2458867.822181	9.603989421015276	0.0005037161803306
2458872.7769352	9.595357292378312	0.0005300474976182
2458874.7399536	9.583399011548869	0.000659762064636
2458880.5981554	9.748533717634755	0.0006099003162623
2458893.5691694	9.646457982332938	0.0003125876378828
2458894.5537326	9.7557510069032	0.0008388041081482
2458896.7990725	9.653992937144157	0.0002565448016053
2458901.7440064	9.801974681929613	0.0010123705529092
2458903.583983	9.66156286507301	0.0004099837522424
2458904.6349974	9.671674157995833	0.0004703457185475
2458905.6327123	9.709754885622695	0.0006529972771241
2458906.6186653	9.639544888824007	0.0005006513501906
2458910.454101	9.703537037186033	9.436651097760888e-05
2458914.3521116	9.638808285806396	0.0006447338685602
2458919.8098031	9.77537046294999	0.0003738998341535
2458923.4184389	9.528140698005895	0.0008401792565554
2458926.4139947	9.80706048198194	0.0007785926931276
2458930.644984	9.646975033311172	0.0004722888728975
2458932.7900163	9.76125259574995	0.0002345301858804
2458954.6651208	9.606509923988549	0.0004935286222767
2458957.6628811	9.680627442478148	0.0002227686682026
2458961.7309334	9.72161817525518	0.0003524787315583
2458963.6390543	9.693360933096614	0.0003303039591527
2458965.636377	9.710653487020114	0.0001942916884781
2458968.6261339	9.741296763122492	0.0004300007020264
2458980.2558214	9.661340664650533	0.0004476339397196
2458989.2522302	9.754806035250228	0.0005324512962621
2459000.2131086	9.85778505596593	0.0009861786919301
2459081.6721978	10.110203950364586	0.0019736091839731
2459086.6589051	9.88168955572398	0.0010762383614113
2459097.1336701	10.082872956824042	0.0015262586585905
2459098.1293845	9.980226999382444	0.0011619198276394
2459102.1151831	9.838787810318603	0.0006497092369855
2459109.107503	9.792188707384089	0.0004697315074843
2459112.0984194	9.744330017557672	0.0001397610299493
2459119.0712033	9.79779213307339	0.0004713816392432
2459122.1283547	9.709826611633058	0.0003861752372156
2459126.0708995	9.88639960176062	0.0008597506532972
2459127.9400334	9.813549215007004	0.0007902720905609
2459130.064617	9.881349272114822	0.0008163210630461
2459132.9832739	9.722362783478292	0.0003215209929178
2459135.0657329	9.850758951936104	0.0006906188634435
2459142.7755199	9.796507909557723	0.0009913508928181
2459143.5916793	9.712684681024284	0.0002367907832262
2459145.7580314	9.741307992410285	0.0007838648531932
2459146.7917861	9.609669860900322	0.0006607710674538
2459152.8073349	9.746163462695993	0.0012469712142323
2459161.9818514	9.861846938622609	0.0007385193091114
2459169.6918885	9.752498038204427	0.0008255336666252
2459169.8859567	9.670932712889096	0.0003626751318915
2459169.9514822	9.767337721829904	0.0002791767431455
2459171.9999055	9.68953518793821	0.0002996538126315
2459175.8536098	9.465186762085276	0.0005549829557894
2459176.457878	9.758717960731769	0.0005485522442217
2459176.6822011	9.771598663924282	0.0009113460223315
2459178.8791013	9.733796154653987	0.0003739377403427
2459180.9287604	9.853923995398564	0.0007181341231876
2459181.7999984	9.576431858116116	0.0004812286589449
2459182.8771372	9.728441687734469	0.0005196710562305
2459183.0047695	9.82955291431632	0.0006062089707189
2459183.4005071	9.877591749216938	0.001060119901051
2459186.7665288	9.59427994729726	0.0005034682855054
2459187.9549254	9.702987999686115	99.99
2459189.8871174	9.68984936918292	0.0002420574338595
2459189.9578829	9.7371900667068	0.0002189456227286
2459190.6253193	9.636344672959714	0.0007718530398489
2459190.6386816	9.610897961201529	0.0002709459570159
2459190.8950939	9.810648286238962	0.0005493317596033
2459194.0914656	9.793981431246364	0.0004452625128918
2459195.8946314	9.715590264209869	0.0002406527889534
2459197.3791861	9.735656920411168	0.000413566149042
2459197.6168201	9.558115421348234	0.0003722394916016
2459197.6422431	9.626725007463364	3.593819516504798e-05
2459197.9351764	9.818890694882564	0.0005848265611771
2459200.8621462	9.821113043495693	0.0005960943328701
2459201.4711819	9.733647363925552	0.0004042617131042
2459202.3392298	9.975029058547666	0.0013691318151159
2459202.7055576	9.539942510427052	0.0002205188382718
2459203.8818769	9.67678574578388	0.0001777749187678
2459204.4492271	9.773470358897017	0.0006345335501602
2459204.5955801	9.54401071778111	0.0002582263153429
2459204.6371494	9.63548819954362	0.0002107775272116
2459204.8003667	9.723358043486384	0.0004927802148054
2459206.3364317	9.930857216143052	0.0012700800949244
2459206.7042686	9.887451743849391	0.0010154525955911
2459207.0595941	9.799714268434611	0.0005027017931885
2459207.4567782	9.68644768238603	0.0003050110115247
2459207.9605352	9.793503617919344	0.0004785322890738
2459208.3816914	9.764305614366364	0.0006085093546067
2459208.6535937	9.664560851120092	0.0004379774836162
2459209.3146277	9.859863882875947	0.0009512849075667
2459210.3250593	10.024205596607478	0.0017092115633759
2459210.6020278	9.802195968761929	0.0010612683274538
2459210.8958906	9.715325663232534	0.0002410849452203
2459210.9785254	9.808930788290407	0.0005495136260043
2459211.3420232	9.82508783906856	0.0008639679672987
2459211.6282604	9.676677795226723	0.0005021115139407
2459211.948405	9.80825486910071	0.0005560802366179
2459215.454425	9.978807589664424	0.001391900594964
2459216.313363	9.803112265237203	0.0007690520321559
2459218.6183283	9.666939179088477	0.0004417226823971
2459218.8657487	9.755755034029596	0.0001762792513759
2459218.9494485	9.60593445240688	0.0005156322667106
2459221.5124731	9.636310917631375	0.0005603168682957
2459221.5930147	9.63032616023889	0.0007548860879514
2459221.93793	9.75748960925091	0.0002595258533014
2459222.7402195	9.713291122124028	0.0002244099558068
2459223.3793447	9.752017242271476	0.0005179332308553
2459223.6918184	9.51153495523733	0.0003092382039515
2459224.6683838	9.463729064101432	0.0005528203473853
2459225.2919382	9.767567692385828	0.0006125978022964
2459225.578491	9.553566447124426	0.0003390084738643
2459225.6250096	9.646705917482514	0.0003062954588465
2459227.9028942	9.79395512835892	0.0006674126393702
2459228.4391301	9.770872190721908	0.0005385425604066
2459228.7212788	9.524684343404202	0.000195483083573
2459229.7869845	9.87542769766976	0.0007771802257602
2459230.3927489	9.7689729752891	0.0006022515232372
2459230.6997821	9.72556127399092	0.0005061502238913
2459231.362511	9.726969137825744	0.0003544219470562
2459231.8687009	9.743259676427304	0.0004274748310624
2459231.9274693	9.804130784747317	0.0004899073106233
2459232.5813112	9.606847991856917	0.0006418929052253
2459232.6584983	9.715555271983623	0.0004521216724698
2459232.668611	9.738500370942438	0.0007696881565831
2459233.395666	9.66341241303568	0.0004350587690624
2459234.3735964	9.82309504952624	0.0008432759098981
2459237.3387151	9.848706453684912	0.0009448506249331
2459239.5553843	9.721521904003096	0.0011074940286842
2459239.5806014	9.754046865052365	0.0008504751249461
2459239.796131	9.770243111676155	0.0005677755927961
2459240.3598562	9.779770194776466	0.0006694668906779
2459241.3333478	10.05489456511108	0.001802112791534
2459241.5609795	9.74377721291722	0.0008577018900529
2459243.3509533	9.863894328521258	0.0011584453930558
2459244.5070639	9.975955553566848	0.0014735379185142
2459245.4854459	9.870403735502132	0.0010455169890822
2459245.8555049	9.782366413812234	0.0008434187171861
2459246.2952267	9.766217191678868	0.0005898671411107
2459246.5983082	9.686390672028988	0.0005500813185589
2459246.7125137	9.69825529880431	0.0001685094006827
2459246.8139948	9.797674291318438	0.0004585566122147
2459247.3664528	9.61108396024412	0.0007058421244394
2459247.6072202	9.65789218089936	0.0003920508393742
2459248.3591912	9.750468486223166	0.0003806052596908
2459249.6955597	9.584776615894304	0.0004361491398314
2459250.3125012	9.736028879871483	0.0002590222010656
2459250.5863099	9.725286582610428	0.0007218066643996
2459251.2782581	9.73091271292734	0.0002043803690387
2459251.8726123	9.63964459490967	0.0003487732026645
2459252.622261	9.676835373984773	0.0004972978514375
2459252.8535408	9.711623576730064	0.000334800274875
2459253.2769725	9.75333473764864	0.0003940533204193
2459253.5282981	9.543715598214082	0.0002567191681258
2459253.5504822	9.658878469491588	0.000391822411698
2459253.648232	9.660823130059452	0.0001899996770652
2459253.8953025	9.73753444320375	0.0002108957283521
2459255.668099	9.687137435825663	0.0002829772969017
2459257.8070913	9.7362082199236	0.0001440048521042
2459258.7553746	9.763184760042268	0.0008701647700212
2459260.3235814	9.722194623204729	0.0001112304652156
2459260.5550142	9.596247527876733	0.00059183173103
2459261.507742	9.789537757008429	0.0006092445827688
2459263.4021511	9.719698332620885	0.0001662262277359
2459264.565538	9.635075900351808	0.000226263633717
2459267.269966	9.81650055353239	0.0007323632201506
2459267.5345073	9.691660058466846	0.0005120955499921
2459269.724137	9.739717596767136	0.0004420274695357
2459274.5270876	9.528442122113637	0.0001300500612119
2459274.6296846	9.650542203455686	0.000359416839129
2459276.6654524	9.765137978395389	0.0008889050477536
2459281.2656718	9.832575678960373	0.0008012749084745
2459281.5029748	9.529520114863407	9.175157723403292e-05
2459281.5365989	9.65595145770685	0.0003729005078348
2459282.6188367	9.636082122055557	0.0002287295529444
2459283.6767195	9.65744060245073	0.000863933426198
2459284.575626	9.584716609766064	0.0004339556657242
2459284.5876006	9.53297585716334	0.0001232622697185
2459285.6705335	9.733276667628616	0.0007580656910176
2459286.6655595	9.624522939804852	0.0007259189151139
2459287.6673395	9.875946458975434	0.0012649803117611
2459288.6671033	9.830585632499863	0.0010713711077043
2459291.7486383	9.69799511686141	0.0001737128078139
2459292.6465663	9.789717039384543	0.0013496629231949
2459293.6279413	9.726465217098475	0.0011226772337351
2459295.2486328	9.810067298461348	0.0007034133616532
2459295.4909544	9.521669513885788	0.0002159243885985
2459295.4982833	9.6805224133171	0.000450210397473
2459295.7841394	9.852283546789106	0.0006935269089482
2459296.3943308	9.800221605285016	0.0006774112627264
2459297.6284418	9.813587811046956	0.001464914650604
2459298.6164	9.708129253543552	0.0006937728855008
2459299.6216503	9.784148163709771	0.0009748287864342
2459304.7820104	9.755833369509851	0.0001828923410207
2459309.2350726	9.667040978911176	0.0004133129415707
2459309.4872233	9.582603118167835	0.0005219556658345
2459309.6169805	9.823046488311338	0.000778109574134
2459312.5060906	9.76362666713758	0.0012567104118982
2459312.5456831	9.675825726336033	0.0004921995946205
2459313.5204122	9.62991798043648	0.0001500221151161
2459314.5607201	9.738619077196894	0.0007729948413305
2459315.6612603	9.801663809422024	0.0008149447821929
2459316.2412776	9.870666638523536	0.0009564980914584
2459316.4749791	9.553221414393091	0.000337980920231
2459316.5055142	9.639917556555847	0.0002517824573355
2459320.7367925	9.767221225270353	0.0003383953616867
2459322.5436052	9.67577650269306	0.0004922614800644
2459323.2171173	9.771629441633976	0.0005124404164166
2459323.473829	9.578163100967252	0.0004987023253209
2459326.5020631	9.689804880873162	0.0005669607349408
2459329.5525442	9.74510535770042	0.0008389162195979
2459330.5217557	9.604413085873166	0.0006477854671651
2459332.5422591	9.642668845032093	0.000860738845892
2459333.5342762	9.796652859444258	0.0010107037246211
2459336.5174517	9.806057715466052	0.0010251247030968
2459343.2595835	14.63492818726898	99.999
2459344.2264849	14.31669503897118	0.1614688671586459
2459346.4518598	9.669219833018213	0.0004987716327783
2459348.4999053	9.720868648629915	0.0007058883584914
2459349.4886983	9.756260555525444	0.0008418490821578
2459351.4917375	9.722684656061878	0.0007171414502257
2459353.4810376	9.65439744140647	0.0008589739181529
2459357.2067491	14.589139320595432	99.999
2459358.1990328	14.62211352795947	99.999
2459360.463787	9.62381128071171	0.0007971378032716
2459361.4615494	9.605332408543108	0.000698004063201
2459363.4619487	9.663596704777872	0.0008909828415963
2459363.46322	9.673855868444493	0.000933921883837
2459365.2010216	11.106372063711085	0.0072112726027816
2459365.4506833	9.624150962201927	0.0007679457676659
2459367.1970607	9.652438567504529	0.0005645297311183
2459368.4464443	14.37560503026164	99.999
2459449.6552064	11.428320039772778	0.010768955759949
2459452.6466247	14.474503854696405	99.999
2459455.9093134	14.423924523777083	99.999
2459456.8972501	9.95578212931064	0.0015438309374648
2459456.9059226	9.838007466289568	0.0015277149245586
2459457.8981504	9.96661830431044	0.0019902508311275
2459466.1278548	14.769326309098878	99.999
2459467.6561658	11.270015778270398	0.0087015997939806
2459469.9779584	12.013565780272328	0.016996212830419
2459470.8858922	14.462151739183248	99.999
2459470.8984836	9.858986496574772	0.0012113604426659
2459474.8714747	9.932242600647736	0.0014591785955934
2459476.6147695	14.46401468096506	99.999
2459477.862957	14.411962611294754	99.999
2459477.8642577	14.403930644588751	99.999
2459479.5924073	14.529628938429187	99.999
2459481.6168557	14.522311056314054	99.999
2459483.8375916	9.871985615803345	0.0012684155958252
2459483.8628871	13.307535637086271	0.0734319357056106
2459484.8665369	14.45232894331308	99.999
2459484.8889821	9.76108140720547	0.0008271573818896
2459486.889765	9.736871496632777	0.0007857334472053
2459488.8801561	13.199792254014636	0.0664147232696386
2459490.8653988	13.400548419711624	0.0800865028547518
2459491.8767506	9.726485865558349	0.0007278122906229
2459494.5664791	14.518027363615191	99.999
2459497.5682042	11.288368211896724	0.0086727500825221
2459497.8684933	12.82927994688054	0.0468456566518454
2459497.8871797	14.589932618048964	99.999
2459497.9091441	14.685328051604976	99.999
2459498.5574564	14.60007657705991	99.999
2459498.8075263	9.823575175746663	0.0010915322145356
2459498.8223343	14.445005019864318	99.999
2459498.9281916	14.698902584905936	99.999
2459502.0261996	14.79942346862994	99.999
2459504.8720786	9.585753851764794	0.0005526919447205
2459505.7869365	14.45762641184665	99.999
2459505.7905317	10.699230587414892	0.004737614060204
2459507.5008567	14.454718112181803	99.999
2459510.0066517	14.772692032191522	99.999
2459512.5128242	14.585999399561532	99.999
2459512.7708275	14.236481833320852	0.1742226464978445
2459512.8060558	9.76552758828673	0.0008940662250772
2459512.884119	14.663378086862522	99.999
2459513.0022743	13.55683293959095	0.0681408115685581
2459516.008166	14.802873427345906	99.999
2459518.838647	10.574733687910967	0.0047352092031466
2459518.8534226	14.706672842088569	99.999
2459519.0158102	12.827955178136332	0.0342847230677541
2459519.7509492	11.831531798968587	0.0179547601838691
2459519.7877517	9.668087484945024	0.0004623600176016
2459519.8634578	12.603828215543258	0.0300194166855607
2459525.4940413	14.572370643059411	99.999
2459525.8826364	14.69593772383841	99.999
2459526.0054443	12.370606616286608	0.0221294847356299
2459526.7317939	12.19128784383338	0.0254795418930645
2459526.7380682	9.754410554617614	0.0007847782732209
2459526.8457233	14.626112477948457	0.1992859219119222
2459527.0092686	12.05986823961359	0.0163458092433645
2459528.7556663	12.140869978132947	0.0242804395932856
2459529.8744134	14.665077604790133	99.999
2459530.8955724	11.45120504968754	0.0096334656764457
2459531.9009572	14.662852730033295	99.999
2459532.892827	14.703935152578536	99.999
2459533.703622	9.796374475714236	0.0009901166713992
2459533.7543177	12.674717716546915	0.0404478306177744
2459533.821816	14.687602047990469	99.999
2459535.4428114	14.46856976995046	99.999
2459537.807285	14.566066731950947	99.999
2459538.4761473	14.475377201871586	99.999
2459539.8535046	14.465509348135711	99.999
2459540.6717013	14.554286129061769	99.999
2459540.9228088	14.793980163336345	99.999
2459545.8525546	9.654053636495666	0.0003925731953457
2459546.9472932	14.711485976619878	99.999
2459546.9731125	11.84290854251936	0.0131879036306831
2459547.6653556	10.51702892483818	0.0044058036747326
2459547.9248061	12.177024099144164	0.0183439570921345
2459549.4358483	9.702954556956602	99.99
2459555.9062496	14.708067005476783	99.999
2459561.3912162	10.637879447443389	0.0041746786633263
2459561.6426819	9.817619462504878	0.0010636481453077
2459568.6425818	14.44775549022416	99.999
2459568.8548421	14.595759762092005	99.999
2459569.6362287	9.843415241466822	0.0011979348290056
2459574.7880598	14.568599282880408	99.999
2459581.4375803	14.597630536021306	99.999
2459582.3048289	14.607379122767492	99.999
2459582.6297725	9.626718829209045	99.99
2459583.5814346	11.459466929502804	0.0103784509092949
2459584.9231721	10.7834289613219	0.0046224933050633
2459586.7956253	14.758936243780356	99.999
2459587.3372747	9.88939836513645	0.0010351894199015
2459587.7751968	14.700662049742572	99.999
2459593.8514876	14.789650681943533	99.999
2459596.8060252	14.602991278338454	99.999
2459597.7841003	14.304958079525766	99.999
2459598.5790264	14.517110780893582	99.999
2459599.3250535	9.7533914080395	0.0005215646067674
2459600.563756	9.843690088218318	0.0011577460409937
2459601.5863131	9.834133223313891	0.0010847019699647
2459603.9573556	11.796694315929155	0.0125257618714766
2459604.7219725	10.064067709036763	0.0023569351797055
2459606.4896456	9.7440418953132	0.0003382786462775
2459610.7441489	14.742363756755273	99.999
2459612.9392545	14.805366332196996	99.999
2459613.559074	14.460756696471378	99.999
2459613.9369213	11.559810892185936	0.0099001571087956
2459619.7166839	14.716191817402716	99.999
2459621.3535716	9.751917150101926	0.0004132663054871
2459622.3819284	9.710397520529307	0.0002865084404378
2459622.8754435	14.784914826147638	99.999
2459626.8842281	14.704213129875326	99.999
2459627.3166093	9.766251431570138	0.0005931546769318
2459627.709209	14.402492937488592	99.999
2459630.4603267	14.52383399659274	99.999
2459631.4320791	14.577940412806774	99.999
2459633.3860199	9.785048397411774	0.0005919110294141
2459634.7851112	12.001412115034746	0.0167596534942026
2459636.745058	13.2730813246919	0.0565482726448451
2459638.7195465	14.472403078516615	99.999
2459640.3382186	12.09318710682923	0.0196117348079071
2459640.7082402	9.851674271296632	0.0011497072600748
2459644.7375238	11.529789840136427	0.009597590770032
2459645.6949927	10.70311274725926	0.0055027343726522
2459645.7707925	11.522808724145913	0.0103682957465078
2459647.7680268	13.801857143863108	0.0927661290836299
2459649.7318599	11.873070861103304	0.01493317532924
2459650.7359391	13.014621217255264	0.0444193947417622
2459652.7840473	14.768398514186318	99.999
2459654.8324575	14.69849330915611	99.999
2459655.3267703	14.539887027515704	99.999
2459658.7168725	14.593442885312289	99.999
2459658.7181128	14.59708731934542	99.999
2459659.8142103	12.713205808684272	0.0307672716575489
2459660.6276525	9.522170998883258	0.0006883252310808
2459662.7148931	14.711236804519732	99.999
2459662.7173507	14.7122600154583	99.999
2459665.7695787	11.678406296627006	0.0111765558459787
2459666.6330865	10.74645698389996	0.0057846235226146
2459667.6261849	10.73232434858344	0.0056915179434639
2459669.6911332	13.50629033592836	0.0703789242787391
2459670.7067502	14.697000736319923	99.999
2459671.5841906	9.508857218107496	0.0007110103191107
2459672.6703938	14.712760084130544	99.999
2459673.7008066	14.691682684808551	99.999
2459674.5750228	10.864946215557342	0.0066133902377252
2459676.6675836	12.403852348768938	0.0247872614272936
2459677.627616	14.684704902442302	99.999
2459681.6597831	12.962492364015308	0.0425722009514732
2459681.6610119	14.690177259694062	99.999
2459682.2709863	9.760200596778583	0.000571297297792
2459687.5689637	14.596924989501508	99.999
2459688.5561511	14.597798867185467	99.999
2459690.5508564	11.370569356070458	0.0113142522617646
2459691.5649714	10.625944431440102	0.0050277226650052
2459692.5555575	10.613825070585424	0.0049565064809907
2459693.5518672	11.232004913800113	0.0098092629374641
2459694.5639705	9.498079096117213	0.0007347321489308
2459694.6364128	11.730664970681994	0.0128089369009133
2459695.4908833	9.489354964356384	0.00075156502335
2459697.6180857	14.62365777264046	99.999
2459698.2256002	14.57459636389986	99.999
2459700.6056694	11.312981266906394	0.008350709823159
2459701.4766703	11.025603655699268	0.007880188760623
2459702.5277095	10.717587707664268	0.0055956193742756
2459703.5315142	9.483926569763284	0.0007641537373787
2459704.5006725	9.477128838426871	0.0007779681788023
2459708.5156757	11.896213310775485	0.0191712557580481
2459710.4638727	9.495179375881833	0.0007524284347183
2459711.5088659	12.13836460411982	0.0212755058474973
2459712.2334911	14.537814432252455	99.999
2459713.5251212	14.561949891199204	99.999
2459713.5263615	14.551321978242882	99.999
2459713.5276134	14.554367182488903	99.999
2459714.4638806	11.045455285106645	0.008062994873184
2459716.243049	14.416374939222528	99.999
2459717.4914484	9.553997361020476	0.0006064884255045
2459719.4812081	10.757008712377694	0.0058552780552204
2459720.222829	14.562289334796697	99.999
2459721.2263459	12.07968951408949	0.0194036169454644
2459721.4642725	11.609668464674067	0.0144207833685891
2459723.2242984	14.504827693568116	99.999
2459724.4668189	9.474099091347014	0.0007830103175235
2459725.2188205	14.56512242911186	99.999
2459726.4553866	11.228840028305642	0.0097772275348337
2459727.4593098	10.883972751951132	0.0067572071202893
2459729.4970758	12.84512085536632	0.0475877957487339
2459809.9273897	14.428564427100651	99.999
2459812.6727573	14.41751943086526	99.999
2459814.9255181	14.417935523598334	99.999
2459818.9072137	14.47057198231163	99.999
2459819.8961237	12.791374315675178	0.0452124620583844
2459820.8898979	12.5626377461761	0.0363809618748011
2459820.8911973	9.627876379334774	0.0007562102298422
2459822.9011538	9.674182879704622	0.0004148206999352
2459824.890868	14.455993819379868	99.999
2459825.891188	12.143625354763362	0.0243682689001437
2459828.9130562	13.371012191853865	0.0780906518935813
2459831.1278786	14.727378818085484	99.999
2459833.118832	14.625214460524504	99.999
2459833.6152327	14.08697539315334	99.999
2459836.6273649	14.400059960616296	99.999
2459837.6242117	14.377181628638407	99.999
2459838.6245914	14.514951043331289	99.999
2459840.1027994	14.74402304466112	99.999
2459840.9765051	12.577823897301446	0.0293569439844384
2459842.9594536	14.639942363440484	99.999
2459845.8558631	10.937483706187235	0.0071612106215943
2459847.8488144	11.063116089644012	0.0082044184291683
2459851.8385002	9.561660724045568	0.0005844783683715
2459852.0737633	14.775797617013202	99.999
2459854.0624929	14.776339891790084	99.999
2459855.8340805	11.937578526904948	0.0199614324068827
2459857.0785577	12.557536827171951	0.0265019092667092
2459858.8188266	14.591376297770015	99.999
2459858.820067	14.598330552975	99.999
2459860.5698336	14.592417798793374	99.999
2459865.8074487	11.274678463977851	0.0102662592367253
2459866.8079341	11.365215525369042	0.0112721328860101
2459868.0797687	14.79912407726295	99.999
2459869.8089553	9.543033115982505	0.0006415888040519
2459870.8059134	9.548563239964626	0.0006214075454525
2459871.8689019	9.44415350289618	0.0008262761990273
2459874.0469849	14.767065135011793	99.999
2459874.5051772	10.55657072648284	0.0037074856299698
2459875.7737586	9.57303918507604	0.0005366266643922
2459876.7805489	11.092413694009611	0.0084675494648897
2459877.8044781	9.556380212948262	0.0005895246427829
2459878.7888341	10.770503579261764	0.0059457036221889
2459879.8732871	14.670896778691132	99.999
2459882.7714565	11.617911269210088	0.0145302600352868
2459883.7680596	12.03706387291642	0.0219530276026981
2459889.8112916	10.925227689830288	0.0070810832821467
2459889.8125899	10.730749544536584	0.005706688359517
2459892.9717547	14.71567619218623	99.999
2459893.9557323	14.643765786868356	99.999
2459897.7083489	12.493316712438316	0.0341106847080597
2459897.7109343	9.451023633274948	0.0006531155776363
2459899.5673798	14.569236260817508	99.999
2459900.9409233	10.595408003104234	0.0036791557349845
2459901.716766	11.743418257719911	0.0164634670108849
2459902.7455439	9.485315290095102	0.0007604790093498
2459905.8459385	14.696006488177009	99.999
2459905.8471903	14.688167423959964	99.999
2459908.0403018	14.787783506284558	99.999
2459909.4104033	10.151178905542244	0.0019900143379021
2459914.9669972	12.867267778318944	0.0355916589132748
2459916.3850052	14.51403687023318	99.999
2459921.3874764	14.313983731749476	99.999
2459923.4645994	9.877909785227178	0.0010670881958598
2459924.8043994	14.642017401705456	99.999
2459925.6197074	9.718637342450243	0.0006503947160393
2459926.6347891	9.550433534572418	0.0006087163258205
2459928.9071439	10.925224148178936	0.0054570353964813
2459931.9573477	14.34952710021154	0.1543804159477957
2459932.8857983	13.244137431139908	0.0550417664843551
2459933.713798	14.688586492193082	99.999
2459933.7150267	14.69005808038851	99.999
2459934.6809475	9.58453467566881	0.0004913669076392
2459935.3439679	9.926463013652484	0.0011740545757965
2459935.6924637	9.49372901373009	0.0007425786584847
2459935.7422233	9.477172342279268	0.0007760520856109
2459937.773069	9.480532285945223	0.0007691991172355
2459940.4659956	9.718139352309812	0.0001854090340049
2459940.5421097	9.707288784581367	0.0003020361940065
2459941.4789109	9.930653520233651	0.0011843293743706
2459941.5778531	10.725421790705152	0.0045903624572045
2459945.6183754	9.4978872888492	0.0007425060817
2459945.6196041	9.485780074759424	0.0007696679390227
2459946.7704224	9.52309029508062	0.0006795927637938
2459947.5885685	11.326203521105269	0.0094285606009352
2459947.5898087	14.556690336207843	99.999
2459949.8349599	13.605475974358912	0.097089405831901
2459953.5413921	9.874650694779142	0.0010143394769249
2459953.6388742	14.44027147381454	99.999
2459954.7875392	14.601188679041076	99.999
2459958.8354138	11.084746595204066	0.0084036763006913
2459959.5576945	9.55842646407034	0.0005856296194168
2459961.7571588	12.282141831159931	0.0220374686681329
2459964.57499	9.556447231612252	0.0005891769841859
2459965.5641533	9.56052769823615	0.0008152183284082
2459967.8212783	10.708145121001833	0.0042207069945203
2459967.8237475	10.144778757614247	0.0018778301346371
2459969.7464135	11.293955052675056	0.0104561586815824
2459970.7398345	11.689164860464643	0.0156020546571971
2459970.7424311	10.920429778302566	0.007043668488093
2459972.538487	10.849285673367811	0.0065008590864266
2459973.6445395	9.468151012185938	0.0007934245721145
2459973.6710298	10.7949687976103	0.0061140634146426
2459974.7890984	10.663793503613888	0.0052559444936811
2459974.7903934	10.63163882196542	0.0050627093327525
2459975.7754928	9.578835328259792	0.0005117743429695
2459976.4525708	9.518549970909874	0.0008938495202019
2459982.5932804	14.578042291119791	99.999
2459997.558619	10.679377328536736	0.0053520589010348
2459998.7307035	9.497990679803369	0.0007372408998137
2459999.6842524	9.484369219968883	0.0007640248760269
2459999.7179093	11.679922182975478	0.0154557343620362
2460000.7214716	12.63758826744417	0.0390739922872329
2460001.7125157	10.891390300065185	0.0068074409508479
2460002.6581403	9.479993328827492	0.0007703832672497
2460003.708885	9.583181321956374	0.0004822572022626
2460004.4641091	9.517150962549575	0.0008908360037601
2460005.5663855	9.474856964703012	0.0007883170175163
2460006.7142536	11.65518664282741	0.0151278829169102
2460007.6612089	13.380128896836364	0.0786818524454389
2460007.6637936	12.56603548739015	0.0370936945089413
2460012.6313461	13.222048426237512	0.0596181041525728
2460013.6425329	10.8077670512472	0.0062232901005469
2460014.6796115	9.61255546964986	0.0003776911305962
2460015.6926937	11.310006093336558	0.0106504131532944
2460017.6687716	11.17126078300686	0.0092169971925429
2460018.6647772	11.75479709625302	0.0166506330066252
2460018.7730893	14.682367072378856	99.999
2460019.6593688	10.77295868078968	0.0059620953038093
2460020.6622304	10.966387272275242	0.0073917872780644
2460023.5118384	9.468118023229165	0.0007856544124322
2460024.6513093	12.111735398240524	0.0236079756052562
2460025.5252115	9.545209442050531	0.0006110970874662
2460027.7067511	14.69709021238381	99.999
2460028.6187065	9.48781103519008	0.0007562512541149
2460029.6965516	14.713347250075802	99.999
2460032.5307691	9.466352889412814	0.0007973161961995
2460034.7063984	14.647205076721338	99.999
2460035.3715551	11.93276346847338	0.0168144492278736
2460036.603012	13.918760044164417	0.1141088556681424
2460038.6632183	14.521069203431727	99.999
2460044.7002295	10.850298535935195	0.0050044111327552
2460045.535456	9.510522693574122	0.0007081308733782
2460046.6745255	14.657250744026776	99.999
2460047.5774189	11.24450561413325	0.0099348794910778
2460049.5816432	11.573155940715123	0.0138977616538477
2460050.5770018	9.521424366376204	0.0006845701079824
2460051.5650696	9.532905216850535	0.000656754181371
2460054.5581912	10.727019062174122	0.0056562129649182
2460056.6191714	11.585071866167109	0.0110488730146049
2460058.5242344	10.79883914669753	0.0061395290590587
2460058.6266251	11.877996496912813	0.0148344253808674
2460059.5540269	11.00387872006604	0.0076999794162817
2460060.6338405	14.696561272344638	99.999
2460061.5033909	10.972752190154033	0.0074505652307517
2460061.5532726	9.55829350270445	0.0005891150029113
2460063.4981506	11.210194842463444	0.0095858473631189
2460065.5163205	11.13310304878571	0.0088485069358354
2460067.5287478	11.044536564919268	0.008050937211435
2460069.5235389	14.56739225883288	99.999
2460071.5365486	14.542360826185858	99.999
2460072.5184595	9.83724961341409	0.0011212821249637
2460073.5182775	9.580372922593275	0.0005095939310781
2460074.5160112	9.500876460655164	0.0007313083206102
2460076.5032774	10.6696447021489	0.0052987612336824
2460077.4971336	9.606476784195854	0.0003928477367697
2460078.4947393	10.865801220774411	0.006618832766518
2460080.4808875	9.505744673726053	0.0007209519747978
2460081.4843629	10.116494587687423	0.0020731951390688
2460082.473537	11.926122270798473	0.0197140966672944
2460083.4724572	9.4979008247116	0.0007381841633936
2460085.4719707	9.601332454554257	0.000416184748791
2460092.4485744	12.341134703887777	0.0260133182194405
2460175.6682231	14.571611146260434	99.999
2460193.1299263	14.687019089000769	99.999
2460201.9802595	14.577682679332684	99.999
2460207.0988877	14.71780720996332	99.999
2460212.1001335	14.719978744698103	99.999
2460215.6013667	14.509488006943842	99.999
2460219.5759844	14.505661556171354	99.999
2460220.568353	14.619682824136838	99.999
2460222.0745729	14.774984105913788	99.999
2460225.8083858	9.615492407848311	0.0003258376550885
2460226.9359201	14.629295157192027	99.999
2460227.7965135	13.212639316898404	0.0671627846625871
2460228.7961698	9.565993292280782	0.0005485439153532
2460229.8725153	9.409595717062126	0.0008750027122931
2460230.9093695	14.58485849890134	99.999
2460232.9174261	14.58420410847516	99.999
2460233.9583942	14.649427604341534	99.999
2460235.7874444	11.318125262759384	0.0107202060158461
2460236.9220628	12.631725179995186	0.0308574856319813
2460238.0811991	14.80968103448442	99.999
2460240.7825945	12.484142392212954	0.033748142795262
2460242.5915084	11.197168538658882	0.0078641309466846
2460242.7683037	13.908973926587544	0.1288213179306723
2460244.7580137	12.556575278106294	0.0363411176000657
2460248.981332	14.677743062729927	99.999
2460249.978427	14.692479916551449	99.999
2460252.9911629	14.76973388670151	99.999
2460253.9158532	14.659845322408607	99.999
2460254.9116898	14.628785457276267	99.999
2460256.7247237	9.565746826622364	0.0005470253547946
2460258.0190732	13.963228637829827	0.0990201910794338
2460259.7333029	9.5415895271231	0.0006221610538081
2460260.7177683	9.552181936196236	0.000602114944542
2460261.7935471	9.461627173038575	0.0007958175726242
2460264.7080997	10.988064494082202	0.007567918585853
2460266.4370954	14.597766920849688	99.999
2460267.696592	9.54375123130389	0.000615956824567
2460268.7107137	10.92239993994641	0.0070476407318308
2460269.8593603	10.895553612724209	0.0059232006961312
2460270.8353964	12.14357435579256	0.0192848852096008
2460271.7561612	11.49173424199953	0.0128028802200419
2460272.7201266	9.643860853767771	0.0002035977180374
2460273.8283844	14.565409038770522	99.999
2460275.4542383	9.708606873084385	0.000530663612124
2460280.0196768	12.4230381004911	0.0255830212966862
2460283.0332033	14.809163730291568	99.999
2460284.0672472	12.360586842122077	0.0218088516116647
2460285.7887622	9.491108357126343	0.0007417643124662
2460286.9208065	10.932107425274962	0.0049918836744711
2460287.9097409	14.694220541403986	99.999
2460291.7594908	9.47104663795929	0.0007795610995991
2460293.620362	9.631853022993411	0.0001776159697515
2460297.8531437	9.507133804921846	0.000713614727666
2460301.461462	11.251251337675631	0.0083660993763221
2460302.963559	14.731042394676503	99.999
2460303.9540013	13.216150422782215	0.0545325928385476
2460309.8213814	14.696909457073836	99.999
2460311.7269122	11.508197553239366	0.0102391749243573
2460311.8341167	9.541810480087108	0.0006271597453177
2460312.764345	11.403209836530472	0.0117005556325955
2460313.7020185	11.13977954009506	0.0088998499990837
2460314.6789365	9.448234017012156	0.0008186124190769
2460315.7760147	10.790238096072711	0.0060818769080566
2460315.9498373	14.69593233483452	99.999
2460317.6211905	10.749052130700958	0.0058025628289015
2460320.6061788	9.55216464221783	0.0005900490678869
2460321.5500394	11.441150669874496	0.0121647207732382
2460321.8766823	9.66142666153791	0.000417450907814
2460322.549903	9.504145361346035	0.0007148771731264
2460322.862686	12.356255758562432	0.0236991499861212
2460323.5460318	9.60506128047628	0.0003822924153815
2460324.5505299	11.01611079244691	0.007803190435054
2460325.5758047	9.540296264301432	0.0006258346329034
2460326.5693189	10.890168352254662	0.0068033753993987
2460327.5788097	9.55592213903314	0.0005798080765776
2460337.5378206	9.54431688038158	0.0006344353417715
2460338.5671374	9.49728012081956	0.000733050277022
2460370.6448608	12.53227290185393	0.0353551446860044
2460373.6969124	9.570512662806124	0.0005368161360851
2460374.6883554	9.546475410471809	0.000606437349833
2460375.6918732	9.58190181230335	0.000487249285679
2460377.6753178	9.512558873822597	0.0006951127634235
2460379.6808551	9.53924839063101	0.0006282521521251
2460380.6836586	9.410445416984846	0.0008735711351919
2460381.6751867	9.40629578839249	0.0008787659099891
2460382.6684363	9.490831554766276	0.0007416005103907
2460384.6582595	9.428062352933868	0.0008492096485649
2460386.6499994	9.477480651850549	0.0007683260284446
2460387.6552642	9.4313623327773	0.0008465928592829
2460388.6507096	9.439608625902526	0.0008379597886564
2460390.6507458	11.963925695051552	0.0180695638734796
2460392.6326614	12.537065078742476	0.0314125559359889
2460396.5240341	10.946094301314858	0.007238616087353
2460399.6161662	9.483333323175154	0.0007649101839974
2460400.6157442	11.15239159648527	0.0090250264919421
2460401.6067218	9.45023961046988	0.0008151015959662
2460402.6072067	9.456358981735145	0.0008086430809729
2460403.6053237	9.453842576801357	0.0008088052450122
2460404.6044439	9.42068137251833	0.0008587197984105
2460405.5960371	9.45809863273528	0.0008014957103533
2460406.5840669	9.46860381691854	0.0007840432609259
2460407.5957557	9.459587571917671	0.000799104374438
2460408.5825419	9.44710451209659	0.0008226840795758
2460409.5879403	9.442301649844744	0.0008335960968813
2460410.5806824	9.482735976361656	0.00075770645048
2460411.58374	9.462279096510688	0.0007949378314967
2460416.5741365	9.47852021600845	0.0007855645363562
2460417.5640268	9.47994797744327	0.0007707968248059
2460418.5667191	9.44868287554644	0.0008236681936634
2460419.5551037	9.474225235337665	0.0007824126875098
2460420.5616834	11.319667277003546	0.0093539943536254
2460423.5660159	13.764007495432296	0.0991034019432558
2460425.5362059	12.50139453388124	0.0302644599017026
2460428.3007106	10.813255185962646	0.0052947614775872
2460429.6314252	14.612446667665935	99.999
2460431.617024	10.210995670330256	0.0021048581828119
2460432.5357121	10.525113755267366	0.0044566910194216
2460434.6036231	10.687944073319688	0.0041602227224351
2460439.2647108	14.618995674314217	99.999
2460442.4743816	10.49401595393562	0.0043113085948989
2460444.2357798	9.564449236710184	0.000810999384036
2460448.4738968	10.949192672571382	0.0062655097237396
2460449.480743	11.30370717636432	0.0091872807547293
2460450.4679209	11.111002253878976	0.0074908922974781
2460450.5027476	11.04618062398676	0.0080907854858579
2460454.4669838	11.362077614031742	0.009804727638636
2460457.4625577	9.475681339320616	0.0007709593871211
