2458019.8456243	15.534056584187145	0.0137322962292187
2458028.7621822	15.546875509444964	0.0434513786225642
2458029.7450978	15.68886040782454	0.0415803995805202
2458039.9536316	15.577682572726072	0.0182434216973881
2458040.9492717	15.800159800859754	0.0225414496319493
2458048.8981258	15.725406613898512	0.0173437729839957
2458051.7849074	15.454616316426378	0.0141391245317074
2458053.7755604	15.463722728475858	0.016522924842562
2458054.7966469	15.752866427072869	0.0198788464701445
2458055.6740572	15.396189746766211	0.0191188941253785
2458056.6836801	15.698558327456963	0.0253716585091053
2458066.8830274	15.348111441325551	0.0344035100607753
2458067.8949429	15.63525120413437	0.0202567646705754
2458068.8911535	15.323787583299492	0.0209049937575624
2458071.8444852	15.678480670191234	0.0174993767031939
2458074.831333	15.447491108647268	0.0147171466241586
2458075.791704	15.668666073801996	0.0165513431948329
2458077.8160029	15.68400845910038	0.0136488867261718
2458079.8120624	15.6750293939711	0.0142475197393902
2458080.7538773	15.519790968905262	0.0132521736063424
2458081.676908	15.526236946465602	0.0151109009762687
2458083.6358961	15.578177239038862	0.0149607746494558
2458084.6326281	15.788816796697116	0.0303140998585369
2458085.7846416	15.655369926992824	0.0186606935776182
2458086.4960034	15.896460104587868	0.0527385813705157
2458086.7122138	15.532900414476485	0.0308808366404644
2458087.4933008	15.373415006388022	0.0456316075423539
2458094.7367193	15.48262986424752	0.0321294842588427
2458095.7340692	15.755290468421965	0.0349588730274846
2458096.7299172	15.377226650498688	0.0226337775223078
2458097.7272137	15.690190632028331	0.0203799129037166
2458099.7217819	15.711416488395942	0.02003387192555
2458101.7111035	15.693542114799932	0.0205773202105717
2458103.7052793	15.674945276776365	0.0177663523216746
2458104.7014433	15.412322727118106	0.014283519504731
2458107.6378857	15.71354173333987	0.0178195101321499
2458107.6836761	15.715109925651497	0.0179904335439015
2458108.6803822	15.4128587724266	0.0162966651815773
2458109.6173961	15.666853883909242	0.0139016458839556
2458110.6245668	15.389965009981267	0.0150336865606589
2458111.648466	15.685631456869292	0.0179461497948795
2458112.6491126	15.454882725185607	0.0182314518604771
2458113.6273196	15.759457420530186	0.0248988845599439
2458114.6125713	15.371992733756594	0.0221355951527532
2458123.5977889	15.636720458743874	0.0192201855929977
2458124.5498108	15.40433917995445	0.015628867798615
2458125.5498041	15.727043879716163	0.0182131024352873
2458128.3753719	15.742622214480216	0.0198544436368891
2458129.3710304	15.632120224177054	0.0132753183334907
2458130.370441	15.68512125338195	0.0187144547814589
2458132.3629364	15.681864557828074	0.019268499996734
2458133.3415025	15.565341505664748	0.0160334332293323
2458133.6067629	15.768671220123895	0.0206419225505326
2458134.3436666	15.613924777454216	0.0151821659132867
2458135.3433714	15.624633951947986	0.0145349030118114
2458137.5760097	15.756269660778273	0.0197895858598563
2458138.6635411	15.632054574186	0.0133517097452869
2458140.655608	15.601253984795264	0.01542035775546
2458146.3210223	15.472862158911504	0.037653703252105
2458146.5786525	15.622177799368	0.0488341097748379
2458147.329794	15.73409112058803	0.0777001751613859
2458147.5780927	15.607935264971823	0.0673565147221693
2458148.5739937	15.608033065337132	0.0679846952735589
2458149.5699433	15.672295680252796	0.0626755753227047
2458150.3119352	15.472149421943492	0.0519649007268114
2458150.5692955	15.644029162749082	0.0607465866524744
2458151.5651307	15.537756592463142	0.0544370290974045
2458303.6804159	15.695644095946797	0.0291818850422218
2458303.9327331	15.520833172775305	0.02868572770993
2458304.6762019	15.32915913893556	0.0221457314699037
2458305.6728851	15.833022664463972	0.0349629349856274
2458313.9051672	15.408439074210436	0.0171952577134593
2458324.8894635	15.670597643445738	0.0345051814589111
2458328.6086263	15.528486603306886	0.0374256209320557
2458328.8647656	15.6077947800916	0.0556192249277268
2458330.6070268	15.422245599049552	0.0445713768567569
2458332.6028419	15.508966861367233	0.0363659642111519
2458343.8960981	15.603891905267725	0.0168642055469178
2458346.8711567	15.66782367243561	0.0156810758413083
2458347.9169355	15.655122616089503	0.0171848197363993
2458350.8457945	15.718974194288576	0.0198625732180485
2458358.8164269	15.541450180465722	0.049026694634578
2458359.5302838	15.42221109604971	0.0439540110764996
2458360.5233003	15.53770516746541	0.04624588221952
2458368.8635472	15.393174658215909	0.0161017308466624
2458371.8934111	15.720862318125915	0.020314129472976
2458372.5779222	15.72172673685011	0.0165871715506189
2458372.9154953	15.532058121236446	0.0141534351311636
2458373.6035417	15.47964145512334	0.0166145179721951
2458377.7683342	15.683558115529197	0.0155720336076595
2458383.7111154	15.69832896073464	0.0260903406178378
2458384.8795465	15.420648559111632	0.0284357409869829
2458385.8167943	16.0624859958632	0.0786055004051253
2458392.6103347	15.551710163393755	0.0397521801989913
2458393.8407375	15.72125989392516	0.0283947304966226
2458395.4871185	15.565345306670144	0.0109156294390713
2458397.7641521	15.773311723378583	0.0225958347551142
2458405.7582595	15.75614914224914	0.020554287495545
2458406.6631484	15.431849350723205	0.0161056137668476
2458407.7046057	15.720361190474886	0.0218763587420292
2458409.6375977	15.707114111185325	0.0241124145249894
2458409.812707	15.502217652518514	0.0160171303237943
2458413.4348373	15.528366759631291	0.0744947207836593
2458414.6344809	15.39923256016264	0.0507803236174045
2458425.5813616	15.796378505799735	0.0224395626386789
2458425.867618	15.452232126908545	0.0187809688642781
2458426.581368	15.574998182184345	0.0173745704352687
2458426.8324897	15.668873523531776	0.0177561051698888
2458427.5752359	15.714712011312043	0.0218630390199912
2458428.572026	15.534868875927852	0.0146749325654359
2458429.587539	15.76744506827069	0.0259846851199973
2458430.8991972	15.72788097821646	0.0205237096725434
2458431.57015	15.77543913112188	0.0217320856895454
2458432.5671808	15.564874949461435	0.0175710796289321
2458434.5761035	15.574374793739429	0.0148072676892705
2458435.6099813	15.584981541162476	0.0134884333156158
2458437.49011	15.67883832415877	0.0174118124134356
2458438.7313405	15.70185276574403	0.0189566701023418
2458440.6361987	15.708676219399642	0.0291559098966521
2458448.6147478	15.675920771304432	0.0277960804385224
2458449.7553835	15.448149761828889	0.0260561128374367
2458452.8269554	15.57621644552773	0.0122615516904936
2458453.6880749	15.575220002163784	0.0319098522929162
2458454.671638	15.737212730594289	0.0173909210543915
2458455.7892806	15.63085351388988	0.0155002864693441
2458456.5327127	15.641015490761912	0.057023744800688
2458456.8704716	15.409370947671698	0.0170040582999349
2458457.4840284	15.511394492064188	0.0190610258201513
2458457.889189	15.695629406137328	0.0159783185691825
2458462.7436583	15.62442248244018	0.0136931971841578
2458463.4362722	15.574468043887505	0.0135350372998669
2458465.5322457	15.338981916389567	0.0229708058211773
2458465.7642134	15.738845418533195	0.0338669725111661
2458467.4340384	15.462037665516847	0.0184158709801551
2458467.570264	15.424137644319265	0.0183260389639054
2458468.4395004	15.653069461200328	0.0239414822987246
2458469.3741717	15.643257349956606	0.0327880500726557
2458475.6973023	15.63885473111757	0.0376196540180138
2458477.607228	15.58897219518703	0.0329707241937123
2458477.7829113	15.815188802413116	0.055333369110468
2458481.3953808	15.392645919189702	0.0157785581456003
2458482.5975956	15.639676665450525	0.0206329031784033
2458483.6623832	15.658418717060044	0.0164898380649053
2458484.7559242	15.40251980035096	0.0198384537569521
2458485.3848679	15.385371957627784	0.0176356772312877
2458485.8517533	15.80327015535543	0.0212040184295457
2458486.5835856	15.668992600554294	0.0261710854496731
2458487.3849265	15.414170534082734	0.0172068030724851
2458488.868665	15.592956715413866	0.0122890181770012
2458489.8368578	15.712531457549645	0.0180051549028443
2458490.8366439	15.552267598626216	0.0126587021140412
2458491.6511373	15.694897794424143	0.0304704288957972
2458493.8281684	15.678934530099369	0.0146284231426495
2458504.2976909	15.875533061399471	0.0786878591691051
2458505.7288335	15.71528478260254	0.024454046488308
2458507.326229	15.466168767707044	0.0202322008689943
2458511.3175829	15.542557935259431	0.0132724691269118
2458512.6517633	15.57335262923954	0.0118698473389919
2458513.2947854	15.519880090493617	0.0157450804469385
2458514.5699687	15.457765301070092	0.0192496863939043
2458515.67532	15.794376965586643	0.0302533561735853
2458517.3004483	15.573138386743835	0.0245174237876569
2458518.558028	15.429877453690558	0.0180004351591447
2458519.555959	15.727605633715957	0.0228514601962698
2458519.5571761	15.756887166928966	0.0264989920364247
2458520.2898707	15.78081303524323	0.0245653890191669
2458521.294296	15.564856684131737	0.013654620167815
2458522.6574239	15.546865625327444	0.0204867300644038
2458531.6283457	15.55075894663524	0.051415999505561
2458540.5995865	15.62662607152744	0.0184676512039214
2458541.6002267	15.48699007439529	0.0196579136042684
2458543.5936898	15.47306166805942	0.0176489662280032
2458544.5905689	15.659039634085357	0.0303663376230787
2458652.9400845	15.39308284592926	0.0614511419267804
2458653.938819	15.469394962706032	0.0763873812942637
2458657.9250593	15.648651940680976	0.0391448169221
2458659.921765	15.73452590267764	0.0400681950942583
2458668.6530824	15.637373149925256	0.0168844886279916
2458669.914997	15.735100235602689	0.0262373188443201
2458672.1197194	15.488580622033798	0.0368689509645381
2458672.6681476	15.599978468184116	0.0150685592836244
2458673.674476	15.694988515089282	0.0202550831151151
2458676.0984258	15.37666300092312	0.017379983062482
2458679.0687049	15.806646029519907	0.0405339723360905
2458679.9036072	15.6133035295744	0.0437310796764615
2458681.9003461	15.587053545968615	0.0614249872006924
2458693.120597	15.63622274902491	0.0199983321541422
2458696.6759227	15.454549455218876	0.0156770000645863
2458697.8470058	15.520766803442651	0.0171028002355477
2458697.9540023	15.382914463079809	0.020627716354762
2458699.6607747	15.764839050606344	0.0228555214539278
2458700.850488	15.68392179157562	0.0192035177956345
2458701.8467771	15.380517207255288	0.0227547030468102
2458702.5973762	15.420477782549638	0.0227055647220066
2458704.9382585	15.594737266952926	0.0217455119430507
2458706.9553537	15.762681250358028	0.026067365717764
2458707.8869309	15.44694211197116	0.0270712719137011
2458708.577374	15.481712306143862	0.0365790411240457
2458709.6444378	15.801776823461392	0.0417578120615869
2458710.9330784	15.725116803135906	0.0691568866585088
2458711.8168919	15.536992813830858	0.1092232205611232
2458712.6094658	15.560678615667186	0.0715830439425458
2458713.820399	15.378316622101282	0.0353663205328118
2458721.0012233	15.454664417233436	0.0330301411401446
2458723.097556	15.344199132620195	0.0159427368541146
2458724.1166741	15.691527853595131	0.0174412776065205
2458724.6359541	15.605159960310004	0.0151216033119808
2458725.088484	15.393110112677462	0.0142926585054967
2458725.5913609	15.685121858275428	0.0194831384806422
2458738.7446173	15.811540707689655	0.0513617161290542
2458750.5909738	15.742407193522665	0.0228792625347251
2458751.0907421	15.608948615557834	0.0141229201842605
2458752.0862189	15.612668028319607	0.0130939074957497
2458752.572981	15.746710602754552	0.0236816815601691
2458753.5654299	15.406961071768253	0.0155620734143371
2458754.82998	15.400890491921556	0.0172948040721253
2458758.6690378	15.617506591150647	99.99
2458760.4328458	15.688791692565612	0.0180303836331346
2458761.4298279	15.444883698213074	0.0206224423728419
2458761.8637005	15.728225905853536	0.0206093682384047
2458762.4268312	15.785800858245365	0.0321963585161222
2458762.8709126	15.46115002214763	0.0187672523782624
2458763.6923284	15.61543193531998	0.0193971696790056
2458763.8614193	15.676879823908292	0.0173728836144288
2458764.6879353	15.5250843485672	0.0276225828687609
2458765.4245737	15.400648234767235	0.029978347376249
2458765.8690877	15.595879951574313	0.0146062470942696
2458774.9852746	15.722382869831591	0.0305255584271083
2458775.5700766	15.551526565759154	0.0353762861022039
2458776.6112417	15.5076649360081	0.040330805489722
2458778.0709887	15.399282931402896	0.0201106252700263
2458780.0584022	15.463715209966304	0.0154340674478323
2458780.9747284	15.685906705784651	0.0190501205910864
2458781.8948054	15.502989671017191	0.0147257692629638
2458782.8987019	15.552518792836793	0.0237497716475073
2458784.7737767	15.5288178869721	0.0176891393915213
2458787.9042962	15.450896492387276	0.0139857851522809
2458788.9222067	15.72873699803697	0.0168492840668605
2458789.3525952	15.483891139150574	0.0185301631641432
2458790.0091032	15.43508944480906	0.0156780465470329
2458790.3458444	15.750669221230618	0.0270761532900146
2458791.8672143	15.426294351507492	0.0177382664926038
2458794.7992623	15.618601850515423	0.0313669461326211
2458802.3090629	15.610376895440265	0.0362609430665595
2458803.5822979	15.732840362508991	0.0229744620796184
2458804.8403219	15.712498624454913	0.0317641441775264
2458806.9738272	15.773855338247277	0.0240118095895419
2458807.5203387	15.67894744419748	0.027492318344599
2458807.5533817	15.742607530778631	0.0224596240230224
2458807.9835297	15.538078070980594	0.0171150254110915
2458808.5783749	15.467409236089448	0.0191374506643141
2458810.5349727	15.443410183431489	0.0185014651210487
2458811.5364954	15.698876356320936	0.0193296985787858
2458812.8552633	15.71168964336382	0.0173339514637177
2458813.357582	15.675650081478578	0.0160856698349859
2458813.5554642	15.761532599466848	0.0223718146456375
2458813.9036254	15.54586722509328	0.0131250383250597
2458814.4774647	15.446884063531582	0.0156911395453807
2458815.4387618	15.669131180146827	0.0211582803183255
2458815.6132091	15.671912935518728	0.0191034256668819
2458815.9599691	15.572483507456647	0.0123012283418956
2458816.5312517	15.536443922949132	0.0218542857620614
2458817.5356913	15.663461691262846	0.0236247459164269
2458820.2967934	15.625160674044	0.0297377053883755
2458821.2821658	15.57785261804008	0.0402635766633975
2458821.7195165	15.37930742657233	0.0188745519811485
2458822.2780515	15.658175863770566	0.0713922537798079
2458823.4638639	15.77831412349222	0.0400646048826283
2458829.9373094	15.814180901815227	0.048652339772764
2458831.5376993	15.690229510395996	0.0261082713613502
2458831.7982145	15.566463780981554	0.0434529514630782
2458832.6258017	15.607748903633054	0.0347150966751973
2458832.8176289	15.784144985593088	0.0452659254911099
2458833.8443871	15.68629380522336	0.0383206511501239
2458833.9031694	15.659898168727317	0.0229030404102468
2458835.5933388	15.398449147963849	0.0170328097548959
2458835.8122555	15.588372411241878	0.0226679174477835
2458836.799195	15.686479246816386	0.0228586078116805
2458837.8077697	15.64436452788454	0.0199364614601285
2458838.4076692	15.49965354950281	0.0133998176379858
2458839.7238354	15.608395254577038	0.013542468262349
2458842.6114452	15.74504050377424	0.0226179264765617
2458842.6127102	15.617506591150647	99.99
2458844.7530351	15.719195336256906	0.0196399933350198
2458845.4017972	15.751522631155542	0.0239157906736905
2458845.8772269	15.684376393858798	0.0172877898777063
2458846.873834	15.416534864279122	0.0131456068849085
2458847.8742307	15.74794419916383	0.0203687324856334
2458849.7748863	15.641062543991051	0.0182730155852889
2458860.3078781	15.528123343073052	0.045882069324803
2458861.3782435	15.493037510042292	0.0661058289675451
2458862.3786074	15.739298563361366	0.0646250283326365
2458863.3490448	15.512602300228526	0.0156415467521498
2458865.3511805	15.500732259844131	0.0169647726392904
2458866.3129739	15.592771186451795	0.0167083119224493
2458866.8202254	15.445646215003048	0.0133154084366013
2458867.8013456	15.711198933028513	0.0182069913551414
2458868.7978394	15.441403920430988	0.0141903280352329
2458869.8022338	15.683574988821334	0.0194741352793912
2458870.3211603	15.600283919272016	0.0168791662004898
2458871.7912948	15.716639950250414	0.0205702904621041
2458873.7844441	15.756566300917282	0.0197239611497462
2458874.7809725	15.493210890799482	0.013294504525128
2458875.7851892	15.74113849385351	0.0154410514761509
2458876.7778384	15.486181242556071	0.014737941134694
2458877.7705831	15.712283878024468	0.0174295023381774
2458878.7397574	15.423457541200206	0.0172003412573624
2458888.7496252	15.577563878260328	0.0398132690743407
2458888.7509132	15.611763490449595	0.0419014172451196
2458889.7360813	15.736170093723256	0.0296883426788007
2458897.5216569	15.75305320827728	0.0484122080484794
2458902.5176878	15.388820798962673	0.0300773002671697
2459022.6815964	15.695850560694224	0.0341090566061174
2459025.6731298	15.374216123680768	0.0278021375950347
2459029.1073589	15.61865560607364	0.0256013594523924
2459030.6835266	15.682656994665882	0.0333490207332536
2459033.1034227	15.562664185008394	0.0182969298536257
2459047.6308704	15.5241500758994	0.02277695455635
2459052.6151672	15.773007241842691	0.0260290962383861
2459055.6133141	15.603923026851554	0.0259493140804547
2459057.9147852	15.776583315673715	0.0272181989253821
2459058.9004476	15.529873874084204	0.0199866148751761
2459060.0506699	15.38798604277134	0.0157920940405335
2459061.6018475	15.608483658914542	0.0232477969978127
2459063.0332398	15.617003214704802	0.0381423706367361
2459067.0441897	15.719852481870966	0.0394257007138673
2459070.0190708	15.428257603168724	0.0263764000354072
2459074.980994	15.68929174110362	0.0220809155673557
2459078.9669093	15.687709091545042	0.0179651199455122
2459080.9625538	15.69922991519078	0.0190146704771114
2459082.8491219	15.646215669066006	0.036255893462453
2459083.9065647	15.366931484385454	0.0191541763944037
2459084.9307575	15.750101072435855	0.026062684888133
2459086.9591018	15.693132346828786	0.0180428307410407
2459088.9628012	15.757081788888415	0.0198452207616123
2459090.9653127	15.699340703567763	0.030912547652368
2459092.9998661	15.78229658837204	0.0397240189176704
2459096.9258707	15.8284006340465	0.0604551230256977
2459103.4782381	15.686814459555372	0.0245555084923011
2459106.0063873	15.649126492884806	0.0137428715119059
2459109.0164323	15.433490289610162	0.0143720816290455
2459116.4334331	15.43444568303234	0.0266701919769193
2459122.7870182	15.633353974282455	0.0346432279541466
2459124.8998421	15.334148130266405	0.0504387817694483
2459130.8278607	15.453684996789468	0.0175791347129388
2459131.7474445	15.546949919691327	0.0267846144583391
2459132.9402783	15.327351616381756	0.0209020649928014
2459135.9344453	15.629254286424246	0.0189505448744422
2459136.7664482	15.558683207021154	0.018114224745924
2459137.8941516	15.715381220843334	0.0189965904785554
2459139.9029003	15.803774193549618	0.0224078755314527
2459142.6113709	15.784313118010964	0.024778740816209
2459143.6292673	15.522336719840908	0.0178269204238756
2459144.8395417	15.410035311729324	0.022483710524635
2459145.7897776	15.75497041541356	0.0291295882006952
2459146.5077123	15.65898553952332	0.0137747243529897
2459157.875372	15.70837982993988	0.0363520422263002
2459161.6830811	15.736915238653143	0.0222199675582474
2459161.7541684	15.606176774030091	0.0081543934684912
2459163.9056554	15.61577177442694	0.0221241544154396
2459164.7979336	15.513011308133397	0.0156740201761145
2459165.5477759	15.60388497098884	0.0191597869990806
2459167.2745144	15.447218612638045	0.025725141291788
2459167.636812	15.683153832986108	0.0192895830431541
2459169.6093049	15.724044010769608	0.0147696288190876
2459169.695641	15.732894653727422	0.024636209764939
2459169.7958593	15.530549180029269	0.0089848715385226
2459170.9627069	15.654529626843187	0.0154854762452628
2459171.4578112	15.561875639091358	0.0200383178912924
2459172.5556254	15.509657443422611	0.0220930464221815
2459179.928843	15.405180127244154	0.0233003532414916
2459185.8245113	15.466236430425385	0.0326719115583704
2459187.8602513	15.47088887225639	0.0335582612283917
2459189.7771255	15.43814079877433	0.0196898611265867
2459189.8631099	15.421789759277566	0.0145180016469129
2459190.5709468	15.512104784659977	0.0135406943403317
2459190.6071222	15.3976909155073	0.0157466137476045
2459190.8179841	15.731160354288056	0.0153625289914834
2459191.729797	15.504551319415295	0.0208017071916789
2459192.7473194	15.60624661923849	99.99
2459193.8250417	15.347144552747164	0.0192974766598276
2459195.6998192	15.48864209143318	0.0136507355840092
2459197.5337434	15.666085991648488	0.0119386427809587
2459197.6008257	15.743230552234936	0.0239792677465106
2459197.9199316	15.522026045336167	0.0131788237502142
2459198.6512924	15.63784067844156	0.0189766873852544
2459198.6698215	15.608303407498704	0.0169356007839209
2459199.7971936	15.41693987485533	0.0186793253787764
2459200.8040772	15.780402932946464	0.0252154707861397
2459202.4442739	15.377987983605031	0.0201870904448746
2459204.5359263	15.606081122976644	0.0144287168937867
2459204.6247868	15.640130548139384	0.0150609158638473
2459205.6234292	15.649100436125403	0.031900819952607
2459211.3607026	15.782300241051908	0.0632089771389825
2459211.5568498	15.57674508354216	0.0415991850418644
2459211.7866883	15.412279812939117	0.0339245993173737
2459213.6382056	15.542265550323616	0.0633177476201769
2459214.6653033	15.567037840628055	0.0691065499916203
2459215.6560308	15.288882078111468	0.0354701677444224
2459216.7662311	15.67393011430535	0.0405170112817042
2459217.7408726	15.463808186779048	0.0250210410757451
2459218.5615199	15.715685313322645	0.0175108177926839
2459218.5787163	15.67635139977022	0.0164785103477503
2459218.7437024	15.702388181324183	0.0273696225009407
2459218.7742361	15.664998624160926	0.0115241696428391
2459219.6468698	15.3306473938035	0.0200068530374707
2459220.8458321	15.577235585969213	0.01316562934622
2459221.7391665	15.51815949519083	0.0177346828212573
2459222.625079	15.664107911859462	0.0190334114406552
2459223.5997669	15.455717625336154	0.0198170422166811
2459225.3747573	15.739967994157332	0.0208495751968166
2459225.5473178	15.4576168118166	0.0179797545168709
2459225.5942396	15.407407092946851	0.0170080126940185
2459225.7546265	15.54647271470265	0.012846722845815
2459227.734461	15.587321676028656	0.0162386823665084
2459228.6143596	15.7195200210851	0.023649151526114
2459228.6212683	15.791814720570178	0.0258415021174424
2459229.7296918	15.624134418001908	0.018940886491187
2459230.7261503	15.722862183401192	0.0217005590054
2459232.3602232	15.598003720403156	0.0167226075659343
2459232.5749086	15.742543130509524	0.0289542472384921
2459232.6434267	15.7604655610662	0.0246743284462186
2459241.576158	15.574246176349602	0.0713371191594737
2459243.5788131	15.30203315368022	0.0450674610392823
2459245.7703264	15.64191830072778	0.0181408844528518
2459246.5245683	15.743355040763197	0.0719966858843023
2459246.6062989	15.605507124782733	0.0118775843589891
2459246.8098259	15.391611683948843	0.0178628428468209
2459248.6565997	15.590355879869724	0.013636816889173
2459249.5643791	15.474745405283306	0.0202035456032234
2459253.2994977	15.56583228849265	0.0207707691549003
2459253.5362297	15.612649989346368	0.0190420071502519
2459253.6567708	15.645318669955191	0.0155371612455284
2459255.3061409	15.52863806526056	0.0251456114097427
2459256.6535388	15.443142963008164	0.016151756160772
2459259.520285	15.72774116532958	0.0630816068438469
2459260.5393558	15.695636607162555	0.0293516380280197
2459267.2661966	15.564549444406245	0.0628249440248871
2459270.6154204	15.372803658304807	0.0428251205346096
2459274.596731	15.417875275152475	0.0188955981975969
2459277.5919153	15.660429234747353	0.0300912528396869
2459384.6825708	15.637681682160837	0.0479311831061862
2459385.9219309	15.456631301785151	0.0267713724706296
2459386.661447	15.537867551325588	0.0403691166553616
2459386.9180562	15.618967137481285	0.0312249900009556
2459392.9145092	15.604637457624978	0.0574490661428562
2459393.1100668	15.365928992044688	0.0354174190307456
2459397.0991615	15.39609126503651	0.0250154929005102
2459402.6556846	15.686193855593354	0.0315985597161393
2459404.949785	15.356131441570716	0.0390651624707648
2459406.9268827	15.601918785346111	0.0229776909719952
2459409.0942162	15.47973405354681	0.0184415654012718
2459410.9190645	15.47491769408638	0.0222297768821214
2459413.8739086	15.581707317261058	0.0193631399953043
2459413.9391194	15.64644299648046	0.034329192553173
2459414.8686856	15.59828125490405	0.0259335116151397
2459415.0508412	15.483559473314797	0.0162663877209856
2459418.863615	15.496714486720716	0.0611088401996321
2459420.6123457	15.616508901376925	0.0683988736497689
2459420.8526238	15.506278705782124	0.03351956134101
2459421.0521654	15.56512833293006	0.0384138108736917
2459422.0518241	15.827135603457798	0.0478123222474088
2459424.0391741	15.75934237540607	0.0447545067453863
2459429.8338312	15.749389891687796	0.029786882004847
2459430.5884175	15.67197110595914	0.0223413533458863
2459430.8495602	15.382962302908506	0.0216017610774713
2459431.6189167	15.476427970901604	0.0189398009792793
2459431.8516415	15.73128449608016	0.0253805926388721
2459435.0001637	15.61614300658652	0.0115729579286509
2459435.8160475	15.74983608833049	0.0210838165445629
2459435.8692711	15.647714359024178	0.0218929226908482
2459436.0358495	15.589035357435922	0.0118591318462401
2459436.9388795	15.707175747368856	0.1100841008500135
2459437.5650048	15.51454275837738	0.0214537151295938
2459439.0012406	15.621009971897276	0.0134394547348421
2459439.8570569	15.706313844425797	0.030212711363663
2459440.867083	15.541833420637612	0.0163338476685174
2459442.5482207	15.832674056258185	0.0340794472783292
2459443.80372	15.772698671212956	0.028343710291502
2459444.8723276	15.521537323076895	0.0188397549083117
2459447.8137189	15.798112993013667	0.0683202924183035
2459448.8448365	15.503922599151284	0.0693151936859556
2459449.038498	15.702107690752284	0.0287188456334816
2459452.9611042	15.65377029722313	0.0476307098295542
2459457.8551879	15.689089154432834	0.0276551293876924
2459464.7586843	15.501389073348314	0.0192412732244166
2459465.7430694	15.738606160449564	0.0277248349089546
2459466.7336371	15.563750580595569	0.0188608925245957
2459467.5196738	15.811218205082206	0.0392625837363176
2459468.9128189	15.69299746651553	0.0198093982873647
2459470.727241	15.620637611466623	0.0110232717105145
2459470.7658207	15.65559241281218	0.0152924802530468
2459471.0699152	15.74654350821426	0.0213064531021648
2459472.9601132	15.731664402269562	0.0226380389388875
2459475.7983205	15.33343012146994	0.0355116680102126
2459477.4462182	15.56253216956097	0.0907047101435793
2459477.695131	15.481911190046173	0.0318342418106546
2459477.8064351	15.362948217008238	0.0581872720001571
2459478.506334	15.552166902896086	0.079517495729613
2459479.4937742	15.844620575586548	0.0607277301760443
2459484.4821085	15.525568513064911	0.0381608250622231
2459484.7119487	15.520799998846371	0.0315513034522876
2459484.8637945	15.712218760667785	0.0185512089520441
2459488.0306015	15.643752293199638	0.0142457859534483
2459490.8440238	15.760802216871856	0.0197592166747567
2459491.6847583	15.4638802598451	0.0212150858774246
2459491.78557	15.438410718016495	0.0161840942042976
2459491.8438511	15.540785544575208	0.0086724276162805
2459493.4713581	15.77890165662488	0.0248648961143604
2459496.8307913	15.750057893561111	0.0218150492517463
2459498.6721372	15.63408049855401	0.0198797534786229
2459498.7452273	15.699414250904072	0.0204675576857472
2459498.8244089	15.55611909673872	0.0076397886954745
2459501.8150669	15.486208039319806	0.0249515527962826
2459502.9212713	15.531504592266709	0.0151117699155184
2459505.6123728	15.468095402954775	0.0252922881454184
2459505.6687469	15.442261197046792	0.0335266451674345
2459505.7298791	15.42831574631116	0.0437327663048181
2459505.8048381	15.61906694932183	0.028747250932485
2459512.4091302	15.5467433724923	0.0285764030422393
2459512.5848837	15.708178392250511	0.0221218414982817
2459512.6547343	15.613188460291006	0.0248405105772245
2459512.7376731	15.756533150686352	0.0339987143375833
2459512.9289277	15.470409956610215	0.0200965703332647
2459513.745811	15.453676462973778	0.0362087487139536
2459514.8818935	15.407009948578864	0.0156058438509179
2459518.0319425	15.73311987079099	0.0212820218058801
2459518.425499	15.604622685973338	0.0189415170127061
2459518.8617187	15.448787966856605	0.011458694617738
2459519.6472115	15.551900425119792	0.0200975275924436
2459519.6969166	15.533441540476234	0.0183794113048185
2459519.7272348	15.594476105413154	0.0163322853316504
2459519.7682853	15.657865384440946	0.0114555079529462
2459521.8710469	15.678621478029058	0.0190864662965003
2459523.7474484	15.67950557389812	0.0154861479627404
2459525.7629072	15.660118470867936	0.0112327856036372
2459526.6315479	15.561371003174829	0.0138872013790579
2459526.6452857	15.64483468633018	0.0181776635062195
2459526.8589107	15.46727358132082	0.0113210090425987
2459526.9327825	15.470100333169686	0.0181413830279677
2459528.7691929	15.511372872479548	0.0178137019856673
2459529.8857173	15.7358026765501	0.0203911162498422
2459530.8728617	15.436493629062568	0.0149127096104757
2459531.9160963	15.797949954108075	0.0241147536923877
2459533.2934496	15.625991840071814	0.0374810439473586
2459533.584323	15.54407157026584	0.0232032788711038
2459533.6751666	15.652929657259428	0.0462237195909462
2459533.6923429	15.596883520677672	0.0346818814749739
2459534.8106247	15.319424400680964	0.0573463217982598
2459539.6405994	15.753629471052646	0.0712838810943477
2459539.885608	15.608840400584658	0.0346641386662625
2459540.5734864	15.697838783377318	0.0273754311522435
2459540.7263241	15.48569281449761	0.0138531846260053
2459542.8801108	15.550264367437364	0.0236335318777761
2459544.9132748	15.626096153121908	0.0165987946241414
2459545.7659544	15.720087959353943	0.0374334550684335
2459546.7246678	15.40328967384875	0.0190921771423837
2459546.865192	15.628965979866445	0.0099488995937066
2459547.5327336	15.585534109756544	0.0149983243010961
2459547.6612514	15.681526015969787	0.0214386505994281
2459547.8029141	15.683469313883338	0.0208072881191824
2459547.8792766	15.67644851814578	0.0145069119097687
2459548.8589784	15.621845883959804	0.0158217293368429
2459550.7363568	15.411283513376056	0.0172428161865615
2459551.7429082	15.709125820205594	0.0227795716267162
2459552.7336221	15.47791760262915	0.0204115338491728
2459553.7255609	15.647711703730248	0.0232856593101345
2459554.5212601	15.487789723896189	0.0596301541923667
2459554.7932473	15.573193616179656	0.0182051755740973
2459556.7376028	15.551167700199729	0.0109941837362535
2459557.6026659	15.700569885957703	0.0264989223216534
2459561.3950427	15.62726197767315	0.0300612706030948
2459561.5591616	15.687733560622403	0.0388492160380759
2459561.5797037	15.663093383216278	0.0374979335158064
2459569.6742656	15.602567698604291	0.0490771360013333
2459571.7642763	15.612650528035784	0.0358200897210062
2459574.7918616	15.682916072529204	0.0294502336859914
2459575.7363207	15.515357457465877	0.0176053290506909
2459578.6189502	15.586646653329025	0.0128736094130305
2459579.7508981	15.494177524767904	0.0259564835988732
2459580.418554	15.40870551397126	0.0202241005463089
2459582.3200198	15.68581619570267	0.0216429985856608
2459582.5690614	15.532519154438964	0.0182695974804959
2459582.6696845	15.62068359964874	0.0248926394887683
2459584.7615131	15.693701509618435	0.0201760846047774
2459584.7627536	15.674935336111062	0.0255475089536081
2459586.7763992	15.69908730993953	0.0147327396083518
2459587.7487454	15.382135311108671	0.0192708796079699
2459593.8217353	15.540569285257543	0.0289736629128728
2459595.609245	15.483819615327942	0.0797579289733155
2459596.6512989	15.371437094477749	0.1328003120793011
2459598.8110985	15.774217818917034	0.0354053692473063
2459599.5913573	15.428545850627478	0.0438068477098454
2459602.8090086	15.72535496623011	0.0256662679423835
2459603.3523776	15.738669579214788	0.0294880835277404
2459603.7936671	15.53974341327848	0.0129409597769534
2459604.5897653	15.695835642498563	0.0310381961213639
2459605.5843905	15.408885994067642	0.0268563848759294
2459606.7031809	15.680733898710963	0.0216095943503818
2459607.7816696	15.571696076280952	0.0129849318119422
2459610.7249606	15.7484637844928	0.018258951387947
2459616.7531004	15.676210337656954	0.0187875419272878
2459621.7335561	15.55304848446509	0.0262841864350607
2459624.7414164	15.48872216168068	0.0208806582597913
2459625.5273837	15.39602098029732	0.0624402720104152
2459626.5300051	15.584943005451194	0.0687385391717351
2459628.6306912	15.574847412872062	0.0350705835124552
2459629.6273004	15.564284035580126	0.0173766912467727
2459630.6204276	15.726782814949347	0.0180486760477708
2459631.6209186	15.53485755027901	0.0161468453463221
2459633.6009894	15.616660798819106	0.0159008649212265
2459635.5891459	15.609098951436868	0.017113316467886
2459637.6011717	15.516250176273951	0.0203619425738151
2459642.5896947	15.62131825335214	0.0216382519020635
2459648.5760481	15.599741720283443	0.0547289111290537
2459747.6827618	15.79991651274997	0.1149907689654992
2459757.6536058	15.825701311648196	0.0384552648080597
2459757.6548579	15.865746143396668	0.0723444445722619
2459759.6538105	15.7659534446132	0.0393826573388528
2459759.6563141	15.705764478135542	0.0601654551892585
2459760.9262935	15.732780090796414	0.0277369318373287
2459763.9510548	15.32792365517908	0.0432122987712332
2459764.9546129	15.646897867975868	0.0735389491560478
2459765.9123036	15.46671106800558	0.0223977443974807
2459767.9389103	15.513863054736415	0.0362051796201078
2459768.680672	15.506099499346153	0.0223509726568017
2459769.6889211	15.788160325026032	0.0652557182554259
2459771.9305594	15.484528175149244	0.0401211777228572
2459772.8803352	15.98794861691934	0.0807811884858379
2459784.8760465	15.824998041637574	0.032782226267465
2459786.6114546	15.686999457660528	0.027016091068005
2459790.0320999	15.71259179402718	0.0204346255278941
2459792.5983485	15.691569370714472	0.0240083191632411
2459793.8413573	15.548183551407895	0.0174577254097062
2459793.8439504	15.48616853138941	0.029318800605573
2459796.5905754	15.702543607323385	0.024924494550518
2459797.5852494	15.436834748779225	0.0196914962576416
2459799.8194166	15.611194998184573	0.0303239272808497
2459800.5790185	15.815567397951302	0.0603242320800411
2459802.0283235	15.681495502423669	0.041170496851733
2459806.8733022	15.56298986523712	0.0619801214563989
2459812.0897107	15.62261587564822	0.0161912067268512
2459813.6770867	15.479491537149816	0.1033544594607644
2459814.8208721	15.404304406819598	0.0181029452475019
2459815.8131237	15.666699413961176	0.0178015946740962
2459816.8596707	15.38843158589582	0.0184996983922496
2459818.8203814	15.385319090749574	0.0220734678991509
2459819.7659133	15.632344026563583	0.0209604843760643
2459820.7634027	15.403081778021068	0.0177512019045902
2459821.7775338	15.67981528251128	0.0173213875828091
2459822.7977192	15.402538087107288	0.0175287685190038
2459823.8519481	15.684874564411448	0.0193222696411193
2459824.8282522	15.396468355829125	0.0166769743033833
2459825.8441894	15.773920271981233	0.0236746256726123
2459827.7989715	15.70241596110229	0.026270072695652
2459829.1422712	15.477931374495736	0.0537500087602151
2459829.7407318	15.922017932856306	0.0877437324169925
2459829.845405	15.626638719246772	0.0303272686304729
2459831.7327557	15.87622986553841	0.0822319932415838
2459832.7975629	15.280316557869298	0.0670091367915813
2459839.896886	15.599989987189504	0.0215685718218165
2459840.9463986	15.696604976307976	0.0201796906367999
2459842.8044148	15.571090650474254	0.0194651484254812
2459843.7205982	15.681367731144707	0.0206160978173635
2459844.7365248	15.465885862356537	0.0167684341763035
2459845.7567246	15.70665176455952	0.0217594481848347
2459846.7183737	15.414997900352658	0.0163629842089698
2459847.7773751	15.75401818692556	0.0237244551365633
2459848.8075132	15.579790294593856	0.0152234503636539
2459852.6747997	15.446269891400014	0.0180241145908206
2459853.7511748	15.744856051507854	0.0223082014745102
2459854.7371342	15.527159924908371	0.0154968726694876
2459855.7530531	15.712961032290709	0.0180053594418839
2459857.4172978	15.440955902260134	0.0442550848047863
2459858.789107	15.642261030468005	0.0389658299481746
2459867.7524852	15.455378036992546	0.0356815134348683
2459869.8093668	15.35925673346174	0.0178986672374571
2459870.8097794	15.726376582732875	0.022633061775603
2459871.9858129	15.586951624794311	0.0115662764490137
2459874.6700659	15.59503813179318	0.0264368847965813
2459875.7434057	15.426068399842574	0.0171623613687284
2459876.7241953	15.682538920899669	0.0180268376718262
2459878.3835039	15.431088064781076	0.0211051596736864
2459879.5408903	15.680749108349524	0.0247816693105961
2459880.6547955	15.654771864430426	0.0171189498197253
2459880.8973134	15.692960634517936	0.0168951417490578
2459881.6227389	15.47539274964604	0.0178585238383603
2459882.0435302	15.71520986255284	0.0198740430339537
2459883.0394071	15.383903506437225	0.015829934168566
2459884.0292377	15.658236066494124	0.0154148718300737
2459884.3435472	15.333567618427118	0.0281266361869008
2459884.7956961	15.713990168906822	0.0208451440396664
2459885.7679188	15.471015910044915	0.027057615249741
2459886.3761568	15.447787388357249	0.0431952682677711
2459886.7638372	15.777346895705726	0.0371961940732139
2459886.7663665	15.710458254052128	0.0646369582168771
2459889.7620349	15.547151360068064	0.0486245493992305
2459889.7645409	15.4376277881925	0.0970983715906038
2459893.8239667	15.564005323388328	0.0423669658936249
2459894.848945	15.652420359686213	0.0480361780551304
2459894.8514146	15.553293322319924	0.0627596937042649
2459896.7897847	15.708610459654642	0.0269730278879814
2459897.7250469	15.437975279600542	0.0235702515905119
2459899.3526362	15.76051952287462	0.0335326492210343
2459900.7800381	15.71536895094822	0.0228952995543672
2459901.878991	15.716603482356996	0.0245802368154157
2459903.5527248	15.407678522376656	0.0194237738646004
2459905.8761765	15.676629663347912	0.0181548724530046
2459907.8101826	15.666950367131886	0.0145252079952553
2459907.8126631	15.642734703646887	0.016859215570111
2459913.2713134	15.624416255147976	0.0413716718638887
2459914.693987	15.646456213847134	0.0259890405379991
2459916.3811566	15.662913242446969	0.057119563386061
2459916.7073652	15.527098081651872	0.045408981042942
2459927.8386316	15.772884275156525	0.0216121133236078
2459927.8398961	17.462087340750983	99.999
2459927.8411608	15.651506702411329	0.0219944333025685
2459928.8213479	15.449463985144227	0.026810282193506
2459928.8225765	15.42493939061946	0.0404095578711653
2459929.645321	15.66389553808392	0.0170600907527783
2459930.7012572	15.362987274730145	0.0209601548485968
2459931.6749473	15.76334970110025	0.0241011264539312
2459931.6774165	15.856631472179682	0.0409967612956583
2459933.684019	15.740993281041709	0.023240059354682
2459935.7920162	15.728542925809828	0.0352021325864087
2459939.6740347	15.720612067480133	0.0223002562060863
2459940.6667184	15.416064217112329	0.0214303556028933
2459941.6711114	15.694910113347984	0.0280357118832391
2459941.6735922	15.825671604501665	0.0587122566151768
2459944.5425874	15.442705687451976	0.0333617970122254
2459952.6425952	15.395601638757348	0.0605410607737818
2459953.6419581	15.832026009632957	0.0768358221469092
2459954.6345978	15.497925891836902	0.0381736444019254
2459955.6574558	15.7517598090513	0.049227429657958
2459956.6433538	15.53438106452704	0.0295810761587016
2459957.6352272	15.754299188710052	0.0255782198771293
2459958.6106006	15.509907210004702	0.018731033312513
2459959.6218821	15.695561779856558	0.0265878739402169
2459967.7319002	15.438449375986403	0.0154822360127838
2459969.5685492	15.73533458107442	0.0210063277477937
2459970.5771501	15.601982874924529	0.0231790550958988
2459970.6933524	15.636082972780258	0.0252859875232894
2459970.6958456	15.577125693419202	0.0476232933627868
2459978.5656397	15.727911750627126	0.0676792267365819
2459979.6624907	15.533871216977008	0.0868888641129751
2459986.5380243	15.586044893955568	0.0230145109101097
2459990.5276129	15.636716559747851	0.0304336957328379
2460114.9394506	15.512865415731897	0.0538146796172708
2460119.9289294	15.625907709440408	0.0229722289873811
2460121.9338419	15.562544154342833	0.0341384901911646
2460124.9188233	15.679135520495771	0.0304829792214119
2460127.9078483	15.394897787572225	0.1039692539321882
2460130.6550605	15.436831087059453	0.1194637468966196
2460132.083412	15.420962032098796	0.0318508037630278
2460139.8868743	15.471925996088611	0.0225366645551984
2460151.8487847	15.365881472949033	0.0225111897085653
2460155.0465888	15.590490153781207	0.0116454010187575
2460157.8280672	15.312115616053294	0.0796841862871976
2460159.8228005	15.370279109726376	0.0438811337901973
2460161.6144198	15.31075591311116	0.0892138374092374
2460177.968997	15.73028316912133	0.0240312572002874
2460182.975324	15.380576794259358	0.0178155219955917
2460190.0465349	15.67994867206902	0.0504599053801618
2460197.9755395	15.63553316216922	0.0268077489874259
2460201.8930622	15.746195806266476	0.0277609798494268
2460204.9115265	15.50731399015576	0.0202676596604013
2460208.0496721	15.443443295219035	0.0200231375711064
2460214.8700559	15.557406132904234	0.0382237396951537
2460215.8636979	15.606169394225756	0.0319178268839804
2460216.988002	15.75981942715094	0.060320182803616
2460221.6622154	15.644504295368742	0.0353368348523416
2460221.7693849	15.587676391056302	0.0390015407548668
2460222.6533276	15.39640343181614	0.023019656876437
2460225.6471907	15.70631798593075	0.0270758903076678
2460226.8636101	15.59379135875545	0.0230459996218622
2460227.6345711	15.568531471092957	0.0193565467783777
2460227.8606552	15.627903177097132	0.0214023215970161
2460228.8883552	15.643960549849298	0.1171861767346084
2460231.0534805	15.680769362374065	0.0210577160152029
2460231.3807796	15.464838094203232	0.0279443440081258
2460233.3818139	15.404968379287324	0.0193504063466465
2460233.8783918	15.415974888215551	0.0176334760445123
2460234.3615481	15.75724506754752	0.0286820007290781
2460234.9011905	15.647592903893486	0.0187114293663042
2460236.063949	15.514629381713414	0.0160040881275271
2460237.0361883	15.849036982210656	0.0229232021164865
2460237.3446899	15.440676449847288	0.0248715988609683
2460237.8384564	15.559399825402105	0.0201739809704204
2460239.5991885	15.698013017890204	0.032669429457158
2460241.0265198	15.766544033605962	0.0196629904966752
2460241.9156323	15.425516946522432	0.020677653483371
2460242.4297973	15.69706921009524	0.0565222784928322
2460242.9153558	15.695641846084918	0.0272913535529342
2460243.3818087	15.53307205683969	0.0509760115815477
2460243.8152908	15.508788330496452	0.0368256464417481
2460249.3370406	15.522908097046423	0.0347238410970335
2460250.0279013	15.581953726915902	0.0245605922083962
2460250.6502268	15.543971379383784	0.0281414104302408
2460250.8928992	15.619850418994282	0.0374845660699511
2460250.972006	15.789295697276442	0.0307908893722396
2460251.6631934	15.749089634320228	0.024182169150634
2460252.0374772	15.666719419909947	0.0274299006278199
2460252.6682244	15.577267941226928	0.0196350827927402
2460253.3532719	15.568772419358076	0.0154859746465328
2460253.6473714	15.723991907598409	0.0235586360770584
2460254.0211862	15.564816550460472	0.0191622847146772
2460254.5357302	15.42462989661419	0.0248022715538776
2460255.3212523	15.689993434089269	0.0260478666364801
2460256.3912336	15.506037357318853	0.0165794459973825
2460256.668651	15.555229082228912	0.0177394187610464
2460256.9599306	15.814951728399151	0.0214661920702539
2460257.468237	15.68546504644626	0.020426970029018
2460257.9316425	15.561477933023856	0.0125036074966096
2460259.9640158	15.580284486481847	0.0145116402241944
2460261.5935329	15.712579231460204	0.0245931690065355
2460264.5706941	15.5814764561257	0.0200488132226693
2460265.9815677	15.640917484036423	0.0154533124952005
2460266.6630423	15.546661320710925	0.0177233881838026
2460267.7040925	15.351782185881348	0.0191004918442515
2460268.7172635	15.742579722914748	0.024521305570787
2460269.7194734	15.41997577912352	0.0270324055155691
2460270.8204666	15.74137380535807	0.0299390391767377
2460271.5605909	15.524548003602389	0.0457716954549342
2460272.5548535	15.673699514615706	0.0601011137203468
2460276.2887432	15.920994713565804	0.1257156025684373
2460277.4938783	15.512758416479407	0.1338335589538286
2460278.5663077	15.744403188664789	0.0201857462293646
2460278.8603106	15.672139697242082	0.0477788722108411
2460282.9235113	15.42442665934657	0.017768332156509
2460283.9307527	15.68652313836109	0.0166239849231998
2460284.9273778	15.383343825503228	0.0170926383235181
2460286.8714188	15.37795180546506	0.0156186938970678
2460290.7674459	15.486486303560731	0.0134766659762589
2460293.6986642	15.582203215252918	0.0133397799444564
2460298.674403	15.795141443679483	0.0294313781681911
2460303.8497551	15.73378857887267	0.0450298415693103
2460308.7703775	15.3372441766734	0.0264295205816223
2460310.8072569	15.417028290875344	0.0152901716621106
2460311.6099219	15.606700038387524	0.01877616136202
2460312.7552663	15.450478464340565	0.016818995202133
2460317.6484252	15.672543821959346	0.0228732323452565
2460321.3785093	15.55152851594787	0.0180472750847726
2460322.3599331	15.640191088370829	0.0265078896048516
2460323.3596123	15.498547403938003	0.0224328183551477
2460324.3590706	15.867385971038502	0.0321774327327652
2460325.3486164	15.412432097913634	0.0253956612790011
2460333.3203906	15.44030304489232	0.0711365039518095
2460333.7896136	15.647654858008725	0.0523824737954403
2460335.787928	15.62071288346771	0.0609270186589547
2460336.7833333	15.596247071356451	0.0343134297783113
2460337.7799968	15.810293371853184	0.0440669298608208
2460338.7235748	15.58623670272224	0.0139919054035159
2460339.3000764	15.537703189477126	0.0203370143007497
2460340.7658432	15.59821076075114	0.011613721085272
