2458014.4759914	14.238666451235272	0.0090884370763066
2458016.4952114	14.519351868909215	0.0098762767249694
2458018.4913378	14.28586643569786	0.005646667099994
2458019.4853278	14.209866902145894	0.0072216455401774
2458020.4893619	14.200448011944008	0.0070339383902217
2458022.4791716	14.387527006430192	0.0097411110538403
2458029.5572066	14.29977145833433	0.0118060155662473
2458032.4982874	14.165693369512413	0.0116823589523568
2458035.4849866	14.531693721409702	0.0147637942323124
2458057.504696	14.147204930507492	0.0111172034567106
2458058.5090303	14.135902410839057	0.0101212338887838
2458176.8994059	14.412893094837791	0.0170659197860496
2458178.8912149	14.456651268829336	0.0245857993150385
2458181.6325165	14.382547231422018	0.012851247536204
2458186.6207102	14.21578901292282	0.0091521526587558
2458194.8910945	14.148588008038	0.0076861702635429
2458195.6179509	14.4989487257228	0.008547994463095
2458196.6438272	14.53226371838078	0.009561574470363
2458196.8663709	14.420132745218236	0.0081531523915378
2458200.5911573	14.219449937183924	0.0065361088390729
2458200.859073	14.23296235814258	0.0063688687931192
2458201.5901827	14.291964912347828	0.0050053735794132
2458201.8849899	14.231015583056156	0.0067353488278273
2458202.8804945	14.345574341425436	0.0049475468546233
2458208.8291919	14.289469112292162	0.0137093308355912
2458220.8843953	14.1409707341195	0.0096430606331428
2458223.8256642	14.370936269286204	0.0072642085877945
2458226.8651472	14.226224474167989	0.0071417299736454
2458227.8607031	14.26810390958857	0.0077320519089546
2458229.8512604	14.435550215756862	0.0076760079400376
2458236.7600543	14.234443817412322	0.0137966813786643
2458241.7793367	14.129307792572162	0.0151759600778899
2458246.8864331	14.229841267229444	0.008309295252727
2458248.87109	14.38204466759731	0.0086539551927881
2458249.8706106	14.448081709844566	0.0075678908927992
2458252.8202488	14.203859763045774	0.0070550260549482
2458254.5181156	14.303920916263175	0.0045603778406554
2458255.5176505	14.440236118073177	0.0071884043063371
2458256.5247382	14.53844279121366	0.0092663309439091
2458258.7051149	14.48379151231886	0.0096640026849652
2458259.7227622	14.567485862240446	0.0134929930874647
2458261.7350946	14.159118522361329	0.0072821914920368
2458265.9058259	14.17272747633992	0.0075183356623849
2458274.3966976	14.204519544120792	0.0075045352056275
2458277.4842643	14.517452280447015	0.0092186020510563
2458277.683378	14.347884808894277	0.00515645629574
2458280.5132451	14.24169709066948	0.0060001076547024
2458282.478984	14.439154042603162	0.0069701909215722
2458283.5415953	14.472084357173742	0.0099544529205417
2458285.9053833	14.200707951004508	0.0072253423246604
2458287.603354	14.503650414260616	0.0088492128195034
2458288.7663194	14.175052658839595	0.0074010544037929
2458290.4758803	14.470597773316031	0.0083371301832255
2458292.8769233	14.238193765412763	0.0069010375609491
2458294.7239793	14.232587010162025	0.0110144712271575
2458295.4619356	14.325763127311337	0.014014860864353
2458295.7206431	14.30210042365638	0.0116879050881717
2458296.7312763	14.372420469952758	0.0173729703232542
2458303.64486	14.17212431548145	0.0077656511749915
2458305.3842525	14.529094440994644	0.0090403037301394
2458306.3810117	14.464054773906366	0.0074548383757228
2458306.7184629	14.339199526731871	0.0044699210117346
2458307.3806925	14.26730514647308	0.0055830238131012
2458308.3818411	14.146499831758453	0.0072817378357657
2458310.3709397	14.290190402750849	0.0046576562927813
2458311.7858576	14.399852570582556	0.0079650509828685
2458316.7294493	14.363680690488634	0.0051164461205333
2458317.330183	14.34304004191077	0.0061559881754036
2458323.2439102	14.179255771192052	0.0110650553901278
2458328.3517852	14.12480291678831	0.0120460720468661
2458328.6677235	14.129355703639224	0.0138423222405291
2458331.6076481	14.291401286083929	0.0074006809568188
2458332.3429425	14.45199859350386	0.013183669105741
2458332.6266976	14.484040927439798	0.0106138668579348
2458333.3100226	14.485850708253716	0.0079396091971374
2458334.3076438	14.389967295682538	0.0053377042594713
2458334.57128	14.335329965129535	0.0043825121680776
2458338.6029285	14.366900720933732	0.005793230489143
2458339.2902879	14.432027598109055	0.0062995057230186
2458339.62873	14.402338170517218	0.0059874227689237
2458340.2869028	14.378304543792831	0.0043757771934582
2458340.6516244	14.24501241150998	0.0058954982407357
2458342.7595269	14.450883889921723	0.0082033283581942
2458344.2847898	14.421710863025908	0.0065998585868496
2458344.796147	14.152534854716276	0.0078875126810873
2458345.2743509	14.491182694926255	0.0078894967029789
2458346.2711275	14.531099279688194	0.0096426590134624
2458349.5137781	14.369860357351644	0.0088320598477913
2458357.5610202	14.232505225955908	0.010964123433427
2458360.7256636	14.29468554172141	0.0116633463281511
2458365.2455615	14.4510996799948	0.0065510097699985
2458366.5421526	14.490078531327336	0.009072694822943
2458367.5533581	14.430444147437214	0.0082121503266355
2458368.6704471	14.32676392445057	0.0049705392170616
2458371.5323376	14.27353474831474	0.0064808082850289
2458372.3076675	14.534640541096891	0.0103042768547774
2458389.2493599	14.234167742618675	0.0059177339700162
2458392.6596545	14.228854141706568	0.0068401509987812
2458393.6595167	14.086798763861626	0.0080302238556788
2458394.6568478	14.16820399852385	0.0073164389277136
2458395.2294587	14.18903501941031	0.010402902376719
2458396.2410592	14.163771937397495	0.0075708095122592
2458396.6502058	14.46768517856767	0.0090414323395248
2458397.6473651	14.522575005316266	0.0101612560271148
2458399.2414006	14.556995810956286	0.0136624578940888
2458401.2511518	14.290787480459226	0.0055914743712023
2458401.5613947	14.265550566492696	0.0055029179883676
2458404.6252896	14.39311680635193	0.0068138361081954
2458410.606534	14.458595425311454	0.0117378468239245
2458411.6043626	14.416313638250834	0.0124399457550189
2458412.5105556	14.531427016176492	0.013709691804416
2458413.5189584	14.450055366266067	0.0108387381436665
2458414.5892196	14.093015077611826	0.0147497451389107
2458415.5935435	14.242109202160536	0.0152129889774749
2458416.2454	14.291571253832307	0.0135062251069754
2458417.3237268	14.485465771245224	0.0187435925088125
2458417.5867337	14.461328018403004	0.0173502818568668
2458419.5768085	14.47087370261347	0.0085512144842412
2458423.5678661	14.275466574877123	0.0056423941957296
2458424.5645701	14.39502374315932	0.0067875481425502
2458425.5613061	14.404601288670182	0.0069188499675081
2458426.5582895	14.30922292019621	0.0058293924074378
2458427.5512384	14.258526453530775	0.0065718960089472
2458428.3082891	14.33979482580755	0.0039024599609716
2458428.5518437	14.236383390564049	0.0065342765311392
2458429.5484795	14.322458696766391	0.0055711999022477
2458430.2881867	14.44404264682806	0.0080127730949501
2458430.5417297	14.361731376462677	0.0060089591508529
2458431.5378159	14.428962720248244	0.0077411056373213
2458437.5227658	14.340859174349829	0.0114607039711059
2458438.519541	14.476151847726412	0.0115298059994243
2458440.5130545	14.342966988725612	0.0154312583374861
2458540.9012621	14.308580642892624	0.0271208482708471
2458541.8974913	14.404315936868043	0.0118540701554233
2458546.6328044	14.464472048136669	0.0088918998380868
2458546.8931291	14.2463209899093	0.0068801323605932
2458548.6273359	14.526499402915167	0.0094378596547259
2458549.6227597	14.328869527157217	0.0062534647944309
2458550.8818291	14.455963230713738	0.0083686249406345
2458551.8773133	14.188836923777544	0.0077092548272516
2458552.8765736	14.076911308116358	0.0084368080928451
2458554.6153868	14.5300427125163	0.0101457301600564
2458555.6151764	14.51473457791032	0.0120493375094042
2458556.8732402	14.486952106881276	0.0087921756616547
2458557.6110901	14.23988623377843	0.0067281457592281
2458564.5922781	14.19706237635369	0.0119414295706838
2458566.8591581	14.255337410878708	0.0162167279165581
2458568.8871898	14.53061310809716	0.0152449472499716
2458573.8476456	14.220617700184304	0.0077292049232221
2458575.5734211	14.560983838320904	0.0106639167257507
2458575.8210697	14.434713506027675	0.0089613897528317
2458576.8099635	14.548694347097337	0.0117113015860931
2458577.8203495	14.48295381492941	0.0087154904376196
2458579.8823149	14.204556889557924	0.0066194942317026
2458580.80528	14.187196182247664	0.0078271657193279
2458581.8007633	14.263512528831974	0.0077679715010738
2458582.8005966	14.360504189049069	0.0051933624784886
2458583.7917462	14.426134466259631	0.0088497296263027
2458585.7905033	14.278019116536225	0.0056431141741534
2458586.771341	14.219930723186769	0.0073851642492489
2458588.7844293	14.385628988337857	0.0059501110438984
2458595.7624479	14.380549053647274	0.0153953317588651
2458600.7503012	14.15142321722199	0.0094276116697979
2458601.740357	14.195171148080677	0.0074385604448137
2458602.7454251	14.240520328692028	0.007927472223422
2458603.9321866	14.220523094272451	0.0190077513051798
2458604.7402674	14.402269938793724	0.0070743965238533
2458605.7396754	14.375936663987243	0.0066459214221428
2458606.7475637	14.276145451430706	0.0060108869533582
2458612.7847417	14.144743592657822	0.0079927284195515
2458614.4573783	14.396404532576268	0.0059594368603506
2458616.4530377	14.564441954397324	0.0109109944859343
2458617.7863287	14.42849931465783	0.0075474230670154
2458618.7002881	14.586444869930478	0.0196326504494442
2458624.6878486	14.430848479898476	0.017584511518552
2458628.4303842	14.286026180301914	0.0108762663280344
2458635.6574275	14.206292989952535	0.0066731097221597
2458637.6368175	14.463688944613065	0.0090383488086754
2458642.6522137	14.155667867542135	0.0074513461794059
2458644.6594094	14.524287443461064	0.011478286075119
2458645.643884	14.493000147475708	0.0114931218621282
2458646.730767	14.218532379474444	0.0089630701830997
2458655.3803593	14.47911704445489	0.0201063732544133
2458658.3377661	14.375884172178404	0.00485275972173
2458659.8927369	14.539309740684963	0.0129524349308353
2458660.871077	14.508045297311096	0.0114712467625407
2458661.5858923	14.191581923909322	0.0076271689106962
2458666.8524591	14.471671489526258	0.0088906438574473
2458667.7694189	14.36960857839276	0.0069692711212452
2458668.5551752	14.345568655306216	0.0026994996746537
2458670.5873528	14.282293127941651	0.0054787911368466
2458673.302449	14.31504811768171	0.006349504101382
2458674.5713577	14.312648933333874	0.0048589026920062
2458676.5928212	14.372189857808376	0.0054449939546332
2458676.6443335	14.369283279130888	0.0096352845439167
2458677.3036373	14.442384560201615	0.0131464891522069
2458678.5087178	14.378435958565367	0.0202038565369633
2458684.6767284	14.479189194025448	0.0121739485112203
2458685.2994677	14.486383337540705	0.0089808416983561
2458686.3574301	14.143352314311224	0.0086905177472959
2458688.7434187	14.49433660150233	0.0106299369927203
2458689.6774764	14.439241792819056	0.0072203319484052
2458690.6985161	14.43476269212235	0.0073187244201058
2458691.7709707	14.205976731077405	0.0072198295743933
2458693.7311887	14.271075356587342	0.0068248743410601
2458693.8280149	14.400291890453005	0.0084485269469098
2458695.8138795	14.319010705483867	0.005485437268386
2458698.4066819	14.290604182783342	0.0052576690072063
2458698.830921	14.37101040748562	0.005729764398192
2458699.3226118	14.203279491103334	0.0069962858177996
2458699.8193224	14.410854418332171	0.0075904252266856
2458700.327417	14.242428545317695	0.0061068047223711
2458700.7658166	14.4683429176208	0.0080188790169797
2458700.7895623	14.46864519358919	0.0086400002560987
2458701.4644134	14.43162316437056	0.0113527938255489
2458701.818699	14.24192345585286	0.0073829686693292
2458702.8007945	14.172120897210206	0.0075889994239747
2458704.6113015	14.526770193440852	0.0134782749148635
2458705.4992281	14.525921334284815	0.0168999846686307
2458705.8105041	14.434374216287576	0.0085331016076719
2458712.5093637	14.4458943308702	0.0118759097856351
2458712.5989294	14.420080026430036	0.0109522506729886
2458715.7219151	14.409407611440898	0.0098924940380034
2458716.5689364	14.236648261668073	0.0067893328493136
2458717.5653781	14.35240361821366	0.0051978112762101
2458718.6368044	14.313530206856036	0.0051224412278663
2458719.3349046	14.27004247395528	0.0053084043413371
2458719.5900984	14.285125386504332	0.0056675366891793
2458721.7591989	14.358881116421474	0.0050980361239989
2458722.4922153	14.184916485930897	0.0073319299725227
2458723.6129883	14.481042997835694	0.0136866045865422
2458724.3590642	14.123868005833142	0.0095112878186751
2458724.720973	14.147047855336732	0.0089843855502659
2458725.7446139	14.378228107100606	0.0061596435008447
2458725.7454367	14.30090269406775	0.0051540294576105
2458727.3055002	14.216552920653436	0.00616969277444
2458727.7496158	14.542247262167589	0.0111480136350394
2458728.4909524	14.192603678237267	0.007706741238617
2458729.4228909	14.267480822260698	0.0058745190416455
2458730.3473089	14.436533823428377	0.006746453285112
2458730.7294586	14.157147735207138	0.0071913802566785
2458732.2429577	14.443252311601704	0.0089058413575661
2458733.2807686	14.184732841495244	0.0091208900501882
2458740.7086667	14.28991482685003	0.0241654255305707
2458741.5683681	14.276963580972756	0.0100580540891297
2458742.4281752	14.26204150198766	0.0243498092484202
2458742.6992039	14.34414202284228	0.0143212818567421
2458743.4211137	14.207684896619329	0.012201101060294
2458743.5389661	14.421646027178989	0.0079631635438618
2458746.5100508	14.360844329535354	0.0062740079446772
2458746.6992107	14.44620649050362	0.0119707000813341
2458747.6964334	14.50396452480245	0.0112385261662537
2458748.6930785	14.514871312839784	0.0104553155273754
2458750.3335831	14.379240453083764	0.0053874770328996
2458750.6866206	14.15126779693698	0.0078743737631015
2458751.2292627	14.512996566833753	0.009932756036693
2458751.6831036	14.102237044399942	0.0084550043169639
2458752.2823768	14.204405439068752	0.0066965061759948
2458752.6827303	14.195961057536357	0.0069716435598209
2458753.6782392	14.31671456075314	0.0061093409145722
2458754.3461218	14.435944558086147	0.0069445654491659
2458754.6763919	14.43939109675923	0.0091843248311354
2458755.5804853	14.322193681575296	0.0053046078398362
2458756.6694899	14.445091015428233	0.0075956697747221
2458758.4048405	14.236398382693633	0.0073605283725942
2458758.6649543	14.219572986295582	0.0080382391249097
2458761.2869544	14.27637461234923	0.0102614298916373
2458765.2329514	14.237745379881076	0.0186532232109411
2458766.2863527	14.30100289389143	0.009024984138288
2458767.3457014	14.47080698283722	0.0168056531101981
2458770.3697274	14.144081525232872	0.0161911782742167
2458771.3748806	14.222290516461229	0.0165237768122619
2458772.3488086	14.25346324706888	0.0171066276058652
2458774.6214901	14.4552160835655	0.0117043559029723
2458775.3235043	14.612965371768512	0.0118044087891382
2458775.6099305	14.456866862097312	0.0093025752604528
2458776.2487854	14.504609467553022	0.0120133383681012
2458776.6171834	14.538877968554562	0.0105876343516508
2458777.6091421	14.438893347687928	0.0082287972059129
2458781.6027519	14.297570364185525	0.0066568751586687
2458782.5995308	14.412467485445044	0.0079375772072642
2458783.5873515	14.389129522263485	0.0064110155796681
2458785.5872036	14.240131211327297	0.0068711048561251
2458786.3267455	14.339145258398313	0.005857847822373
2458786.5883888	14.253200725539172	0.0079666629872828
2458787.3233208	14.432650598664342	0.0068949308711664
2458788.323556	14.442867401254947	0.0094711259058528
2458792.5717936	14.109636674728808	0.0105996763277323
2458793.5678581	14.14576150451663	0.0106102909069953
2458794.5445266	14.186263143417762	0.0125890697339786
2458795.5453361	14.357463825019089	0.0144729880239359
2458795.5585781	14.489402397338276	0.0196713932882126
2458797.5345993	14.492066426245904	0.0183059529960812
2458799.2763556	14.076304742595136	0.0173261577812737
2458799.5321542	14.27982467876548	0.0149750895755101
2458800.2732445	14.180840881453904	0.0163601793257167
2458800.5290246	14.165259552729037	0.0147582704534774
2458801.5256518	14.11048551938486	0.0097666210533528
2458802.5224878	14.232907812353188	0.0081675800175867
2458803.5192835	14.36695234855967	0.0076417732658807
2458804.5161061	14.432428588197077	0.0127435019802617
2458805.5128759	14.313028014398924	0.0127450814391529
2458806.5136368	14.194439161712362	0.0138602479695577
2458903.8994738	14.07864995375245	0.0233049246109669
2458903.9007025	14.02306281487054	0.0379892285043619
2458905.8945707	14.369567968964894	0.0110252449204882
2458906.8970436	14.33769787035958	99.99
2458907.8974653	14.575040075890543	0.0209096919863564
2458908.8883905	14.473943674077546	0.0106683497995051
2458909.634878	14.121591520685117	0.0087140457928553
2458909.899486	14.197977536727157	0.0137028146442391
2458910.886573	14.099640514641036	0.0084551696668216
2458911.8780019	14.117765746909836	0.0088120996924439
2458928.61522	14.147371158437965	0.0081089381837014
2458930.5949154	14.179708968362249	0.0076674078451624
2458932.589267	14.472503694403038	0.0101272858514609
2458983.4540105	14.391266652715618	0.0109424620220953
2458989.4514422	14.298112887711582	0.0065525730778334
2458993.4151112	14.418260001059991	0.0069864420185552
2459001.4385773	14.559236595625908	0.0131274703593837
2459014.5306189	14.2226037071501	0.007874411578607
2459017.3767099	14.19675280618698	0.0068940777506477
2459020.3474435	14.281603201171066	0.0088882329558014
2459023.4822452	14.158228642599294	0.0086114188767402
2459024.3220892	14.410944971411016	0.0078985339968503
2459034.386852	14.418265300326766	0.020620058038963
2459038.2980962	14.143908684925064	0.0114531636697069
2459039.2822749	14.151680136417182	0.0079301270871516
2459046.2717272	14.201903400473045	0.0065922228834338
2459048.2691325	14.246750206197737	0.0060152497166128
2459049.249958	14.330935045244	0.004604930315653
2459050.2468445	14.411259657960176	0.0067855203164596
2459051.4292433	14.264701720603473	0.0062145816541355
2459052.3417591	14.307722916916282	0.00468801721563
2459053.2365149	14.29458342992495	0.0052397293078159
2459054.2369337	14.299134780590474	0.0050389685136415
2459056.2307171	14.445209488418806	0.00929670403731
2459058.4990584	14.472514622832298	0.0078746140049073
2459059.3770318	14.45199181266269	0.0090632654196288
2459069.3776697	14.336462232206753	0.0070848158938512
2459084.3238033	14.135589566205118	0.0082215409413326
2459094.5012466	14.234111137726904	0.0199997843849423
2459102.3119773	14.353342364166696	0.0054827283356388
2459108.4391758	14.091675151274108	0.0081619878565003
2459127.2526615	14.452809821909284	0.0075860855701423
2459133.380797	14.581844017844594	0.0127992377382895
2459138.3428048	14.238609146770363	0.0072638442445457
2459142.5854137	14.434966290246953	0.0087429226179161
2459147.5355252	14.443352950232022	0.0122006034989543
2459157.5578491	14.263203241385089	0.0102063406663447
2459159.5528132	14.148346862955574	0.0081717953796156
2459163.2955339	14.28842112678369	0.0061679398535266
2459164.3093884	14.276429677825847	0.007366313518036
2459165.5093757	14.280016769526974	0.0085014314949671
2459165.510662	14.29758981369242	0.008124956651564
2459166.5258121	14.299616188304896	0.0058581264203398
2459167.5324319	14.3438465041722	0.0046311787340443
2459168.539604	14.4182627404702	0.0088373276852828
2459174.5142012	14.467206693224648	0.0390410005069944
2459175.5135492	14.522725753866926	0.0339136307905838
2459265.8945433	14.510771240411648	0.0227483193934321
2459269.8876864	14.14057000540522	0.0105438603155537
2459271.887133	14.38803626683974	0.0116101524080274
2459287.8487863	14.481523643136532	0.0127928350915907
2459291.8426564	14.313586507178098	0.0072120088385359
2459293.8349945	14.49180346624097	0.0106682334840208
2459296.6006642	14.273353851490256	0.0061557279864022
2459297.8334509	14.272452907474262	0.0069324374204948
2459299.8174653	14.315150147842225	0.0098593004870178
2459306.9022802	14.230752143064167	0.010890904219724
2459310.9136727	14.510160306155448	0.0131421627268678
2459311.5941699	14.574972904491402	0.0120694395856398
2459312.9119146	14.47062747774851	0.0098537423396279
2459313.8449956	14.53840838740444	0.0107985178023915
2459313.880381	14.353000940338578	0.0054951108863343
2459314.9217688	14.123496227087804	0.0131129072808577
2459317.5306529	14.34041342374274	0.0041477529162568
2459318.7763137	14.24237082007985	0.0076493166458035
2459319.7622398	14.28313141116929	0.0064601012880177
2459320.8325737	14.351828538797058	0.0061267032162717
2459321.8427234	14.33548984296752	0.0046596722635859
2459324.749707	14.301235132778636	0.006634125794
2459325.822645	14.444994816691118	0.0086715051446016
2459327.7589402	14.462203276953488	0.0121857599390716
2459328.7383602	14.384289906258047	0.0121575675772442
2459329.7522969	14.157888530405708	0.0096662161872414
2459338.719012	14.170298254507784	0.0083984053003704
2459339.8660666	14.418184331796107	0.0118501262101095
2459340.7318681	14.369151615202387	0.0073208489364817
2459343.4617499	14.31914293860574	0.0062363305128697
2459345.6808915	14.310838283812435	0.007206401167518
2459345.7390621	14.358588333330676	0.0064026817595152
2459346.6934628	14.387079757392264	0.0057328135218339
2459348.4379951	14.251175831334816	0.0057456376747563
2459349.7426617	14.182082943354049	0.0069999483525161
2459352.6704461	14.259364215040351	0.0060004788097927
2459356.6597139	14.293639455575777	0.006322631323107
2459357.7434035	14.204720196797078	0.0076263353920512
2459361.767619	14.33683853501437	0.0175552523783176
2459365.6917494	14.30773158447444	0.0088151316777422
2459366.6246764	14.312815721285792	0.0053385581879417
2459367.6963166	14.365588498750482	0.0057497950032679
2459368.621387	14.339225819835178	0.0054540724982446
2459369.6271504	14.352996249166274	0.0072049625853075
2459370.4258819	14.377184451576175	0.0063642218650272
2459373.606202	14.340035655264948	0.0061323006495321
2459373.6223328	14.39053379159468	0.0067967837317648
2459374.5976573	14.491733119912649	0.0092407335304337
2459374.6651325	14.485277335966275	0.0103170326394422
2459376.3570947	14.221543242400635	0.0071726132312537
2459377.6223034	14.239908327850308	0.0071510416881044
2459378.6005696	14.207325369438962	0.0067746016154527
2459383.5970656	14.462329536255162	0.0087581127657724
2459384.6441397	14.33769787035958	99.99
2459396.6123854	14.347408678327673	0.0053240180781903
2459397.6145469	14.117498587226896	0.0078101501270369
2459401.7962247	14.12906518024415	0.0081908366491175
2459402.7089077	14.184855094961172	0.0070086461577701
2459402.7573904	14.097725394446996	0.0081420875346587
2459403.6430267	14.259463834055827	0.007193352173099
2459408.8099114	14.23512213752602	0.0075936751028731
2459408.8658739	14.316322591014766	0.0062281695346835
2459410.5294345	14.38176972136648	0.0070914770696518
2459411.536574	14.293725527724316	0.0067650230598433
2459412.5396242	14.318445633974797	0.0062680628926089
2459413.5536704	14.389432053199558	0.0098073817938361
2459416.7442808	14.412525659409107	0.0169703124849389
2459420.8302544	14.132530977299776	0.0216706283576723
2459423.7686169	14.440365588909692	0.0128121618596063
2459427.627412	14.450549141798774	0.0078143104189796
2459429.5132629	14.368660220086529	0.0071615336374995
2459430.5376474	14.40224860114785	0.0066859532091475
2459432.5236565	14.269442350757418	0.0064491721777382
2459433.5247811	14.29213303409309	0.0064844544276278
2459434.5216387	14.330036939612109	0.0056397132327321
2459437.3438458	14.349790406209568	0.0057262941149926
2459438.5807006	14.255310421241902	0.0068143126999802
2459443.6938572	14.287352945987806	0.0110519447576507
2459453.5672801	14.258377606552248	0.0070801328109768
2459454.5379529	14.279718083347817	0.0068040619222684
2459455.646772	14.309802428503987	0.0067258792901119
2459457.7485995	14.373508676300784	0.0063642324478528
2459459.7156215	14.28196405083914	0.0054663920129952
2459461.7274004	14.239257493218975	0.0070411027044297
2459462.4400979	14.439931827653504	0.0094191260007189
2459462.7231563	14.338168977146887	0.0057497570496308
2459464.7113349	14.48987291701968	0.0098289525940075
2459465.6667502	14.542578078820831	0.0113851993051688
2459466.6239393	14.560139123738772	0.0115046425991295
2459467.6357339	14.503747694957346	0.0099249887784577
2459467.6551083	14.33769787035958	99.99
2459471.5405332	14.17061857583879	0.0090018904800837
2459475.3029206	14.322853240982852	0.0129385712552391
2459476.5109148	14.43527214279128	0.0142041373764281
2459478.6943835	14.4172692114572	0.0243246603070845
2459479.5231685	14.312095801093212	0.0110542397550166
2459480.5350277	14.390524435136411	0.009505830318171
2459481.5696283	14.346442125997331	0.0091646587764361
2459482.524678	14.420351766798076	0.0091039688861383
2459488.5726018	14.464001532321753	0.0090749245143341
2459489.5614242	14.333895792307898	0.0061606350628231
2459490.5430195	14.165504824084936	0.0073006858525061
2459493.2709324	14.462554190638317	0.0080051080940952
2459494.4957808	14.350841930555044	0.0063084655344121
2459497.2405499	14.263980810246434	0.0075159319288502
2459503.5581682	14.183648873314256	0.0114903142709546
2459504.5954933	14.397374939128554	0.0194555654056841
2459506.5322052	14.461930215613348	0.0188118418365149
2459508.6094575	14.13429025096836	0.021106900595577
2459509.6102224	14.130163767371952	0.0169753423941875
2459511.6043645	14.437563241596772	0.0153772254171071
2459513.5184228	14.32227300060348	0.0054845587904384
2459514.5721332	14.531149248305995	0.0108438281699255
2459515.545172	14.402876247642553	0.0076848951829693
2459517.5878033	14.167096229998512	0.0088210900244249
2459518.5131331	14.156380867318	0.0084647645187873
2459521.5070122	14.394191631760211	0.0097798870410687
2459522.569349	14.29273420162084	0.0066528692857768
2459525.2790347	14.333218690533451	0.0056803901381001
2459529.533235	14.16922000006111	0.0100685511001415
2459531.5386506	14.243363751173987	0.0120376901445783
2459532.535867	14.381439791170452	0.0165887660629868
2459533.5449231	14.481382295002188	0.0152849923463071
2459535.2751793	14.209733657645076	0.0277673627224193
2459536.5133595	14.331396063396468	0.0204448290225603
2459537.5176397	14.21540622520498	0.0215313039805334
2459538.5210797	14.22768892629108	0.0156457730055627
2459539.5228525	14.26335420007476	0.0115558551776684
2459539.524093	14.268287929160756	0.0140974102086142
2459541.5167441	14.424505632348232	0.023310375807341
2459634.8880709	14.322580963635383	0.0116917130894732
2459666.5630323	14.193312341824164	0.008607191281128
2459668.8069284	14.128581886413636	0.0079313571706663
2459669.8216873	14.176737326389343	0.0076445234372221
2459670.8215268	14.419930751161846	0.0065850454235655
2459672.8094344	14.437422251990052	0.007280403908271
2459674.8077545	14.341992365165057	0.0053272774365461
2459676.7884661	14.243019683518948	0.0060322400997933
2459677.8084294	14.296583437436166	0.0056985035984732
2459678.7960673	14.338171366251826	0.0046957560133949
2459679.8006951	14.3173038769332	0.0042072791611354
2459680.8148848	14.248816923347777	0.0067519574793068
2459680.8249822	14.289254250135956	0.0055490488702856
2459681.5732142	14.355300262920538	0.0072040389154002
2459681.5744545	14.289658297712114	0.0093705277141936
2459681.8281653	14.31851419540786	0.0041131902841175
2459682.7658365	14.28671325620536	0.0110398083432275
2459682.8234941	14.354122113611403	0.0051522623631344
2459683.8493387	14.42321731382111	0.0069437728218612
2459685.7548986	14.418804217306684	0.0135291782288746
2459687.7561218	14.330782971591267	0.0122096647817708
2459689.8411328	14.465861124396593	0.0177361141609556
2459693.8718818	14.236378447303329	0.0075923647573032
2459694.7319868	14.46879627429606	0.0084597466320852
2459695.8548326	14.209457480079726	0.007232381134642
2459698.6276334	14.31114929275045	0.0104348426012763
2459698.9168052	14.362403903058494	0.0052181105606626
2459702.8603332	14.370721865059256	0.005787040972676
2459703.8240594	14.39242082734343	0.0069437377700711
2459704.7023423	18.35359172605283	99.999
2459706.7638615	14.346644162609326	0.0051788174569686
2459708.7080879	14.209417394373125	0.0071596160568437
2459708.721042	14.177677682031948	0.0079019152820712
2459709.781423	14.298873640430276	0.0054953687762241
2459709.8124629	14.45907662817696	0.0073977254532518
2459709.8468993	14.521108303838158	0.0132746401963378
2459709.8481397	14.515977583111578	0.0118106307020784
2459709.8493915	14.479918087788404	0.0108780520570512
2459711.6795808	14.225894109373616	0.0096993522873092
2459711.6808906	14.221902729734817	0.0134317514184083
2459711.6821772	14.239054912870534	0.0148004125016185
2459713.6849917	14.491882677871164	0.0153003488670304
2459713.6863017	14.463049609436853	0.0184903403478626
2459713.6875883	14.478234682398648	0.0335845398369644
2459715.7094087	17.740497144454935	0.1608861212106242
2459715.7106491	14.331714151605103	0.0075409144203932
2459715.7119011	14.291406694794992	0.0095478175969884
2459715.7284363	14.238687060518114	0.0148099257406494
2459715.7296769	14.27942798752561	0.0191044811464085
2459715.7309404	14.247198724133456	0.0192933317036236
2459716.7701619	14.189948093035987	0.0174644852196089
2459721.8301122	14.227394400142916	0.0077263352679328
2459722.7349735	14.34600485133517	0.0062554533540273
2459722.7682544	14.30009495773241	0.0060992887652175
2459723.8502515	14.32421707484599	0.0070062428466471
2459724.8221279	14.266975139849569	0.0072638084240683
2459725.8319874	14.194772537129	0.0080670491894721
2459725.8389494	14.279587016505584	0.0060229383217606
2459726.74911	14.250973836663068	0.0057688108643583
2459727.6941378	14.378510115761038	0.0051907295906635
2459736.6147353	14.346762015332166	0.0062598514665724
2459737.8096981	14.553266566459008	0.0108800690449667
2459737.8533884	14.473826399780569	0.0083564834402142
2459739.3624544	14.432095815330522	0.0145126085100883
2459739.6234747	14.241831672179444	0.0078556158631473
2459739.6247627	14.25742999862219	0.0088211922911687
2459742.736327	14.226298980562078	0.0099466859274086
2459743.781438	14.279378971426242	0.0252880772861668
2459749.7729044	14.3839197043544	0.0081034035161535
2459749.7741885	14.336250021816817	0.0131477858180627
2459757.599207	14.152488412847742	0.0079965330346913
2459759.557916	14.10275803836868	0.0077488082081963
2459760.6302429	14.489779982624746	0.0086169510112846
2459761.6187909	14.481673346846456	0.0088398092867468
2459762.6627655	14.330355827988734	0.0057325386371286
2459763.6469946	14.25910485588714	0.0061030505869182
2459765.5523471	14.32857954084108	0.0035010509980523
2459765.6332948	14.270236146107996	0.005593487944603
2459766.7850329	18.53840670923393	99.999
2459766.8402295	14.261336539095485	0.0065023798043198
2459766.8415278	14.259088161787998	0.0074599281580739
2459767.8771545	18.4091870064537	99.999
2459769.7172309	14.358109169801477	0.0055823939407727
2459769.7184597	14.334934370031808	0.0090314910368699
2459772.657197	14.421453346067656	0.0181004667584521
2459781.5356653	14.450394745584648	0.0092675999712405
2459782.721731	14.174519806311048	0.0070851439442357
2459783.7495914	14.334677938782212	0.003920696597244
2459783.7508664	14.333431277851265	0.0068782789322555
2459784.6925585	14.306439753454884	0.0041850099337468
2459785.665583	14.379963973587223	0.0055382901468566
2459785.6695474	14.376833798996325	0.004870669228213
2459786.6997856	14.452038818736607	0.0079967115690467
2459786.701026	14.452147249164645	0.0084454039917692
2459787.7102474	14.370212009346163	0.005684327910317
2459787.712753	14.353506193840907	0.0074794681332728
2459788.7577193	14.301805702870734	0.0052363890378264
2459789.8302511	14.340299788852128	0.0076895909849509
2459791.8276518	14.276546724867323	0.0063226202610675
2459792.7169101	14.292327222825737	0.0059120911617421
2459793.7538024	14.230559699125983	0.0064333500426635
2459796.776865	14.465855272845632	0.0082805187355277
2459808.5297321	14.452769196767123	0.0224507497279874
2459815.2116167	14.380225513002877	0.0080464961926945
2459816.5130282	14.241983957757832	0.0064839433200452
2459817.543588	14.304740983576602	0.0046695293182043
2459817.7234887	14.46099535831451	0.0090568692198903
2459817.7259925	14.4739442113716	0.0120870164926533
2459818.7144797	14.407332208233017	0.0074838260475069
2459819.6533932	14.463765780386586	0.0083774710217461
2459820.6978919	14.093690076182348	0.0082380154978371
2459821.71664	14.21838582521929	0.0071106087378726
2459824.4739872	14.325103635998442	0.0067664053872857
2459824.4752286	14.328187701290917	0.0087199843048458
2459825.5066195	14.08037765582093	0.0083954338691519
2459826.6152504	14.551309407980046	0.0223828586888812
2459830.663761	14.181836172633854	0.0145062446851778
2459835.2689693	14.312414300551392	0.0072902917596023
2459835.5500099	14.361790704065498	0.0063280206607895
2459836.520278	14.2522228884373	0.0071432089066241
2459837.5204004	14.2154331590889	0.0066021839492051
2459838.5324536	14.31225138718662	0.0062542701849564
2459840.5404593	14.495607722313078	0.0095979803710319
2459841.6013957	14.22611774460858	0.006841960946715
2459842.6095401	14.0808009977804	0.0080578899078413
2459843.5542226	14.119664384689417	0.0080928731927607
2459844.5385288	14.11594445228959	0.0078698332999276
2459845.5432522	14.27131454702176	0.0061706422125287
2459846.5810508	14.582584346270371	0.0120583249745985
2459847.6007807	14.542277403809145	0.0112029156152309
2459848.5513131	17.825674982047538	99.999
2459850.5181981	14.296608694200666	0.0062458388701559
2459851.6591119	14.40865089725678	0.0069483484722822
2459852.6471868	14.441126472096306	0.0080228930243646
2459853.6503069	14.39920912992469	0.0080282277300192
2459854.6035513	17.54191786958906	99.999
2459860.3302345	14.201658648910673	0.0202726434716395
2459863.527604	14.137153568524406	0.0110369919025545
2459865.5028698	14.254124299562312	0.0062790721126413
2459868.4998728	14.534230930425904	0.0174940420863538
2459870.2579267	14.15899558095164	0.0079767574625309
2459871.5635094	14.213145983394202	0.007080765752818
2459872.513557	14.20379969408442	0.0077513462614858
2459873.5962622	14.472203586201376	0.0095457540738695
2459874.5931288	14.422586650787377	0.0081454403020402
2459876.5800368	17.908773668488458	0.1906718133477383
2459877.57666	14.252785761536554	0.0070204135970928
2459879.318735	14.35393714106609	0.007201770378596
2459880.5112975	14.31315581114272	0.0054188657791522
2459881.3123062	14.293912623305506	0.008669391489606
2459881.5755003	14.23036948494673	0.0069756987302529
2459886.5627669	14.436243937313565	0.0119146959411165
2459886.5640424	14.414364098035705	0.014252987137113
2459887.5594829	14.409425767376405	0.0123257959050673
2459889.552649	14.115374438055763	0.0119362996502465
2459891.5444022	14.25125206575866	0.0294658149481248
2459893.5497487	14.465276839650263	0.014053731182756
2459896.2998399	14.2421118740328	0.0130358558056954
2459897.5377376	16.32963771103264	0.0654215735247512
2459898.5376562	16.750348668325564	0.0886542008576956
2459899.5481568	14.245952680622011	0.0146418590431914
2459901.5291752	14.30286952670853	0.00671893684137
2459903.5220431	17.656794222421812	99.999
2459903.5232836	17.088860336423537	99.999
2459998.888996	14.379225525535013	0.0073172493520132
2460000.8948212	16.15539321003621	0.0747360466245467
2460002.6447491	14.655010408286657	0.0311990146147614
2460006.8785686	14.35710286501206	0.0066195078699703
2460009.8760669	17.368448700029347	0.2168529796352249
2460022.8427228	14.274394265660607	0.0057963200735389
2460023.8432502	14.378713975416082	0.006117579887207
2460025.8356865	14.439479119590615	0.0087993793401832
2460027.8351753	14.260946238468357	0.0061758702866674
2460029.8149133	14.203200392839566	0.0071574797685122
2460031.5744031	14.409498540925242	0.0065098956077198
2460032.8180867	14.336472282716803	0.0052053526418705
2460033.6095272	14.30987448825029	0.0052203954162125
2460034.7975262	14.32064144780864	0.0059169257118458
2460035.8005129	14.37578685993584	0.0056404072313661
2460039.5493889	14.256734724609217	0.014862108722748
2460040.7882551	14.23166728764915	0.0132376761441333
2460040.8132973	16.127696747036797	0.1070396734650327
2460042.788945	14.206503486210613	0.0149350909366837
2460049.5234742	14.424849263925026	0.0083220084347673
2460050.8914146	17.868368910717646	99.999
2460052.5522721	14.336849489750216	0.0048872041668762
2460053.7653029	14.386636792598155	0.0064040434581025
2460054.7733494	18.330423517264027	99.999
2460056.7637068	18.22937317409189	99.999
2460057.7592783	18.55928591296841	99.999
2460059.7523672	14.299523598343583	0.0057155113495097
2460060.7500743	14.220270133198916	0.0065617185638861
2460061.8781629	14.402163324087727	0.0072650296298423
2460063.4816896	14.558229483650443	0.0115077749560131
2460064.7450164	17.691384174969876	99.999
2460065.729262	14.526445347372718	0.0142629134599166
2460066.7228493	14.510064001486478	0.0138028577149153
2460067.7117107	16.97377979974971	99.999
2460071.751776	16.931419376562285	99.999
2460071.7737399	14.482482752653794	0.0173931250094588
2460072.8539264	17.101776047932496	99.999
2460077.9137517	14.355285408089722	0.0058921632796585
2460078.9095917	18.05370298536788	99.999
2460079.7256501	17.3174469717583	0.1295017502548699
2460080.5968921	14.383700137361052	0.0073680157995296
2460080.9088494	14.335533498763612	0.0047413826753325
2460082.8355882	14.422616646759154	0.0097911913529916
2460084.5814917	14.158067503957232	0.0086463784295162
2460088.4213694	14.183976636949009	0.0073933861286461
2460088.8592457	17.75385191170803	99.999
2460089.8361755	17.65278276844964	99.999
2460090.8473695	17.55706851611773	99.999
2460091.4235573	14.468588176999562	0.009187105892479
2460092.4265452	14.510950477914818	0.0137584097395467
2460093.4177022	14.438412980964756	0.0101083420188025
2460095.8805467	14.4186279969114	0.0070057881685825
2460096.7493888	14.213592223248524	0.0093912100541866
2460097.8198121	16.843102288114306	99.999
2460098.8046311	14.32241796003236	0.0132978006267957
2460104.8538937	14.161878668911427	0.0088130714642574
2460107.7700354	14.205126039818651	0.0071894859200353
2460108.6929068	16.058404987021284	0.0464853982808584
2460109.8334566	17.681160614076738	99.999
2460110.8332811	14.419124024362148	0.0113828831474559
2460111.7102876	14.438585093581304	0.0073835875045993
2460112.8112101	16.42617305103223	0.0618387197372433
2460113.7846677	16.24038690798557	0.0504081346393164
2460114.8541351	18.187175952968367	99.999
2460119.6322595	14.32155194763986	0.0038573178273979
2460121.6104378	14.332625634881833	0.0055881734465468
2460123.9258297	18.079073648413072	99.999
2460125.570593	14.318297584632615	0.0095059748662371
2460126.691999	16.476321740195207	0.1476051211843684
2460127.7560448	16.445408521444737	99.999
2460131.2845594	14.340969904556523	0.0358635102972794
2460131.5289178	14.110665999250198	0.0095509618038177
2460132.7325931	16.08766043268143	99.999
2460133.8185106	16.92331036731602	0.1468824648106791
2460136.6287651	14.205944821973857	0.0093153010329536
2460137.2861707	14.183543466716008	0.0072358947090061
2460138.6220431	14.277528496328031	0.0076216256737201
2460139.2602711	14.317439711592908	0.0043827149725702
2460141.4563692	14.28706141555804	0.0084124923720337
2460142.5018108	14.397722020780254	0.0072929410319184
2460143.6203801	14.349323133038308	0.0062667337117444
2460145.8125725	17.93722855203547	99.999
2460148.4316003	14.4022944389747	0.0056875552163265
2460149.8178605	17.801372897372442	99.999
2460150.2642108	14.35216873756654	0.0041358458116049
2460151.3951523	14.488352563256688	0.0120942372609649
2460153.5441508	14.413563251789064	0.0097705182543305
2460154.5027295	14.400688549261885	0.0102544866417104
2460154.5852761	17.480396957759627	99.999
2460159.8086126	14.149854144307826	0.0133461504989454
2460172.531662	14.396704812376342	0.0108854235382788
2460189.3295655	14.405647554005624	0.0112586674654155
2460191.4552571	14.277537246794896	0.0091075606267538
2460196.3304814	14.434481536949995	0.0088172666588209
2460202.4433997	14.523049291218582	0.0110813637334046
2460208.2386167	14.410846433064004	0.0084665893061931
2460217.64276	14.495365578848302	0.0168055195252542
2460218.6465024	14.487276517447151	0.0194307883664934
2460219.5372649	14.518706555835209	0.0097489444039575
2460220.6192495	14.244662080847236	0.0069219635776985
2460222.5355331	17.20572603092053	0.0994084884224778
2460223.6227104	14.280206454874868	0.0069961701994754
2460225.5144023	14.214755176215863	0.0070192908998038
2460226.6495132	14.36834967943141	0.006947519364759
2460228.274901	14.359113951112056	0.0057697917944476
2460229.5101267	14.42235443172937	0.0074796081608305
2460230.5127772	14.290933937322656	0.0049598478554972
2460231.6284666	14.36884694764126	0.0063317330097448
2460234.2894456	14.371344583992192	0.0058121029717837
2460235.6008004	14.34570011287204	0.0082865148449033
2460236.5759612	18.03112283781018	99.999
2460237.3485383	14.40479049179548	0.0114382159572575
2460243.325322	14.495657815439364	0.0198317833837918
2460244.5247147	16.483409282677812	0.12097313193777
2460246.3211308	14.455650352371004	0.0240668447725811
2460248.3398158	14.28781536370438	0.01802454300873
2460251.5360474	14.202800508763564	0.0070652118743662
2460255.2950201	14.403931196324804	0.0088829881143791
2460256.2512821	14.35304074739718	0.018304233752615
2460257.5292716	14.316744273956395	0.0067591125454607
2460260.535613	18.136927093599667	99.999
2460261.5321937	14.224183364708098	0.0071400330322799
2460262.2870358	14.352610673431876	0.0063835138120078
2460264.5353581	14.316677478751323	0.0070367531635999
2460268.5141142	17.14603833597969	99.999
2460270.5206275	16.025223955559497	0.0916054096374445
2460369.892029	14.387827790260708	0.0109022158765481
2460370.8911725	14.341192797106793	0.0082855858894025
2460388.8662237	14.332884796459792	0.0067578495262977
2460418.8420552	14.221667652207753	0.0062255382524345
2460423.8690668	14.399934457486436	0.0099574730672311
2460432.4694769	14.235431045541524	0.0118291826585472
2460433.9263155	14.390551284201855	0.0095988116744716
2460435.5382829	14.44260417422056	0.007347117699053
2460436.7753186	14.451903399971496	0.0079669127459671
2460442.444286	14.339095376255786	0.007285994811401
2460443.847254	14.418261547065704	0.0084946680408114
2460445.4475534	14.481724636202571	0.0106569464356993
2460446.4523567	14.381967085636456	0.0065589929616246
2460446.6895155	14.449853308339266	0.0102354819935891
2460447.424285	14.320284855291431	0.0158388463403382
2460448.6698382	14.312861045549184	0.006591317612078
2460449.6729092	14.278206972866258	0.0078338046307832
