2458013.8835761	14.692838129026908	0.0090187726831309
2458015.8621523	14.615056649245016	0.0123224892994569
2458018.854397	14.550392654800286	0.012321639606201
2458019.8658209	14.812767592120444	0.0114729863716089
2458021.8481635	14.657079933693897	0.0094574588427762
2458022.8521991	14.821844938035312	0.0122000586101888
2458023.8786123	14.517736554532108	0.0113634896511356
2458032.7965416	14.712372926570527	0.0218463347018749
2458033.6979129	14.91390733490902	0.0321607494494878
2458037.8504413	14.59948815222321	0.0153998557765257
2458041.8601149	14.8562221252451	0.0158876873350206
2458043.8427962	14.753198135146109	0.0082953902212391
2458044.8395558	14.866990401640244	0.0178272258614059
2458045.8365324	14.637895550208546	0.0096451443467228
2458046.8408272	14.872014711778462	0.0140811058186198
2458047.8375183	14.623193446243082	0.0102891234214059
2458048.8293958	14.725306096526696	0.0084969267523714
2458052.8414826	14.862507679797424	0.0127704518777198
2458053.8365806	14.620744361879638	0.0102214160446788
2458055.8360931	14.6471378245263	0.0120318255023091
2458056.8244248	14.69828392298619	0.0065309921289744
2458057.8059945	14.83258498399051	0.0131504296192572
2458058.803486	14.547969299441966	0.0166250558846462
2458063.7798431	14.791090617980046	0.0181426906613539
2458068.8211214	14.883239406349924	0.0144867420428479
2458070.7911354	14.827301825821898	0.0115247384758232
2458071.7980845	14.710536561151192	0.0070487831074706
2458072.8001678	14.712520500472293	0.0083422140512452
2458074.7889927	14.5460255575376	0.0115398443218477
2458075.7935953	14.790602996541786	0.009484682492233
2458076.5454906	14.822536232675112	0.0081959053743106
2458076.7942213	14.888004475998535	0.0145503641015392
2458077.7913666	14.554706812050952	0.0119193399030019
2458079.785215	14.749402341273294	0.0091199156660785
2458080.5302608	14.698915238410777	0.0072753212257352
2458080.7840028	14.652770362605862	0.0098373477726502
2458081.7883743	14.840257730701076	0.0119176904116244
2458082.7853672	14.522292381067178	0.0123770275318551
2458083.5287147	14.580679390786482	0.0087468967886089
2458083.77868	14.755353999626156	0.0090427309795592
2458084.7768138	14.93289464191588	0.0185808029887019
2458085.530153	14.945806004490258	0.0123319442366097
2458086.509613	14.587179371466137	0.0102348316218944
2458095.4393468	14.778557126064255	0.0132052034993537
2458096.5139814	14.762905219011298	0.0103602446718495
2458099.519287	14.588648105017546	0.0099826841197719
2458100.5074436	14.760110661242624	0.0076390813074815
2458102.4816425	14.59290264432896	0.0090561507922621
2458103.473377	14.829293425290553	0.0099738639025863
2458107.4656361	14.626157315073815	0.0088388984176441
2458108.4633845	14.712252472788007	0.0059172581386698
2458109.5989326	14.751936505928578	0.0090856752107008
2458110.5986311	14.667562922285676	0.0094925845596603
2458111.5704353	14.890447083739067	0.0145732312135765
2458114.4598466	14.88730007194096	0.0153035302470454
2458120.449198	14.822406965677663	0.0282769284700527
2458121.4734917	14.74220133545838	0.0250428906613069
2458122.4846713	14.800545239996444	0.0189992044278776
2458123.4845989	14.636883405521194	0.0174296608690075
2458124.4773678	14.76245381737268	0.0146803704052534
2458124.568308	14.829509269498123	0.0107871724260969
2458125.4813542	14.894411344965096	0.0172557111168758
2458125.6015389	14.69091847354684	0.0095180907236079
2458127.6014401	14.805140485490451	0.0120521431974294
2458128.597727	14.521271544406243	0.0118836736204646
2458129.5906134	14.776388930357903	0.0096499742753354
2458132.6013069	14.805294773729434	0.0115186451905023
2458133.6084937	14.64942667457782	0.0110327073992492
2458134.6046345	14.711790611245023	0.0084129626538925
2458135.6007853	14.871309698847115	0.0132511776349425
2458136.5893475	14.55303104404569	0.0108124161366246
2458137.5928125	14.780251442970336	0.0093044564808764
2458138.5924032	14.881710793284114	0.0152279538908613
2458139.5995119	14.613352850380505	0.0114694248734666
2458140.5955322	14.82004163496676	0.0145812694599204
2458153.2981123	14.601400388124173	0.0092439573872959
2458154.3114815	14.813431271923466	0.0092901414551234
2458155.3297158	14.919061188898068	0.0120186587703353
2458156.3219904	14.577989748230149	0.0100341289260137
2458157.5907004	14.753395445914734	0.0086664014240307
2458158.32186	14.733398807470056	0.0074543674885547
2458158.5827581	14.628317208397256	0.0103802784247515
2458159.5784312	14.896991630765836	0.0139581488692629
2458160.3118371	14.885701196788125	0.0118362112640745
2458160.5704298	14.56241033311342	0.010870529077327
2458161.5508708	14.700630043666226	0.0088036372184681
2458162.5543388	14.864846394192426	0.0134925947245967
2458163.5463912	14.54510385733824	0.0114948879781379
2458164.5418413	14.73017823361808	0.0090167105376082
2458169.3994988	14.601997688297033	0.0099182250288963
2458170.3926195	14.879411419706422	0.0112664094402167
2458187.5650359	14.55967596334862	0.0119812918397052
2458188.5077749	14.74408438688003	0.0103131668002422
2458189.5922045	14.673363791379332	0.012574757445976
2458190.5574057	14.625204956827018	0.0108366418244417
2458192.5785313	14.509360896095256	0.0123926455722709
2458194.5692942	14.865064261703951	0.0147171589773511
2458196.567976	14.851967251702645	0.0131457819429987
2458198.5655254	14.619949778877023	0.0119173364247728
2458200.5571717	14.59462209840219	0.0129077240826659
2458202.5544705	14.81962223596732	0.0190866765508667
2458203.5540411	14.454692136399904	0.0208904422328726
2458204.5451958	14.8289183983216	0.0219340510092055
2458205.5436046	14.837703118009715	0.0277008513786153
2458206.4961356	14.533015969380138	0.0169879947974255
2458211.274573	14.759590978236425	0.0194696631510307
2458211.4881348	14.510902075749302	0.0124556800772034
2458217.5095759	14.64374582426422	0.0112486546945625
2458220.5080702	14.67122107900165	0.0166619381211058
2458228.4790703	14.760580147757407	0.0111169787763873
2458308.9243556	14.495872100477351	0.013927385650005
2458334.9159503	14.873124138588336	0.0212621756371136
2458338.9234549	14.687935062212432	0.0094726757717866
2458346.8295888	14.591136808300094	0.0104666304847592
2458349.8344355	14.670852837286525	0.009930577418359
2458352.8204191	14.686060765539754	0.0140453678529482
2458362.8351085	14.57830137192846	0.0156369446637685
2458366.832734	14.863884980390392	0.0161007120323995
2458368.7992701	14.701493521482194	0.0082123058217121
2458372.5477187	14.807706127285083	0.0080417140116077
2458375.5005991	14.88966464682797	0.018181380631661
2458384.906425	14.772852841019104	0.0524591190742445
2458385.9055345	14.756170091184815	0.0570442887122478
2458390.6203878	14.703907611545596	0.0134194856666023
2458391.6249079	14.899605866194438	0.0179115784477827
2458392.4656498	14.695267050095808	0.0189905819234143
2458392.8428957	14.730908273143822	0.0134846622702546
2458393.8163803	14.889132548333382	0.0180150561916808
2458395.5459889	14.58391754341092	0.0092606292810434
2458396.5549487	14.836160954587248	0.0101079535681448
2458396.8371876	14.653941147261593	0.0096016824409071
2458398.8589741	14.890902061087024	0.0149993222051787
2458403.787112	14.774477231712677	0.0103244722229803
2458405.7535544	14.610100037437276	0.0108312864464914
2458406.7004086	14.765079518215192	0.0099319805455747
2458408.8013058	14.724852074007025	0.0057492578791358
2458409.6419667	14.819049946100824	0.0168414092048295
2458409.8331842	14.874676981834316	0.0102409673188953
2458410.561245	14.894852137588227	0.0120652128927975
2458410.6805197	14.582267400094276	0.0121279079823437
2458414.7130805	14.90154208916508	0.0278107213925073
2458415.7175785	14.730338507817686	0.0296224174868546
2458416.5219594	14.549908351328508	0.0223523578055442
2458417.6167793	14.858747212255937	0.0305253956536611
2458417.8677825	14.848319336228183	0.0328896195901462
2458418.5837234	14.860474161512972	0.0300771700268291
2458419.4756078	14.587638361209423	0.0194946642215798
2458423.5906314	14.907962477198458	0.0134434385676803
2458423.6341735	14.686291220234327	0.0085565513831456
2458424.7746089	14.705518951163436	0.0088520146652813
2458426.7746015	14.572105297325724	0.0106822401841882
2458427.6201902	14.624787865448804	0.0102755016539181
2458428.7992381	14.71124964764327	0.0077032319598017
2458430.8078386	14.840439202544932	0.013013039200135
2458431.7307138	14.623602870130592	0.0096465068965903
2458434.7585017	14.492188083453035	0.0128777349569613
2458436.7333787	14.85240311690167	0.0150381395953309
2458437.6530292	14.53900053264436	0.0125017804571221
2458438.544032	14.726015337384942	0.0077124839124039
2458438.6447638	14.845737010393096	0.0098149609203038
2458440.6374964	14.666886376414848	0.0125440043528914
2458442.6970238	14.605553061463024	0.0108218290010171
2458443.7018454	14.762456040738314	0.0217022629377465
2458444.7026936	14.931762990114528	0.0284221815086542
2458446.685875	14.743973855567024	0.0275464843174622
2458447.7109923	14.714972881782998	0.0224534127683218
2458448.8458339	14.743302789904476	0.03895670487283
2458449.6723092	14.839968716146643	0.0188887042643247
2458450.5678798	14.721636710342596	0.0086427161564685
2458451.4008811	14.61833908484725	0.0082014805657622
2458451.6176276	14.623032011671024	0.0121596687400683
2458451.7991025	14.788137714032604	0.0136619855368596
2458452.3855991	14.711526719150276	0.0074957138658957
2458452.7580703	14.8536995525691	0.0100319051870362
2458453.6961132	14.542712698822871	0.0103275164365514
2458454.5962997	14.799339247048822	0.0082447874055864
2458455.5266599	14.877609219932458	0.010592992626414
2458455.8147916	14.564204402989349	0.010332536878186
2458456.6619559	14.578047358113835	0.0108567942417235
2458457.6612906	14.865724519608875	0.0156844802668222
2458458.7372259	14.51073440528507	0.0118944799006261
2458459.7207139	14.738357855077924	0.0079399283793271
2458461.8051967	14.69528852515435	0.0095787591629498
2458463.7646072	14.595303469094972	0.0100086008695658
2458465.762973	14.849425652627636	0.0150471176885198
2458467.7898195	14.80040790050083	0.0119608476864165
2458472.602379	14.535778336023968	0.0185062231081636
2458473.7153044	14.673586790573964	0.0288347861906742
2458474.691925	14.477151523415694	0.0272905577109912
2458475.4563252	14.556190643861267	0.0280913517463026
2458475.7229573	14.768304860706364	0.0179913561152255
2458476.6922739	14.929019626904893	0.0289368543570205
2458477.4808661	14.844344243903205	0.0206358503646857
2458477.7540549	14.581228183943075	0.0194860246032486
2458478.5042685	14.627477300129812	0.0237141472071708
2458478.6226834	14.772445403256585	0.02478604025483
2458479.5764062	14.7743103965256	0.0090495583982843
2458480.7051309	14.6767940010088	0.0149081471909025
2458481.3180676	14.574688705020256	0.009869653729966
2458481.6003064	14.879645821099114	0.011851071429824
2458482.3927535	14.828217960304285	0.0103295556956803
2458482.5925737	14.677396810098156	0.0088782715819589
2458483.4475184	14.50851802030846	0.0095181044558613
2458483.7795151	14.781146307770568	0.0101477283914075
2458484.4667463	14.847426833084894	0.0105905625638825
2458484.779685	14.801816478131764	0.011845361742548
2458486.7056263	14.868650973172882	0.0102223836925656
2458487.6612338	14.811756162218312	0.0118349951571003
2458488.6783915	14.684086698720265	0.0100159633287013
2458489.6800613	14.844710239622172	0.0154549284177964
2458490.6718209	14.603308731427791	0.0126061851392133
2458491.7587481	14.813537436112371	0.0123752225764965
2458492.6629585	14.85411464997423	0.011121763105438
2458494.4677083	14.653930229264454	0.0093105154141764
2458494.7364429	14.913048947719505	0.0128589857048465
2458495.6726828	14.829000018306123	0.0137432222298914
2458496.7091213	14.635625326439696	0.0102431075609684
2458498.7276248	14.527918928430044	0.0138554609505667
2458499.5380674	14.567758015327936	0.0241315867230122
2458500.7564326	14.835818306758457	0.0212835339357459
2458503.4276941	14.84005798732963	0.0295687401406852
2458503.7400202	14.667740123240932	0.0324814257361333
2458504.4165696	14.80975737067708	0.0313143046655987
2458505.6639338	14.867074095484105	0.0263808169685121
2458507.5475521	14.69691210515521	0.0092177389973423
2458508.4583811	14.8049942641041	0.0154455983564074
2458508.5434172	14.914616439629702	0.0162283122123973
2458509.4561406	14.937984061663602	0.0256474275451226
2458509.5390896	14.694468957623672	0.0112246503378748
2458510.4555727	14.59105181795355	0.012438381265477
2458510.7255626	14.826075347660366	0.0184810676784368
2458511.457505	14.86810345156535	0.0159829964348477
2458511.7248144	14.64013036463715	0.0136257437287541
2458512.4463336	14.688870584056223	0.010018127193166
2458512.7208338	14.711181797959965	0.0106708848936718
2458513.376205	14.620850247166643	0.0092754002920227
2458513.7192175	14.933675323905696	0.0154224425468052
2458514.3189891	14.833907173653262	0.0111075119757167
2458514.7065814	14.63346905439142	0.012161682428547
2458515.6511333	14.700391494768905	0.0118189342214735
2458516.70611	14.908341367291522	0.0141460185815612
2458517.6914391	14.469325710623584	0.0142873280219058
2458518.7015257	14.89757763967314	0.0111021985727366
2458519.690189	14.645108033648794	0.0269265086875717
2458520.3638066	14.9143083659469	0.0127744546786666
2458520.6343339	14.582682053602236	0.0148233986653581
2458520.6399989	14.596084389510844	0.0124932568476742
2458523.6174052	14.721633197519324	0.0095288213598508
2458525.6155847	14.57026923471596	0.0107586537002934
2458526.6521926	14.742825143447051	0.0121212897961563
2458527.6400918	14.778848552305144	0.0158851045747064
2458528.3602076	14.838463740992596	0.0198749381788675
2458529.6020466	14.763562167310608	0.0210115595214382
2458531.3300615	14.719104265790785	0.0141136189861
2458532.3849525	14.66213234289059	0.0280325777573935
2458532.6028277	14.825497281470597	0.0235045216439263
2458533.3247883	14.824284385627829	0.0263250992067018
2458533.6167213	14.444390453096464	0.0330932246075987
2458534.6089261	14.778274539795175	0.0284101354773914
2458535.6513476	14.855818010221322	0.0306099277316153
2458536.6463807	14.696755011532712	0.0187189580580847
2458537.3756674	14.62289441083752	0.0217978995715739
2458537.6459196	14.828444202690278	0.0209670187344966
2458538.3504062	14.86340518315301	0.0133104617102001
2458538.6378558	14.71698698432692	0.0141421440932741
2458539.3122034	14.824947241155035	0.0091499505330333
2458539.641009	14.740987952826044	0.0136251740207534
2458540.6358578	14.91528225529489	0.0126963939051982
2458542.6305568	14.81576241180661	0.0099474116653947
2458543.6212916	14.77473222284308	0.0118075374383684
2458544.3371419	14.875002615341854	0.0123481683776249
2458544.6251515	14.692137600667944	0.0097743827129924
2458546.3577671	14.847383962310932	0.0108126429957317
2458546.619588	14.688831737542392	0.0112091609633478
2458547.6143264	14.759026540907689	0.0080381569895142
2458548.6136765	14.872449553609602	0.0115042157411393
2458549.608627	14.562064530269105	0.0105968697925239
2458550.6080633	14.78189044189156	0.0106623669194022
2458551.6032281	14.862547760186322	0.0117250735452641
2458552.602456	14.636520031953095	0.0092091251581775
2458553.5861878	14.790556219112132	0.0133027956058431
2458554.5546584	14.862931966368564	0.015609167884091
2458555.3086143	14.802073186313464	0.0104625357606322
2458555.5457197	14.660703179947346	0.0127041789829737
2458556.591692	14.877612927860698	0.0154677053661587
2458558.3243007	14.534200182705792	0.0158752944141839
2458558.5862607	14.833077417195664	0.016824916241308
2458560.5761555	14.549653408014455	0.0173381561937362
2458561.5751647	14.746253540126428	0.0252121616066972
2458564.3075035	14.79822872813678	0.0340305708740627
2458567.262254	14.679286100318867	0.0096966491248355
2458567.5580991	14.988935870373965	0.0134496386739889
2458573.2436288	14.791894659421938	0.0094501885154351
2458575.5289744	14.868788831238792	0.0122268334282697
2458579.2502024	14.871945639581163	0.0102223012326163
2458580.2344191	14.60270606709469	0.0087280066842943
2458582.5119419	14.633684217167929	0.0110649252322648
2458583.5158034	14.787655796459106	0.0247156580148506
2458584.5119481	14.40459835310538	0.021238479813797
2458591.4844541	14.840344371108628	0.0354626541231961
2458596.4698697	14.80081344141709	0.0200908548230017
2458600.4635767	14.619899753376032	0.0253888547565817
2458602.4703812	14.933483183485905	0.0157676856599262
2458605.4648707	14.949081870826875	0.0223323665297205
2458607.4558936	14.879443109475991	0.0473902335295612
2458667.9263914	14.826606676998686	0.0142285042719373
2458668.9159748	14.573933033975091	0.0106806655165278
2458670.9429964	14.757823972319574	0.0203273999907191
2458674.6772568	14.50140214217548	0.0109632069950833
2458676.6701704	14.925704339701207	0.0119553125886797
2458677.6757298	14.619890031761582	0.0089598786092655
2458677.9434522	14.825600193340607	0.0231597659321271
2458679.6568558	14.800610623880386	0.0145084740187777
2458679.9190982	14.663259876858454	0.0150554984402456
2458680.6587697	14.78947703435989	0.0219755100167356
2458680.9154614	14.920912694984088	0.0246921255180708
2458681.9119896	14.561435885492305	0.0198759239566202
2458684.9053015	14.566047703604024	0.0175931871122163
2458691.8921015	14.928683291513494	0.0169433904563106
2458694.877596	14.8243707425328	0.0132341257701201
2458695.8753232	14.649245548081748	0.0096055146440911
2458697.6013025	14.834171877538164	0.0107413437252693
2458697.9136971	14.605145270512054	0.0102822779245136
2458700.8612682	14.591831171743186	0.010696810895252
2458703.8616189	14.604245405104583	0.0115395223062003
2458712.8278307	14.906031858996329	0.0259705323944387
2458713.835902	14.843646299743902	0.0165423174489091
2458715.6771404	14.779067948531308	0.0214648988542866
2458717.8852992	14.817833844874034	0.0201930998669812
2458719.8115579	14.5803772974463	0.0115200668649969
2458721.8104629	14.889240943661452	0.0114942010861752
2458722.8564421	14.655642437023433	0.0123913421441052
2458724.8814896	14.54877385859584	0.0107421758131738
2458730.8109546	14.693442431272112	0.0090008512302405
2458740.8270505	14.571687067296024	0.0319591490330589
2458741.7391461	14.617648047382374	0.0249964497689593
2458742.766475	14.903447424870476	0.0268056042263459
2458743.5462149	14.848729669789243	0.0208285385201309
2458745.8316952	14.72852430735036	0.0174441737992169
2458746.7604296	14.602600288009777	0.0128972735065938
2458747.8214515	14.836054617538924	0.0152390739048316
2458748.8665076	14.494945928506732	0.014436290951574
2458749.8372176	14.824598636179878	0.0103299768065319
2458751.8147319	14.564527637691103	0.0120435765817673
2458752.7499431	14.790892715911738	0.0106374370687626
2458753.7589036	14.855569657336652	0.0147963364463979
2458754.8339976	14.699829696098362	0.00927515444116
2458755.7644062	14.818739287794422	0.0129104383125769
2458756.8206209	14.505737286723964	0.0115501175561446
2458758.4575229	14.692016741552584	0.0130861093038859
2458758.8304388	14.960637256964311	0.0132201412699838
2458761.8462496	14.7122455750679	0.0106485078547303
2458762.7213423	14.553189616488844	0.0126204231868605
2458763.7366794	14.75280976011379	0.0125597405844862
2458764.6848193	14.77679197559368	0.0104455649613353
2458766.8394909	14.869435905603607	0.0347937069203637
2458773.3976275	14.845721049646814	0.0220404370389909
2458773.7370737	14.689098861943696	0.0193955283301702
2458774.8715826	14.85841009717216	0.0256860668713221
2458775.6042355	14.916950692797888	0.0176126277480218
2458775.7855995	14.546307011205384	0.0154419986401032
2458776.552775	14.608794643245936	0.0110429372755305
2458776.8627505	14.849663356477112	0.0155241960068815
2458777.8510041	14.647790296009113	0.0134071006832448
2458781.7461249	14.68713299359111	0.0101255273187284
2458785.7901893	14.820176845793036	0.0126514962509615
2458791.3571817	14.813705453501456	0.0126308751672864
2458791.8417543	14.548656635371874	0.0132325547128822
2458795.6076662	14.776878291773611	0.0192404138925278
2458795.8459511	14.85632607570362	0.0154847048747685
2458797.7637639	14.617673358564671	0.0185035945195901
2458798.6357918	14.87709081986762	0.0250654715185414
2458799.6670699	14.621516743345085	0.0350113035762518
2458800.6438256	14.746319275612745	0.0277324721199536
2458801.7446604	14.89395933847134	0.0259227635459214
2458802.8024231	14.717498911645285	0.0230917769000305
2458803.5945688	14.6578502980357	0.0187715187218289
2458803.8578893	14.752749828869703	0.029332975533287
2458804.8555816	14.453833657382232	0.0228751000410505
2458805.8266511	14.766039506184486	0.0168980956323325
2458806.6483623	14.853483882415464	0.0146667797923017
2458807.5361853	14.892389183529142	0.0136820619796612
2458807.7108827	14.621393687206735	0.013239443849291
2458808.5440488	14.576292894208873	0.0095155417959394
2458808.703555	14.752505707801877	0.0112127381509194
2458809.8083031	14.82875836569971	0.0101749364085049
2458810.8137487	14.701458963370186	0.0100897213900467
2458811.6840055	14.870750790646312	0.0110058396597582
2458812.615445	14.922441415951022	0.0133332101468931
2458813.7360405	14.753456300052555	0.0078376824745499
2458815.5721852	14.658590861481631	0.0095829053557823
2458816.7389008	14.786792421331892	0.0139414412238317
2458817.517141	14.87432713163832	0.0339285842415229
2458817.7060412	14.924917529806727	0.0136953309975216
2458822.72845	14.907997372167133	0.0131748671470446
2458823.7550204	14.502749660445303	0.0137876240055615
2458824.7869577	14.875439509253813	0.0117289441125495
2458825.5295447	14.794062199524998	0.016544724290748
2458826.5964443	14.637893703440543	0.0136258752340219
2458827.7471669	14.851455121959084	0.0263061103076332
2458828.5785148	14.93929207947467	0.0282991169833515
2458828.7038365	14.71685612805677	0.0331628418331854
2458828.7050651	14.835250133609286	0.0348914253099216
2458829.7117454	14.596749020179056	0.0266987199785727
2458830.7209211	14.763781339236408	0.0304194654669101
2458831.6450501	14.709764962947869	0.0213691444488147
2458832.6678755	14.64930584126802	0.019887782544734
2458833.5565387	14.88866373505656	0.0219166966925745
2458833.586614	14.78765428517162	0.0164886424762483
2458833.6772663	14.768231607993876	0.0146731893493123
2458834.4884946	14.885269475808592	0.0172038801069931
2458834.6581267	14.5201005581064	0.0120526040220064
2458834.833967	14.70283614577028	0.0147041429501751
2458835.6156634	14.76389315630252	0.0089997893764453
2458835.7899126	14.86685381047452	0.0173848647636772
2458836.5943633	14.879702314218262	0.0131293405444734
2458836.761875	14.61034063757056	0.0210800686315813
2458837.5507738	14.572980151933857	0.0120132465489502
2458837.6694053	14.704042093902066	0.0125809276310712
2458838.379768	14.621686382571522	0.0106064818220668
2458838.8160799	14.924904660483277	0.0138398941422424
2458840.3544201	14.730474885963265	0.0061281898530509
2458840.7697015	14.797779780859916	0.0127066765511631
2458841.7297384	14.907499192673924	0.0114452950448176
2458842.4572422	14.895447070898424	0.0135107900307772
2458842.809889	14.753124494739184	0.0131341015333149
2458843.8142248	14.943805063674317	0.0176395591295226
2458846.7688691	14.931378560413863	0.0131266018641669
2458847.7922872	14.60887845224117	0.0108770059512858
2458848.4050414	14.613494742592456	0.0090298663780156
2458849.4105125	14.733740847059778	0.0072937992454366
2458849.791286	14.63560737305739	0.0476374202966093
2458850.7772058	14.679369101430687	0.0106420692127801
2458851.6362755	14.768329410212528	0.011732869504518
2458852.6902269	14.864434630592768	0.0137049266654411
2458853.5724972	14.553934246887872	0.016518885223898
2458853.7814664	14.745207281201438	0.0106495121861363
2458854.7459368	14.899323108939209	0.0241814413390704
2458855.7856019	14.591214381746342	0.0224677338552131
2458857.7776644	14.877060564753677	0.0392406215607108
2458858.6355991	14.655020952197257	0.0209636167670771
2458859.7474367	14.823791484708144	0.0362847838676806
2458860.6017168	14.73925316175465	0.0195779274767338
2458861.4852166	14.60032214822976	0.0415188757217465
2458862.571804	14.786980399050888	0.0130550747867394
2458863.4691919	14.91076917661745	0.020414245228977
2458864.5028669	14.403635288640771	0.0308069563758448
2458864.5731204	14.717960132790282	0.0183071994763662
2458865.4849043	14.857701973638124	0.0175760277598892
2458870.7439636	14.936135202541353	0.023036790570303
2458875.7302753	14.827365856013976	0.020810682153526
2458877.7218403	14.690710341397072	0.0144682767427487
2458878.7214179	14.925413260255253	0.0190043616038632
2458879.7131603	14.544291932775252	0.0137762643007132
2458880.7170646	14.809521008542752	0.0208029351749119
2458881.7124106	14.949121114493176	0.0198091851085238
2458882.7080065	14.569658497501557	0.0138440330969084
2458883.7027209	14.89767562276251	0.0215427926651123
2458884.6986979	14.994944786867146	0.0276413455358867
2458887.6930765	14.639981414024977	0.0352720620545073
2458887.6956467	14.65559909238192	0.0431407948153454
2458890.6826525	14.53532594265562	0.0306048331240527
2458893.6727606	14.75341564421786	0.0233014507970395
2458894.6727922	14.933605471712657	0.0233726496805079
2458897.6624994	14.980580926019574	0.0154347852321799
2458898.6631231	14.543635025591843	0.0125515064771146
2458900.3919908	14.791176313839184	0.0102061334235726
2458903.5638157	14.965847135613954	0.0144330941383603
2458905.546859	14.845419820921332	0.0147522071865986
2458906.5621041	14.669443443957624	0.0088355391293171
2458907.6222864	14.815961593037049	0.0095969210011317
2458908.6068663	14.834285398734377	0.0161797898694849
2458909.5919322	14.577766292446356	0.0138145202127755
2458911.5902904	14.86997053419356	0.019922940181967
2458914.5903982	14.615608184339328	0.0281577897846294
2458922.2741437	14.85399375054362	0.0100977913426988
2458923.5952247	14.752140693284456	0.0124071535847381
2458924.5893342	14.879631061328356	0.0125975194982235
2458926.3062873	14.545702198795208	0.0099650749319132
2458930.2443876	14.811044249110845	0.0123798590102817
2458930.2456071	14.810566236177936	0.0144446733970316
2459022.6926899	14.875155009648797	0.032330727036086
2459025.6887899	14.891200160007402	0.024457654516389
2459030.679793	14.849549179894066	0.0133295571761658
2459032.6752563	14.756359674268626	0.0086079755109029
2459038.6597199	14.791681352230972	0.0189669498947253
2459047.6590587	14.625534118595052	0.0091917313844897
2459053.6282772	14.61603251658941	0.0109057661122562
2459056.626551	14.696878643951443	0.0091469497024388
2459059.6269457	14.813952536028566	0.0097865788351374
2459061.6093712	14.63469926065728	0.0112803935449434
2459069.5888196	14.585332855115972	0.015495822200411
2459075.5794789	14.747443301943315	0.0089759569359867
2459083.5495057	14.74897539470691	0.0073709006527043
2459085.5655063	14.595005304741797	0.0095159914010981
2459100.527981	14.872208961243654	0.0318803774297632
2459101.5152542	14.51870887473394	0.0143035061475786
2459103.5573375	14.82614163617338	0.0143887868103732
2459110.5015157	14.793891683163697	0.0090141283702297
2459116.4519212	14.842397172738464	0.0145364431099779
2459120.4618548	14.575211652699917	0.0181497759793649
2459127.4397856	14.993188611369618	0.0338719600997957
2459128.4517161	14.495456437687787	0.0223507683023991
2459129.4473305	14.815191765476076	0.0200824108594181
2459130.5094432	14.646715040001723	0.0155673540931408
2459136.3790981	14.574959727456084	0.0096330907495347
2459138.6114108	14.558275869512762	0.0099998029905563
2459142.6926551	14.84265714425823	0.0160626476262951
2459144.4155847	14.563621502984155	0.0079259143888779
2459144.7185226	14.783913389646024	0.0124024336891953
2459145.7290998	14.767206265664097	0.0102703055413761
2459146.4102816	14.855446577287315	0.0234317423016723
2459147.6091638	14.840068339266493	0.0149918488783531
2459148.5927055	14.95112325174338	0.0225248638465834
2459152.6428084	14.8500248842198	0.0196179998457491
2459153.609786	14.953878781440036	0.0469865380797689
2459155.7318644	14.919808436213057	0.0241604663766258
2459156.7483752	14.593224869249536	0.0200361539695803
2459158.8108454	14.76631869370171	0.0219883648904516
2459165.3277605	14.90439354309994	0.0122790481276752
2459166.5737147	14.879458438674932	0.0095732922175868
2459168.7492079	14.887508197560848	0.0112861572811864
2459169.2996715	14.71205167900784	0.0090775155785989
2459173.5347659	14.585700894550213	0.0134976950247243
2459175.8144253	14.753247107404375	0.0093938167077381
2459176.5251201	14.700467106674566	0.0156510011538514
2459178.2884331	14.831607790172804	0.0226689382627828
2459180.576226	14.68095086232246	0.014769502645495
2459181.3305822	14.705761669001872	0.0143899841141653
2459181.6294795	14.65601654950052	0.0223949953712283
2459182.3461228	14.71666517973362	0.0242263098400367
2459182.7365372	14.912255573096065	0.0314688648298913
2459182.7769802	15.009407266245145	0.0314212937198216
2459183.3517123	14.935665471021704	0.0202121573009092
2459184.4460961	14.526208870029215	0.0191735458562228
2459185.5776837	14.807708629039997	0.0166124436432213
2459186.3503257	14.869557833613518	0.0199529519339288
2459186.5936099	14.591754316214343	0.0134830253731662
2459187.5078612	14.719265192592694	0.0179347318709344
2459187.8453746	14.971390948217817	0.0350151657691154
2459188.3378838	14.789211876652178	0.0086236959543032
2459188.5856205	14.923053876963586	0.0152714701487285
2459189.331835	14.676675072016614	0.0069788457445873
2459190.2799892	14.609795185099845	0.013817995723555
2459191.3449484	14.854740993102585	0.0093300463859385
2459191.5490309	14.752172942979149	0.0093903088700486
2459192.3033596	14.65988362286196	0.0118534852446771
2459192.5721311	14.774145317429303	0.010144067340606
2459193.6267482	14.953570593954131	0.0123219710744516
2459194.8306742	14.751087053402454	0.0101916578786546
2459196.6679423	14.811288142109538	0.0093882207801687
2459197.3070401	14.889217070499097	0.0134078012754636
2459199.3495397	14.852105354439878	0.0086971906848586
2459200.4014834	14.543156916178267	0.00847930899666
2459201.8307069	14.41221281152596	0.023385742365606
2459203.5571822	14.788613983640245	0.0133364203401078
2459205.7546702	14.734140176303637	0.0096426650479572
2459206.6858477	14.930807802613506	0.0186793133270111
2459207.6615638	14.527236145360597	0.0137751948932612
2459209.6230462	14.926998184484074	0.0201588840719059
2459210.6744956	14.570580981204484	0.018599882162903
2459211.3006696	14.5224034949464	0.0153020312539088
2459213.4693569	14.563004800602611	0.032319598812135
2459219.7125742	14.866391870252116	0.0193894425716034
2459220.7622838	14.505837523694352	0.0160868062006983
2459222.5205868	14.796591922954208	0.0204307809340597
2459224.435095	14.53615114066574	0.011253271767703
2459227.7242303	14.810790660534163	0.0140222853312723
2459230.715777	14.816484156837832	0.0178498535008581
2459231.7311148	14.62834428994584	0.0112875282656405
2459234.6240608	14.564954234829138	0.0167734689049161
2459238.5503168	14.84484091174414	0.0188349981461527
2459243.6922208	14.872901837050597	0.0452301372690454
2459245.5827171	14.655775124667542	0.0166153154746362
2459248.5345189	14.60178366888044	0.0133997997843207
2459250.615579	14.60180259775486	0.0093445125520899
2459253.5328615	14.599443128561324	0.0103545437461632
2459257.6546798	14.886029835292884	0.0153937206006603
2459258.646124	14.645468533882608	0.0112078277314476
2459259.6528899	14.778009236604772	0.0153097562981301
2459260.5458136	14.845563711514323	0.0156708664393661
2459261.6755155	14.755875471526137	0.0241477909382259
2459264.6143696	14.783220064729344	0.0107691247857546
2459275.6330779	14.767180365400067	0.0306163342183139
2459276.6323176	14.8331054471818	0.0261206206071301
2459278.6286923	14.887349228114978	0.0240962079732854
2459280.5187742	14.647640824757811	0.011137480556245
2459283.61322	14.839866067085524	0.014742247094609
2459286.6059108	14.846677527885914	0.024000425309651
2459288.5633917	14.752337733884405	0.0098100950437514
2459292.526358	15.000411827590458	0.0170649212697087
2459294.5196095	14.849734507110233	0.0158840482491277
2459296.5123475	14.628567195696425	0.0177545277058754
2459306.5511964	14.538398358386717	0.0153897114830487
2459309.5434639	14.538741676519058	0.0221057008710898
2459310.5065722	14.805140156156645	0.0117019300252492
2459311.5049761	14.62819687802078	0.0180328742831557
2459314.5022146	14.661620389382184	0.01039988860784
2459319.494423	14.83989609781428	0.0195296360535283
2459322.5021502	14.587437561186327	0.0129968757324562
2459326.4741476	14.758844934445603	0.0490561779466254
2459326.4953501	14.758744425772942	0.0239883359836992
2459384.9475678	14.823210600017918	0.0596404276970652
2459387.9412003	14.646625356319529	0.0164175680953267
2459392.9482572	14.680849816012085	0.0627438622881766
2459394.9228223	14.87814015384254	0.0234746459663818
2459397.9077317	14.851184208084105	0.0178859151438452
2459400.6836636	14.757280479834955	0.0148290396960425
2459400.9086025	14.911243225565356	0.0177802131007204
2459410.6544855	14.650166186399556	0.0098355188784632
2459414.8844319	14.570335805093013	0.0121269116835457
2459418.8704981	14.763152497475946	0.0243299562099304
2459423.8613759	14.784888763264515	0.0194378792623836
2459425.8580615	14.617117241762209	0.016106672839871
2459426.8527594	14.758601175498509	0.0202756914267462
2459427.8491244	14.75286154322989	0.0106191488057477
2459428.841513	14.73977187535192	0.0090755740147977
2459429.8579768	14.802941899031088	0.0158685765478181
2459430.6302212	14.863064645890669	0.0121789356501288
2459431.5963468	14.586043777643114	0.0102683748613941
2459432.5852423	14.751272826619587	0.0101277722402252
2459433.8312417	14.568434292948474	0.0118194392049992
2459435.8241563	14.936061521246124	0.0140252510217484
2459435.9316823	14.605099420238885	0.0155967311949375
2459436.8454984	14.639254908347606	0.0127016936001834
2459437.81695	14.900455106946612	0.0108307359188645
2459442.8137395	14.777139600309452	0.0132636480384167
2459447.8175323	14.639236656260382	0.0301263283328402
2459452.5139408	15.08896197102278	0.1039236119783732
2459454.7789317	14.701277271275492	0.0243312533427909
2459455.7755027	14.716232431987544	0.0123203457722367
2459455.8892891	14.708228901222268	0.0118178294332172
2459456.5165467	14.70877460536949	0.0159719723661329
2459456.7602349	14.86809406564145	0.0114769605825318
2459458.5205938	14.547053792590566	0.0109445910073274
2459459.7636207	14.957056001348905	0.0179004905914687
2459461.7657055	14.908192450680597	0.0114990416690807
2459462.6456342	14.862676768101934	0.0121451408508484
2459465.5114814	14.85659534752106	0.01167980119012
2459465.8494932	14.55360626877206	0.0135167701756121
2459467.4981244	14.791714119374346	0.0155577139953243
2459470.7312257	14.726117456206795	0.0089699871033783
2459470.9060856	14.483440609498636	0.0167001684654255
2459472.7276069	14.843739241494768	0.0192510104871399
2459473.723385	14.61999908662623	0.019511084132683
2459473.7549633	14.636895662526806	0.0138457543529389
2459474.7608092	14.722993759933184	0.0148521846379399
2459480.7935819	14.857140052151426	0.0301593925225689
2459481.6914135	14.705732286882364	0.0190279303444422
2459482.7392021	14.76619502019634	0.0161873571618068
2459483.7263179	14.78826630699858	0.0116410640250714
2459484.6821301	14.594320063926284	0.011849279854799
2459484.8928096	14.707329641001689	0.0171241111463428
2459485.7517326	14.764674330414158	0.013325430930458
2459486.6823844	14.884210346443298	0.0166466725898002
2459488.6756158	14.890070845905154	0.0126171134789891
2459489.7706398	14.52397470628654	0.0136371188339379
2459490.830586	14.85277011949058	0.01169834048544
2459491.6666042	14.937119438282805	0.012436767833971
2459492.8306028	14.619075181091	0.0127502285007404
2459493.8294474	14.945650542856118	0.0126257419812385
2459495.4078978	14.900745044581896	0.0133277557311623
2459496.6428993	14.855273071259315	0.0145956745792934
2459497.6484515	14.73651948689475	0.0111044786034981
2459499.7515179	14.958000798737707	0.0133419457295424
2459501.636429	14.762219133821633	0.0178977883884666
2459502.6627321	14.882983741407244	0.0244898547447595
2459504.8681027	14.918719338111888	0.0153420818170463
2459505.8359379	14.573792381874096	0.0226760533037859
2459507.4054093	14.706511432873612	0.0301703212161971
2459508.7057343	14.568429279907424	0.0292529572588367
2459509.7116978	14.79748095189134	0.0415399812971935
2459511.7691384	14.73622574997089	0.0206888773894636
2459512.352002	14.547676375167288	0.0103206012792299
2459512.607953	14.781628272853522	0.0124181429041828
2459512.6797795	14.871280718278744	0.0138812453091701
2459513.3531922	14.79327754565059	0.0106357191125082
2459513.6922445	14.60835013385332	0.0162352021995884
2459514.6653802	14.666829729524355	0.0103514547904436
2459514.7239087	14.769289313865212	0.0148835039421242
2459515.5928325	14.855523172823206	0.0093074896871751
2459518.5869942	14.866187336131398	0.0151814183716892
2459518.8573442	14.518794657571284	0.0162517606364519
2459519.3763746	14.867796453347593	0.017143869680094
2459519.6518743	14.605222070089548	0.0113711396029741
2459519.7801693	14.63380819091206	0.0126782091449871
2459521.8565838	14.615015407168052	0.0143364632958109
2459523.7408132	14.956470504929303	0.0157012712491151
2459524.7022102	14.540208417749543	0.0124342180806477
2459525.591059	14.768604990236334	0.0104223818552367
2459526.5621832	14.903782533948696	0.0106311636121919
2459526.8548453	14.524835957165193	0.0157249608772888
2459528.5151517	14.683103363808602	0.0085432790816648
2459529.5731623	14.875799218567192	0.013458684270741
2459531.6092646	14.91549585478297	0.0183252471862349
2459532.8575206	14.659679077443164	0.0220624800303223
2459534.7942224	14.62573283505079	0.0201177907610788
2459534.8324066	14.600747203943214	0.0157274340394081
2459535.7634971	14.704759817332164	0.0239245356051849
2459539.4772638	14.862982537628977	0.0271454863290633
2459541.6799768	14.74343948218744	0.0208790449641768
2459542.5713602	14.905203913810594	0.0141534924220336
2459543.2843881	14.826690896425935	0.0126547305324079
2459545.7621173	14.51804917806207	0.0166938060139301
2459545.8099095	14.61585005075998	0.0139614662403032
2459546.8570843	14.86592720264527	0.0396212767765825
2459548.6604864	14.6030923689943	0.012852287925412
2459549.6335139	14.817944594024022	0.0097905430396602
2459549.6660986	14.737797217825326	0.0133020930026391
2459550.6693282	14.947178617522482	0.012087642078594
2459551.7111143	14.67699877616088	0.0116241698142845
2459552.7250095	14.889088671524927	0.011517780561881
2459552.7449943	14.75934363662473	0.0119249280062807
2459553.6117289	14.79711920812207	0.0116376141469133
2459554.6724026	14.6890686612188	0.0127765127396522
2459555.6590396	14.850885167162318	0.0180011534110971
2459557.5343393	14.612087879250426	0.0145446619451198
2459558.7903693	14.601309408582312	0.0129359113293433
2459559.7371918	14.609458117290366	0.0143260499262153
2459564.730607	14.546796511873987	0.0160557022624161
2459565.7745	14.882470428539916	0.0275799336744672
2459571.5636204	14.774902281746048	0.0151153988288947
2459575.3112194	14.853162681804438	0.0127362221631424
2459578.5309964	14.47219006707788	0.0229883361839651
2459579.3617155	14.628724929531163	0.0089577367571681
2459580.5765989	14.66763485238933	0.0140680451693511
2459581.6337561	14.669479195202287	0.0112221006199104
2459582.3162161	14.676380396759978	0.0105497064438599
2459584.5194177	14.696928924489509	0.0116635952058783
2459585.7133678	14.56143070536259	0.0137740159153578
2459586.6148743	14.631088828456749	0.0099865635661948
2459587.6346769	14.93853889139704	0.0191005171924057
2459588.6339544	14.58723422276365	0.015171582585742
2459596.5303951	14.799329248681545	0.0307653029141193
2459597.7426677	14.905154856211428	0.0467993639997573
2459600.6783881	14.919046301000485	0.026921127747375
2459600.7049612	14.738631697984664	0.0330909525109802
2459605.2926158	14.65697072274484	0.0104193349117658
2459606.2844523	14.694742059995146	0.0082530821576435
2459606.7214462	14.862744807673058	0.0118336735353144
2459608.3644991	14.55661115095618	0.0113346605460419
2459608.3657394	14.562396560673452	0.0160103025737175
2459612.7116007	14.538506813128484	0.0182471250867006
2459613.7053245	14.862980681194951	0.0131034965905588
2459614.7053941	14.93526976835614	0.0228983862873372
2459616.5782412	14.74147855301222	0.0128647959923231
2459617.696028	14.65398921333288	0.0146068108761397
2459619.4283544	14.752598981871293	0.0161392595477634
2459619.5775226	14.754150866451877	0.0162841830664557
2459620.5503623	14.77661798824787	0.0175987009203009
2459622.2890673	14.729576671409614	0.02297201365179
2459622.5921903	14.982399358195348	0.0254612859245813
2459624.2990194	14.558032045788668	0.0217484903859804
2459624.5852038	14.944026400368958	0.0250876266314572
2459625.5802378	14.837363596192349	0.0350291680127915
2459628.4061827	15.053863221123056	0.0540716037494651
2459629.6498543	14.756207790567458	0.0639918951726702
2459630.561597	14.940252659146314	0.0156981160708242
2459631.6099559	14.506556526689034	0.0203393615203527
2459633.5739434	14.923700262947971	0.0136004534160848
2459637.3494453	14.585961138066716	0.0130873804098239
2459637.613541	14.79850829992451	0.0098442453932959
2459638.6092546	14.832590543321146	0.0179247796367897
2459643.2820119	14.55642648427412	0.0106697637194936
2459645.5760636	14.650884476671548	0.0115033299175419
2459648.2792463	14.541348226989568	0.0150552165082087
2459651.2732654	14.5755686317159	0.0194969346143772
2459653.597344	14.75288982550018	0.0197329774776209
2459654.5376902	14.890450767304989	0.0288605291109217
2459658.5841242	14.708852451184107	0.0295010495382851
2459660.5593982	14.807088420574582	0.0139820097789918
2459660.5830842	14.740060894925826	0.027324422300477
2459660.5843708	14.741141266401632	0.046355705127893
2459661.5789458	14.761155241086062	0.0166911455515029
2459665.4830532	14.8806348674737	0.0374146775034954
2459665.4843053	14.888891160092037	0.0412049876877134
2459667.5645326	14.794513405183515	0.0247141266509005
2459668.5572027	14.734812458553964	0.0111781645837233
2459673.545997	15.037773117188548	0.0225437603982111
2459674.5006596	14.591550762839123	0.0093698316999053
2459675.5043895	14.811780704067663	0.0127459232765695
2459678.2580011	14.671268140603518	0.0165264145639933
2459682.2446046	15.051322433837846	0.0407826216827204
2459684.5160947	14.849475096872872	0.0353154285593707
2459693.2216038	14.8981587406048	0.0171565582318069
2459694.4902505	14.898759667527706	0.0248783196536819
2459695.2285216	14.811291113177909	0.0394562644548469
2459703.4637275	14.74459689863668	0.0174554466924675
2459749.9469997	14.90048705937606	0.0653669538535525
2459757.933005	14.862587468188089	0.0146688134045585
2459759.9228261	14.899665383861617	0.0118265394643804
2459761.922594	14.694367170191764	0.0099134592462156
2459763.9458449	14.483600964638963	0.0229033889137056
2459766.6628548	14.822064503322512	0.0127470723738854
2459766.664095	14.7932716381833	0.0157324385830994
2459767.9412699	14.937870761354471	0.0143471961902624
2459768.6883451	14.809964364489952	0.020725976365771
2459769.677156	14.561244558130898	0.0116411505041687
2459769.9462061	14.822792852038978	0.0208214055520291
2459782.879113	14.623255181655374	0.0115780569667291
2459784.9372084	14.585495156449117	0.0132440145553875
2459786.6228487	14.693787940760592	0.0105861978108698
2459787.8502824	14.621842227958698	0.0112386579309937
2459792.6021739	14.775296013733133	0.0110716682828843
2459793.8492152	14.672810875386698	0.0096162342610456
2459796.5862742	14.591514060843028	0.0104213412639232
2459797.5966442	14.721187273422816	0.0121078577233319
2459798.5855565	14.823415240637855	0.0135708362244046
2459799.8308143	14.780468765813271	0.0138301939150999
2459800.5714009	14.831545956035974	0.0272873403036263
2459801.5698782	14.84457485584096	0.0429455533645992
2459803.8270186	14.614867782921465	0.0550275692829192
2459807.7946882	14.854769079062798	0.0168670168957254
2459809.8005627	14.560856981611588	0.0149134940158386
2459810.8009684	14.878861370353048	0.0155545277881512
2459811.889172	14.57069304222437	0.0102505838753075
2459813.5422713	14.678543411404137	0.0106375582864316
2459814.5538425	14.765863221387514	0.0129611200869515
2459815.5423301	14.525924631194938	0.0196668772903353
2459815.8760911	14.837934872899714	0.0115160823925027
2459818.5422493	14.59174260111472	0.0099862459344516
2459818.5447532	14.588647166687291	0.0160743608232733
2459819.5653132	14.85590599097324	0.0183748375502924
2459820.5236394	14.69710981298556	0.0116698418212735
2459820.9083243	14.80290131250812	0.0120040914854417
2459822.7721579	14.638061576968528	0.0087177460115969
2459823.8278109	14.764491654292147	0.0103571324734687
2459824.8170189	14.849523669609326	0.0129428680011953
2459825.8406307	14.669629895759105	0.0093428176334476
2459826.810036	14.840387442649549	0.0136165371880372
2459828.8505322	14.808896020657157	0.0076854550311455
2459829.5734179	14.732654327142	0.0180964633592878
2459832.5217726	14.690968089254504	0.0455694525524382
2459835.7640768	14.770075924243642	0.0184404192511692
2459837.7263259	14.886954493454692	0.0146640985200941
2459840.7209612	14.90026473866119	0.0132521291248976
2459841.8006907	14.641843426077784	0.0099219907800067
2459842.9091156	14.888837359254724	0.050413280770521
2459843.5466865	14.830210868268034	0.0147800975257345
2459844.7089924	14.690521146308864	0.0086203626060968
2459845.7464956	14.903569072340613	0.0160198322904349
2459846.4557912	14.829010712045813	0.0127141047932434
2459847.6990856	14.721804342297691	0.007794827538678
2459848.7267496	14.848605399224562	0.0141547895315008
2459851.5042117	14.791796841127876	0.0117527913224189
2459852.6748719	14.54859003041644	0.0126562855363264
2459853.6760278	14.78326355665105	0.010756354976349
2459854.6683609	14.849583660135917	0.0152155609377336
2459855.6940006	14.720490417288993	0.0097893336487001
2459856.7303415	14.846645882846172	0.0178080086583873
2459856.8347089	14.89732819436195	0.0108199884492642
2459858.418229	14.537756971113078	0.0166047666322548
2459862.690669	14.70069473182349	0.0308288995096813
2459863.7363669	14.682475265295626	0.0239462322335176
2459865.6914959	14.522530776752973	0.018499437685782
2459866.63594	14.707018113579364	0.0170701561442586
2459867.6362243	14.89189281528189	0.0152076017776787
2459868.6445139	14.507111943742109	0.0125446042316187
2459869.6489586	14.7393345100226	0.0101906471835793
2459870.6340275	14.859082445196194	0.0143600478220175
2459871.6572361	14.63141565266267	0.0114936176445076
2459872.6501036	14.837768447657332	0.0137331378567544
2459872.8032559	14.989268258401967	0.0132325879025354
2459873.7779256	14.59034915332416	0.0109261792489072
2459874.7712076	14.8032481041648	0.011411220170691
2459875.8088146	14.735745162961289	0.0095614832953074
2459876.7923134	14.715242858299442	0.0095885332518294
2459878.7801748	14.523333932756088	0.0122838912060034
2459879.7633978	14.76383093885877	0.0145803708118766
2459882.6579643	14.810568812430065	0.0079021464225904
2459883.6846843	14.945726315975875	0.0132001839465115
2459884.7294414	14.578330829805685	0.011707102119909
2459885.7310862	14.800223292505176	0.0158121006045257
2459897.295286	14.77319040975228	0.0143655334632561
2459897.8276204	14.675242275893195	0.0125932886036563
2459898.7044382	14.841217415096924	0.0087875470576609
2459900.7522343	14.726111430779888	0.0104414918307245
2459901.7699772	14.829290784418694	0.0147921286554871
2459901.7998813	14.94702983458686	0.0143981706622856
2459903.7407844	14.729817687135194	0.0086069134944115
2459905.6875699	14.519651633978125	0.0115205403904909
2459906.7933556	14.794874734366203	0.0107374522197776
2459908.5458018	14.719154890311865	0.0119936289017437
2459909.7781206	14.86694020735586	0.0120534591682607
2459910.7490305	14.53608156790608	0.012305404481494
2459910.7502709	14.520094707720707	0.0145086968424153
2459910.7835088	14.625585251876792	0.0102933146613577
2459911.7689787	14.836755250475951	0.0098905704216147
2459911.7849123	14.816143141991857	0.013950783925978
2459912.8220658	14.840415323503509	0.0145575305067944
2459914.5719055	14.73682835021826	0.0113324197821474
2459915.8033615	14.637412803073351	0.0115707467892149
2459918.8278564	14.63128758973475	0.0100368380475896
2459918.829158	14.67026846455198	0.0163841010410641
2459923.7500045	14.846554645453542	0.0551028414969887
2459924.6312938	14.595363946120976	0.0143522880585629
2459927.7914727	14.845385584001852	0.0137868899482617
2459927.79406	14.877724792140818	0.0188306476096274
2459929.8259727	14.705580562140476	0.0138789258783202
2459929.8272586	14.684986029329334	0.0201459034673093
2459932.3674056	14.84712991966548	0.01209378761936
2459932.6378983	14.502730943572637	0.0134899249364288
2459932.6403906	14.463170062557658	0.0166425916000673
2459935.4585324	14.582865219133986	0.0095115262175102
2459935.4597727	14.576189624741094	0.0115437618462826
2459936.7765354	14.95129612647936	0.0271677635197537
2459938.691679	14.836632799975	0.009021716888542
2459939.721362	14.814971252498236	0.0114947941682753
2459940.75375	14.655819860740152	0.0115963952310719
2459940.7549903	14.6443546526817	0.0141577234563703
2459942.7064329	14.62850157365377	0.0130985419793398
2459944.3693835	14.650713413850898	0.0176604454272019
2459949.3025754	14.619090982953084	0.0288250690833219
2459952.7832966	15.067380975289876	0.1090927209297069
2459956.5549751	14.639051885697157	0.009443538561152
2459957.759252	14.905358645672289	0.0179259920036861
2459959.7344289	14.791504476568214	0.010597845378392
2459959.7392626	14.769026612231006	0.0144791929724167
2459960.6706533	14.81243650119149	0.0147179125543502
2459964.7499584	14.72676767420033	0.0208046446790248
2459965.741952	14.879544351727064	0.0130240347126938
2459966.74463	14.579830716092925	0.0200201066268761
2459967.7336614	14.613078431153111	0.0223513232899702
2459967.736154	14.702051983634783	0.0418074096405959
2459968.6096689	14.843859560211891	0.0133808384806363
2459968.7027509	14.851941230319648	0.0171196719771709
2459969.6453149	14.533687092102952	0.011859821149132
2459969.6647457	14.503118517094856	0.0144422514098353
2459971.6009899	14.91793381819658	0.0114973320115512
2459971.6022759	14.922870178848148	0.0121622816685288
2459971.6330584	14.934567410592978	0.0186934954493736
2459971.7222097	14.77017554581258	0.0321626151763826
2459975.5595671	14.515067278085215	0.0157260796526021
2459977.565642	14.762547652847038	0.0206155930757663
2459978.6033517	14.740009326928163	0.0157321800813561
2459982.6766881	14.645996195187498	0.0375955693764982
2459983.5934339	14.534494400369312	0.0189346009204948
2459985.6145317	14.647590837749227	0.0136992025043118
2459988.5273459	14.70239275797753	0.0106539064036468
2459990.6731079	14.738062186969689	0.0093854040751523
2459990.6744063	14.714185368770243	0.0120677054096375
2459991.6185462	14.702271204096268	0.009852877493834
2459991.6402888	14.552707631844209	0.014420352137714
2459995.532677	14.791532045083882	0.0131901516331701
2459997.5148075	14.684348099089346	0.0240720375781124
2460002.5674074	14.64897050021654	0.0166294737745357
2460003.5784574	14.838546308906288	0.0198133605867155
2460003.6100251	14.894211273378136	0.0144114369786617
2460005.5286992	14.766240059384696	0.0161443828574556
2460009.6272841	14.598108369050289	0.0574053924851555
2460011.6180369	14.936840858996074	0.050186765156353
2460013.6148968	14.815151886383816	0.0350443282559321
2460014.6120187	14.999149605660026	0.0385584250003701
2460015.6108666	14.756272052493417	0.0412807579943109
2460016.6060681	14.831755997932756	0.0192287502072123
2460017.6015129	14.69472815837408	0.0113132791699398
2460018.6014354	14.737439131546228	0.01913894526956
2460019.5957644	14.93797296403752	0.0159061101891485
2460022.5928172	14.930339352720065	0.0258201113349007
2460023.3216988	14.887329634319713	0.0117829385694675
2460024.5716652	14.631141532901388	0.0296025352914235
2460025.5830117	14.730954327568648	0.0164571923817777
2460027.5766922	14.876650539866636	0.0194595367625704
2460028.5389618	14.5605932375018	0.0146557620938822
2460030.5137775	14.810583967044108	0.0149591659128643
2460031.5213029	14.517505658426272	0.0133959136301804
2460032.5499949	14.591342496510276	0.0359300444656492
2460036.5028402	14.723020109687008	0.0157538618578375
2460039.5389193	14.596948714522552	0.0266555343052829
2460039.540206	14.623340035483478	0.0430487844483557
2460042.5362588	14.686793287324162	0.0332945132306482
2460045.5281514	14.789929053843016	0.0158306271954916
2460047.5218175	14.541599468773256	0.0142280804979744
2460049.4908085	14.819362952834853	0.0165746781030465
2460051.4948802	14.895430465683363	0.0127377995873104
2460051.4974537	14.924789301367616	0.0201585813538659
2460057.4742005	14.946334409337032	0.0172347789734823
2460059.4807399	14.879547031099404	0.0112624901732271
2460062.4812985	14.946331373129372	0.0311713366174279
2460064.4755326	14.869430340626398	0.0250613230859524
2460067.4669705	14.819557290682166	0.0273052053486245
2460069.4632118	14.875355977810765	0.0727966750987221
2460119.937843	14.883846486892253	0.0179807746727948
2460123.9297476	14.536814735482404	0.0166864356899705
2460125.9262196	14.697494711804286	0.0130955251038249
2460127.9150813	14.79792167592269	0.0300222604246106
2460129.9080913	15.030852427979111	0.0718121100920053
2460137.6647942	14.48462553962621	0.0108899965704742
2460140.6578361	14.629466554753389	0.0099882921961672
2460143.6713603	14.716870648902994	0.0086608108667175
2460148.6201862	14.581547667416672	0.0090874511532336
2460148.8781335	14.857615679805445	0.0125397556195045
2460152.9228639	14.529857869634029	0.013823283459316
2460154.8516886	14.913024858908342	0.0206187301474331
2460156.8699024	14.835993110614687	0.0327135662491009
2460159.8443844	14.904895171159463	0.0258510641916302
2460163.6217795	14.949024277261518	0.0209019920747183
2460172.5506384	14.567166314252509	0.0155452670188301
2460180.5389551	14.536686994627082	0.0097325478534075
2460189.5198957	14.941673909377064	0.0446009475752059
2460191.5060713	14.59557179073868	0.0160460553409683
2460199.5614722	14.601900777285246	0.008989013335125
2460200.4684204	14.790592720225808	0.0088482351584185
2460208.4637396	14.74065232262966	0.0077456205200895
2460217.8312165	14.66943463245697	0.0246778739614959
2460219.4173176	14.808285497486668	0.0219086878000819
2460219.8128396	14.489101936638576	0.0188226123930801
2460221.4771024	14.660747727178087	0.0184405836222019
2460222.6768245	14.649230235183918	0.0098943086612615
2460223.698998	14.803709209944904	0.0104210462436047
2460224.8372256	14.65848531546839	0.0215480147513618
2460225.6589113	14.551310138971475	0.0120042558390335
2460226.7152986	14.819085701127763	0.0128368164447163
2460227.7343681	14.695078994766366	0.0092955996939449
2460228.6809321	14.661387725835198	0.0118091252575318
2460229.7461045	14.917312262234097	0.0136376162872851
2460230.7571305	14.533382266336409	0.0122803038756711
2460233.4085096	14.838705047158058	0.0096892544063806
2460235.8644634	14.570048744973567	0.0120970605332786
2460237.477034	14.689788387733032	0.0078942085323822
2460238.6189978	14.720709686509622	0.0117924959080515
2460239.6972361	14.800171103425969	0.012233363694049
2460241.3640687	14.85199220820582	0.0180537168193034
2460245.6532606	14.870451116127922	0.0368656243358988
2460247.6046063	14.744762196907832	0.0273147267079058
2460248.3352488	14.819160309050847	0.0338564119152734
2460249.5863903	14.616637238834995	0.0106575953097089
2460250.7955991	14.869876768835056	0.0187006448759045
2460252.5748638	14.541503550876405	0.0155297812490014
2460253.6246967	14.865159219828596	0.0159890495829972
2460254.6973234	14.5733418698884	0.0123373330667332
2460255.6937296	14.763182293481956	0.0114141264494448
2460257.3508417	14.840809678204398	0.0100748862683883
2460259.5639656	14.84764091457162	0.0119225871249744
2460260.6025831	14.594410791048912	0.0099860008483919
2460261.3750383	14.584644033284269	0.0090712263911541
2460262.6015031	14.797893426099249	0.0113316793281416
2460263.635026	14.732684437078296	0.0107061843395767
2460264.7702956	14.805938405893816	0.014706980633818
2460265.8010575	14.72354124378639	0.0096093990199635
2460267.5514202	14.940134875206788	0.0226501562832278
2460268.605047	14.573146770031435	0.0136868110438252
2460268.7381309	14.76828205617148	0.0130914796659137
2460269.6224086	14.823952298349932	0.0108310651048432
2460273.384524	14.928662024173189	0.0294232656284269
2460274.5861905	14.847934644110875	0.0238518030117459
2460276.6513827	14.680323573879956	0.0199454470806935
2460287.3417061	14.624672602054591	0.0101841486404301
2460296.3917577	14.714719995985512	0.008288653021994
2460319.6957881	14.843468342955465	0.0106998347387949
2460325.7597531	14.914279875269802	0.017880683582808
2460326.7570278	14.550606146842116	0.0192938161973963
2460327.7530586	14.872225408372046	0.0145275123054601
2460329.7444855	14.709953283500283	0.0124618022925638
2460330.7350663	14.895409650997433	0.0179122118259555
2460338.7204372	14.91437421162889	0.03113416461177
2460339.7212537	14.669314484746948	0.0412930768199137
2460369.6299065	14.611581580590515	0.0176627430660007
2460370.3794627	14.552753834700829	0.0452657400328967
2460370.62541	14.806678580206016	0.0155993717111957
2460371.3776484	14.804100449485649	0.0365061795547274
2460371.6245371	14.892191744586103	0.0142800729599713
2460372.355382	14.830631247029247	0.0126804630803435
2460372.6196036	14.666889084743186	0.0106477722040628
2460374.6142313	14.694490404072695	0.0110032393104771
2460375.3489308	14.622836758029274	0.0109328705970904
2460375.6139754	14.76427783574094	0.0097703317535788
2460376.3624028	14.623808410931424	0.0145919133273244
2460378.3415046	14.515714611950486	0.0103243924797631
2460379.3326015	14.792928776920004	0.0099999642413528
2460380.3283652	14.875057628397514	0.0120395618387694
2460381.3273932	14.585182455341396	0.0097858113353443
2460383.3285441	14.634738735478706	0.0098800238433742
2460386.5925269	14.81951140599542	0.0163319357819785
2460388.5689661	14.586717371612432	0.0145195742136983
2460389.2687797	14.550276960588803	0.0271328118771748
2460389.5698333	14.850148982787037	0.025730038330088
2460393.5570223	14.539241928114198	0.0367408371588155
2460394.5523697	14.705305311997858	0.081788314728207
2460399.2821457	14.811632703945012	0.0147850985466867
2460400.2950809	14.578511001827655	0.0163624524183995
2460400.5359293	14.870860984188198	0.0133974110920557
2460401.5351879	14.67389865347005	0.0110455403166506
2460402.2736632	14.646362381719664	0.0096577810295237
2460403.288645	14.623199949190994	0.0145050614618437
2460403.5297658	14.857203206793294	0.0123728707587524
2460404.2664826	14.82784767838355	0.0120720482514461
2460404.5250263	14.561510240235735	0.0110704284076391
2460405.2662126	14.695412313605916	0.012083628255831
2460405.5242796	14.774653817807	0.0090203338701277
2460406.261324	14.754494294659253	0.0090878593028444
2460406.515786	14.917573387944367	0.0126281456622724
2460409.5121779	14.733084735425203	0.0094359627123279
2460410.505089	14.750656304004398	0.0094590299751856
2460411.5028484	14.92529974038763	0.015858597342093
2460412.2375065	14.808169565893827	0.0112798511994623
2460412.4999734	14.569421455452634	0.0111399756637249
2460416.4911534	14.885949373307248	0.0243820610527341
2460417.5061118	14.7282046841627	0.0202531350903468
2460418.2288986	14.71898316219168	0.0290896048612578
2460418.484174	14.752150106980276	0.0161249570989857
2460419.2281018	14.69861567077202	0.0169513290448659
2460419.4797404	14.810733908668626	0.0165059637940877
2460420.2236647	14.779453879855364	0.0245200095828701
2460423.46944	14.643081527304938	0.0302155408352495
2460425.2090035	14.84970196394519	0.0400830609709786
2460428.4801983	14.622299237341435	0.0137028179833086
2460433.4635079	14.884384665724024	0.0444510898335859
2460436.4582048	14.65962427608301	0.0364466781974344
