2458028.6159409	15.34693494667472	0.030889470830805
2458034.6884706	15.198891377056146	0.0305964632231629
2458035.6409836	15.104814351830573	0.0176279460740984
2458039.6109714	14.794372782997286	0.0138201369289143
2458040.5908878	15.224096486972268	0.0176524354405348
2458041.5750361	14.85626891847312	0.0118804480160755
2458043.5737305	15.154934887782208	0.0153190867888037
2458044.5691876	14.738501461285802	0.0126299233107982
2458046.567975	15.087448157777272	0.0121200390396095
2458048.5959108	15.235601960392769	0.020534202265117
2458056.5861805	14.4219442215549	0.0185858890181508
2458058.6110217	15.03168906776889	0.0267055450377152
2458059.6103984	14.433422565478974	0.0210199187490667
2458060.6095209	15.34883061767891	0.0468413243557255
2458067.5440575	14.597798853871744	0.0164822281143955
2458068.5473662	15.34082058776351	0.02367701407666
2458069.5359206	15.152517340775088	0.0319092075149546
2458071.5389192	15.16192709168333	0.0237477816929249
2458086.5403496	15.1294782426749	0.0406925736990212
2458087.5363954	14.69852786062042	0.0287926237354744
2458160.0352539	15.440664050754958	0.100003826489766
2458162.0345837	14.534244268677249	0.0455647449198399
2458170.0238663	15.120042392762642	0.0387447686130604
2458173.9858817	15.084131263827487	0.0128710681860703
2458174.9863761	15.085814753297608	0.0133906576345176
2458175.9905844	14.84985453899338	0.0117641380254187
2458180.9652081	15.175886214261778	0.0377296477386687
2458184.9549522	14.497390286714252	0.0176205441598575
2458190.9461875	14.838160984921949	0.0158755603298632
2458193.9405853	15.247033693471412	0.0190006075251009
2458197.9263216	15.120763727304338	0.0146635114716166
2458199.9884751	15.262101575984238	0.0211689372995043
2458207.9161724	14.639792974358016	0.0267205480217827
2458208.9019778	15.309743121409912	0.0639340256038499
2458210.8906517	15.200668834821274	0.0478841882372735
2458212.8845139	14.785241564261382	0.0226173025570093
2458213.8811924	15.251268503510923	0.0367133390682117
2458216.8713181	15.258966112969992	0.024376155296643
2458217.8815472	15.102107322827514	0.0159093856822819
2458219.8655165	15.297966219323303	0.0244877694139844
2458226.8530039	14.892295934524755	0.0165872032992159
2458228.8397214	15.104285635791667	0.016412734401073
2458234.8560628	15.091472618435324	0.0334104361223913
2458236.8378883	15.040875950398188	0.041566939075982
2458237.8333592	15.05269779718313	0.0451574596330455
2458240.7990896	14.92323846046851	0.0348824331227899
2458243.7997643	14.945018914577446	0.0210042303422431
2458244.7938955	15.385756554850165	0.0283181295027129
2458247.7902982	15.264786998745706	0.0304025012325261
2458249.7897547	14.732935771447956	0.0146914147818067
2458251.8144003	15.22860138748227	0.0197478249073133
2458253.7737562	15.163863495797305	0.0183104751010267
2458255.8223872	14.645286691387868	0.0142795789169814
2458264.7453789	15.383724466504107	0.0414509037180325
2458266.7391804	14.6647955744427	0.0306806295070913
2458267.7950397	15.258741164185878	0.0514384557832968
2458268.7357646	15.19406454312042	0.0433221939276582
2458270.7114735	15.160796793821254	0.0302784558169562
2458271.7089959	15.092578709536122	0.0350880921016907
2458277.7890587	15.027429118168085	0.0150261181031014
2458282.7488219	15.08499916593429	0.0170026217949031
2458288.9125234	15.194117019957428	0.0202075597991644
2458292.7778712	14.767201773087002	0.0238680188496591
2458293.6658007	14.594160320066642	0.0152795624591472
2458296.9003204	14.561380883642286	0.0259679609810912
2458301.8126293	14.534855895181655	0.0192170830068504
2458319.9015509	14.605647346191466	0.0148178685392262
2458329.8667157	15.060369293174949	0.0474772031027506
2458338.7738146	14.77130912536669	0.0175662961937031
2458345.7684573	15.201753669005642	0.0195836891924849
2458356.8189196	14.753786066381643	0.0545794257599579
2458374.7621314	15.221657845725174	0.0210097822561169
2458384.7005084	14.47106752362723	0.0208973347297545
2458385.6845639	15.088650003333798	0.0375512930080354
2458389.6625214	14.852024839053747	0.0185877915930992
2458390.6545541	15.267021989368963	0.0245836335736602
2458391.6199877	15.04154906043545	0.0157764047894585
2458394.7035123	15.180989103809909	0.0195093665063215
2458396.6229787	15.132696248386852	0.0151142137490293
2458399.6891255	15.202547379258354	0.021586228261403
2458402.6698825	15.21277985010797	0.0199644454480677
2458405.6535517	15.252065473655072	0.0211863381300328
2458418.6368265	14.72620282495228	0.0310942948134258
2458419.6283905	15.24500838639976	0.0255177826155662
2458425.6104047	15.14934363356728	0.0187268928967415
2458429.5973585	14.839072216896534	0.0129183050823045
2458430.6008183	15.24403515430602	0.0218178557470661
2458438.579414	14.448120208349074	0.0154244830266018
2458443.5595821	14.835366395049572	0.0287490282399051
2458450.5401272	15.32731712174476	0.0335126153859718
2458540.001145	15.25185642960292	0.0306678611303219
2458552.0067735	15.057809503249471	0.0201300718794741
2458561.9258858	15.18577743598428	0.0456733585838939
2458562.9222497	15.059418575108314	0.0581229384944418
2458569.0845853	15.41409312251288	0.0334082470738371
2458575.86747	15.278316453135163	0.0305228757117484
2458576.8704177	15.123448853031093	0.0194628033357464
2458577.8603595	14.694087478526912	0.0174182657292226
2458578.8620365	15.158546192827568	0.0213862476429948
2458580.8635535	14.660473004143109	0.0130315266527159
2458581.8454866	15.120707845623196	0.0216588205357349
2458582.8428519	15.04349381487476	0.0144856656708369
2458583.8438994	14.499264374203856	0.0170928370995564
2458588.9966898	15.250892371929003	0.037061897011462
2458590.0228605	14.839426861968285	0.0254938018560315
2458591.1160036	14.411107060456928	0.0157509294602966
2458591.8312086	14.874680944059229	0.0374447616458059
2458591.9594553	15.215795505082331	0.0478136446452426
2458593.9518466	15.145167498254937	0.0464388894879012
2458596.9530269	15.249596878187784	0.028869291505643
2458599.0229802	14.540525301549996	0.0164470677859303
2458599.871438	15.159492864255055	0.0215383005061794
2458600.7944915	14.481392870080116	0.0153115120036026
2458601.7946463	15.115322422721292	0.020982656749545
2458604.9234367	15.379278594932476	0.0289575159824132
2458609.9042619	14.446577314315576	0.0147551574062328
2458611.9063329	15.063129148559009	0.0127704603857429
2458612.8447839	15.281286596459047	0.023691016049664
2458614.8963878	14.923133864757627	0.0139874898804157
2458615.8022814	15.1818183184052	0.0243589417083369
2458616.9979595	15.309731213261529	0.0260562235484519
2458618.9191715	15.01236301668322	0.0147718788011159
2458621.9612245	14.797983048008154	0.03237490303173
2458622.8993845	15.082213462619888	0.0381408263970204
2458624.8834982	15.152585354985614	0.0444174290965767
2458625.744219	14.844868122591691	0.0254033890879224
2458630.01807	15.025561311562946	0.0147050349378214
2458631.9798736	15.2147026753187	0.0194167554774788
2458633.9997763	15.34166426480524	0.0217699302081795
2458635.7877089	15.24916117704949	0.0270059393051772
2458636.9464485	15.23136852676535	0.018070598638271
2458640.7499735	14.433200384244495	0.0156166307744194
2458641.8498684	15.302159165158564	0.0261120699856824
2458642.8061957	14.92408226421636	0.03780094061758
2458643.8203435	14.546509829967304	0.0163393021925921
2458644.9373256	15.31510511565186	0.0266946887130816
2458645.9725841	15.246428977487229	0.0223884062158255
2458647.8173274	15.205282543827437	0.0289406682321777
2458650.8556885	15.222451754545098	0.0416802215402499
2458651.8105377	15.158146721935656	0.0258360972149301
2458652.9061834	14.57838959964774	0.0213284048069992
2458660.8685626	14.898081282897436	0.0170420718047072
2458662.9566287	15.21265105906366	0.0177672266005703
2458668.7994459	15.161468750865524	0.0152777134103674
2458669.8526896	14.527095656433858	0.0183315428347
2458672.7077589	15.190349775765496	0.0277735364320015
2458673.7329665	15.106521328527432	0.0226502358973059
2458674.7848676	14.930497071190468	0.0175356992225929
2458674.785981	14.85356458081199	0.0164564276115739
2458675.8124561	15.247498546810874	0.029575672730225
2458677.8363878	14.976770191019886	0.0217526189556765
2458678.9693375	14.707971377368402	0.0192045901124614
2458679.9496858	15.338800199586412	0.0358865692342907
2458680.9990616	15.231345362501797	0.0429271007349865
2458681.9375922	14.560871022603346	0.0229553648693218
2458683.8941431	14.802519624679531	0.0364540639768654
2458683.9193177	14.875825552607662	0.0391881195156743
2458684.8500397	15.140228878356998	0.0438180335604934
2458685.8807685	15.171069932704391	0.0392828158574734
2458688.8349836	15.176613134720874	0.0138602563336929
2458689.88593	14.749515746362526	0.012563834153668
2458690.6933705	15.031834555146064	0.0179826964615952
2458690.8082815	15.37720179281952	0.0248469682516277
2458691.788615	14.985307172034412	0.0111145478859506
2458692.9749033	14.939154470410893	0.0158060239338453
2458703.928636	15.04074400696858	0.0200290079364616
2458717.7033829	14.647021625773911	0.020818169188939
2458727.8054707	15.18162031537102	0.0235638220577679
2458729.7961663	14.623834840176698	0.0155564924846956
2458730.7896411	15.304529454569488	0.0225834496148959
2458741.8493832	14.380227810080822	0.022904622532498
2458748.788207	15.1985928359879	0.0168007308963494
2458750.813925	15.36495178602813	0.028497857904677
2458751.815234	15.135157497615788	0.0147423650410669
2458753.7687557	15.22090382973051	0.0191915427383561
2458761.7527393	15.396889548032926	0.0300872521056412
2458766.6881662	14.439742589258348	0.0237383977604241
2458767.6890803	15.237088381810317	0.0518453483911703
2458769.6462114	15.111098854192155	0.0469512188779028
2458770.7268802	15.222909382638568	0.0318424583884584
2458771.7734018	15.212155828691898	0.0403746919651807
2458772.6794249	14.888285867002477	0.035202279110551
2458773.7883059	15.23706263461082	0.0278075384942038
2458775.6423181	15.245043231007074	0.0198234237085111
2458777.6350927	14.650643954891624	0.0145987222994261
2458778.6590738	15.233535262947552	0.0265160990163714
2458783.7402251	14.839503285805344	0.0125238881365361
2458786.6315622	14.507952261003052	0.0145667609615261
2458788.6260836	14.964610420288064	0.014116180652833
2458789.6258443	15.081157995243116	0.014397798941444
2458791.6984469	15.141439977372215	0.023120597749753
2458794.7407982	15.161038294170982	0.0247124453315877
2458796.7483298	15.207928297739738	0.0291954927601386
2458798.7438891	14.449594439132582	0.0241973175004003
2458800.7396089	14.94435589773021	0.0412521034653938
2458802.5959856	14.990407380118372	0.0199914857213543
2458803.5645663	14.74377419431046	0.0139385670548366
2458804.5720181	15.26205475421436	0.0233917506435793
2458806.5490027	15.30383894892056	0.0233010051393122
2458812.5635721	15.33164167975314	0.0226941630390055
2458906.1132651	15.035127128431265	0.0119763240920992
2458919.0618788	15.48048005509694	0.0646273847634563
2458930.0322333	15.524824054029189	0.0340579048936705
2458933.0279968	15.258762368811391	0.0223933944236384
2458934.0331617	15.118806974156117	0.0149300889524734
2458938.0708613	14.653898085855849	0.013840620574439
2458942.0001421	15.204217595976417	0.023065811611374
2458948.0018818	15.25399104374365	0.051213531517745
2458955.9756404	15.175155482294953	0.017644720784369
2458957.9650032	14.411787154695771	0.0146194545734185
2458958.9478856	15.315585242319012	0.0241364042460401
2458959.9575342	14.994843786400311	0.0107364745419528
2458961.939252	15.396884837362371	0.026525706524815
2458966.1110131	15.222604932334484	0.0180589530072002
2458968.9274353	14.688043686539745	0.0141825074757184
2458969.9229962	15.271673702341682	0.0256109480752604
2458970.9599141	15.116271988660852	0.0161421166663487
2458972.9139033	15.33335285976422	0.0344034922301609
2458973.9197286	14.98918423232191	0.0310916463067312
2458974.9190336	14.35446091182477	0.0224215245518351
2458979.7567725	14.393809470092036	0.0247870926648615
2458980.764739	15.237581733516969	0.0325791967689026
2458982.0266863	15.273943215196756	0.0263636608993107
2458982.8110416	14.512805242771153	0.0177438571613128
2458983.889972	15.307851958296949	0.0253439143125421
2458984.900353	15.259597557802982	0.0201833915342653
2458986.8810102	15.329097294875492	0.0243255313997659
2458988.8975938	14.693929814209111	0.013629051879752
2458989.9394917	15.428976097085098	0.0257071792103436
2458990.8825218	15.116752017398229	0.0115552655993132
2458991.8047527	15.146832264471662	0.0171265550411655
2458992.8867642	14.877609549125012	0.0108199320862137
2458993.9450796	15.244037024269211	0.0190442711113455
2458994.7267131	15.142888296050636	0.0173896623319431
2458997.7025482	15.161004859451673	0.0229739420460235
2458999.863691	14.803305446000008	0.0167093089171136
2459000.8475926	14.94535081997654	0.0107880644184472
2459002.8702593	14.947749948442176	0.0289101601839685
2459005.8297131	14.64596000397574	0.0328798168374055
2459006.8288808	14.901167526390989	0.0237475181407025
2459008.0782083	15.389267163698385	0.0405398830064094
2459010.8179785	15.109557276592556	0.0164832124963077
2459013.0285123	14.558235564482535	0.0145034062075909
2459013.671038	14.466812720483466	0.0159613485718886
2459014.8168613	15.038658055077146	0.0131600022079282
2459017.8213589	15.337135032910307	0.0258491595960996
2459021.7930746	15.171296132912657	0.0176937243767628
2459022.885733	15.001735499290836	0.0094065778015652
2459023.894888	15.151994771556945	0.0162918102361245
2459024.9141443	15.321866909039452	0.0207062378407571
2459027.7777617	14.97647033155991	0.0161993683498139
2459028.8987248	14.916338508509268	0.0173944836247747
2459029.9360009	15.335074443794865	0.0284903096290775
2459032.7807976	15.198060676653318	0.0358908038553161
2459034.0190537	15.254139499808195	0.0376759619768654
2459038.9320886	15.261605165822957	0.0291679417185928
2459044.7572321	15.05600119319942	0.0166539160344719
2459045.7790961	14.637995619247368	0.0141993809918253
2459046.7966733	15.191807015418448	0.0184986399044704
2459049.0273841	15.212430695929546	0.0177443533400788
2459052.002778	15.040086610491713	0.0099079153620782
2459054.8482442	14.54922275170718	0.0131970035345276
2459057.6989244	15.270673826362	0.0248459249503946
2459058.7211846	15.05744767152346	0.0165956166470243
2459059.7015338	14.546452926408085	0.0182248329279016
2459060.8627571	14.45961255698904	0.016774875266797
2459062.8561269	15.033983433894988	0.0266063463490117
2459066.9720889	14.620465221218089	0.0229923518521821
2459069.8516099	15.299697305790271	0.0425489011866065
2459070.8544176	15.123952768679324	0.0247143183021815
2459072.8868449	15.382549681331438	0.0252137795192417
2459073.8256677	15.087133979987223	0.0194996652892137
2459074.8337588	14.55431603651392	0.0160010351482353
2459075.8325594	15.196632151855106	0.018494027707025
2459079.7808873	14.9389096400837	0.0114870150222159
2459080.7797281	15.30426904294366	0.0241096149850207
2459081.8271561	15.188187657824226	0.0237484460122404
2459083.6916452	15.295930968228756	0.0300860206550404
2459084.8228289	15.251245343612284	0.0260653565950718
2459086.772903	15.238901518206385	0.0214199212081258
2459089.7750333	15.253755973511566	0.0265476708556142
2459095.8464002	15.195449226311393	0.0369662163161401
2459101.8637089	15.298660166351167	0.0223320095284641
2459103.8374962	14.463719077659045	0.0137524963924238
2459106.8502279	14.677819648118795	0.0149268653631662
2459118.7518566	15.229093216074023	0.023941786446895
2459123.7977579	14.585095637834026	0.0234438580395737
2459125.653798	14.478082564978616	0.0244856296199001
2459126.6846363	15.185115549019857	0.0831168279628425
2459128.7494515	14.701844646534	0.0132154411800406
2459130.7519068	15.142834053257468	0.014507259968789
2459132.7658928	15.281112037759218	0.0200992296498693
2459137.7630805	14.430405437389965	0.0137660027400664
2459153.6953999	15.024277833987869	0.0297149157546601
2459154.6951344	14.43783755416403	0.0200130773506913
2459155.690985	15.192056359621212	0.0361127302011898
2459175.5861811	15.141503215361531	0.0245135261231148
2459185.5513255	14.552430480121226	0.0165246054409321
2459195.5377743	15.156438536861357	0.0675484420899482
2459238.0331928	15.158064398033906	0.0259701830705335
2459252.1358531	14.54150992348042	0.0160467338398256
2459257.1327255	14.8896390358412	0.0133034181299969
2459259.1481756	15.175885985437777	0.0162597505661722
2459263.1113993	14.60872712629098	0.0145349631171007
2459271.1056876	14.977533080504246	0.02470224854188
2459278.0809979	15.312873563559965	0.0336668999317598
2459289.0440201	14.872255155434695	0.0143284852255876
2459293.0255063	15.174980229065682	0.0153926716396108
2459296.0848559	15.239910771940432	0.0195833396681689
2459308.8614204	15.22141613234134	0.0236038099872026
2459311.080367	15.001063434442065	0.0122766740888867
2459313.0673558	15.195498388672924	0.0156024865973944
2459314.9862627	15.302764407505498	0.022205221940506
2459317.8308645	15.17944524776562	0.0209381403905351
2459322.0417092	15.195362788483148	0.0145406209420959
2459324.8458551	14.544613769307766	0.0162006700207852
2459327.9252776	14.711100423735765	0.0246579422456565
2459332.9367737	15.184317852716976	0.0405209912394476
2459338.0796082	14.866816068740498	0.022857253565077
2459346.9355956	15.169390482837086	0.0172143512180185
2459348.9461244	15.197069957585033	0.0198401841243766
2459352.9541158	15.133027392890323	0.0147732817468299
2459353.8650718	14.477044886126432	0.0171266567066467
2459355.9543616	15.265298042110487	0.0304671017657574
2459359.9976201	14.838666146114797	0.0349686435939695
2459363.8538863	15.38151972606563	0.0334323699497406
2459368.0110187	15.1849101709721	0.0203921177979155
2459370.9554666	14.999164000639722	0.007705861506655
2459375.8080147	14.908766948906464	0.0104377251396223
2459376.8068694	14.821725986170504	0.0122877757846779
2459380.092726	15.102859402916469	0.0134642514875582
2459383.7075291	14.915246523990811	0.017942200818301
2459385.7683267	15.25556832858964	0.0298198396594639
2459394.9944976	14.642854544740567	0.0155983857106194
2459397.81154	15.173908309137444	0.0174749864400662
2459403.780925	15.138730985202947	0.0150182995038041
2459405.9903856	14.758149133482933	0.0142723638125075
2459408.691465	15.175404550183242	0.0168486123374271
2459410.8888338	14.843237942360783	0.0118082464802131
2459412.8061972	15.110466293948502	0.0152279075719921
2459415.8753368	15.267188988888403	0.0328416940291929
2459419.8121925	14.711639857683972	0.0295938744018463
2459427.8563865	14.966588079313423	0.0126831124823193
2459428.8054193	15.217078046022214	0.0171526319973785
2459429.9741173	15.210593861289984	0.0169911850852787
2459430.8057668	14.698195284962113	0.0167937750099468
2459433.7758425	14.420542601865494	0.0141710082562687
2459434.7353736	15.171405658918257	0.0191805248114935
2459436.8672394	14.694767455796638	0.0141334216951343
2459440.791712	15.198727769807938	0.0211867936254146
2459443.8747186	15.237609594181176	0.0297850432487455
2459445.8469188	14.60324595509203	0.0175731299809641
2459451.8215167	15.130727663852676	0.0671330025046985
2459453.8420276	14.784923063556388	0.0152520369799463
2459454.8226454	15.476991636847488	0.060535876980332
2459457.7580185	15.334348693112346	0.0228145277184998
2459467.7662369	14.782632822529283	0.0136195027627518
2459469.7203372	15.093265473306374	0.0149251642616521
2459471.7717159	15.23434735723368	0.0216061338872325
2459472.7407464	15.160622884428342	0.0281188525749498
2459474.7252256	15.21330256484827	0.0316945541909759
2459475.745161	15.066312160260107	0.043413143755271
2459476.7641924	14.419258491314404	0.0260225614015543
2459479.7780023	14.439966947647305	0.017782195929852
2459481.826627	15.129375055137576	0.0224865125518305
2459485.8013924	14.500300842847032	0.0143790497134116
2459486.738023	15.112714711249886	0.0176417810973229
2459488.8424944	14.416760831722303	0.0140387148525796
2459492.7544357	15.368934834292126	0.024595031396386
2459493.717148	14.509399320664077	0.0151974774657814
2459496.7223787	14.437455570110384	0.0149460788953896
2459507.7462579	14.807883829600394	0.0297789110330198
2459509.6740525	14.989475174181566	0.0600550861028757
2459517.7154001	15.205605226604908	0.0179842130376142
2459520.7025706	15.26506923476764	0.0203585067412249
2459523.6978228	15.260923938336662	0.0230240246245263
2459528.619978	15.257765546298293	0.0286370299295656
2459530.5928267	14.619363444253498	0.0180978217922362
2459535.6068575	14.830197609055247	0.0416906137867095
2459547.5671778	14.431690596168655	0.0152466969994034
2459552.5608552	15.008918273275016	0.0249111974347394
2459556.5497018	15.19039179409898	0.0331329938106903
2459602.0364953	14.575013691920438	0.0304312166828569
2459605.0236948	15.15137937796143	0.0291627218940466
2459606.0278891	15.165392148858473	0.0245599897717034
2459618.1630233	15.215356154276984	0.0200376110195162
2459620.1598387	15.0544712606235	0.0125176361351459
2459621.1278174	15.157014261892057	0.0200479273742067
2459622.1277268	14.833429608814674	0.0153594666664852
2459623.1297701	15.229032529052324	0.0291992701818945
2459624.1691908	15.336896092063874	0.0421487318832215
2459626.1426763	15.32693248452726	0.0367860131944479
2459631.1193861	14.47001097713316	0.0190450159465686
2459635.0907216	15.074336531836895	0.0161451378536255
2459638.1067257	15.222872899547554	0.0179373437611824
2459641.0698548	15.220236231550537	0.0195933356847735
2459644.0677873	15.01238460840568	0.0127751158543247
2459646.1156135	15.34189685297915	0.0222039282676361
2459647.9958993	15.189219515973516	0.0201981704973062
2459650.0518689	15.040654790865108	0.0131786897916178
2459652.0501977	15.256410996757122	0.0291539011363655
2459656.0776094	14.913511762999873	0.0389421091912367
2459657.9038387	14.943055961037448	0.0432971115803024
2459662.9612288	15.25582465132597	0.0251193906027201
2459662.9624691	15.220468533989775	0.0263416574801774
2459663.0541468	15.379667152380774	0.0329672545997562
2459663.0554102	15.4320749264728	0.0381501686776859
2459664.005222	15.161497642523669	0.0192558881837365
2459665.970165	15.207640100855254	0.0235987508742459
2459670.0073314	15.013823472744486	0.0133288387034228
2459673.0003923	14.82334844835752	0.0157515522121062
2459674.8572804	14.993940236816549	0.0116210908404829
2459676.9904995	15.29269575147671	0.0246974054137361
2459677.9776536	15.134286218707496	0.0174116705884972
2459678.972502	14.62753230293268	0.0130164749638107
2459680.974468	15.172173054165192	0.0310483471264467
2459681.9988974	14.5458215010541	0.0195933816500132
2459682.9728433	15.208703088479844	0.0289976707144636
2459684.9548105	14.864515504362805	0.0333593116764573
2459689.0529841	15.169790772770485	0.0323267262818231
2459690.1051356	15.204170403946392	0.0272473089825044
2459691.0152024	14.532293859850876	0.0163567045700653
2459692.9574491	14.915707201629424	0.0114232047660383
2459693.7878158	15.12532880327915	0.0176737237626528
2459694.9322246	15.261176967625811	0.0179721885288659
2459695.9250398	14.65334404896571	0.015505732857279
2459696.9282553	15.305460608168293	0.0191611399375607
2459697.940471	15.189731367393804	0.0167448637032552
2459698.9230117	14.592432314466093	0.0144535707935865
2459701.0389881	15.249524266150065	0.0228953942288243
2459706.0515809	15.34408025258424	0.0281144507057709
2459706.954144	15.045769713398832	0.0200431641465985
2459706.9554306	15.026838127030429	0.0318410949264934
2459706.9567056	14.999597203609804	0.0306092258497325
2459708.8865059	15.20675586056343	0.0289110532787837
2459709.9016344	14.885915295571795	0.0162686071338528
2459709.9433321	14.983407187778903	0.017331934405101
2459710.8829551	15.317570848427602	0.038024957703445
2459711.8759671	15.018894633613584	0.0391559796278492
2459711.8772306	14.953947064505934	0.0715872664748736
2459711.8784941	15.05210513618872	0.0768668761354624
2459712.8839256	14.683844346345763	0.0248876014746453
2459712.8852018	14.674199927874326	0.0365852955722292
2459712.886478	14.73082195553391	0.0401052760548577
2459713.8877076	15.269174146684714	0.0363457294285516
2459714.9193382	15.052597018815296	0.0430199947014133
2459715.725472	15.073077324397488	0.0306999698831533
2459715.7280988	15.000548319556684	0.0642478917200187
2459715.9882644	15.025957270077694	0.0262353307222717
2459716.8664594	15.309689954147084	0.041243924300055
2459717.9323884	15.317827238174653	0.0438339782130777
2459718.7248952	15.19257758287357	0.029886876573073
2459718.7275494	15.0911235940241	0.0387351846494578
2459720.8564787	14.965225491131193	0.012765072800212
2459721.8490576	15.309792314408854	0.0249868202126778
2459723.0180002	15.38682923582783	0.0237368352200902
2459723.8652268	15.004549977410251	0.0085698897606195
2459724.8802102	15.22218571420877	0.0194007147642678
2459725.8998396	15.312052863590594	0.02257378323539
2459726.8376558	14.999596981517657	0.0090433279568287
2459727.900943	15.05318554026858	0.0105993186125928
2459729.9864306	15.11406999189111	0.0118876946456563
2459731.8215253	14.977321412369792	0.0123841631573108
2459732.9222027	14.920607166143306	0.0102803333927774
2459733.8910264	15.3658237990939	0.0219613191349176
2459734.9402195	15.282022371340478	0.0222083611224939
2459735.9941219	14.95520466505599	0.0109811055903105
2459737.0376635	14.446337119783845	0.0139156845491124
2459737.7230907	14.795857486094498	0.0157686675067796
2459738.8077913	14.908783885927493	0.0168178083665308
2459739.7994747	15.283904663556095	0.0238079059044571
2459740.8322102	14.93424007675446	0.0150237205522718
2459740.8558678	14.954930723121452	0.0247564591548072
2459741.8283784	14.89626854950214	0.0163970828030204
2459741.8296546	14.761306634450124	0.0202583736428574
2459744.8695976	14.89452602605996	0.0372921228333962
2459745.8985202	15.384318707942416	0.052740895774473
2459748.0818834	14.929671936796469	0.0230495729919164
2459750.0337343	15.310980478355198	0.0221385449741096
2459750.6980228	15.189817531663625	0.0203936809070567
2459752.6361056	15.211665462256532	0.0261838652436743
2459754.9354325	15.212876310769229	0.0186782818705356
2459756.8619154	15.312142851184564	0.0195317307767886
2459760.0033199	14.916420157496082	0.0130051423731325
2459760.9189282	15.249339205934788	0.0186504394549501
2459764.7620103	15.394479841641164	0.0294379238431897
2459769.9659472	15.131052239596642	0.023549108620801
2459770.8384043	15.038088635931953	0.0174633708986452
2459771.8993773	15.34609874320202	0.0574397092589412
2459772.9145462	15.044010610932755	0.0209450040331922
2459775.0307975	15.234386383088871	0.0399325200779302
2459775.8839209	14.818128653221995	0.0235870080292819
2459777.0195188	14.592295229014804	0.0183177886983953
2459777.7545367	14.86120945451628	0.0194742548047886
2459779.6629323	15.173160783997051	0.0205982620593736
2459781.0058338	15.287242747317435	0.0264684232143884
2459781.6620805	15.140869900005136	0.0225388414044109
2459782.7132747	15.06866228830538	0.0247370917023569
2459784.0181301	15.275907749634175	0.0198863557219983
2459784.8658288	14.482403046233554	0.0133084737432245
2459788.9980865	15.354407718055471	0.02311686225001
2459789.8669778	15.00750047968354	0.0101315001148733
2459791.8318466	15.173286270136524	0.0150880215868819
2459792.7748971	14.564501842763711	0.0143467398900657
2459793.6455454	15.191584878825006	0.0195609257896358
2459793.9651109	14.535580633052598	0.0142822905466797
2459796.7021422	15.146174924511351	0.0226009006182358
2459796.7033832	15.14933343553226	0.0312251137383741
2459799.9186316	15.44366998897841	0.0429967814785186
2459800.7559815	14.991955006407569	0.0206116080439059
2459801.6692803	15.229085453811138	0.0441353800420078
2459802.8754089	15.278204489719112	0.0426852319587395
2459803.9100896	15.193061947327775	0.0432662658868616
2459806.6918961	14.564155051008116	0.0232297218002403
2459812.914909	15.064699595048188	0.0128856913692943
2459813.7948622	15.25775270112132	0.0205090670216516
2459816.9189399	14.682611540312712	0.014515130195482
2459817.9151598	15.322065953953455	0.0255272104975072
2459822.8810465	15.283115590047784	0.0195464656456566
2459823.8696204	15.191003591229734	0.0165292043835434
2459825.8520512	15.21924298452408	0.0183532756828474
2459827.8779539	14.538145449338252	0.0169887857634328
2459829.8902634	14.979740608015328	0.0285030394501778
2459832.8858664	14.841807972640677	0.0323964820252225
2459834.876891	15.267443546165955	0.0442328018324769
2459836.7182157	15.374044502275698	0.0501751262553992
2459838.823208	14.766605606707223	0.0125538011657108
2459839.7352672	15.232744890010718	0.0204144643243188
2459841.8074309	14.557783037448164	0.0140176981626789
2459843.8333794	15.163068533401754	0.0191483338176842
2459844.7408965	15.148124373675248	0.0141186506119614
2459848.7409732	15.179163646162896	0.0178436101765997
2459849.7593764	14.908676695430383	0.0142927080164622
2459853.7917498	15.444118163533515	0.0291556063460023
2459854.7473014	15.29400564102752	0.0251733800326343
2459858.792775	14.693294625929244	0.0229443185694353
2459860.7580895	15.222941780651066	0.0346289578047725
2459864.7775295	14.38294162417039	0.0182671772850335
2459866.7639207	14.987412902104442	0.0110661009326954
2459867.7682684	14.554548523491196	0.0135365001437951
2459869.7286025	14.869483568782814	0.012212274938769
2459870.7680454	15.159492016314468	0.0187227633594824
2459871.7623137	15.233178705209154	0.0179187436151255
2459876.7511358	15.21602496296037	0.0186095816545603
2459880.7234655	15.084203761705332	0.0145223310832221
2459881.7040731	14.495647123204176	0.0172940116962507
2459882.699894	15.355867994140889	0.0264627956380715
2459884.6361737	15.11838217685944	0.0204498380622238
2459885.6158313	15.048130037976216	0.0194912565520718
2459886.6116149	14.56003372939536	0.0196575341855557
2459886.6128668	14.605102678268729	0.0226442808154758
2459887.599802	15.127941876575568	0.0296534687998971
2459887.6010539	15.18629742208794	0.0411863123460528
2459888.5953055	15.02284467048648	0.0239049596526288
2459888.5965456	15.029508632046642	0.0322857272690549
2459888.5977859	15.003861025153416	0.0488748716973072
2459890.5794643	15.267422990780272	0.050216483293817
2459891.5790135	14.990989261392729	0.0424536091860961
2459893.692943	15.270815296473582	0.0311971679651542
2459894.6965664	15.160233885985534	0.0150771308656509
2459894.6978299	15.180005914634592	0.021415231330626
2459894.6991166	15.159254656226706	0.0253971369199158
2459898.6130278	15.040776452338244	0.0193025518093345
2459901.6051081	15.183720999510944	0.0226633777658967
2459906.5901092	14.660784516495784	0.0166886783118374
2459912.5635303	14.620994853559626	0.017734801401582
2459914.5694191	14.88895377099748	0.0370310953338096
2459915.5667545	15.09502120269069	0.0477387714577474
2459922.547428	14.910668132322328	0.0573255013597595
2459968.0293388	15.049651681508674	0.0323571903264866
2459972.0241986	14.84438559089724	0.0174468235404315
2459981.0128265	14.428027466624847	0.0425739978801089
2459987.9853073	15.117696454754652	0.0339642522642665
2460020.0463725	15.196345098904736	0.0191018892615374
2460021.0506981	14.799566041394172	0.0160821892929748
2460031.0054281	15.225300455753422	0.0186846008630098
2460034.0486071	15.200039020654753	0.0264556993336902
2460048.9589818	15.007055162722146	0.0102010655376985
2460055.9915986	15.344012867490456	0.0313299122554597
2460056.9392183	15.282733103135982	0.020682712954256
2460059.9311812	15.102764483391232	0.0169981206014322
2460067.043132	14.76479925221864	0.0155959373232336
2460073.9013399	15.483016124820113	0.0496697633051504
2460111.8521485	14.826304333358117	0.0125852222166258
2460113.8692763	15.25318836600644	0.021605275494166
2460116.9377509	15.12095457713938	0.0186193275677484
2460121.7654333	15.227622859306738	0.0255841642202982
2460124.8433599	15.359116599161249	0.0366761285976753
2460127.0386398	15.018787804642892	0.0264470284092303
2460130.9887786	15.43613415740731	0.0425064130291222
2460133.9682779	15.243857062666974	0.0244753829883317
2460138.0153282	15.14629217790645	0.0186288279714196
2460140.8725452	14.686300500238008	0.0141463115365675
2460146.7984332	15.282211719105394	0.0207259969036087
2460149.7924767	15.47538639539777	0.0303963765162887
2460152.8068736	15.35860244916277	0.0253216331728457
2460155.0057911	15.116768361693326	0.0210128008617111
2460156.9041158	15.363808855133732	0.043793575696659
2460159.7926646	15.013671711434998	0.0203960532621483
2460161.8107125	15.272581900716055	0.0204555473694289
2460170.9401867	15.229173941674182	0.0252646380619333
2460181.7391909	15.303211735251123	0.0323170401433449
2460185.797408	15.06222919946384	0.0269314715281477
2460187.8148063	15.444397272535264	0.0883655779277547
2460191.881642	15.001041809253945	0.0165390886024211
2460194.8486826	14.87658577540062	0.0133387528601898
2460195.7390763	15.149817564069906	0.0203032803064329
2460197.7856677	14.60967597621866	0.0135362225209511
2460198.7404761	15.158535546625744	0.0215715362268314
2460199.8620831	15.205494375531336	0.0230906297926144
2460202.8635774	15.179015851265987	0.0173347382826225
2460205.8161175	15.131496224555702	0.0197611714367676
2460206.6938142	15.209225737782855	0.0196506271723459
2460207.794455	15.262293176659698	0.0251980845736448
2460210.7391405	15.145420967690637	0.0212462148881728
2460211.695938	14.689016836604136	0.0201913295549978
2460214.7440081	14.854664574654572	0.0267838206127342
2460221.7167816	15.387992509128765	0.0273324777699298
2460224.7226238	15.16561812276546	0.0157651803296435
2460226.7917845	14.473747779917671	0.0145898542794056
2460228.6009941	14.564024866838182	0.0154972832598441
2460229.667072	15.306392058282794	0.0329748656955447
2460231.7413174	14.912019045509435	0.0132369324900503
2460233.647207	15.018865987652315	0.013675108658152
2460234.6212929	14.511148757039676	0.0147929077938035
2460235.6861354	15.227497625451434	0.0228323647647441
2460236.6355105	14.974326575301353	0.0140473857505445
2460237.6324854	14.625606282573418	0.0154361084246418
2460238.6358311	15.25828632480067	0.0415655374192748
2460241.717382	15.294684408971516	0.0302932281585495
2460243.5950019	15.364779374405034	0.0497044018389029
2460244.5802656	15.054078788793246	0.0396644034681011
2460245.6242488	14.715276521577644	0.0377197314101829
2460248.7146862	14.913732426812222	0.0116109209010357
2460250.7215148	15.24678454525887	0.0223234366970624
2460251.6105177	14.499639686144882	0.0162654642407814
2460253.7093517	15.165081503086192	0.0211477686306964
2460255.5941097	15.219155673786137	0.0224469720561055
2460256.6198284	15.051391509893438	0.0160995504343952
2460258.6928835	15.10731049014489	0.0267414919537301
2460260.688704	14.36461471268182	0.0221906267050166
2460261.6923703	15.263502394779117	0.0260505138331718
2460264.5970867	15.126195680637885	0.0207624362321059
2460268.5636376	14.545857051151325	0.0165758885331777
2460270.595091	14.94159419203826	0.0492413164632651
2460273.5765115	14.952318613753176	0.0373871282349419
2460287.5445534	15.049279086056586	0.0199512452062419
2460288.5370267	14.58039013509649	0.0225369302919912
2460374.9653962	15.28534236625881	0.0238749532689002
2460377.9629081	15.167681888363976	0.0175305271120313
2460382.9429185	14.438227891981114	0.0146253295880179
2460393.0685833	15.227986833361014	0.0573502061562771
2460402.9767836	14.626264702497153	0.0151181689639613
2460403.8858892	15.114730700582996	0.0180056965041261
2460404.8824264	14.858494344377648	0.0148978615470761
2460405.8800494	15.216683900887348	0.0188234604091372
2460407.8771766	14.786566538160086	0.0150845218633157
2460409.8761099	15.169183892865275	0.0179345473204136
2460411.868212	15.222906774643269	0.0190995306307937
2460419.0175499	15.192535746353812	0.0241701774246207
2460420.0151735	14.755145665930447	0.0216998621965296
2460420.9803005	15.201415830523912	0.0362009617227188
2460421.9848817	15.21840869956145	0.0424928114630837
2460422.9927493	14.731419512794355	0.0210108343445545
2460424.0549635	15.112185782624	0.0458525966319176
2460426.0554383	14.76184603609514	0.0317087093969802
2460426.7824516	15.39070111249371	0.1780745246719157
2460426.9413185	15.14728661665208	0.0441178540536924
2460427.9417192	14.971915124002408	0.0357074007780792
2460431.9203942	15.231359643741811	0.0292668093999092
2460432.9148255	15.20790075960418	0.0247543603599377
2460434.1093438	15.110753158715282	0.0243174110123861
2460434.9184868	15.127022000022398	0.0319493878110266
2460436.8994799	14.767147195251964	0.0199683819503134
2460437.8914796	15.273188775464728	0.0246431713975421
2460438.8923884	15.116538323608262	0.0191860323724369
2460439.886906	14.491741965128837	0.0152928540570504
2460452.854907	15.04119637558851	0.039861322805597
2460454.1050405	15.15422896720635	0.0343475518512976
2460454.7277077	15.187002481070488	0.0550684198633949
2460456.6914652	15.204707212797764	0.0306480547108786
2460457.0155719	14.989693145007545	0.0210824957436889
2460457.6950601	15.121369057732345	0.026602834230674
