2458055.9779697	15.2634543897842	0.0194815774319165
2458058.9860768	14.893257641406557	0.0154062212819305
2458059.929149	15.188546268172283	0.0220288666498788
2458060.9323315	15.00612944881622	0.0201712801006405
2458061.9650721	14.828363480056732	0.0247086297697155
2458082.9552897	14.765940032547393	0.0132510084316943
2458083.9169403	15.20285667326255	0.0152210003388685
2458084.8947156	15.10285356289826	0.011360704839564
2458085.8949612	14.821445409527724	0.0120330462827722
2458086.4480201	14.822574748756027	0.0146515156864574
2458086.8445844	15.253611736235165	0.0160218616902046
2458087.4422463	15.211404094739011	0.0279822470176979
2458087.8003064	15.242700455952471	0.0270437036436984
2458087.8378247	15.170360122240258	0.0127958396954787
2458088.7359137	14.85607021459169	0.0211965500421149
2458096.70494	14.770286325952984	0.0148988673492364
2458097.6799378	15.281402649421365	0.0149179437674269
2458101.6664531	15.285275413570991	0.0161086008744315
2458107.5499077	14.832431297041794	0.0098420531885328
2458108.8417479	15.115233833162858	0.0113036411777005
2458109.8612962	14.906994640463104	0.0098908721702417
2458110.8362255	14.963256779573262	0.0104939944790132
2458112.5443225	14.969795335865957	0.008041249016239
2458112.6304179	14.733967893386223	0.0122951340475432
2458112.7322137	14.925355898562952	0.0131819306426779
2458113.6459106	15.265663695056135	0.0181121070950827
2458113.7318623	14.760358525679912	0.0154230689018752
2458114.5400088	15.069491088803002	0.009713516004423
2458114.6275656	15.13451546103237	0.016309745808291
2458115.4617736	14.732364943601471	0.0125823531579114
2458116.5564772	14.859919443785738	0.0101999303698841
2458118.6092664	15.224877178370608	0.0278784578642104
2458118.7116322	15.218322840586884	0.0338936140827236
2458123.6678695	15.057714704496616	0.0226016508727314
2458123.7982618	15.207562120051438	0.0265080259306968
2458124.6386944	14.814933533312274	0.0124016291092455
2458124.7574864	14.979320033316212	0.0186067595268905
2458132.3965864	15.247671892255129	0.0158818414497304
2458132.6859345	14.921411133072528	0.0095328569212395
2458133.4079916	15.107576043997115	0.0097442424555586
2458133.6823167	14.759125901639788	0.0114605334806429
2458134.4149884	14.983994856223484	0.0084669152278595
2458134.6784074	15.263813546906746	0.0134740187331274
2458135.4104323	14.702087213442296	0.011846513122729
2458135.6812965	15.14432197874839	0.0112576301154084
2458136.6758727	14.930829930106134	0.0092430357391168
2458137.6769367	14.721431944057134	0.0111247036012098
2458137.7684749	14.873524230994882	0.0116007764548207
2458138.6803684	15.263303956201796	0.0143868812843659
2458138.7640857	14.981570682716274	0.0095316042997818
2458139.7554882	15.22549101166678	0.0158640068537005
2458142.716009	15.298964018924996	0.01665381921085
2458143.6802357	15.166239245753957	0.0132394296783097
2458146.2948176	14.776143229960738	0.0239218915308638
2458146.5487299	15.297898715977457	0.0330693127785726
2458146.6293353	15.314860852058342	0.0425986781632394
2458147.3132301	14.967617064999905	0.0199034222445613
2458147.6697913	15.23079795628901	0.0387371827762208
2458147.7177585	15.13917171857826	0.0338923063002021
2458151.3717461	14.613154401257397	0.0200074839940089
2458151.6546219	15.243871529554196	0.0328774652788952
2458157.6829831	14.770928032660477	0.0123730190156608
2458164.6340195	15.012245234804286	0.0092091878900763
2458169.396593	15.223261508092424	0.0172856495227804
2458170.3776796	15.03443978774377	0.0091649863579465
2458170.5710534	15.252215624167816	0.0153397518997812
2458171.3381742	14.72336103613576	0.0131189422258724
2458171.6114548	15.143179175829198	0.0105554728417112
2458172.6739721	15.106432428138422	0.0102168297252396
2458174.5974028	15.313076410933924	0.023199668724857
2458174.7503371	14.721815147152869	0.0183626528468565
2458175.2828176	14.708634123801936	0.0187705094377144
2458175.6229351	15.202512072857983	0.0258952749508674
2458175.6520056	15.26885179072336	0.0317485198449382
2458180.6488466	15.092657878919889	0.0288791396075127
2458181.7141294	14.902705021526256	0.0360879158858212
2458182.7172636	14.632717757292706	0.019233380979522
2458183.7096323	15.34284951770067	0.0295739454975445
2458184.7067893	15.164581882319624	0.0277220226826908
2458185.2996713	15.184595266851058	0.0129577314106363
2458185.6110903	14.751090118097018	0.0110229744725936
2458186.3384177	15.061457670810046	0.0073527652649473
2458187.5761781	15.176677365150946	0.0137011444565741
2458188.5749967	15.019299595608349	0.0083205884156922
2458190.7038948	14.7182136051116	0.0119453701090303
2458191.6798542	15.280385565752855	0.015518054147944
2458192.3466069	14.8672493608063	0.0103850711220742
2458192.6603409	15.155633304305242	0.0117356724550492
2458193.5925286	14.741823771512104	0.0121119780168034
2458194.3326572	15.06472264789574	0.0073506731696791
2458195.3255888	14.80882640013155	0.0116471256216964
2458195.6018436	15.233812748942183	0.0138101373748568
2458196.3324108	14.923713666029704	0.0087709619119174
2458197.3316152	15.234440001664217	0.0161036946907488
2458197.6778149	14.999952730375565	0.0090559775472807
2458198.3274416	15.08626791117152	0.0104227284243896
2458198.6771059	14.696572034093965	0.0119720548936722
2458199.6588801	15.247990219324764	0.0154120144830045
2458200.6321105	15.108864490237286	0.0094117302683739
2458202.6626726	14.681561899585658	0.0147745197508966
2458205.6517787	14.965122166485106	0.0252852906504184
2458206.566187	15.08028323702688	0.0231114306535452
2458209.6346669	14.966522834531329	0.0274359494785227
2458211.6255628	15.249204194353403	0.0307798182882894
2458215.6256294	15.33647500873514	0.0182271498075639
2458216.2885321	14.874600442769845	0.0101909734542804
2458220.608335	15.18490817626142	0.0129205350203472
2458222.2996925	15.186458903810916	0.0158281166721165
2458222.6113259	14.70207611754388	0.0125248149912296
2458223.2939502	14.92231644699963	0.0084430980716122
2458223.5496418	15.196487388511908	0.0135762999491634
2458224.2919412	14.81929842880266	0.0119923400433216
2458226.5928314	14.73221653667061	0.0117227624494192
2458227.5997919	15.311741012820026	0.019179739993893
2458228.2570925	14.883237240464648	0.0103793403976377
2458228.5845011	15.140516182162454	0.0165439964016582
2458233.2871313	15.250106255193543	0.0260173218458594
2458233.5505971	14.962191267466896	0.0149513171480832
2458236.5632441	15.186889330810358	0.0321411806358267
2458238.5439637	14.71330591962331	0.0237122453277018
2458241.545676	14.92709659979351	0.0208243352898254
2458243.5480271	15.313863663614056	0.0165765162422984
2458248.2263127	14.818069584492909	0.0111524059970404
2458250.2274674	15.138439060978596	0.0121276283825164
2458250.455731	15.131535999917604	0.0210688228855595
2458251.2358727	14.948349773592128	0.0114295759012044
2458251.5188421	15.259889922290585	0.0154547843012836
2458252.2214118	14.783046960328193	0.0114965125801181
2458253.2289152	15.271386690265018	0.0170739028438113
2458254.2197817	15.13735912362935	0.0110788792094161
2458257.5016566	14.957257612115612	0.0117126442091532
2458261.4814798	14.951916478673832	0.015285792788564
2458264.4811156	15.229494684141468	0.0293586148685687
2458265.4772026	14.978503111700148	0.021092986870346
2458268.2248015	14.653784151366423	0.0230689608057859
2458276.1928111	14.700371078261622	0.0190893385205556
2458277.1914416	15.425147741520334	0.0528888945063728
2458371.9046544	14.830794191085996	0.0170694720421031
2458372.6510108	14.964874190779833	0.0174682947407519
2458373.6433477	14.718608918344584	0.014776437709221
2458375.8911545	14.804970012611392	0.0143918437586542
2458377.8918749	15.134810364640414	0.0140605521258802
2458383.8920948	14.676279450908703	0.0184464622739465
2458389.9800126	15.190502215156076	0.0389236269156209
2458398.8738581	14.982089228561811	0.0104789805279004
2458411.8264841	14.699523398663205	0.013737798262046
2458412.8647565	15.216994555645169	0.024019359454406
2458413.8119762	15.233479323121548	0.0266749805653531
2458417.5599149	14.840535065007694	0.0286693672253839
2458424.5692387	15.116106319098323	0.0139865446034535
2458425.9241295	15.291267018698475	0.0207800858314676
2458426.8330863	15.075071353346718	0.0078862854831004
2458428.8029029	15.29231038838363	0.0174124618268765
2458430.7856759	15.013478746034377	0.0091675945034556
2458438.8203014	15.085177932186037	0.0070488282905122
2458439.7320793	14.7492630754859	0.0135867861603041
2458440.8256866	14.882270010185032	0.0115176275309578
2458441.796259	15.208889206883564	0.0178883558379638
2458442.738208	14.971631180619202	0.0214598697731343
2458446.8296556	15.1071552045787	0.0227496757822597
2458447.8336647	14.876063208459138	0.0201509829616803
2458448.8680762	14.712093170642063	0.0221526099438103
2458451.5956329	15.202291337512158	0.024905494965137
2458452.8980348	14.76938942930518	0.0149035744626106
2458454.008283	14.70915166216911	0.011294862533195
2458454.7865455	15.099868540494777	0.0117993797160644
2458455.8281657	14.959177693897075	0.0116795991120195
2458456.77228	15.02230047579414	0.0085065518008839
2458458.8423457	15.180170611358184	0.0143415003600169
2458459.8118005	14.995403469365057	0.0152794846802052
2458460.824992	14.70931455747187	0.011552950582491
2458462.7758438	15.149659362537308	0.0133610221914976
2458464.791912	14.786276316126068	0.011885938051781
2458467.5185747	15.253765377577215	0.0151807514639743
2458467.7667454	14.933020331594998	0.0099399557055069
2458468.4071894	14.988080416253236	0.0155936489109922
2458468.675157	15.29926319244522	0.0228345642874872
2458469.5476674	15.038009282507458	0.0080905428818165
2458469.8132484	15.27952420552953	0.0177914830138398
2458469.9785508	14.739397047040942	0.012402257869572
2458471.6544915	14.708342468168947	0.0207952823554687
2458472.4634298	15.109721980913228	0.0232007808794646
2458473.0679544	15.146047276173231	0.0181662988016829
2458473.7107603	15.16935513450186	0.0269780347043541
2458474.8241237	15.183372802781802	0.0427272567185162
2458476.7071224	15.0594200287855	0.0332033315891969
2458480.671688	15.237348867815903	0.0230003093292185
2458481.5497786	15.071763638065065	0.0116534577953374
2458483.5099509	15.310011121117244	0.0182565754986963
2458483.8648886	15.128856988714992	0.0135061530264707
2458484.4630609	15.145874408397145	0.0114057519685654
2458484.8749256	14.930737516251206	0.0131448262444318
2458487.4919442	15.307623004537508	0.0186092594100978
2458488.9964318	15.14418994663226	0.0124773318560759
2458489.9709692	14.85896187222054	0.0096466354588569
2458490.490792	14.680735485110151	0.0115375804492685
2458490.5863031	14.907937650601086	0.0102441540781318
2458490.9631209	15.007443313311766	0.0078223977887091
2458493.5759322	15.17541383910881	0.0162668231897627
2458494.010381	14.96159201547018	0.0078779052762547
2458494.4159016	14.815206522649312	0.0108613612996615
2458494.6606156	15.089123761356102	0.0102034044970713
2458495.5793543	14.739771293930431	0.0134003863956968
2458495.7641384	15.04565445260275	0.0078033590561425
2458496.571454	15.253586431718356	0.0226478345736235
2458497.4645269	15.01975640681001	0.0085398053246852
2458497.6341493	15.192454860446672	0.01792077075608
2458497.799169	14.951579117643345	0.0092586808988378
2458499.3458669	15.124197702229516	0.022185835359869
2458499.7961074	15.078894282366882	0.019763667725418
2458500.3820237	15.06768448768262	0.0191876389058799
2458501.4679337	15.043639358344455	0.0169181987648139
2458501.6677581	15.219756662336742	0.0245672585907112
2458501.8502997	14.708961038059968	0.0141747543735697
2458502.465549	14.727574046838958	0.0274106471277622
2458507.6766541	14.922868805500231	0.0216850014564329
2458507.9145255	15.183787859523653	0.0398188198296892
2458508.5142901	15.20596240630179	0.0227295620870581
2458508.9934617	15.175243645620675	0.0187098596151723
2458509.2929074	14.744755035281132	0.0120461038366375
2458509.8245411	14.721778742102511	0.0150788467715476
2458510.3214488	15.198636312252914	0.0140215575544131
2458510.5270213	14.943226284035909	0.0286350353308025
2458510.885038	15.255459417630554	0.0166934218741745
2458511.671789	14.95288261129108	0.0100029075831566
2458512.6789586	14.71080819672292	0.0115439515495285
2458513.692796	15.285525819495165	0.0180668354457376
2458514.729865	15.170708620707655	0.0142435442485619
2458515.5881193	14.777698713762229	0.0109968258246674
2458517.4251089	15.020207135500575	0.008373146032763
2458518.7874162	15.262944020642934	0.0168967977224792
2458519.7385427	15.099885573217694	0.0108496809700296
2458521.3518262	14.892587837127769	0.0088079553664486
2458522.5766822	15.060417076177078	0.0071282231916979
2458526.8481417	15.224150581804652	0.0176485340079154
2458527.8418504	15.212851739999152	0.0162718544625569
2458529.5862365	14.942667701040431	0.0125258661979432
2458530.4162652	14.768072512562457	0.0201774369739312
2458531.7119258	15.035891936204989	0.0290514794657276
2458537.4794174	15.20747534764033	0.0245917300377708
2458538.4397179	14.824491161618916	0.0166043273652644
2458538.5559999	15.21765676257371	0.0155443118742494
2458539.401192	15.060472345369746	0.0132638602993532
2458539.6350774	14.972878156420109	0.0103958383482742
2458540.7215445	14.887473157623177	0.0151976722984329
2458541.5478671	15.173607623714446	0.0125523199432428
2458541.7360805	14.72682585790838	0.0155250891541237
2458542.3851047	14.799392910386633	0.0102820183623766
2458543.4421872	14.736760633953692	0.011309103750866
2458543.7681718	15.240392639014512	0.0194196613883652
2458544.4111474	15.221612177483422	0.0142406129381183
2458544.8102462	15.122639409514544	0.0160934652443348
2458545.447048	15.141699818180488	0.013437824523828
2458546.6635132	15.207295188227532	0.0137191547640791
2458547.7230422	15.18026343077327	0.0150577496280146
2458548.7184443	14.966968319356477	0.0116625552416452
2458549.4083362	15.114575078115086	0.0102930438243438
2458552.5651582	14.759093698051618	0.0118626799656885
2458553.6214202	15.25207114814419	0.0167286609925857
2458555.579712	14.97370494092566	0.0124286919484025
2458556.7006785	14.94493849702349	0.0122359453294751
2458557.6234025	15.22657574308382	0.0212556325034459
2458558.3427994	14.782436836023033	0.0185966574367237
2458558.681219	15.286543939866313	0.0384887370641015
2458561.5489112	15.30405132589671	0.0405209563592374
2458561.7464898	14.804897484269096	0.054322910406358
2458562.7548669	15.342507989530638	0.0818580930953193
2458564.4073741	15.306974069033522	0.0377364203689878
2458565.4185884	15.10066106058302	0.0480680805588996
2458566.6599255	15.233778853695089	0.0267683568177274
2458567.3693887	14.831237174127397	0.0159246777997506
2458567.7425916	15.160944167552104	0.0245909016215373
2458568.3410166	15.23516366703685	0.0176795941177916
2458575.6030201	15.115815689891727	0.0145805459983529
2458577.5659303	15.242455337268575	0.0174595191999126
2458578.6279482	15.284206925012684	0.0197611834290185
2458579.6096944	15.156798300467951	0.0136254300378154
2458580.5832326	14.859875069260417	0.0127397695782186
2458581.5939452	14.889431891144469	0.0123931125928849
2458582.7815142	14.713590113770191	0.0114827129842403
2458583.6995875	15.23386580908596	0.021361575402253
2458586.3468903	14.960496027656518	0.0190732666602154
2458588.6005271	14.878981867305718	0.02093852141064
2458589.5813682	14.87272013271618	0.0209957087108393
2458591.6094471	15.098642472823869	0.0650757640158466
2458593.6707163	14.85419106284321	0.0303580832970701
2458594.5679294	15.262741450355762	0.031362807531187
2458595.590773	15.119499668057427	0.0282474997208582
2458596.5600358	14.870426244210355	0.014102580041441
2458598.7314913	14.83791583726348	0.0241520823710195
2458601.6209171	14.72087965921986	0.0146813715886069
2458604.5240042	14.870070654981587	0.0122447164536172
2458605.6283821	14.779833823836706	0.0141427574627447
2458609.6194397	14.805530070314784	0.0151438488469445
2458612.6209855	15.061951418945643	0.020927817149166
2458614.5119676	15.23720655006278	0.0211337948912222
2458619.2942924	14.717795618951827	0.0221034904647174
2458625.2105973	15.132877384046646	0.0131782925057077
2458626.4561669	15.207445855125638	0.0181140143208469
2458627.4987025	15.137261816155888	0.0162481268331146
2458631.2468607	14.679126714610934	0.0138005752339971
2458636.4736473	14.947333141241751	0.0111643311735989
2458637.461375	14.847369517581852	0.0158596101993345
2458638.4650752	15.24144456851159	0.0172381160390746
2458640.4617891	14.885523067930906	0.0144017117234819
2458642.4500973	15.207245965304905	0.024546260748627
2458643.4538954	15.201899298411558	0.023081334551922
2458741.9025417	14.864048981423746	0.0328726705570616
2458753.1271994	15.023700934246722	0.0092939319765135
2458756.1132266	14.845009101272614	0.0115004111329846
2458764.9534978	15.31094211525016	0.0246227979895737
2458766.8446449	14.791944681167006	0.0156761471267827
2458771.0867068	15.11160741873356	0.0288335869057742
2458775.9866557	14.73906524626586	0.0298667363296339
2458782.9906596	15.070511951970566	0.012817034226251
2458791.0021942	15.039211850722763	0.0111438937577498
2458791.7708959	15.25590089548496	0.0149889786869088
2458795.1067383	15.22843931784604	0.0158301239748363
2458795.7675896	15.271433654312451	0.0373097685135449
2458797.8160372	15.039060957264445	0.0295982824072866
2458798.0800521	15.29306859220974	0.0238240649743764
2458798.7697199	14.765863830232018	0.0279011216396468
2458799.567936	15.064951250077298	0.0247059956902227
2458799.811936	15.178794467936552	0.0368907572674652
2458799.9885936	14.827900330188328	0.0253721830708021
2458800.8310432	15.241748000758797	0.0383011533134767
2458801.0182158	14.840472021575508	0.0231061623238247
2458803.4863959	14.87214245196931	0.0480382469973716
2458804.7740691	15.16234489639708	0.0569791610852908
2458806.755929	14.758571839508472	0.0172066791031754
2458808.5588631	14.82654542548428	0.0132435362790819
2458809.5708901	14.894286785052312	0.0152866431738199
2458810.8695059	14.947164078957169	0.0117654297371957
2458812.8298427	15.21195713494954	0.0145465195494043
2458814.8355002	14.91166468870608	0.013063584236271
2458821.9044095	15.23495974520703	0.0190394162397124
2458822.7106255	14.720341531182672	0.0161432134321011
2458823.8920101	14.75799532360308	0.0131047388398535
2458825.6678765	14.764184623138371	0.0474191840398215
2458826.7004453	14.672841473060648	0.0238310227209784
2458826.9170372	15.247478614986791	0.0188852123307848
2458827.7231384	15.19561600043508	0.0290374642696236
2458829.0490118	14.755274427624965	0.0194611731294653
2458836.9612887	14.71762870980042	0.0143910190624493
2458837.4237393	14.875711493778685	0.0107252032723064
2458837.6622721	14.916197442674468	0.0125197543614686
2458839.903004	14.88502483567467	0.012967666898665
2458841.7062237	15.076912193320268	0.0136499231809319
2458843.7569049	14.854449055520751	0.0118168635531111
2458847.9175932	14.891526960431277	0.0107032348881449
2458849.5419444	14.726632837431955	0.0129593577081992
2458849.6819045	15.021400026361489	0.0107834987439316
2458849.8516929	15.17884645581258	0.0166226749736123
2458850.3593316	15.177728465291446	0.0173779526512883
2458850.6927377	14.800028115919028	0.0135198105013885
2458850.8598568	15.110158243453071	0.0140843717943632
2458853.3808385	15.296711530333692	0.0274342804460611
2458853.6315929	14.962734034090053	0.0164962817990915
2458854.8681736	15.150528397327792	0.0180093102713838
2458855.6533617	15.459781955199956	0.0563851268586728
2458857.6786648	15.073231787677448	0.0302692510512917
2458863.5669318	15.107876299132217	0.0244142203076087
2458864.5917273	15.126575888101252	0.0297726763612789
2458865.5811328	14.98121537770471	0.0177976430017829
2458866.0429284	14.7336610231367	0.0122960345370402
2458866.5712815	14.792606704466433	0.0124512537644829
2458867.0208687	15.297242264215402	0.0204250146567962
2458868.0104417	15.178072900188347	0.013063762597602
2458868.6375544	15.233674223735324	0.018454323384065
2458868.6388185	15.217494426630322	0.0194378290069984
2458869.0122788	14.985366880070414	0.0067886105154081
2458870.0013897	14.786218025741354	0.0100590208914933
2458870.627695	14.745416998160712	0.0116340300238545
2458871.9991371	15.148168854130438	0.01307943883378
2458872.970357	14.881591905168936	0.0086522384267569
2458873.4907765	14.789328277812412	0.0131030462461196
2458873.6324491	15.065055887136506	0.0107740716881695
2458873.9670665	14.86273450205699	0.0091000538090819
2458874.6434932	14.82995171953949	0.0129373718015875
2458874.9906897	15.260186976231749	0.0171187216165755
2458875.4510554	15.204890378269882	0.0142908744649922
2458875.6339029	15.126717656726536	0.0236999129298524
2458875.9844062	15.158631083511532	0.0142232035484223
2458876.4653256	15.065353778731115	0.0108229634241954
2458877.4765894	14.770499373484638	0.0116589143396807
2458877.925977	15.061272662308658	0.0083426472426728
2458878.4622352	15.312648031533216	0.0263332160074901
2458878.6346167	14.808934703847925	0.0140517526232404
2458879.4567668	15.183383457173749	0.0137580100233489
2458879.5888469	15.310936708639485	0.0200491651193273
2458879.7594606	14.845750002545246	0.0184984484855193
2458880.5774303	15.154991742180766	0.0232715773265209
2458881.5726949	14.984345277649698	0.0178939232969881
2458882.2880118	15.130823729745682	0.029427933708775
2458883.2876996	14.93528243895416	0.0266008078502522
2458883.7573666	14.798535228743216	0.0190934841297609
2458884.7808154	14.879731849874746	0.0163107515415392
2458890.5103475	14.825837576878486	0.033476229288297
2458890.6535475	14.912922831724345	0.027172309800445
2458891.5047889	15.201724771366688	0.0418114879251013
2458893.5030667	14.985240202476096	0.0202506491036372
2458894.502326	14.76819735379025	0.0166024767008573
2458894.5799703	14.93931433384385	0.0131579332843331
2458896.515293	15.170852461411828	0.0178201859723027
2458900.4257051	15.09636793063407	0.011992022947429
2458904.5051119	15.191738351360414	0.0174209611282278
2458905.9251282	14.704545331118064	0.0108242340622041
2458906.4855256	14.719604029191618	0.0132572234506596
2458907.6936166	14.835168537461364	0.012204510320093
2458911.8230966	14.992517531186326	99.99
2458916.7126179	14.822704833461964	0.046984568793898
2458919.7876965	14.97800670156037	0.0284938781822114
2458920.7038017	14.770884204599202	0.0377125829159955
2458923.2545999	15.08480946571667	0.0126683227774049
2458924.6425541	15.247470465964536	0.0168529748619448
2458925.6020517	15.254036364063106	0.0179681688017297
2458931.7743534	15.071660092206036	0.0091917602224849
2458934.7474432	15.17229278998381	0.0148731182632375
2458954.6911708	15.182878775178104	0.0192156667806208
2458958.7570104	15.260059869299631	0.0161862070410541
2458960.6931547	14.81083016902976	0.0144173980055008
2458962.6542896	15.137087700206578	0.0144770824408161
2458967.7326732	15.13954948927822	0.0256705713290697
2458978.621188	15.16618349883862	0.0192002039235522
2458978.6236228	15.056276740226942	0.0278752837235958
2458983.273125	15.206252250425887	0.0179081214419546
2458986.2778282	14.684357186122345	0.0127391300230253
2459006.2041442	14.736571521799654	0.0408959503486721
2459010.1950299	14.792381675573704	0.0280117436312809
2459100.6606328	15.180207572139802	0.115393068400855
2459102.6529539	14.867196454125605	0.0562589197923573
2459112.12108	15.292489815298902	0.0206897738637723
2459122.0837753	15.04863592328508	0.0197078193894386
2459126.0936917	15.055653313148383	0.0268152432675563
2459129.0647045	15.239727531659506	0.0316030767342321
2459131.0831269	14.754718479050322	0.0139402912659947
2459137.0649077	15.178725349530808	0.0153934609807289
2459143.0464967	14.738904381184952	0.0104810544673408
2459144.8160294	14.914237514993838	0.012897986005224
2459148.0330386	15.290208243605123	0.0186165740487895
2459149.5476836	15.0896582754687	0.0195190654158032
2459155.0294394	14.771252132696082	0.0232606679675956
2459157.0231279	15.167621895513372	0.0285615807948549
2459158.041577	15.137829726037037	0.0259335592919799
2459159.9073504	15.26384708055339	0.0403661164329019
2459167.9863314	15.22352775736351	0.0150667528738397
2459177.7593117	14.739989403825426	0.0161419374055748
2459178.7658001	15.29672814147494	0.0237937537880954
2459178.798127	15.298713797861335	0.0194282262325377
2459179.835345	15.237001115704022	0.0171676239219853
2459181.9553921	15.012565123943723	0.0234191585440141
2459184.9116404	15.20118776583188	0.0483293099327992
2459187.0823354	15.060744125017695	0.0227381311932301
2459187.6825842	15.061397027209445	0.0377819625548098
2459190.7062304	15.276973958154391	0.0233378737416354
2459191.6737883	15.066685794483304	0.0098774213390626
2459192.7350496	14.985441952529548	0.0095658750116321
2459194.7948812	15.088185583114056	0.0123038891598488
2459199.9931403	14.7953449656667	0.012561488680914
2459207.8503975	15.29031650908355	0.0325707860823593
2459211.6131667	15.099116165707384	0.0287355089186094
2459211.6729169	15.160626890614752	0.0303175660745769
2459215.3500168	14.804786674425149	0.0420144675542201
2459216.6186086	14.842706026071738	0.0177058248227834
2459220.8175771	15.203491584828296	0.0151880106853164
2459223.7076306	15.234432283710431	0.0154312860400386
2459226.7926347	14.727289984168149	0.0138590438846458
2459227.8428814	15.179665822278626	0.0131625398120038
2459228.9316621	15.237747800440884	0.0149161966419398
2459229.501927	15.273813429215124	0.016943657054057
2459229.7195272	14.858008857220476	0.0123618656158001
2459229.7596871	15.012073310387084	0.008006214616176
2459230.3654241	14.99105109132177	0.0100797872431606
2459230.6771142	15.333603766498404	0.0225867199581103
2459231.340165	14.662552463194064	0.013083935476835
2459231.7401375	15.226158726558117	0.018346991360967
2459232.6798925	15.051724721372231	0.0091190479610191
2459233.8187514	15.115883585361518	0.0125119119351442
2459235.3842805	14.778208734576875	0.0133530317484665
2459236.5377049	14.846490381209076	0.0100661769348311
2459237.3159563	15.207295254453475	0.0189069255226374
2459240.3858928	14.90828730142938	0.0193610091774158
2459240.6939019	15.153718302356252	0.0292685312531004
2459241.3782059	14.923145755177536	0.0284596023979086
2459241.6213782	14.72699607913892	0.0255938161248349
2459242.2870061	15.043935220388724	0.0541563883300225
2459242.5418893	15.123871218311516	0.0368545678604935
2459243.3845556	14.909693485857256	0.0265493280210369
2459244.327846	15.282846185283155	0.0482146853732825
2459245.6976819	14.905244605958549	0.0190729089546273
2459247.6519447	15.26718762764881	0.0220333562008648
2459248.5382632	14.883579904185575	0.0143543459660573
2459249.5462283	14.789548579142425	0.0176972336130926
2459250.6355904	15.19863456083526	0.0148472317809038
2459251.5774193	15.238321123491094	0.0149372449875888
2459251.6760748	15.233705577937704	0.0152830162927837
2459252.3821792	14.91579065976474	0.0095873505168107
2459252.6877798	15.118094855962685	0.0132467330887726
2459252.7537008	15.170772321587506	0.014398797656672
2459253.7740987	15.075044693824095	0.0117669178144589
2459254.3840693	15.137143926578425	0.0124732939355895
2459254.6906115	14.734092080725512	0.0136106144566188
2459254.7201892	14.703068709675255	0.0135415097774412
2459256.9291495	14.868210429184	0.0089745108111257
2459262.913644	15.105746517171529	0.0115886534188514
2459269.8747872	15.128232398575348	0.0241914133167976
2459271.7489051	14.84984152398552	0.0341391818711896
2459274.5127941	15.293733258231256	0.0411231437861423
2459276.7172813	15.170235138140608	0.0240764261730033
2459277.7610525	15.17842231232005	0.0174773504012737
2459278.7138378	14.790302264484907	0.0207843054416197
2459287.6784712	15.207820918008125	0.0151345208738291
2459288.6821552	15.182584742385396	0.0180717293523043
2459289.7120068	15.119504557571942	0.0217526846440358
2459291.774673	14.725785170536946	0.0144394688473853
2459295.5208984	15.208979714579671	0.0193763760478867
2459296.6100179	15.21837051414523	0.0206833988266003
2459298.5019742	15.26467366204096	0.0372119543005217
2459303.6118994	15.283573196834748	0.043631466122905
2459304.80483	14.881698627802658	0.0111646636353995
2459305.7209189	15.111859661691309	0.0190142543205745
2459309.7078579	15.149839040966162	0.0186365625611051
2459312.4806528	15.08382896443933	0.0225192281074133
2459313.6489434	15.185706778926772	0.0157310903753885
2459314.7050158	15.024064572014987	0.0106694775836912
2459315.6971831	14.71645709791154	0.015059596415281
2459320.7558389	15.012525707943356	0.0101279351101718
2459321.5928528	15.06089255145981	0.0121686564756202
2459322.5921688	14.844387527150747	0.0122526847396347
2459324.5584409	15.18734480362918	0.0227305735471639
2459329.5675269	15.09417888374076	0.0384174642922014
2459333.5612692	14.98400804887254	0.0292523502552883
2459334.2626902	15.247809209925649	0.0530314504845218
2459338.6270802	14.973059285839597	0.010983048893168
2459340.4881152	15.15783509560948	0.0154768370172851
2459340.650853	15.31072202269133	0.0264000168546386
2459343.6140748	14.739821461963045	0.0185863191825145
2459345.5132859	15.023319784900986	0.0109772333816237
2459346.5309515	14.828173391019623	0.0124746778863947
2459348.5256499	15.191821133531096	0.0170769896325496
2459356.502181	15.309165423960136	0.0345406972791685
2459360.4833891	15.118289604488222	0.0373830732393267
2459361.4890957	15.076634369588014	0.042890079341805
2459363.4815095	15.21527240684392	0.0175950122245716
2459364.4764861	15.227024446895928	0.022992434152909
2459367.473992	15.187784674980897	0.0171287843138591
2459368.4661768	15.22900619768432	0.0177863631417346
2459370.217955	15.24101803732509	0.0185690755386441
2459371.2041462	15.075608451518058	0.0139131647898896
2459373.4499643	15.103938916727014	0.0291007100294827
2459375.1965734	15.096811758413162	0.023650696712668
2459456.9200759	15.245064434665816	0.0650593111472954
2459459.6590834	15.324825384732602	0.0607636321713322
2459459.9150514	14.785044684052805	0.026412925496876
2459460.9151489	15.412223733317097	0.0705082839186438
2459461.6518916	14.82856244409876	0.0149356956901074
2459461.9115139	15.189196849327192	0.0337719474771061
2459462.654341	15.102819577462649	0.0341850498263042
2459462.9039028	14.986449620006292	0.0217829053287729
2459465.638402	14.750177339628497	0.0176634140650212
2459466.9006954	15.087462605113718	0.0149667742084615
2459479.6159973	15.104465859182952	0.0455550734253892
2459480.9868171	14.645915314920677	0.0232419554670875
2459490.0836818	14.73912065335962	0.0118213202966029
2459494.0741276	14.703170810505062	0.0121980037910359
2459495.070026	15.268594578219046	0.0161739416302344
2459496.8296291	15.2949670118029	0.0179609176001327
2459501.0775192	15.026884594690806	0.0067783709089435
2459502.5679563	14.846419930755935	0.0281606043964271
2459503.8711863	14.875398913030704	0.015226157958211
2459506.5375199	14.905394260779516	0.0381861645967465
2459507.5303639	15.482896665926226	0.0722942612960824
2459510.0372961	14.735698541342332	0.0156985543601022
2459520.9993054	14.96962937220259	0.0110270648752302
2459522.1536281	15.007989505306636	0.042285567764256
2459523.9945504	15.14831470144588	0.0140118848094533
2459525.4978091	14.85187825915688	0.0220361575383282
2459528.0048597	15.203015072914036	0.016815051658869
2459529.5322236	14.925449926858448	0.013615509408076
2459531.0044744	15.191545947727631	0.0136948539726981
2459532.8429459	14.680113526105966	0.019961493780697
2459534.8326309	15.180309023849803	0.0273907956157552
2459535.790068	14.951313305635193	0.0166114560678813
2459537.8565761	15.273103836717862	0.0241181251878112
2459540.7592998	14.962772564747	0.0283290691945939
2459541.8138551	15.310546622403692	0.0422130619854272
2459542.8652304	15.137737251118352	0.0360628112878664
2459545.8563336	15.124017277728704	0.0375338274107725
2459548.4301217	15.084526835476236	0.0108309395008905
2459554.8908158	15.263135551486906	0.017928746299673
2459559.6464751	14.744771420928004	0.0222769392328775
2459563.389861	15.232018636344204	0.0333574928709053
2459564.3891766	15.040059776617952	0.0442895659954186
2459571.8214602	15.228477907053426	0.030835252722322
2459578.733063	15.159073035594526	0.0152260256120943
2459579.4758626	15.1164750217046	0.0151668249897831
2459580.5993156	15.247042893457667	0.0194226466627107
2459581.6743132	15.245631051449092	0.0182354559266843
2459581.7024272	15.312562341051525	0.0184357603974022
2459584.4851315	15.19559924713093	0.0172898277498106
2459586.386138	14.708218002395038	0.0136613399037243
2459587.9648178	15.297764492165642	0.0217110001374339
2459591.0493333	14.902495978349826	0.0095684577020248
2459592.7357407	14.848725932223928	0.0177565190604663
2459593.9047498	14.949209356988373	0.0193045980713584
2459597.9754961	15.126966063854216	0.0757578831547963
2459598.9602522	14.76468917851115	0.0173628510778365
2459600.339909	15.073002962072922	0.0231882648628143
2459602.995966	14.870007251669383	0.0139665777790479
2459603.6952122	15.03252575955458	0.0236663342316381
2459604.906293	15.207913333293552	0.0227283361905206
2459605.5767844	15.221319753323732	0.016545346481026
2459606.9144657	14.708856531452088	0.0161712055525213
2459607.7842309	15.153226668178103	0.0222656910954091
2459608.4799514	15.238653065022644	0.016952709873311
2459613.5693325	15.259189377650356	0.0161767223448002
2459613.9522023	15.080765879261666	0.0095871930164927
2459614.4734842	15.021729034874472	0.0115792526108414
2459614.5951911	15.174823116993316	0.0181004917670538
2459614.9480697	14.805675927334743	0.0102175589491574
2459616.7713944	15.053086057445846	0.0109143548123031
2459617.4567625	15.144448573909058	0.015284865800479
2459619.7774244	15.212107385520834	0.0186535497829721
2459620.3838077	15.242508774017578	0.0153744573440397
2459621.3611877	15.056544663835435	0.0225153149675811
2459622.4159169	14.919330145987663	0.0177742759866677
2459622.8601623	14.756201618006273	0.0182287161027593
2459623.8380172	15.375883685011695	0.0381596477088106
2459625.9187635	15.123280193721827	0.0222066254220935
2459627.2718696	15.344366791041352	0.0642981632552629
2459628.3760373	15.206976736793996	0.0455698058020387
2459630.5019307	15.167969010548036	0.0379469678735834
2459631.3329189	15.027980088270828	0.0116653817658611
2459631.8380514	15.24449688476122	0.0275488096177271
2459633.8091017	14.938022995261043	0.0091540486678664
2459634.8041289	14.88080092255462	0.0128426252866522
2459635.6395	15.157196293900563	0.0145768012473598
2459636.687202	14.948088783210927	0.0134428889235598
2459638.7788977	14.853621196260535	0.0090604171277201
2459638.7801624	14.868730409833836	0.0129129514767997
2459643.6357247	15.178486817094171	0.0132908592424542
2459644.8805045	15.21892313124434	0.0166843756153782
2459646.645024	15.272005873249848	0.0173693221296289
2459647.7529088	15.284539705309024	0.021538455467997
2459647.7541605	15.203778038638976	0.0227474509921423
2459648.7803048	15.165270301122858	0.0184868327033025
2459649.7770701	14.91028762131078	0.0177172016941471
2459650.7736736	14.761425770890146	0.0214349644805655
2459651.7707048	15.299848892858186	0.0339109970498059
2459652.7746416	15.1414662758655	0.0299849985720207
2459652.7758935	15.06174552521452	0.0353464537222898
2459653.753611	14.89898186603417	0.0270457223481605
2459654.6830077	15.27800197022524	0.044807326698044
2459655.3001967	14.88159109358219	0.0334165963111502
2459656.2724571	15.079945276062396	0.0354263711000519
2459657.6323767	14.67021405720066	0.0299746649299255
2459658.7091981	15.039374418267876	0.0365289969207653
2459659.8373249	15.104636006583013	0.0161352970872815
2459660.6163015	14.920802822229913	0.0158234676616588
2459661.6653881	14.708328168972075	0.016798911307945
2459662.7415464	14.769885197073911	0.0152860872487093
2459663.675854	15.215073773228722	0.0204801277808333
2459664.665549	15.030238561408408	0.0087714194592834
2459664.7424102	15.139237788185667	0.0176662612564699
2459665.6470407	14.724445107043593	0.0132237589604217
2459666.7281981	14.788186843869806	0.0141215311474234
2459667.6353789	15.202074221347967	0.0138886572161844
2459668.5220111	14.838886333899344	0.0099659416502075
2459669.642245	14.730526946552274	0.0143521652389891
2459670.7330302	14.755995013063435	0.0141938747549221
2459671.7080089	15.24918427831471	0.0176418082990513
2459674.606521	15.27039743454946	0.0230004815029297
2459675.5348088	15.073582024651644	0.0108380373162823
2459676.5805655	14.956571244142316	0.009624921796145
2459676.6054855	14.999111471520926	0.0103693909473869
2459677.6748783	14.926155728822613	0.011626038858971
2459678.7078219	14.716360450218204	0.019821477522872
2459678.7090621	14.65420698339524	0.0212692267403349
2459679.5139405	15.117186680380074	0.0180726234471179
2459680.579778	15.033130022452587	0.0140309479743482
2459682.2897753	15.286208364267344	0.0845097692357378
2459682.5269195	15.268798291255836	0.0283692191208965
2459683.5759765	15.18520132018662	0.0297226638649909
2459683.6054487	15.228674241049232	0.0311506963718878
2459684.6070756	15.015903464188357	0.0497767154604445
2459687.5422764	15.099712351094022	0.0235225806849966
2459688.5854356	15.080416543390394	0.0275868577334834
2459690.7458143	14.77857320449875	0.0122405034867939
2459691.5900709	15.195081621136795	0.0149713610172019
2459692.5791262	15.134247224397033	0.0126014116321226
2459693.5757131	14.760176635666738	0.0127676423115856
2459694.5787065	15.248630566408115	0.0165262733490729
2459696.6451243	15.167668927517775	0.0164146399887553
2459698.6198708	14.877175611844615	0.0109105235841624
2459699.5415336	15.18808641344926	0.0153628000196032
2459700.5565911	15.048255342511412	0.0098808437634297
2459701.5552382	14.722657487280962	0.0125094099497163
2459702.5589043	15.279138710441638	0.0173648274110885
2459703.5506391	15.115373646382109	0.0139598242491531
2459709.280382	15.129596265744258	0.0409726526138909
2459709.281634	15.289208122582323	0.0627007293709288
2459709.2828743	15.128296535919516	0.0349919831825863
2459709.611366	14.8835589229373	0.0308207690787577
2459709.6126526	14.849395894159365	0.0430612459317337
2459709.6139393	15.058353515967672	0.0623820328788627
2459710.5355129	15.352560453407232	0.0313896665621741
2459712.2705566	15.110330957856313	0.0413040237369499
2459712.2718317	15.096825408653176	0.0753064733690878
2459713.5444028	14.80713963514382	0.0264227849816073
2459714.5109985	15.43648954128791	0.0511104049602832
2459714.5122968	15.247349395234998	0.0750135569696486
2459716.2659662	14.950806316859396	0.0546489810398989
2459716.2684235	14.873501689551055	0.1060827055330847
2459717.5111413	14.676996852060364	0.0239222512102318
2459719.4950946	15.161079635542494	0.0132079599938617
2459720.2458178	15.178946205492707	0.0148042607578089
2459720.5509527	15.044363751965372	0.0303316440421812
2459721.21107	15.177641833614317	0.0149772029853077
2459723.4994737	15.179598961616712	0.0176513628132751
2459724.4950964	14.959153212425742	0.0128024563738914
2459725.4842475	14.724853046410091	0.0140056727153297
2459726.4871175	15.25845348799982	0.0174433442389373
2459727.4752778	15.151572416160626	0.0122841256975049
2459736.4620946	14.982242487485252	0.0152026888944948
2459738.4501428	15.22909893749045	0.0329517668957856
2459740.1967158	15.20876377207861	0.0462377785043829
2459819.9087317	15.271315977842956	0.0222730826186658
2459819.9113216	15.213421225741577	0.0376186245556733
2459821.9200723	14.77575880998634	0.0401412000549395
2459825.9177748	15.163812606550614	0.0564793144229799
2459826.918084	14.663108595855112	0.0539547705716564
2459827.9032047	15.297779822075649	0.0238709105538313
2459829.6417472	15.309529746908275	0.0285487129490687
2459830.641943	15.227080168152687	0.0366582128309924
2459831.8973231	15.539861992668298	0.0599534121094812
2459838.1342639	15.262150676438356	0.0337347001398616
2459839.9852352	14.789334297915776	0.0269664167823012
2459840.9879936	15.342907545788387	0.0447510811998153
2459842.9935821	15.12288737879292	0.0951122782961678
2459843.8805002	15.274466979585773	0.0451741895973024
2459849.6370753	15.02610792051335	0.0196902794791705
2459850.6367195	15.190636746203122	0.0287278205475688
2459851.6304907	15.10672481383843	0.0223355873514232
2459854.5705758	15.150785500988691	0.0190664418186744
2459857.619175	14.899515567238009	0.0145140282081741
2459859.8421194	15.288490637155782	0.0905494742853326
2459860.8383366	15.141211302790328	0.0595960739799483
2459864.9405641	15.26894321025634	0.1066912335816919
2459865.9420775	15.01587056611842	0.0683708456039895
2459867.8201794	15.404646035419866	0.0543911103867345
2459868.8343246	15.219892552277155	0.0231272908765513
2459870.8139872	14.694489952989278	0.0178304211761441
2459872.0321295	14.889106775097565	0.0143246700147462
2459873.8038508	15.040224625637473	0.0110917245003466
2459874.7985643	14.762070806537048	0.0125391285894698
2459875.8311075	15.160951142477172	0.0129174622525134
2459876.8245509	15.241540524649173	0.0183908525133631
2459879.7891893	15.343109538393598	0.0245210702517202
2459880.8041226	15.127491499485137	0.0116160115279065
2459881.8332529	15.10511386524559	0.0129621675584009
2459882.9528768	15.05373789742433	0.0129878269028955
2459883.7877929	15.255819684648513	0.0179284594056919
2459888.8094212	15.132103906453423	0.0258302547493368
2459890.8959373	15.093598688910632	0.02941706076997
2459893.8606572	15.026902395071598	0.0346827971531557
2459894.8680252	14.996621046082222	0.0281581956641231
2459896.8656047	15.282776940219255	0.0387733045981475
2459897.7479092	14.996794262488212	0.0241665642681072
2459898.8551894	15.000873518226433	0.0569259533441176
2459900.4796574	14.810135460749594	0.0133395113304487
2459903.5567391	15.16230029021896	0.021422319915644
2459904.755762	15.133111238278296	0.010980317137471
2459904.7570158	15.11010929979494	0.0112134549867266
2459907.9016336	14.880085783691095	0.012728421168011
2459911.4438958	15.080641805878225	0.0170283190280998
2459911.8888934	14.905032180173995	0.0098548502825594
2459915.4375854	15.058952711246953	0.0243152604158579
2459916.9910311	14.788581467735735	0.0135689144462937
2459920.8172831	15.45226989896317	0.0439696102629053
2459921.8497859	15.172675859288384	0.0414905940208241
2459924.507664	14.982683507457972	0.043688990922422
2459926.7867196	15.002522278190424	0.0246807038538854
2459935.3817005	15.097476637951477	0.0120878825224059
2459935.3829409	15.040853176528255	0.0267561892774518
2459939.4144824	15.117365775961831	0.0135873654069522
2459940.4086423	14.894224783524152	0.0139369219058712
2459941.4482728	14.707882524965294	0.0123443884764363
2459942.452757	15.289421001021209	0.0206454889229088
2459943.8452858	14.941365326029317	0.0133155885204124
2459944.6645562	15.220674585183309	0.0179361004196076
2459946.4476259	15.271138130260027	0.034435704756551
2459948.3404902	14.768141339454054	0.0366211579549286
2459952.4293942	14.872412128688447	0.0389432438266251
2459952.4306237	14.793217112139022	0.0611966255345733
2459953.5697822	14.93016281735125	0.0290004048352859
2459955.4296744	15.26359622832092	0.037983001677691
2459956.7415877	15.204396575028586	0.0214491540158419
2459959.8393345	14.990631970328703	0.0155425120062715
2459964.367377	14.993867606105177	0.0072439370129753
2459964.9273594	14.907508943314811	0.018371935720231
2459965.3246837	14.813483978893782	0.0099061769719054
2459965.9171709	14.806461998526943	0.0151038509730312
2459966.3093938	15.236749858301152	0.0162563439362275
2459967.7918942	15.043412116162136	0.008258221112603
2459967.9891395	15.177792994595832	0.0145291809856213
2459968.342164	14.99037050781402	0.0071385873863128
2459968.4462865	15.077079644620136	0.0111721659663735
2459968.4476544	15.065056587086389	0.0124263129151264
2459968.7846007	14.883519182576064	0.0088583595652619
2459968.8538747	14.919831112019107	0.0083040937158557
2459968.9964701	15.091826474308974	0.0115490670238305
2459969.7847624	15.010993668002	0.0063965547887396
2459969.9961054	14.775517854127283	0.0103914456942454
2459971.5304832	15.308715609288113	0.0194495085100681
2459972.3640885	14.969252983210367	0.0085443604639081
2459972.6360158	15.253750518462873	0.0171494413472489
2459974.3479002	15.27141289331434	0.0180210949913473
2459974.809292	15.163070344341165	0.0173815227536022
2459975.3747444	15.132473750400983	0.0212059889190008
2459975.6349455	14.72824246365252	0.0137958425731627
2459976.286049	14.89156794376533	0.0369728412873777
2459976.5892042	15.181825252541485	0.0256489848791726
2459976.7588113	14.802915932508252	0.0141377809816727
2459977.3235782	14.789538263822482	0.0279314573673062
2459977.6372694	15.188208319426153	0.0305655142105371
2459977.638555	15.182962196994785	0.0553618905220664
2459977.7724889	15.266741401211664	0.0269232298416728
2459978.4584932	14.906924125786375	0.0305291474194667
2459978.8097088	15.162008756038228	0.0423843802476064
2459978.8109607	15.298566105040134	0.0689142634916258
2459980.6397731	15.211876936156688	0.0460755310118952
2459982.7338483	15.347910666512837	0.0398164676946186
2459983.5368447	14.900675556733397	0.0158221264758779
2459984.3851916	15.094266080232172	0.0185563882784669
2459984.5920944	15.202194046290728	0.0215383609365542
2459984.7358002	14.781300894018012	0.0199059966816972
2459985.3801751	14.773178532265408	0.0153107213284519
2459985.6143247	15.18195404848173	0.0201157663291498
2459986.6038751	14.986670516614089	0.0124090357759382
2459987.5010304	15.257459107136418	0.0238645298793626
2459989.800758	15.190716072546133	0.0180434145063297
2459997.5525379	15.13098279204887	0.013129056178796
2459998.7232458	15.152777816966603	0.0149733069775024
2459999.6740627	14.918476582833938	0.0102287293633483
2460000.7014903	14.755059829798666	0.0129639459748459
2460001.7090607	15.25664909969711	0.0178084339230664
2460001.7401856	15.262242634162424	0.017942205628803
2460002.66957	15.144237387723276	0.0103393190911309
2460003.7278793	14.970890289839003	0.0113784493736973
2460007.6903702	14.52475577342446	0.0530789042808825
2460007.6915872	14.410234415387484	0.0911188129108789
2460010.6523808	15.194335880573524	0.0490293456667766
2460013.6267915	15.15550488543214	0.0279571642196765
2460014.7061817	15.153794640475615	0.027901820520496
2460015.7087718	14.99973467289037	0.0262708760591078
2460016.2460502	14.977862914095596	0.0163894993208791
2460016.677539	14.666219221124717	0.0155064469699118
2460017.6912712	15.316112871843766	0.027278061034728
2460018.684425	15.146689787968404	0.0184527091661683
2460019.6830099	14.969722642133837	0.0111537924418224
2460020.6819637	14.692841572285795	0.0142177952923877
2460020.6845138	14.71845601940394	0.0179048892197491
2460024.580467	15.137946719211614	0.0126077179879853
2460024.704915	14.762946330932376	0.0143226561755309
2460025.5214673	15.191108226515516	0.0145253189019727
2460027.7590316	15.15277391182808	0.0157304305504931
2460028.6387397	14.724635424167678	0.013865490850315
2460028.6603382	14.701140213102851	0.0120035413082711
2460029.6009815	15.209184398924346	0.0153556391547938
2460031.8208131	15.152750212251382	0.0162969913381923
2460033.6542631	15.25741589922924	0.0275878966216767
2460034.6309141	15.170665029725043	0.0262280649434152
2460035.596723	14.952041197881144	0.0158443780568358
2460035.5979632	14.994949212708203	0.0233179978998734
2460036.6412487	14.74392837034522	0.0240795156402158
2460036.642489	14.755360423442376	0.0291541512622622
2460039.5462498	14.815657752787889	0.0263481708537763
2460039.5742825	14.853492890894788	0.0296780842125554
2460042.5819113	15.069831901210982	0.0258069131674145
2460045.5430376	15.186270603779729	0.013441635580653
2460050.5919802	15.122681894352455	0.0128016877529431
2460052.764292	14.995791738255516	0.0126785273174783
2460054.4795402	15.022226713361302	0.0091672386712976
2460054.4807573	14.994954981414852	0.0159600955198079
2460058.5280018	15.12536798686295	0.0127515561515562
2460059.5579119	14.998422789528744	0.0104595561166983
2460067.5130964	14.819706493528445	0.023221609628363
2460068.5490203	14.6484665568955	0.024284735683574
2460069.4969593	15.204736462589688	0.0365885593432391
2460070.5381881	15.08684792773665	0.0561781939254724
2460073.5297661	15.251703448535531	0.0244782389909201
2460074.5412531	15.213302629892844	0.0163994084784787
2460075.2687219	15.266647664337672	0.0189202074133352
2460076.5165004	14.79056949797644	0.0199896318059582
2460077.5146285	15.276929848919634	0.0191889086517091
2460078.5145752	15.197452904104876	0.0173659333914318
2460080.5074709	14.728308977187144	0.0130185480199524
2460082.5069019	15.082835674813584	0.0254885255881948
2460083.5028452	14.905722782969598	0.0225037883960345
2460085.4984391	15.25674523104023	0.0178909061259425
2460088.4837424	14.694595557104492	0.0149336888504596
2460089.4821359	15.245327018894251	0.0216965014967623
2460091.475188	14.95267818066332	0.0150810324205636
2460092.4711576	14.693721143098102	0.0152185251387719
2460094.4658838	15.084680288645725	0.0214936017568476
2460096.4657357	14.699555753754796	0.0257979951472782
2460097.4617602	15.20282078627696	0.0531706603035709
2460098.4579347	15.005206414576367	0.0340171172309811
2460100.453863	14.777154434852108	0.0233235465260644
2460101.4462903	15.266009732002438	0.0721270648441938
2460103.4474819	14.870975250755958	0.0352011710160788
2460199.1373488	14.883128659052788	0.0280946405361544
2460209.1285969	15.142514120084089	0.041789351680278
2460215.0948536	14.76091859686662	0.0173532850935031
2460215.6222549	14.571569196540224	0.0383295358645439
2460221.0778548	15.231133517652191	0.0277194710180746
2460222.8313564	15.283401854478065	0.0272663916023981
2460225.0765919	15.226628373830788	0.019970535750995
2460228.558701	15.220406608559223	0.019406978402485
2460229.8065098	14.820085674214011	0.0183942703722459
2460230.8265314	15.284649961284789	0.018492170899298
2460233.043693	15.199321638869552	0.0153147950333856
2460235.0538248	14.902603545361984	0.0101186527172933
2460236.0474991	14.885287869212751	0.0113754163702197
2460237.5560012	15.166861709593755	0.0180078183095122
2460240.0259549	14.954071606571116	0.0100119134365011
2460243.0222729	14.902711430663338	0.0176704941322741
2460244.0654033	14.731524127812111	0.0155923116337546
2460244.7781847	14.873364829554957	0.0412352012995436
2460245.8398148	14.700656658697485	0.0225017236704661
2460250.9948114	14.868953531271323	0.0201210131472847
2460251.9583641	15.287423228613044	0.0353525983633703
2460252.8784386	15.067653224459352	0.0239001332194904
2460253.8777623	14.955123663758824	0.0167243186572058
2460254.1353396	15.274555815159692	0.0233574729783617
2460256.7620054	14.945556505629243	0.0123703739846558
2460256.9828159	15.23444805844401	0.0191268656456464
2460259.7295813	15.119504437877085	0.0121434163245365
2460260.7648933	15.04724264825363	0.0107958569271983
2460261.4767192	15.233114720846483	0.018911370781079
2460264.727656	14.928283596671845	0.0117016231522953
2460266.4595031	14.965962811028032	0.0133891359842479
2460267.1103411	15.107264356371816	0.0116693592072448
2460268.9748072	15.285325681939476	0.0216793031071031
2460271.4798195	14.72422559804352	0.0244949704676992
2460273.4446508	15.415844627253128	0.0837151848551307
2460274.6941139	15.231304675851929	0.0565972233512345
2460287.941824	14.746467116152534	0.0112532306206611
2460289.7315002	14.774406517939676	0.012684357078733
2460291.733129	15.207007681941274	0.0146354431380784
2460293.892246	15.077057524857889	0.0107726886275211
2460301.7258472	14.833462096918698	0.0229406808247846
2460302.7242892	14.818291169842396	0.020050703986224
2460302.9938931	15.155041910335315	0.0225320824545627
2460304.9258036	15.400696740058258	0.0375186319837178
2460305.9093761	15.088313256977411	0.0642088716755858
2460308.5880556	14.912486123474435	0.0153130031031389
2460308.9535112	15.22461771943812	0.0225554730040545
2460309.9463639	15.174768465702154	0.0227252663237278
2460310.7975847	14.760639617507978	0.0167155939776207
2460311.692089	15.216422763915851	0.0214144416568854
2460312.5783134	14.868516638384223	0.0130018391169267
2460314.8200748	14.869191570826212	0.0113846936433592
2460315.7353717	15.242963045482224	0.0160497642663186
2460317.0255537	14.762109213354558	0.0117606233854417
2460319.6056717	15.213709059475365	0.0142924078561605
2460319.9554515	14.92010981449485	0.0110936365814312
2460320.887853	15.318567744215546	0.0225808384477162
2460322.8925226	15.049403374085616	0.0120120230506608
2460323.5648573	15.193700685379143	0.016933884452367
2460324.5933966	14.999808405100485	0.0113698886130347
2460325.6204808	14.761592288716226	0.0129226539879102
2460326.5566955	15.202848708095598	0.020877547847566
2460336.6589201	14.956161657363284	0.0893453470237607
2460337.5383654	14.65477345492526	0.0156367263547023
2460337.8051109	15.23908364189213	0.0290650021052849
2460338.6344499	14.81800224679813	0.027860201472583
2460357.855023	15.30595501711139	0.0203212369612027
2460359.7399186	14.744044650969707	0.0149807446278614
2460359.837316	14.903542485466158	0.0167438394058027
2460360.8565405	14.861461256885883	0.0241507272540462
2460362.5657274	14.979781745984551	0.0357921670851319
2460363.2850059	14.806111698264	0.025419034310449
2460366.7221445	14.883788966594029	0.0217183758779689
2460367.6312075	15.197647157396592	0.0293193561585345
2460369.4252852	14.747843737267214	0.0336604019035412
2460371.5426729	15.243953711267576	0.0174993479203423
2460372.5367899	15.205286720683947	0.0151378817554108
2460373.7285947	15.279895056611796	0.0309697352810684
2460374.7145547	14.933057180112826	0.0142040727309638
2460375.7230023	14.754896345573638	0.013768790115485
2460376.7096298	15.187230673187118	0.0174570798250285
2460377.7089577	15.127888830455891	0.0163148074192221
2460380.7023086	15.231761527164	0.0146278246729266
2460382.699662	15.007036079903562	0.0102919776253071
2460384.6915853	15.244353183333477	0.0157195534303881
2460386.676185	14.955183680329856	0.0124569432053778
2460388.6698704	15.235630261196444	0.0305267748516996
2460390.6788665	15.040014187367234	0.0495353498777135
2460397.644338	15.155311467065056	0.0486463089399519
2460400.6343501	15.284436564644915	0.0263135845755609
2460401.6413015	15.12807713423348	0.0212129015384567
2460402.6324192	14.931998495544152	0.0108492743862942
2460403.6317533	14.712215242544058	0.0121624636422753
2460404.6233962	15.198432715082838	0.0143272839507376
2460405.6224551	15.103638713988442	0.0115354854880518
2460406.6143356	14.911403882830117	0.0115062767325054
2460407.6211226	14.760988108828968	0.0122896341683265
2460408.6128669	15.232106518099007	0.0144169466101006
2460409.611913	15.135577292844388	0.0111431336037475
2460410.6070778	14.877701268104424	0.0162771948596559
2460411.6102399	14.751994380450258	0.0125898584062125
2460416.5929158	15.208835355187457	0.0224254950705534
2460417.5940969	15.126988473167453	0.024291253822167
2460418.5893363	14.9469629301787	0.0188773022305795
2460419.5813022	14.703065097018818	0.0199468984836547
2460420.5842531	15.203530367523264	0.0283974349931136
2460423.5900113	14.591595719627655	0.0277333050374025
2460425.5626575	15.32054039321345	0.0463928620109073
2460429.6540518	15.237551966177922	0.0218653551395572
2460430.6468442	15.116623131119226	0.0137601605958547
2460430.6480612	15.130297518262434	0.0176651611591648
2460432.4688996	15.172059303305424	0.0139855771093657
2460433.6318976	15.216658432822474	0.0185238063765449
2460437.2431304	14.874520310432208	0.0152120988927709
2460439.52877	14.844923053392913	0.0116452762525709
2460439.6512507	14.899976521539024	0.0169152852040353
2460441.4608914	15.06121829739712	0.0225061672261525
2460442.6118713	15.181229613496964	0.0332802782106651
2460446.5109504	14.93032827418415	0.0180569378969893
2460447.5168518	14.71048159340958	0.0165854407079669
2460448.499979	15.238963568631814	0.0289222121902569
2460457.4875385	15.17209404282729	0.0157335831978687
