2458282.7501048	15.367883430222308	0.0199095389547297
2458284.8043736	14.575192109859072	0.0146695416081979
2458291.5742971	14.830093537651196	0.0175056563124012
2458303.5990602	15.096962691586835	0.0108093789173937
2458306.551039	15.411155717667198	0.0216530825383544
2458312.5305661	15.296947421970684	0.0202402473214116
2458313.638606	15.292452801271804	0.0181595365060544
2458314.621588	14.483565870275472	0.0148209426631622
2458332.4964322	14.547752744966026	0.0147252425772541
2458339.5769381	15.37945621066319	0.0210141394607312
2458342.6639047	15.159409655322014	0.0135111464792615
2458347.524765	15.43454251357516	0.0246958010259775
2458351.5707541	14.931701428336783	0.01705697378719
2458354.5967763	15.23464777543618	0.0322041334014625
2458357.5946289	14.424483225694209	0.0200602023333752
2458359.5432415	14.435144858100475	0.0174854978231783
2458360.6106741	15.291854553428111	0.0266272547131051
2458362.6003368	15.234793070072383	0.0159436241057756
2458363.4885675	14.738912375114236	0.0146629378033945
2458365.5935625	14.71437030404739	0.0145057466703575
2458366.5905203	15.209242025380409	0.0158531196486254
2458367.5198973	14.542490985729446	0.0149866499629484
2458368.5838419	15.299593552169984	0.0184513278788292
2458369.5801658	14.77138234226956	0.0143122249150252
2458372.540329	15.225501317989492	0.0153053604392559
2458373.536787	14.714439056091194	0.0153973880291889
2458375.5640222	14.7849992130065	0.0150576731326842
2458376.5119674	15.283853518087282	0.0225638491176911
2458379.5509776	14.89535970430261	0.0221096097252811
2458394.5044848	15.430780914762233	0.0232305278620306
2458397.498433	15.095356469395025	0.0131119250778418
2458506.8735292	15.35127158082286	0.0712223609320653
2458507.876467	14.938612198439603	0.0536641942650343
2458508.8692448	15.318156835805857	0.0368091038733315
2458509.8646695	14.9125971524522	0.0180985727650482
2458510.8642292	15.418186465049622	0.0381759494087226
2458511.8600571	14.984545428602043	0.0111588201077419
2458512.8749396	15.398156131266663	0.0350433227110836
2458513.870639	15.006644464528128	0.0146147210294078
2458514.8700211	15.376048888966324	0.0274552553925662
2458515.8695247	15.08513385603868	0.015027615448362
2458520.8536527	15.22143752110344	0.0294284396286176
2458522.8486913	14.983742754150796	0.0086123469954216
2458524.8435264	14.76852328377629	0.0123339219863989
2458526.8460598	14.53519271053086	0.0139910397397982
2458527.8338025	15.151002649187983	0.0140259893713902
2458531.8351207	15.244199027167324	0.0199919598682513
2458532.8238642	14.362559129831904	0.0230244636198928
2458534.8243067	14.408416479905082	0.0223109960802842
2458539.8182582	15.398011129023429	0.0398866776066469
2458540.8814311	14.811816202658983	0.0202491129082347
2458542.8787869	14.867329546292428	0.0231649721169611
2458544.8872426	14.87345126537001	0.0130402987572182
2458545.8380404	15.356340306402515	0.029595576094862
2458547.8708294	15.404555596451214	0.0223232315146321
2458549.7808188	15.28416149915774	0.0195961384210462
2458551.7849398	15.27855136589504	0.0230116121200603
2458553.7826032	15.291419314387593	0.0194439673026068
2458554.7639103	14.810589834398336	0.0125931608326709
2458555.7595151	15.260289736950403	0.0177779407227261
2458558.8310128	15.01152296538841	0.0122713269040783
2458560.7811595	14.965570193251365	0.0213129829093644
2458563.9049533	14.428465010762494	0.0239178059316099
2458566.7894602	15.060977114743764	0.0249125992545104
2458567.764732	15.453375221090017	0.0425055274655775
2458568.8834691	15.359526714578449	0.0319887326707755
2458569.8743742	14.446538229607848	0.0178307406348727
2458574.7012259	15.01793354187181	0.009074893758089
2458575.6889785	15.32508366006881	0.0202730667893306
2458576.6877192	15.02062877776132	0.0094385798080729
2458577.6938281	15.420979724700985	0.0256117878159818
2458578.7180484	15.126133857881436	0.0132966169475407
2458580.677226	15.052738884045633	0.0091900544546636
2458581.7151896	14.752076828637373	0.0147425488908564
2458582.6728339	15.069243858754575	0.0098173917548064
2458583.6610333	15.30493442270961	0.0195230841599974
2458585.6540669	15.239185239489789	0.0197814809219583
2458586.8861631	15.347483846319015	0.0205086331370805
2458589.653494	14.73794014885114	0.0219632977444822
2458592.4692938	14.738283256377162	0.0257270273405228
2458593.6475541	14.481833913092904	0.0272785732956969
2458594.744105	15.237153866820613	0.0346627174465613
2458595.77555	14.839908396563263	0.0190872103839525
2458596.778915	15.325467226400772	0.0294928465360604
2458599.7492419	14.873592310375669	0.0158315419087309
2458601.6993819	14.776154354059152	0.0145414341449632
2458603.4086156	15.366149120750425	0.0222050907040094
2458604.6420343	14.799539945619438	0.0131649020313822
2458605.792992	15.057527576444873	0.0114858335381646
2458606.8255718	15.080489140688933	0.013105049785955
2458608.6029039	15.237188099584571	0.0186751217015682
2458611.7297369	15.00431448728161	0.0134338712872158
2458612.7884722	14.83330945454074	0.0140058475917132
2458614.3534622	15.01725057237726	0.0139771057476879
2458614.8741419	14.568556488382368	0.0150271149153257
2458615.7576857	15.191694179208106	0.0129790573053213
2458616.8466845	14.523162156765208	0.0147859296987026
2458617.8883006	15.17039846420442	0.0148913839477165
2458618.7263097	15.167112720367424	0.0263577284613601
2458624.706685	14.707915840304542	0.0211503584338785
2458625.2955199	15.401772498473498	0.0400566260301449
2458626.284538	15.06532448349468	0.0110650978532934
2458626.5534732	15.303879649856164	0.0213987225135897
2458626.8442843	14.817914561830168	0.0217905458235838
2458627.3771053	14.41224395168861	0.0168753127674204
2458628.3266097	15.239939752159344	0.0154431596310866
2458629.3918297	14.473238989838157	0.0145138415221938
2458635.8687764	15.353288998335486	0.0223185850911939
2458636.3040703	15.216654977310476	0.0133412615178689
2458637.2526356	14.922982671480074	0.0138801653029287
2458637.562405	15.206278420718125	0.0128985387859243
2458642.5236247	15.227834160209262	0.0177684671696894
2458642.7806559	14.974728395718248	0.0143577811400761
2458643.2375989	14.496324666307087	0.0158869326122922
2458643.4966831	15.06398644014634	0.0143644351556498
2458644.4935082	15.354362819358355	0.025334567974834
2458644.7752494	14.991200792650687	0.0127995143367731
2458645.7561739	15.38165742727136	0.0217615781080905
2458646.4967449	15.078523429010342	0.0142555149655302
2458648.4040962	15.484498050973256	0.0392657372431778
2458648.654918	14.747485368517184	0.0210429771862286
2458648.7783457	15.070940810195232	0.026423031696875
2458649.2189284	14.686838359465	0.0193825057984691
2458650.5399969	14.36658016014744	0.0193336354123785
2458651.2193589	14.500857380972498	0.0326937220622464
2458651.5735681	15.280712619876006	0.0508103185896387
2458652.2191432	15.46674131195864	0.1143292156474623
2458653.5293542	15.44768549077732	0.0613067232897512
2458653.7921964	14.704473964300536	0.0266030121778122
2458655.4882182	15.36623316741044	0.0595624547397866
2458657.61165	15.30447065298879	0.0241349396708401
2458658.5033513	14.528618326862777	0.014918910613706
2458660.7993736	15.27080828317862	0.0229331888168644
2458662.7351742	15.155506058600984	0.0137757859364879
2458667.2001353	14.863928991413976	0.0169838861570111
2458668.4195419	14.521809930155989	0.0150257263928738
2458669.5629791	15.417052859671728	0.0228629519649689
2458670.7673936	15.235119902073864	0.017504361479767
2458674.7624785	15.27768916265927	0.0284743635574364
2458676.639627	15.26552740474929	0.0312435889471994
2458678.5751385	15.040762861886105	0.0223934676861909
2458679.5696087	15.084489852251352	0.032673876574535
2458680.701033	15.329000402872255	0.044173693781702
2458680.7198899	15.27923887119278	0.0555109285805441
2458681.6483542	14.39955586863843	0.0324185701551444
2458684.4844133	15.010755239982744	0.0125607509016011
2458685.2847959	15.268221854986407	0.0165292108487404
2458689.7196231	14.948204423810225	0.0141163223128431
2458690.5880406	15.299715612428624	0.0210397251651991
2458691.5497753	14.425835765708486	0.0135600749838781
2458691.7168639	14.989498723446085	0.0253671244034429
2458693.3016219	15.316563695099976	0.0184292609419204
2458693.7075225	14.956090551193606	0.0111461083834561
2458694.7070862	15.43080628461517	0.0256454204866783
2458695.7038296	15.005063193427318	0.0134385163425846
2458697.7000902	15.013208929555043	0.0094901882220941
2458698.6256076	15.323519326592098	0.0213665901154454
2458699.6943144	15.056486600282575	0.0128597992910686
2458700.6895637	15.431404122107152	0.0257260266766953
2458702.2998697	14.98998677870383	0.0159729574720146
2458706.3259773	15.051193130550846	0.0210032978980594
2458707.6285128	15.008469894279502	0.0241218888746689
2458708.6622888	15.067568051640334	0.0344421319368273
2458711.4123429	14.42395993659407	0.0269425494981762
2458712.2382151	15.039502277879214	0.026654748872956
2458712.633922	15.020836792470176	0.0288828587616325
2458713.3979751	14.4796932566774	0.0271283812642935
2458716.6459284	14.49894447278222	0.0162554819841075
2458717.2254656	15.412916154328787	0.0220336959071641
2458717.6437112	15.201930022820676	0.0169917800129602
2458718.2295754	15.109673202240234	0.0094097520746304
2458718.6438983	14.427479702401804	0.0128514507103112
2458719.3844626	14.678081371692269	0.0145629310916762
2458721.5998906	15.249548175306888	0.0152897332557176
2458722.6293156	14.424083530382028	0.0137577874948764
2458723.6259726	15.2547528954661	0.0181789613724352
2458724.2788445	15.248592924564605	0.0171134953851722
2458724.6264177	14.48777800023652	0.0129659292396609
2458726.303321	15.276296785120516	0.0182993875101786
2458726.6144147	14.46765317503189	0.0138339570835463
2458727.6168666	15.2129976671549	0.018061125802045
2458728.5721207	14.468411852516114	0.0132478060109114
2458729.5736489	15.272905604588246	0.0284351300573174
2458730.6053472	14.566915665207274	0.0133532393717209
2458731.6062828	15.245586392309155	0.0244213594313327
2458734.3342161	15.192246870928706	0.0339802965636517
2458734.5971284	14.62276486722131	0.020681673047251
2458736.2779238	15.195597768055492	0.065823212496065
2458741.3201736	14.820791105328386	0.0418970487500605
2458742.5762968	14.74037531764614	0.0250978777489541
2458743.3138836	14.980297430080054	0.0287146016963626
2458743.5735794	15.3936005592273	0.0358723608566026
2458744.5696701	14.836552340666303	0.0122605500261331
2458745.5708056	15.24219642368919	0.0207508018265444
2458746.5660181	14.814711750166447	0.0121816436222582
2458747.5633834	15.323270789452266	0.0227574747052328
2458750.5529041	14.89898616310952	0.0114185074697087
2458751.5490441	15.339773344161324	0.0211901321387213
2458752.5454539	14.939463245609218	0.015859239695587
2458753.5458882	15.36822569371337	0.0237714753729509
2458754.5437442	14.97341543849997	0.0102245478315294
2458756.5154735	14.928334631285107	0.0111975416324849
2458757.5162294	15.358416656076097	0.0239417290849823
2458761.5024267	15.443924928187265	0.0369266023497818
2458762.4990032	14.96982332065409	0.0205314910314444
2458763.2383558	15.09597432820974	0.0315195401104711
2458763.495474	15.426630036457404	0.0372491577882183
2458764.4954437	15.068467384316532	0.0233815569404072
2458766.4891655	14.97525397281664	0.0300709471329854
2458768.5062198	15.036165265061168	0.0346061863258405
2458889.8824162	14.769932942541264	0.0338308466815139
2458890.8768217	15.113500060705544	0.0355176338360553
2458893.8736678	14.51001904478158	0.0284501173648492
2458894.8807367	15.200946199561756	0.0299128142865952
2458894.8819629	15.169433100925884	0.0413209250630065
2458897.8653979	14.37213381810259	0.0137975260664094
2458898.8535466	15.200422753421828	0.0193141444534099
2458900.8097794	15.167925336348617	0.0167605110774021
2458901.8042215	14.586788560498462	0.0160766573277725
2458903.5546846	15.25414602631285	0.0161423234259784
2458903.7998608	14.476384859743936	0.0135391413802158
2458903.801148	14.47720081015682	0.0144710019254606
2458904.7885367	15.24931046874268	0.0233164489442338
2458905.7903495	14.393213024500255	0.0135839589573728
2458907.8721941	14.66564291837268	0.012712128303809
2458909.5170447	15.300607867911616	0.0190083837198485
2458911.5234858	15.34940988318212	0.0218237061223506
2458912.7702649	15.279746267337568	0.0198037240330947
2458913.8775068	14.90257011161759	0.0140267177184249
2458914.8523592	15.256055790401357	0.0202530040816349
2458917.7659548	14.592918085272826	0.0307931010603242
2458919.8244277	14.83518639812604	0.0366252512546095
2458920.8289417	15.23945218388935	0.0498700823956122
2458923.7449528	14.72551883297378	0.0174693685744783
2458924.8157227	15.450806608746944	0.0368246818859352
2458925.7852882	14.89871540624724	0.0149730543682797
2458927.4865959	15.437853172505989	0.02346265865697
2458929.481124	15.422702584334582	0.0228737258902352
2458931.4702195	15.393097961471565	0.0235816815611054
2458979.3284826	14.817945505173986	0.0290259887807448
2458984.427645	15.105551631683412	0.0168708939591442
2458985.3169591	14.946802439288652	0.0141549979730363
2458989.324481	15.04438836989448	0.009642260866842
2458993.3748941	15.167133770459344	0.013799993967892
2458997.2839639	15.068441330735531	0.0117898051030097
2459002.261337	15.374274074475998	0.0377117967216318
2459009.2449543	15.130413555830762	0.0118477885204305
2459016.2518574	14.473062868764824	0.0147365417870224
2459019.2688913	15.28339103177859	0.0169976684879612
2459022.4722596	15.134303897852051	0.0117871941759198
2459025.3226713	15.341272593164357	0.0207366376006613
2459032.4274362	15.164680101130426	0.048236752361903
2459033.2854569	15.661992279779376	0.0623393620736225
2459037.4685091	14.709709038428675	0.0294745595035442
2459047.3968413	14.687240020454482	0.0148023749627643
2459049.4959391	15.024033968257337	0.0178381660580108
2459051.4069378	14.84037966567386	0.0143975950873095
2459054.4348923	15.369155369128553	0.0241699967573679
2459058.4776345	15.312571419462229	0.0250615512249391
2459060.2947911	15.320124525652735	0.0279413524650721
2459063.3297575	15.001119178315214	0.0283984235200524
2459069.4277436	15.15917283525205	0.0436130514885718
2459072.4323422	14.45989715980063	0.0153679330046425
2459078.3757243	14.54033268873565	0.0151347316971641
2459081.3160961	15.125172417038172	0.010717524122821
2459084.2773239	15.241682445608058	0.0213511372882941
2459097.3681002	15.287110325607928	0.0532276686523895
2459101.3387838	15.330713394278703	0.0184348920338792
2459104.2780378	14.7022708260032	0.0169740187261606
2459112.2789139	14.9085745076429	0.0154320039914124
2459117.2720439	15.716780596465515	0.090220903378267
2459129.2698144	14.927922393345945	0.0180053103682387
2459138.2442953	15.201932110239357	0.0241129786136384
2459138.2455241	15.219779218515017	0.0300278341637729
2459229.8678503	14.45983050703924	0.0226818899651961
2459233.6097329	15.31372093566612	0.0341724803457377
2459237.615997	15.4454100405948	0.0528226450669418
2459241.8370364	14.68022589933275	0.0253126588264944
2459246.8289679	15.439896614790069	0.0456490673581385
2459251.8330845	14.972316927477316	0.0146873930628371
2459252.5769524	15.08311496810056	0.0123875104941638
2459255.5580269	15.242317666477652	0.0182770370936511
2459256.8694257	15.343092720921234	0.0236075388808654
2459262.6344184	15.300921146040253	0.0365906672572318
2459264.5299526	15.20604865980227	0.0165559281370319
2459264.7891249	15.353457852676025	0.0249859744177359
2459266.5941066	15.274162455429686	0.0196980759034362
2459268.5462367	15.317436669922644	0.0199969944951239
2459269.7863155	15.09433187828346	0.0382943687707705
2459271.7925306	15.266360396342971	0.0579422069986728
2459273.776576	15.220261595225551	0.0484931059972733
2459277.4890648	14.513478129595924	0.0186314694972106
2459278.8804147	14.779886573343656	0.0175665157425062
2459278.8817221	14.76577359215819	0.0202442238754023
2459282.8970989	14.935335772311063	0.0115119027914217
2459287.7116092	15.20634679846358	0.0193504876590034
2459288.7915229	14.790938958400124	0.0145804877588012
2459291.7330382	15.249423923614708	0.0163831066907828
2459294.7287893	14.690447602014167	0.0147285702717887
2459296.436316	15.20933170176739	0.0227943068744695
2459297.9058112	14.817227968303923	0.0133728682034083
2459299.7043076	15.183009536403429	0.041853753434232
2459300.7553515	14.896727830433695	0.0218326834333141
2459303.8220321	15.376430680273266	0.0567953232289153
2459303.8573956	14.906459250131096	0.0315348195427447
2459305.4314915	15.1141567262182	0.0298318487357614
2459306.6897073	14.910673509605804	0.0274903055594904
2459310.7944832	15.073785929746723	0.0198716862862037
2459310.8351738	15.187688955333057	0.0181851310833312
2459311.8612129	14.473753969664395	0.0160228154971291
2459313.4715542	15.236020486436272	0.0168753486398268
2459314.8998693	15.254222909820918	0.0187408788575367
2459317.5872877	15.351323777057534	0.0208336023152015
2459318.652241	14.995120612820024	0.0148173166226995
2459319.6305909	15.392208716716318	0.02222080185112
2459320.6274048	14.956747683864752	0.0110243067643898
2459320.6634239	15.1125412861323	0.0136092286360532
2459321.6329135	15.429586607144678	0.0240337939814152
2459327.3648293	15.34449732171879	0.0273869145235726
2459329.6730538	14.415021603878502	0.0223426684141381
2459331.6487434	14.62881584875709	0.0394524288547573
2459332.8508597	15.43356326721164	0.0650809775235543
2459333.5799513	15.26377239907912	0.0584254566004342
2459337.7203985	14.76063342590962	0.0189795761674713
2459338.7009123	15.262122780935506	0.0204183372176847
2459339.867399	15.090475257387828	0.0250109964391457
2459340.7356124	15.28605504013445	0.0226966012278637
2459340.9338286	14.501150282378727	0.0492653740880149
2459345.4885374	15.23058000177324	0.0150809886431248
2459346.615251	15.242353933426667	0.0175973129381053
2459347.5744312	14.4803140755919	0.0170128902745709
2459349.5599077	14.46587851491407	0.0146041025271136
2459350.7004081	15.38923733215564	0.0258327280737991
2459352.6847365	15.403650512386998	0.0275843141698333
2459356.5166434	15.267215797824466	0.0334377643644256
2459357.6169242	14.892045598273466	0.0145402358657863
2459361.7304273	15.193418011328198	0.0441706421812301
2459363.8190254	15.317062372989316	0.0442824548892016
2459366.5866254	15.400173452613968	0.0265305960275074
2459367.7564941	15.30270467973576	0.0192722165423384
2459369.5292609	14.995023596358571	0.0128140338249923
2459370.4333174	15.285554309890392	0.0177687679473009
2459371.5210175	14.914621640612658	0.0150508765862491
2459374.6454627	14.405373048823284	0.0136532712737658
2459375.4107096	14.756554046744723	0.0146453392520298
2459376.5627259	15.321648959205426	0.0226815548610846
2459377.5165842	15.027028611608188	0.0148832131346566
2459378.7231897	14.858780140703525	0.0101835411752637
2459384.2959495	15.175842127416985	0.0221471582709033
2459385.4852495	15.159191217577812	0.0221572312869797
2459387.614224	15.162511483812269	0.0359509809927628
2459387.663871	15.296320056570336	0.0392846490764084
2459388.739867	14.986245201036995	0.0445822723020659
2459394.7111748	15.001101886688076	0.0246631150139282
2459396.589533	14.783207801910404	0.0162153837290894
2459397.5944212	15.362614583766533	0.0262438486034014
2459402.340889	15.120055161417769	0.0086549672960149
2459405.4353733	15.25136199127678	0.0186625235107447
2459405.6873558	14.890080252384472	0.0106720816033754
2459409.4832032	15.291005379196465	0.019729204828334
2459410.6427689	15.160973995632329	0.0139552042833001
2459411.5882501	15.399346862443116	0.0259406046451241
2459411.6013619	14.93947812533483	0.0129753289193468
2459412.5970866	15.053339044916614	0.0223496378876841
2459412.6159952	15.13815088440037	0.019003389944959
2459413.5817444	15.299884462814834	0.0306815909587031
2459416.6740573	15.174594695700469	0.0513159580948541
2459419.4979028	15.45533182269448	0.0621199797106937
2459420.5808219	15.14379916086873	0.0359008798533438
2459425.3704496	15.28543082265612	0.0186362951707364
2459426.3994787	14.944222816520638	0.0130753204080971
2459427.5479154	14.459952113236652	0.0137607118187369
2459429.5014139	14.75709804928481	0.0136830568218635
2459430.5294721	15.21239994125531	0.0195866342742812
2459431.5298398	14.364997895046308	0.0139004091415701
2459432.5328714	15.217543172066136	0.0179564136430024
2459433.5410988	14.449733792862991	0.0153010628177032
2459434.5415583	15.259869703223924	0.0197582131583441
2459436.6552336	15.339418068204916	0.0237055052449576
2459437.5851936	14.69352435889264	0.0189040337329726
2459438.3281768	14.924837330673144	0.0211761890845872
2459444.5714845	15.282837474263747	0.0312214795602104
2459448.2576507	15.015289199748285	0.0429024223949469
2459448.4727724	15.223395113890714	0.0685407723179365
2459450.3958093	15.315388346836254	0.0757503521986094
2459451.3731736	14.384996477905275	0.0275604869364533
2459456.5752677	15.403060378710702	0.0238686511488264
2459458.2898879	15.151161266873654	0.0195625477357507
2459460.4972803	15.449342265774746	0.0274889270956766
2459464.2396697	15.216482878839448	0.0151773934914504
2459465.5259946	15.105115286126932	0.0157698464149204
2459466.5184057	15.153015885845846	0.0163782865101982
2459467.5298605	15.139905463691736	0.0143623087661405
2459467.5643765	15.19192826145225	0.0171699079752315
2459472.2988803	15.2150907905175	0.039058644841783
2459473.5135493	15.099997469037866	99.99
2459476.5498443	14.479810897638083	0.0196419514637697
2459489.4896695	15.199109747586236	0.0216048978300249
2459495.2442991	14.978229971217576	0.0181163725781126
2459496.5041389	14.877873107490917	0.0153787238188392
2459497.4934723	15.30145078699903	0.0322955391237272
2459504.4906538	15.11765700241354	0.0492141770486771
2459593.8717244	15.379054622117016	0.0867031997333169
2459597.8708652	15.264192476645825	0.0776698728787236
2459598.8745706	14.436765961828264	0.0440464669578932
2459599.8780257	15.369219508252309	99.999
2459600.8702626	14.447381683898188	0.0277200787850487
2459601.6201177	14.912107941657398	0.0630162973927489
2459602.6197725	15.368474406983555	0.0791898884995747
2459605.8401662	15.263596328673174	0.0332548928338739
2459609.6281242	15.11815942817285	0.1198162450632503
2459613.8718936	15.268842438247743	0.0238302560806683
2459614.6131707	15.414881585724329	0.0276965773383002
2459618.5896722	15.363072975239064	0.0293030122193855
2459618.8204161	14.870463374017843	0.016660000246264
2459619.8192848	15.334133147347671	0.0232006598743231
2459620.8259016	14.896053722388933	0.0153650016072331
2459621.8250922	15.36628889662616	0.0219167392291948
2459622.890643	15.051416484291815	0.0287787493684731
2459624.8053182	14.996422949219406	0.0293356985998362
2459625.8197872	15.47679727328564	0.0385111969920412
2459628.7922454	15.026306454553776	0.0392903726870018
2459628.8323464	15.022770464992492	0.0427243641530775
2459630.8018962	15.007098054451728	0.035189321171944
2459631.8161655	15.383103040060782	0.0440375932492564
2459632.8001688	14.99014126686223	0.025953697112507
2459633.8679402	14.52755862281717	0.0179030968847933
2459634.7821967	15.123493831178912	0.0282070807627331
2459637.8856325	14.462829241000632	0.0142928298686377
2459639.5171444	15.218045223050543	0.0137453056624665
2459640.7524472	15.072236670539578	0.0191584074346093
2459641.7822159	14.785815342572748	0.0126712521979502
2459642.8459205	15.273161366947743	0.0206069941376154
2459644.7971624	15.27209070002052	0.0169272689545916
2459646.7648845	15.156020745195294	0.0164963604498117
2459647.7452097	14.68789569708116	0.0146314093132726
2459647.8148894	14.491114726157011	0.0134729461808952
2459648.7650652	15.218209178657208	0.016530756064854
2459648.8326521	15.270673372540635	0.0181048837122658
2459650.7366932	15.19135477678952	0.0176342951781978
2459651.7427122	14.391788725941767	0.0143869192123114
2459652.757795	15.232556679162922	0.022854781655542
2459653.7756105	14.523362228787065	0.0175637725102211
2459654.7248943	15.353209750960431	0.036879992386379
2459655.7144952	14.488384990280691	0.0199934078633834
2459658.7365231	15.221461428464194	0.0403096564721605
2459660.7619157	15.226590497851673	0.0319879355970127
2459663.7516015	14.741743120154602	0.016090262949906
2459664.7952919	15.292243653461153	0.0235585302364756
2459665.8077034	14.95993427204008	0.0140080564031169
2459665.8281835	14.985438438780168	0.0096232665357581
2459665.8294622	14.948709224458009	0.0122150364292584
2459666.6869312	15.267066412361553	0.0150802839556003
2459666.7411539	15.282862490181188	0.0186821657075471
2459667.7863837	14.91425645781323	0.0105542812148962
2459668.7742122	15.34898792470387	0.0211110589924327
2459669.7872558	14.957382542071668	0.0129528023746996
2459669.7885194	14.999836161846272	0.0220502589870089
2459670.6737682	15.258207867578598	0.0187353452256736
2459670.7294843	15.326431599687323	0.0193216175085836
2459671.7328942	14.90188090520877	0.0106070462612154
2459671.798367	15.01212123105139	0.0116070416908329
2459672.8510088	15.027224717834166	0.012585516954316
2459674.6743384	15.301874848645229	0.0202351076953307
2459675.6798937	14.829895361260755	0.0156749115733138
2459675.7113661	14.887358764641736	0.0118129020015389
2459676.819853	14.857443078942175	0.0129861869294682
2459677.8976083	15.266246988787644	0.0199776111769645
2459680.6411847	15.301352933037547	0.0279890755926381
2459681.6622086	14.937182941593369	0.0180849455609953
2459682.6701961	15.413140862573677	0.0278871212853488
2459683.7147747	15.060109425688296	0.0266633885396571
2459684.7503676	15.188109754311927	0.0377520436880531
2459684.7763103	14.637266634469457	0.0232653734677347
2459689.8336244	15.144488647929302	0.0377766392595187
2459693.7042112	15.141196305933706	0.0146730643788585
2459694.8657244	14.875105657889453	0.0151522049159253
2459695.7705657	15.175137464899798	0.0217394529588964
2459695.8165265	15.325022748179224	0.0194439512737028
2459696.7577237	14.56871037416567	0.0147355129285033
2459697.8518828	15.31358635989676	0.0208988521671233
2459700.3445056	15.211312720942322	0.0183945349411855
2459702.80168	14.811937575887564	0.0130996831540266
2459703.767056	15.26535034604523	0.0202481931675274
2459704.8548971	15.031269699579132	0.0149438999764805
2459706.7968552	14.965627837536433	0.0076940421936667
2459706.8019801	14.94366830052244	0.0122159317960929
2459711.5585447	15.223507020795315	0.0236749763368393
2459713.3368066	14.735581301828852	0.0272329557400222
2459713.3392989	14.626523491105932	0.0506252028845747
2459714.7172107	14.887758009472122	0.031547469047116
2459715.7335262	15.403905649111987	0.0428551344193205
2459716.7787647	15.058045177545488	0.0368753212467019
2459716.8631687	15.250092647015425	0.1086618252019622
2459718.8660226	15.233102412044538	0.0416155752282483
2459722.5803661	14.66639130359133	0.0184330167472212
2459723.5206405	15.276132826948244	0.0184896474157291
2459724.6656563	14.955011627647208	0.0144918758083763
2459725.561713	15.286157102371511	0.0194790745124429
2459727.671388	15.452118941147075	0.0250770792198011
2459734.2887295	15.408186992026412	0.0234371705861846
2459736.2841203	15.424037201929586	0.0305580523784744
2459736.5157172	14.792416963069831	0.0137544220216973
2459737.7611805	14.559844529363811	0.0149077192851181
2459738.6878224	15.160242535958336	0.0190221086566207
2459738.7272985	15.189710881314989	0.0157760727137405
2459739.696519	14.365943125215033	0.0148533042379285
2459739.7320469	14.489970228058906	0.0172464789402367
2459741.7466099	14.665055275386544	0.0204607307862041
2459741.7667162	14.667470561725109	0.0176618105722379
2459743.4919831	15.322139608429762	0.0541775329797921
2459749.6185017	14.3907787983909	0.015131595593939
2459757.4220835	15.435678440274344	0.0230779198000409
2459759.4609081	15.235707044091653	0.0177239576247616
2459759.5417059	14.414434922385444	0.0140654045942067
2459759.5980978	14.613493336504243	0.0138152104840533
2459760.6667887	15.32346498206656	0.0228674439106988
2459761.6224683	14.83165765702234	0.0120477704981856
2459763.5044327	14.485443245902482	0.0128252028392213
2459763.5118896	14.380907144786653	0.0154666537744643
2459765.5048801	14.372670399819013	0.0135531592667552
2459767.4874659	14.440193989037844	0.0158440083267241
2459767.5562106	14.6717301743039	0.0167962661450937
2459769.5726213	14.807851870340604	0.0197440304600202
2459782.4907664	15.270279192663276	0.0195539578028671
2459782.5614427	15.420069594240942	0.0258323999163543
2459783.6001098	15.115597396082425	0.0119877493567068
2459784.7244903	14.596746126425424	0.01404758757421
2459786.5957039	14.96095331490836	0.0131049094430537
2459787.695486	15.269501926660682	0.0216768328081689
2459791.2973179	14.4433165849453	0.0164802927462116
2459793.3026789	14.497384189273472	0.0250097251766307
2459794.6095693	14.460540012119507	0.0130975309727412
2459797.2498437	14.422879315816036	0.0199866672119515
2459799.5032398	15.123696209035185	0.0318253322500872
2459801.2897939	14.762104364687936	0.0385373582525975
2459801.2910342	14.7796281794583	0.0401836802035086
2459805.666809	15.226864774259536	0.044246230472716
2459806.5333788	14.553907630846322	0.0150768239108276
2459808.3132283	15.39872796360348	0.0244753714781273
2459810.5685751	14.778178912538335	0.0151540772405217
2459811.6217535	15.354072795949463	0.023227404273999
2459813.5056688	15.309433795697451	0.0224426423641876
2459814.6290333	15.004948137502254	0.011265560738833
2459814.6303165	15.001227369463132	0.0146301137773784
2459815.6304153	15.436479775694004	0.0233257641527973
2459815.6316557	15.43282820317605	0.0252362336355702
2459817.5168747	15.315625550306065	0.0206761803180334
2459818.2701451	15.39688621384328	0.0256016005231268
2459818.2727423	15.464052749020524	0.0413532196835816
2459824.5384711	15.022882059353638	0.0162049342753567
2459825.6035368	15.12539588882908	0.0185153030100404
2459827.5067227	15.505079196694794	0.0448086057221175
2459828.5864735	15.138358698410308	0.0285602766200594
2459829.5920381	14.858511499476784	0.023583401494749
2459831.5142767	15.533345541384314	0.0588770382736645
2459832.2452317	14.635334156045678	0.0345413262608002
2459836.2389383	14.497319814677738	0.0162785320448173
2459838.2735748	14.58099543746558	0.0195141384929384
2459841.5297312	14.440289682121987	0.013896771273562
2459842.552369	15.279017138228392	0.0227570627189265
2459843.5152214	14.463472950988155	0.0149775023756429
2459844.5662243	15.279400996134726	0.0215239219791635
2459846.2697341	14.743818178097465	0.016749884236016
2459849.2560729	15.279609993899086	0.0196893546871012
2459850.526037	15.25892241939567	0.0183609765919753
2459852.4959024	15.342382547865745	0.0260178795217208
2459853.5209085	14.653292364946097	0.0155771688297952
2459854.5161179	15.24566044336916	0.02220838416002
2459856.5107461	15.213396695607392	0.0310775533738233
2459857.5253069	14.744075000395624	0.0332819399998716
2459859.5031559	14.72939294748062	0.0267704886499845
2459859.5056331	14.621647504498338	0.0428550567785648
2459860.5148559	15.267386504489826	0.0530606231120512
2459861.5115736	14.85709651631398	0.0327960039871981
2459866.259241	15.089729923984894	0.0235422694935878
2459959.8678737	14.832598138524997	0.0335479963726152
2459971.6102239	15.296902400009294	0.0223973021046249
2459971.6114643	15.23111008593287	0.0213040764038164
2459974.8349757	15.217783664683616	0.0190306939079827
2459976.6150941	14.96657355416056	0.0150342301465977
2459979.5812354	15.281370351736133	0.0329377669568235
2459980.6128807	15.1227580029885	0.0293591490577253
2459981.8177914	14.64245258049668	0.0323616417257232
2459982.8545817	15.212285984561367	0.0408710686392158
2459984.8222283	15.26520722438138	0.042084805336906
2459984.8248223	15.440943235251504	0.0822008241833536
2459985.8358826	14.814474526824156	0.0244848959079929
2459986.8634829	15.61567519183997	0.0513652214227522
2459989.8739417	15.012021564044923	0.0160101213193866
2459990.7824071	15.26448631381554	0.0245909015897664
2459994.7949613	15.42576763673511	0.0266218772661581
2459994.84887	15.430829727895134	0.0264353904584003
2459996.7776965	15.34749113767134	0.0257750977129224
2459998.6175674	15.21664946187899	0.0145906004978043
2459999.7800848	14.985388098213214	0.0104123424724034
2459999.7813946	14.983524754891544	0.0164464878491974
2460000.8098468	15.463209088979792	0.0236295245418749
2460001.7698668	15.010800434148631	0.014445314359902
2460002.7562087	15.39030403102758	0.0268469716745982
2460004.5096619	15.12399880314965	0.0107520696887414
2460006.7895974	14.799505385196817	0.0134911094917527
2460008.748535	15.361901517451225	0.0438269865937848
2460008.7498331	15.288596757031296	0.0460326826677726
2460008.7511314	15.20843989754203	0.0571291219244549
2460008.7556882	15.40018962701996	0.0539135380094272
2460009.8309606	15.08113583000426	0.0341199689300703
2460011.8339605	15.176884198040645	0.0521305570959196
2460012.7388231	15.388837552629337	0.0569563263532051
2460013.7582367	15.047496931230402	0.0321627915963049
2460016.8937756	14.751645581302371	0.0164507392814143
2460018.8848837	14.841288428977569	0.0198908268044576
2460019.8833558	15.237761700991188	0.0233527538956137
2460020.4766276	15.168413974803654	0.0152415042892448
2460021.877206	15.300678511664806	0.0173137976943824
2460022.8120298	14.647916086476746	0.0142376156155464
2460023.7015342	15.161185022791324	0.0179711065969906
2460023.743398	15.305332280056223	0.0206723076951262
2460024.8155666	14.69860828704487	0.0155296299006305
2460025.6995972	15.222345017819858	0.0130497194486044
2460027.7051145	15.310646878526072	0.0209731221863564
2460028.8432293	14.932343202182686	0.0147114972117733
2460029.8265773	15.350947775878645	0.0225205591465324
2460030.8254479	14.97259274155354	0.011174020846883
2460032.689913	14.512871009048812	0.0136434073089101
2460034.4289319	15.242203156552764	0.0205716574519309
2460039.6933081	15.30700910462052	0.0405327004021912
2460039.7135857	15.388166503160347	0.0582824872046262
2460039.7161717	15.428848197733176	0.1268719290986096
2460039.7416635	15.3046602647745	0.0529947529258702
2460040.7493828	14.909239510109597	0.0434153123696684
2460042.6732232	14.612887044551115	0.030470454529687
2460045.775327	15.388456690865596	0.0365929848835746
2460046.7618618	15.024204214553096	0.0153462735349526
2460049.4070051	15.071950976552031	0.0122448469187852
2460050.8776986	15.25914136468192	0.0216135544824424
2460052.6353944	14.87391019690895	0.0135777200242903
2460053.6337727	15.350800142188266	0.019526325696959
2460053.6977652	15.388528401384278	0.0253713673804893
2460056.6274273	14.917502871995822	0.0123884267754606
2460057.6189003	15.3302932667323	0.0238469902044958
2460059.734249	14.726625494149816	0.0152015906356628
2460060.6759238	15.022063239637014	0.0115556704273871
2460060.6968402	15.127556573696362	0.0096805223980035
2460061.8823822	14.85827798266942	0.0167445592829339
2460064.3465363	14.9898766190642	0.0637668556335117
2460065.6213208	15.384337402940556	0.0377784198880131
2460065.6581189	15.117780491056362	0.0213950281201831
2460066.6514873	15.05638133121871	0.0216495844998924
2460067.6656522	14.7938031875835	0.0261011241268188
2460067.6959332	14.39148176286045	0.0188977567189276
2460068.691439	15.209337927632411	0.0427787639285228
2460069.351153	15.547027955975317	0.0591921236222124
2460070.7302373	15.374704586564487	0.0934054174833017
2460071.3629062	15.108089453902265	0.0338013281966995
2460071.8123058	14.710869469496084	0.037901746025428
2460072.5718436	14.891124823365844	0.0352242787082295
2460073.3261503	15.274559513495916	0.0435618803353342
2460073.6595155	14.372102456863086	0.0202892475786534
2460074.7313505	15.229635236961204	0.0263444150191862
2460075.7965851	14.925435524204158	0.0192796932166136
2460076.6761564	15.311793994306914	0.0295377184281627
2460076.8886086	15.243466064622597	0.0587193807128399
2460077.8587807	15.05169695195001	0.0178699469732927
2460078.8471337	15.392461191677418	0.0244804020960962
2460079.8329782	15.059969621858125	0.017458610427013
2460080.832326	15.313362410726906	0.0248661462691352
2460081.8194802	15.052762977680498	0.0133574826777499
2460086.8105252	15.27559863975387	0.0245717420757971
2460087.8110214	15.12151605685244	0.0260254130169299
2460088.8340181	14.665497299842023	0.0201307342104705
2460089.8399796	15.224555495711847	0.0211952213754081
2460092.5858567	15.20604396128656	0.0251318224589254
2460094.6662169	14.721934183827	0.0277275662492394
2460095.6503683	15.122226734098586	0.0331473949748086
2460095.8286449	15.24354065621141	0.0196111512786224
2460096.8199053	14.342820948377993	0.020780937139201
2460097.8008358	15.229205023464106	0.0446976162482076
2460098.7856162	14.485801863613636	0.0365402028694383
2460103.5337954	14.834128458007092	0.014922834501503
2460103.8239668	15.165067322170696	0.0377258557306679
2460104.6561654	15.300149347981844	0.0352595307459007
2460104.8232634	14.724528628704158	0.0213729846866769
2460107.5031757	14.791155172090358	0.0125425025541644
2460109.799231	15.271465607221652	0.018686862252963
2460110.7977879	14.82338778194546	0.0158746508757759
2460111.8142502	15.349862604253744	0.0228908981759871
2460113.7083196	15.257168982537088	0.0156025828441669
2460114.6669852	14.418002538846936	0.0162636820694779
2460119.5519099	15.08728877667209	0.011256800270881
2460122.4596936	15.435697143161764	0.0317190040581201
2460123.7956971	15.383520996585338	0.026082844508335
2460124.5815317	14.46212487824183	0.0169108489475388
2460125.542736	15.174944513199357	0.041388068458848
2460126.4944376	15.195273904345214	0.0812776816234141
2460126.5702538	14.444728314775242	0.0210672418284656
2460129.6128461	14.911829185251133	0.0562051026020181
2460130.5907284	14.60818602450036	0.0286501640506349
2460131.7449283	15.595834698055825	99.999
2460133.7573459	15.335348887510506	0.0336340743354461
2460138.2371727	15.246290945023269	0.0157235549859912
2460140.539142	14.752671987413116	0.014209432331176
2460141.7557092	14.444045087746716	0.0139943520226052
2460148.4628284	14.695580129702282	0.0165482642884864
2460150.2148869	15.371410782379286	0.0279286634254379
2460153.6857238	14.463060338129424	0.0207032639792524
2460159.4586524	15.340366170117395	0.057218011623663
2460161.2039401	15.190812649678277	0.028553347452708
2460163.3482422	15.23074831231736	0.0169791881758948
2460164.2462702	14.442960796726677	0.0156196269454708
2460166.4142097	15.00066527731322	0.0141725323247963
2460189.3822971	14.43001748705634	0.0432409389694946
2460191.3333131	14.755825867961354	0.0136971224815206
2460206.3284712	15.258649065151562	0.0205422403675472
2460219.2621688	14.837737509920274	0.0156535782039765
2460222.5167414	14.636782906272394	0.0148854838501327
2460224.5064009	14.640443394868294	0.0152947071827504
2460226.5074263	14.687604112256109	0.0169195874293219
2460228.5130644	14.75990882203272	0.0130246856566477
2460230.256258	15.36535346151796	0.0236560248794344
2460231.4935468	15.318156675484536	0.0270055026695411
2460234.2515972	15.443918100750045	0.0290693775645598
2460236.2492523	15.469761073573531	0.0307389336698018
2460330.8783016	14.893616793850963	0.046747314743452
2460331.8779432	15.054803870358214	0.0701933240835377
2460332.87356	14.39021125468781	0.0292182744412217
2460333.6115389	14.586330636430027	0.0195820749030779
2460333.8772898	15.297523182051778	0.0538503573044306
2460334.611145	15.160525711779671	0.0456561281657721
2460334.8767236	14.412737441062234	0.0359367289491812
2460337.8793135	15.450973932301002	0.0801117877352099
2460338.8750022	14.408129612569844	0.0209491074730956
2460340.8705111	14.519196224033568	0.0177556764142726
2460341.8659006	15.267354019745367	0.0285563581974283
2460345.6128749	14.846866647636912	0.0278983951481804
2460346.6084114	15.437589965264364	0.0342960728397234
2460358.5559546	15.398166092489888	0.0255536631774651
2460359.547757	15.026963433808238	0.0150654964599026
2460360.5468298	15.48555029029145	0.0283902085691225
2460367.5453576	15.093430801073415	0.0659612685588396
2460373.7962295	15.355809461080757	0.0270571291652241
2460374.7837886	15.037414499313988	0.0148006649192687
2460390.7849784	15.200888234154464	0.0204753288437402
2460402.7748749	15.252256211857436	0.0183611495538929
2460403.7856269	14.848462535380811	0.0144758526161339
2460409.7376678	14.893928618249936	0.0099081378448289
2460410.7406571	15.371804132893166	0.0304114752237691
2460411.7412156	14.910954851244307	0.0093151555230373
2460417.7546387	15.009996210078674	0.0093329040465207
2460418.6607	15.416588282486126	0.0295188914743976
2460419.6564192	14.99664820373754	0.0145298961389651
2460423.7751004	15.100049526073882	0.0429812364022515
2460425.7653882	15.216785189192416	0.0320135820475275
2460427.8127518	15.231773394485034	0.0340987641003942
2460432.4160278	15.216985724602385	0.0241331629752943
2460434.3832983	15.168853841609026	0.0189132622437059
2460436.8350296	14.801316916780308	0.011730798769602
2460440.3604419	15.237087180001245	0.0195833780287457
2460442.5580258	15.37630363959024	0.0223484490261361
2460442.7964656	14.90981532751244	0.0143591547242008
2460444.5647889	15.278703942080863	0.0232799920759906
2460446.6132524	14.559058031766863	0.0164903983234757
2460448.543322	15.244005470283115	0.0309801138876496
2460449.5440379	15.08336051145904	0.0212755951389306
2460452.4943133	15.324375045924484	0.0952560835392483
2460456.8014931	15.131355563926505	0.0378746573621651
