2458282.44749090  16.43513 0.07589
2458297.46316350  16.26550 0.09811
2458298.45969160  16.57493 0.09866
2458379.89264300  16.49175 0.04776
2458393.86030970  16.32480 0.04915
2458406.86295770  16.44478 0.03471
2458408.87948900  16.50191 0.07063
2458409.82927650  16.35751 0.03647
2458410.85198470  16.33471 0.03411
2458412.81928950  16.49304 0.06713
2458415.82862910  16.69967 0.12287
2458416.85158450  16.53295 0.09766
2458425.86300460  16.32427 0.05795
2458427.82068870  16.36699 0.03136
2458431.83490360  16.49718 0.04791
2458432.83551890  16.31595 0.06040
2458438.75679690  16.32899 0.03995
2458440.74629380  16.45553 0.04970
2458443.74048230  16.48010 0.09975
2458446.74779110  16.62218 0.12135
2458447.72966700  16.40515 0.07750
2458449.82782600  16.31223 0.05760
2458450.73865060  16.25866 0.04284
2458451.79234880  16.62854 0.06215
2458452.81461440  16.44362 0.05852
2458453.81712690  16.28518 0.03276
2458454.75162580  16.38555 0.03894
2458456.79835460  16.49724 0.04666
2458457.76818860  16.30468 0.05015
2458458.82383640  16.49176 0.04399
2458462.78360400  16.54316 0.03971
2458465.71417940  16.45692 0.04813
2458467.68955420  16.58243 0.05599
2458468.77111040  16.37685 0.03560
2458469.66793580  16.47114 0.05923
2458471.81024930  16.36212 0.02800
2458472.79249670  16.61117 0.08331
2458473.84719090  16.56256 0.06770
2458475.82073030  16.40822 0.08063
2458476.82100790  16.47921 0.09613
2458477.66266040  16.34856 0.10669
2458480.66056110  16.58607 0.04885
2458482.76962290  16.27962 0.05029
2458483.81661160  16.62800 0.05464
2458485.69488270  16.37166 0.04195
2458487.83790940  16.40166 0.03439
2458488.83466410  16.45180 0.04749
2458489.70658320  16.43119 0.03408
2458489.70911000  16.33432 0.04328
2458490.82707860  16.35254 0.03540
2458491.75612180  16.33156 0.04056
2458492.64750800  16.38934 0.03034
2458493.69843600  16.43815 0.04075
2458494.75181140  16.46553 0.03673
2458496.67056670  16.34779 0.03798
2458497.74169570  16.43536 0.03488
2458499.75353950  16.34009 0.03996
2458500.69379280  16.37392 0.04553
2458501.66039950  16.40179 0.07179
2458501.84257110  16.42623 0.03751
2458502.56499980  16.45039 0.11056
2458502.80144960  16.30343 0.06697
2458504.72943730  16.34304 0.03209
2458505.74409100  16.51337 0.12261
2458506.83938730  16.56345 0.13441
2458507.63956630  16.29583 0.07287
2458509.62062730  16.42259 0.03595
2458510.62406330  16.46954 0.03800
2458510.80302750  16.36919 0.07026
2458511.60829530  16.19386 0.04652
2458511.81282980  16.37106 0.03727
2458512.81617820  16.29972 0.04523
2458513.81524220  16.47195 0.05976
2458514.83754310  16.33354 0.04131
2458515.83718640  16.49901 0.06310
2458516.83370230  16.36101 0.04189
2458517.80613710  16.34390 0.03366
2458518.73254870  16.43714 0.03613
2458519.74226300  16.47294 0.05654
2458522.60189930  16.29938 0.03583
2458523.63542480  16.54469 0.04473
2458524.66463980  16.52316 0.03898
2458525.70162970  16.45474 0.04749
2458528.61766190  16.38126 0.03357
2458529.57214120  16.41562 0.06225
2458531.77889950  16.48535 0.08840
2458532.76646360  16.24631 0.08903
2458533.64637990  16.28153 0.11671
2458536.59979410  16.29295 0.06029
2458538.58024130  16.50580 0.04248
2458538.78012360  16.49589 0.07289
2458539.60543820  16.40948 0.04667
2458540.63051260  16.44639 0.04136
2458540.81721140  16.49852 0.07739
2458541.62742440  16.53378 0.03314
2458541.80503520  16.56288 0.06870
2458542.63453680  16.41106 0.02538
2458543.61374560  16.31987 0.03077
2458543.79936700  16.40775 0.03940
2458544.80650060  16.51639 0.04616
2458546.80073240  16.36474 0.03582
2458547.80005150  16.56021 0.05063
2458548.79519270  16.34402 0.03755
2458550.78956840  16.26249 0.03682
2458551.76942000  16.53470 0.05464
2458552.78014360  16.34488 0.03823
2458553.56292140  16.42772 0.03210
2458554.62882840  16.30309 0.03547
2458555.65077240  16.54135 0.04118
2458557.49708690  16.52563 0.07616
2458558.53275540  16.26013 0.05021
2458560.62545750  16.33804 0.08574
2458561.60121450  16.39322 0.07604
2458563.57678780  16.57875 0.12860
2458564.56874750  16.41001 0.09907
2458565.67897830  16.22645 0.07724
2458566.70673570  16.43526 0.08317
2458567.55817900  16.40813 0.05041
2458568.55007520  16.34624 0.03799
2458570.72093400  16.37948 0.05036
2458573.68358870  16.43447 0.03923
2458575.56021540  16.37008 0.03793
2458576.53139860  16.27640 0.03411
2458577.61423430  16.62793 0.05677
2458578.63975400  16.27865 0.05227
2458579.63407050  16.28479 0.04212
2458581.54735460  16.46013 0.04156
2458582.34064070  16.34148 0.03509
2458582.48970680  16.46937 0.04226
2458583.48242480  16.42535 0.04448
2458584.56394960  16.35099 0.04011
2458585.57562850  16.42578 0.05294
2458586.57006530  16.40351 0.04847
2458588.47542560  16.64024 0.08189
2458589.52695790  16.29525 0.06129
2458591.39631240  16.17367 0.11859
2458594.64222660  16.42579 0.12513
2458595.54960270  16.34657 0.06575
2458596.52645080  16.59441 0.04657
2458601.25597050  16.50323 0.03013
2458602.36608370  16.45828 0.03959
2458604.51706130  16.30703 0.04152
2458605.51944840  16.62284 0.04446
2458613.34136000  16.68008 0.04791
2458614.57883740  16.32981 0.04542
2458620.31061720  16.27423 0.08392
2458621.53064530  16.52489 0.14387
2458624.54606170  16.61229 0.11044
2458625.54647110  16.37938 0.06254
2458627.50381730  16.60670 0.05974
2458631.56735700  16.47610 0.04025
2458636.55093430  16.48123 0.03630
2458645.27071620  16.41068 0.05769
2458648.48712160  16.66286 0.09726
2458650.26011520  16.61948 0.13928
2458657.48818110  16.31887 0.03909
2458658.48476690  16.34346 0.04601
2458667.46497140  16.45914 0.04210
2458669.45777400  16.30968 0.04686
2458747.64216550  16.29655 0.10893
2458754.62220850  16.49199 0.10211
2458756.88943040  16.40255 0.06009
2458757.89369570  16.45125 0.10004
2458760.61064940  16.44707 0.04492
2458761.60752650  16.45432 0.05138
2458761.87193100  16.58311 0.05209
2458762.60432750  16.46187 0.05238
2458767.84927860  16.68412 0.07372
2458773.85907040  16.31923 0.08009
2458775.82694170  16.41107 0.07207
2458781.85268670  16.43262 0.04500
2458782.85338090  16.37970 0.03843
2458783.85005200  16.24312 0.04338
2458785.81216910  16.46153 0.04681
2458789.81967970  16.55708 0.05287
2458791.77501510  16.24452 0.03776
2458792.77112340  16.42040 0.05424
2458792.80884970  16.51020 0.04588
2458794.82637430  16.41962 0.03749
2458795.77153700  16.20536 0.12935
2458798.76582210  16.33966 0.08619
2458800.75943540  16.23367 0.08640
2458801.79659810  16.22799 0.06990
2458803.78600510  16.50838 0.07029
2458804.82598120  16.52420 0.09715
2458805.78494440  16.38067 0.07484
2458806.78976330  16.28325 0.04526
2458808.77152790  16.28706 0.04142
2458810.78777850  16.42873 0.04946
2458812.71000220  16.34529 0.04724
2458813.78040950  16.44169 0.03361
2458814.71642440  16.34474 0.04464
2458814.80281280  16.60843 0.04830
2458817.81520740  16.41953 0.04864
2458819.81999730  16.32248 0.04351
2458820.83415530  16.49764 0.05315
2458822.74806460  16.45937 0.07429
2458822.82342010  16.41822 0.03791
2458823.80847440  16.45679 0.04896
2458824.82352610  16.39323 0.03937
2458825.80206680  16.52552 0.04605
2458826.79845430  16.32269 0.07041
2458827.68602100  16.42063 0.08689
2458827.71065840  16.40817 0.12695
2458828.74383560  16.60832 0.13423
2458829.76634350  16.28494 0.08832
2458831.56301920  16.51277 0.10154
2458834.77963040  16.48062 0.07523
2458835.78863980  16.57343 0.07537
2458836.83859330  16.25885 0.07396
2458837.79208600  16.33854 0.04954
2458838.77979060  16.45400 0.04630
2458840.81659880  16.38112 0.03572
2458841.78195770  16.49827 0.05961
2458842.79428600  16.28638 0.04028
2458843.77582960  16.43873 0.03385
2458846.82870030  16.47734 0.05062
2458847.81840210  16.42479 0.03024
2458848.82625460  16.45508 0.05801
2458849.82186970  16.36087 0.03595
2458850.51611450  16.36929 0.04846
2458850.64471630  16.43238 0.03784
2458851.71004650  16.29226 0.04053
2458852.39817790  16.42827 0.06003
2458852.65925800  16.35799 0.04805
2458852.84539470  16.53171 0.04618
2458853.66285600  16.38414 0.04875
2458854.64085230  16.51071 0.10002
2458855.76573040  16.57702 0.09257
2458856.63193150  16.52687 0.14709
2458856.81809880  16.51513 0.06021
2458857.65952520  16.47872 0.09267
2458858.80216920  16.36989 0.16563
2458858.80988890  16.29184 0.17128
2458860.56123340  16.63447 0.12154
2458860.77650590  16.18248 0.08454
2458863.52983060  16.55979 0.10555
2458864.64704940  16.44336 0.03631
2458864.83210200  16.53297 0.07671
2458864.83331200  16.49106 0.07893
2458866.63861510  16.55882 0.04663
2458868.81357890  16.50844 0.05380
2458869.78744780  16.45990 0.05576
2458871.80056610  16.41202 0.04074
2458872.81048920  16.56876 0.06890
2458875.80659430  16.19761 0.05400
2458879.80460530  16.23907 0.04196
2458880.53993540  16.37579 0.06118
2458880.80428810  16.36637 0.04851
2458882.62461020  16.42694 0.04296
2458882.62583730  16.42460 0.05479
2458883.62414540  16.37748 0.03773
2458884.61735450  16.17436 0.03527
2458885.61534900  16.44513 0.08250
2458885.80865280  16.55911 0.04548
2458887.81673320  16.30596 0.08920
2458890.78820380  16.60335 0.16585
2458891.66399720  16.17935 0.09760
2458893.58041240  16.69768 0.07869
2458893.80008810  16.56078 0.09015
2458894.64531470  16.41573 0.03309
2458894.81962670  16.41867 0.06247
2458897.63515480  16.46321 0.04680
2458901.33830480  16.40921 0.04045
2458902.78508720  16.51605 0.04627
2458903.80769510  16.57227 0.04790
2458903.80896150  16.60259 0.05844
2458904.61268320  16.41992 0.04461
2458907.35445110  16.48116 0.04903
2458908.64787920  16.26007 0.03892
2458909.59936270  16.41329 0.03353
2458910.60104210  16.23615 0.05342
2458911.59771760  16.51527 0.06082
2458912.60071560  16.47806 0.08359
2458912.76866990  16.35135 0.04214
2458915.59200280  16.15176 0.06639
2458916.72797370  16.12358 0.08293
2458921.72416270  16.47343 0.09506
2458923.69242920  16.49533 0.07757
2458925.73385320  16.30366 0.05471
2458930.49001760  16.24786 0.04014
2458933.27496350  16.33347 0.04104
2458992.32524050  16.47583 0.04787
2459002.29905360  16.14685 0.09727
2459008.26295100  16.44574 0.10478
2459010.27256980  16.43614 0.04431
2459019.19344060  16.52310 0.10187
2459023.23114500  16.41494 0.04579
2459033.20551570  16.49733 0.11222
2459116.61190450  16.61098 0.04580
2459130.56855280  16.19331 0.07683
2459134.57992440  16.41446 0.05626
2459137.57378800  16.42213 0.04612
2459140.57615410  16.24887 0.04567
2459142.82799410  16.28689 0.04735
2459143.56560580  16.37755 0.05251
2459146.79979260  16.28172 0.03958
2459147.84162920  16.46045 0.03938
2459151.79844470  16.36180 0.07580
2459152.79543090  16.65282 0.11196
2459153.79229720  16.62963 0.13161
2459155.80982450  16.41422 0.11729
2459157.79504720  16.46050 0.11601
2459159.77366720  16.51502 0.05732
2459165.75842480  16.47687 0.03355
2459170.77088120  16.70767 0.07362
2459170.81967480  16.59344 0.08640
2459172.70538160  16.37093 0.04331
2459172.72936710  16.47401 0.04728
2459174.70711420  16.42336 0.05737
2459175.77817520  16.40405 0.03297
2459178.68717790  16.46778 0.07191
2459179.68078010  16.21885 0.05677
2459180.68204290  16.46648 0.07577
2459181.74121690  16.25448 0.05619
2459184.69438290  16.44027 0.09579
2459185.72314330  16.48019 0.10696
2459186.66242690  16.65399 0.13669
2459187.78002200  16.38968 0.08125
2459188.76895860  16.37344 0.06384
2459189.75038100  16.33203 0.06205
2459191.78560800  16.44672 0.06695
2459192.65133770  16.42666 0.02780
2459193.70210260  16.36671 0.04241
2459194.65294950  16.45457 0.03669
2459194.68205160  16.47842 0.04192
2459198.79235240  16.28370 0.03486
2459199.70283510  16.33887 0.03723
2459199.71596170  16.30885 0.04637
2459200.73382470  16.36653 0.02823
2459202.63722830  16.56914 0.05845
2459205.77726120  16.49778 0.03969
2459206.74157030  16.29617 0.02943
2459206.76478930  16.31298 0.04960
2459207.73330230  16.34828 0.05187
2459208.83648480  16.49970 0.07054
2459209.75828810  16.53756 0.05248
2459210.72356890  16.18213 0.09573
2459212.61786230  16.46536 0.13946
2459213.65997180  16.18981 0.10075
2459214.75618120  16.51479 0.09349
2459214.75748220  16.55432 0.10393
2459216.74036540  16.28356 0.07856
2459217.63999940  16.43916 0.06429
2459217.69111680  16.41195 0.07347
2459219.83431980  16.21221 0.06050
2459222.49826840  16.46796 0.03787
2459224.45388590  16.54153 0.03042
2459226.71351320  16.62934 0.05109
2459227.77146910  16.34973 0.03824
2459227.81483600  16.27672 0.03920
2459228.52128390  16.64240 0.05913
2459228.60644270  16.37913 0.03816
2459229.53261280  16.37016 0.04657
2459230.30850390  16.47499 0.04244
2459230.56434000  16.39628 0.03802
2459231.50140500  16.49194 0.04848
2459233.28732200  16.58813 0.07840
2459233.87081500  16.35707 0.06054
2459234.38861910  16.63881 0.06548
2459234.62992820  16.51535 0.05269
2459235.45132020  16.46578 0.04056
2459239.61471020  16.23399 0.07943
2459241.29117570  16.43040 0.16625
2459241.71236360  16.42288 0.09210
2459242.37359140  16.59298 0.07813
2459243.35850650  16.66828 0.10304
2459243.68844390  16.19078 0.08191
2459244.33915420  16.36864 0.10484
2459245.50050560  16.21145 0.07426
2459245.67914020  16.43124 0.07019
2459248.36292800  16.44812 0.04953
2459248.62084460  16.32923 0.04632
2459249.28822200  16.52467 0.04938
2459249.63612040  16.34279 0.04332
2459250.28258050  16.39591 0.05469
2459250.58256690  16.37442 0.05046
2459251.60408920  16.44779 0.05456
2459251.76367860  16.45465 0.05326
2459252.38593770  16.42311 0.03738
2459252.69366820  16.53269 0.06249
2459253.83765200  16.47439 0.06020
2459254.42951900  16.42959 0.04441
2459255.67754370  16.35125 0.04793
2459260.71744740  16.25988 0.04132
2459261.44534170  16.35860 0.03305
2459262.36695190  16.34320 0.04172
2459262.59016950  16.40540 0.05130
2459263.48623500  16.39867 0.04023
2459263.74010450  16.29229 0.04786
2459264.31216400  16.30457 0.04160
2459264.67374110  16.32966 0.04395
2459265.31353700  16.58650 0.04150
2459266.36675260  16.46013 0.03104
2459266.55011500  16.42590 0.08575
2459268.77363890  16.34409 0.05062
2459269.32569170  16.35692 0.05426
2459269.60162470  16.38731 0.06933
2459270.29726160  16.65878 0.12622
2459271.39869640  16.62694 0.11920
2459272.29082340  16.54804 0.15167
2459273.33761830  16.40523 0.13019
2459273.72970280  16.30083 0.09960
2459274.76081520  16.43501 0.07981
2459276.36196630  16.39157 0.03894
2459276.63129560  16.53658 0.07194
2459277.31034590  16.52258 0.03333
2459277.71499280  16.52041 0.06973
2459278.33199910  16.52080 0.04129
2459279.34175740  16.37589 0.03044
2459279.59216770  16.41759 0.04076
2459279.68202970  16.62787 0.07036
2459280.26974650  16.51880 0.04351
2459280.74817980  16.46974 0.05741
2459281.72259670  16.28871 0.04355
2459282.55487090  16.42839 0.03104
2459283.50714020  16.51683 0.03787
2459286.30597180  16.54925 0.04562
2459290.60035610  16.31826 0.04204
2459291.32351330  16.35242 0.03424
2459292.33085410  16.39502 0.04302
2459292.54992780  16.38986 0.04873
2459292.60261110  16.25473 0.03621
2459293.31858630  16.52542 0.03398
2459295.34602130  16.59250 0.06022
2459296.34577830  16.40834 0.03957
2459296.73945850  16.44476 0.04289
2459296.74078570  16.19547 0.04729
2459297.59646200  16.53064 0.04558
2459298.30562120  16.51752 0.07879
2459299.40106780  16.56277 0.10693
2459300.28664370  16.36383 0.07919
2459300.67131090  16.27106 0.09027
2459301.39634110  16.54910 0.11513
2459301.65971340  16.21749 0.11891
2459303.40361130  16.42079 0.13834
2459303.48384390  16.53728 0.09654
2459306.49255650  16.56641 0.04848
2459306.71810380  16.15982 0.05118
2459310.70261420  16.35379 0.04814
2459314.43203820  16.46825 0.03774
2459317.52806100  16.60890 0.04546
2459319.36792220  16.44239 0.06215
2459321.56524790  16.25415 0.04133
2459323.55046930  16.37890 0.05673
2459325.49419290  16.35884 0.06385
2459328.40028970  16.50809 0.15645
2459329.56775410  16.58039 0.11486
2459332.59328120  16.37379 0.10250
2459339.55932360  16.35808 0.03964
2459342.53643030  16.31903 0.05104
2459346.20312960  16.48751 0.05870
2459349.59716770  16.47408 0.04775
2459352.49072590  16.62285 0.06310
2459353.58130390  16.45874 0.08044
2459356.57543090  16.17976 0.08315
2459359.56229820  16.28428 0.10876
2459366.55724650  16.35520 0.04860
2459369.46987100  16.38678 0.03770
2459374.46157540  16.50428 0.06231
2459377.23595530  16.52963 0.04495
2459378.51930670  16.45614 0.04507
2459380.46946420  16.39542 0.06204
2459385.25769770  16.29980 0.10743
2459396.45306750  16.57788 0.06880
2459397.47557970  16.47212 0.07175
2459398.22551950  16.53982 0.07087
2459402.20875700  16.48783 0.06486
2459403.20540630  16.26115 0.05887
2459406.20243340  16.33625 0.07580
2459406.20367200  16.30677 0.08336
2459460.91029190  16.62393 0.08290
2459462.90323210  16.38711 0.06603
2459466.89741480  16.29434 0.04701
2459474.87897500  16.46289 0.08719
2459479.61221720  16.20344 0.15203
2459499.56806920  16.42126 0.05300
2459500.87739870  16.33906 0.06778
2459502.81716780  16.30996 0.05263
2459503.83074420  16.37536 0.05970
2459509.79156980  16.40304 0.09064
2459510.77821670  16.67520 0.14534
2459511.77704160  16.48375 0.09356
2459513.78510620  16.38140 0.07175
2459514.78575120  16.36455 0.06194
2459514.86595870  16.50992 0.08622
2459517.76402180  16.50406 0.06736
2459518.79619450  16.55193 0.05158
2459521.75498630  16.35615 0.05609
2459522.75020000  16.37036 0.06680
2459523.79590680  16.31890 0.03660
2459523.84898150  16.40242 0.05622
2459524.81299580  16.70145 0.14110
2459528.79570600  16.67188 0.07510
2459528.85312810  16.64646 0.08268
2459529.73203960  16.47120 0.05097
2459530.73843290  16.35779 0.05425
2459531.74098950  16.33789 0.09597
2459532.76048480  16.44509 0.08146
2459534.72715000  16.30378 0.08341
2459535.72656570  16.18890 0.08887
2459539.71179770  16.38316 0.10367
2459542.80519690  16.35506 0.07628
2459544.79695070  16.46523 0.07101
2459546.71324920  16.41207 0.05485
2459548.68053950  16.35662 0.03975
2459549.70032750  16.43671 0.05915
2459552.69737240  16.47173 0.05886
2459553.71129220  16.61256 0.05902
2459555.66062360  16.48607 0.05881
2459557.77897120  16.41043 0.05680
2459559.63988910  16.20822 0.08788
2459562.82101600  16.20288 0.04893
2459563.78361700  16.41792 0.06531
2459564.77840000  16.35313 0.08536
2459565.82634760  16.43949 0.06999
2459571.64025000  16.37742 0.09288
2459574.41530350  16.64162 0.07459
2459579.63320290  16.39654 0.06448
2459580.69116360  16.56431 0.07241
2459581.74974690  16.59182 0.06257
2459583.58923340  16.28584 0.05158
2459584.34332360  16.37810 0.06014
2459585.80111500  16.45988 0.06506
2459586.78613800  16.71728 0.06570
2459589.56297290  16.56530 0.08486
2459592.55006170  16.40503 0.21570
2459598.76221950  16.30225 0.11217
2459599.72400020  16.18916 0.07151
2459600.75543870  16.37291 0.10328
2459600.75672620  16.58179 0.17497
2459602.77847140  16.64767 0.11077
2459603.60441200  16.38861 0.03962
2459605.87205270  16.31911 0.08425
2459606.76601240  16.27176 0.05322
2459607.68625410  16.31559 0.02627
2459608.71931270  16.72116 0.08119
2459609.77908720  16.70435 0.07983
2459609.79526020  16.41542 0.05543
2459613.79427940  16.40166 0.05501
2459614.78535860  16.41790 0.06072
2459616.63477730  16.44165 0.05960
2459617.73130300  16.37015 0.03897
2459618.77566740  16.15030 0.06811
2459619.72838740  16.41380 0.05576
2459620.64459320  16.47800 0.04967
2459621.65546950  16.69128 0.12493
2459622.66957910  16.41616 0.07572
2459623.66924450  16.40833 0.10006
2459624.64150980  16.68266 0.16601
2459624.65647660  16.37368 0.13314
2459625.69400910  16.34052 0.10691
2459626.71985770  16.45682 0.15490
2459627.72372240  16.19614 0.09588
2459628.74071460  16.60704 0.16733
2459630.66217920  16.28230 0.09572
2459631.68626160  16.31604 0.06756
2459631.73692010  16.53414 0.13543
2459632.60568170  16.33538 0.06661
2459632.64546660  16.60353 0.09705
2459635.65813830  16.68394 0.10049
2459636.72846690  16.27935 0.06475
2459637.58037180  16.63532 0.06113
2459638.67206820  16.30715 0.05903
2459638.70043100  16.29529 0.04963
2459639.74469060  16.40013 0.04710
2459640.73359420  16.63135 0.08226
2459643.31427240  16.42889 0.08467
2459643.51375810  16.39838 0.04613
2459646.28875000  16.51808 0.06769
2459647.62970040  16.54896 0.05644
2459648.58092970  16.30976 0.03600
2459649.62548390  16.45299 0.05962
2459650.61900960  16.42491 0.04665
2459651.59701720  16.47202 0.07190
2459651.59825640  16.53410 0.07804
2459651.65953360  16.62193 0.07726
2459652.64674610  16.32296 0.06351
2459654.37023570  16.39482 0.13766
2459655.60951920  16.29484 0.08484
2459657.59667240  16.43623 0.09835
2459660.73953860  16.44145 0.09140
2459665.66390010  16.72421 0.07270
2459666.58153760  16.36092 0.05358
2459666.58282780  16.29303 0.05704
2459667.72066780  16.40654 0.04157
2459669.66592100  16.28994 0.04307
2459669.69794420  16.25061 0.03776
2459670.61022990  16.31758 0.03746
2459671.54628750  16.44408 0.03712
2459671.54752790  16.62292 0.09465
2459672.57806060  16.37771 0.04147
2459674.65042950  16.50548 0.05508
2459675.63059090  16.39907 0.03613
2459676.66724410  16.27132 0.04408
2459678.62039530  16.46063 0.04721
2459679.62972120  16.53255 0.05546
2459680.63727810  16.33592 0.05509
2459681.63584240  16.40115 0.08577
2459681.65029890  16.58736 0.09548
2459682.67779440  16.38152 0.06955
2459688.52026770  16.40702 0.08129
2459689.50619470  16.63098 0.10567
2459693.64218360  16.30515 0.04698
2459695.37766230  16.59583 0.09960
2459697.64911890  16.25309 0.04882
2459700.59470730  16.44636 0.04752
2459702.34468080  16.31540 0.05636
2459704.32632070  16.42006 0.04274
2459706.55930960  16.51038 0.05638
2459708.58235120  16.30734 0.04880
2459708.58362280  16.55799 0.12728
2459708.58492590  16.13288 0.08541
2459710.47520700  16.55325 0.08248
2459719.59041440  16.52035 0.08520
2459725.55373650  16.39914 0.04548
2459727.49644670  16.38970 0.04372
2459737.26942630  16.33398 0.06826
2459739.28690030  16.62632 0.13364
2459740.49562550  16.37585 0.07706
2459749.51223500  16.32375 0.05746
2459757.24378730  16.40363 0.08949
2459762.22623920  16.33300 0.06384
2459765.21189760  16.50423 0.07416
2459768.20900660  16.59490 0.15895
2459824.91854240  16.17086 0.12257
2459825.91398410  16.50320 0.09494
2459827.90715760  16.36986 0.05363
2459829.89619800  16.37437 0.05062
2459839.64360050  16.41028 0.11375
2459849.63327270  16.42439 0.06742
2459850.63295220  16.57861 0.09644
2459857.58803250  16.25399 0.05697
2459859.82299150  16.39309 0.10339
2459864.82645480  16.26192 0.08288
2459865.82979370  16.41116 0.09264
2459868.81298030  16.40198 0.05377
2459871.81050790  16.45324 0.05146
2459872.83489650  16.39477 0.04563
2459874.80020510  16.37394 0.06380
2459876.79627450  16.54634 0.06816
2459878.78490650  16.36802 0.05523
2459879.77863090  16.46898 0.04798
2459881.87091080  16.30273 0.09582
2459882.79508250  16.35379 0.04351
2459883.79171900  16.56107 0.05782
2459893.72958930  16.26301 0.08543
2459893.73089410  16.37764 0.16739
2459895.48024230  16.30167 0.12356
2459897.73194610  16.24744 0.05712
2459897.73452240  16.25385 0.08870
2459898.72453700  16.50891 0.05566
2459901.59027470  16.60694 0.11052
2459906.46155230  16.56947 0.06070
2459910.43735640  16.51629 0.06535
2459911.81471480  16.48602 0.05300
2459912.78551330  16.57076 0.07969
2459915.66939000  16.15833 0.05602
2459916.66186880  16.53061 0.11510
2459917.68470110  16.45255 0.05912
2459921.71688130  16.35532 0.12542
2459926.63368280  16.38324 0.04240
2459926.63497460  16.49040 0.08181
2459927.76175190  16.31170 0.06129
2459943.59944770  16.39157 0.05924
2459944.59624820  16.35828 0.04803
2459946.53403050  16.41809 0.05445
2459948.66863040  16.59528 0.10242
2459949.72792570  16.33875 0.09075
2459955.57086370  16.46115 0.04292
2459956.80206070  16.41098 0.06929
2459962.87093850  16.26338 0.06355
2459964.38755680  16.47981 0.03734
2459964.81710490  16.40454 0.03878
2459965.35109080  16.55527 0.03375
2459965.82700220  16.43317 0.04394
2459966.36237180  16.38056 0.02805
2459966.40413850  16.25157 0.03444
2459968.38316800  16.44877 0.05603
2459968.61394900  16.65982 0.12120
2459968.86548250  16.42824 0.04671
2459969.33159660  16.50099 0.04433
2459969.33282120  16.56100 0.05229
2459969.86111400  16.40256 0.04938
2459970.61506550  16.39686 0.07442
2459970.61755540  16.17790 0.14829
2459971.33049500  16.55030 0.05273
2459971.36469750  16.43570 0.04637
2459976.32023080  16.64223 0.08112
2459976.64764150  16.39986 0.05591
2459977.31204290  16.42772 0.07222
2459977.58953670  16.38729 0.06657
2459978.32611630  16.44223 0.06481
2459981.30129800  16.34539 0.12235
2459983.73488190  16.30950 0.08755
2459984.31506630  16.44921 0.05907
2459985.39555820  16.54298 0.06188
2459985.60662800  16.48782 0.08269
2459986.28676480  16.54488 0.04369
2459986.58421260  16.38143 0.04940
2459987.63683880  16.68425 0.07784
2459988.26623670  16.42966 0.05619
2459989.37192880  16.49384 0.03029
2459990.38213670  16.52191 0.04502
2459994.53048840  16.41431 0.04542
2459995.62952070  16.47967 0.04273
2459997.44601060  16.54567 0.05514
2459998.30754650  16.45419 0.03773
2459999.31470670  16.36359 0.04369
2459999.55915260  16.41634 0.05171
2460002.27123240  16.44626 0.03608
2460003.30133290  16.48620 0.04717
2460004.29632120  16.50515 0.04067
2460012.76368450  16.45468 0.10588
2460013.25640190  16.34690 0.04246
2460013.53600730  16.29654 0.06257
2460014.27887340  16.48123 0.05134
2460015.34079460  16.68556 0.07397
2460016.28214590  16.33132 0.02956
2460016.75709110  16.36134 0.06733
2460017.70401300  16.55247 0.09022
2460018.74333800  16.30490 0.05167
2460021.45544860  16.50231 0.04355
2460021.58006410  16.33417 0.03931
2460022.72961250  16.43982 0.05412
2460023.68643520  16.61535 0.06031
2460023.71342380  16.39917 0.04506
2460024.69880030  16.41826 0.04884
2460026.57514550  16.31723 0.03630
2460027.71578200  16.36971 0.03119
2460030.67383410  16.39797 0.05100
2460031.66059270  16.45143 0.05313
2460034.54112800  16.59649 0.08350
2460039.70565140  16.60145 0.19501
2460042.65413340  16.26574 0.08123
2460046.44158020  16.34621 0.06280
2460048.61657660  16.44849 0.05197
2460049.41088880  16.43940 0.03758
2460051.35787290  16.61608 0.06281
2460054.62528050  16.30748 0.04018
2460061.59880270  16.46624 0.03603
2460062.64997600  16.47983 0.04971
2460068.61061950  16.24405 0.10443
2460072.61136400  16.45072 0.09601
2460074.61476540  16.33056 0.06937
2460078.59940170  16.55374 0.06687
2460080.26632740  16.54817 0.04910
2460080.59672980  16.46264 0.06057
2460081.26596350  16.41634 0.03287
2460084.25729200  16.45548 0.03688
2460085.57945700  16.50469 0.05902
2460088.57052410  16.35882 0.04104
2460095.54942700  16.42220 0.09111
2460101.52901490  16.34802 0.08578
2460102.25261570  16.51674 0.06667
2460107.53076790  16.36107 0.06683
2460109.48832930  16.26609 0.05609
2460113.49906990  16.35540 0.05532
2460120.47652360  16.28113 0.03538
2460131.21221050  16.42392 0.04431
2460133.45869840  16.27224 0.07405
2460206.62357360  16.55684 0.06604
2460222.84918750  16.40563 0.05241
2460227.82024350  16.42921 0.06490
2460228.81872860  16.24603 0.05087
2460230.83043720  16.57850 0.05033
2460232.79873370  16.33875 0.04559
2460235.55021570  16.48090 0.03896
2460237.54097570  16.30440 0.04309
2460244.53691260  16.40961 0.12180
2460245.78564840  16.57792 0.15255
2460254.50962540  16.40917 0.04387
2460256.74350330  16.33507 0.04709
2460260.48472330  16.44011 0.04728
2460264.73537670  16.54656 0.12371
2460266.46324750  16.44148 0.03828
2460268.71459870  16.28152 0.04287
2460269.73075250  16.21112 0.05356
2460271.44858240  16.51215 0.10787
2460272.70689940  16.51076 0.12306
2460274.73286630  16.35243 0.11348
2460275.82443520  16.36088 0.10133
2460276.76239370  16.13433 0.08135
2460279.77628700  16.49798 0.08104
2460286.41187690  16.61758 0.05747
2460290.39564150  16.65648 0.06763
2460291.63907740  16.30169 0.05007
2460293.78328410  16.40554 0.03437
2460294.79260450  16.39040 0.03907
2460296.44117330  16.51318 0.04624
2460297.66752570  16.34924 0.05434
2460298.67899480  16.43058 0.07580
2460299.68710520  16.22995 0.04254
2460301.61456690  16.54794 0.11336
2460302.35988860  16.12712 0.10445
2460309.73284720  16.53183 0.08284
2460310.71190310  16.33025 0.04704
2460315.34825920  16.52126 0.04378
2460316.59393070  16.48593 0.04546
2460320.75599810  16.38406 0.03700
2460321.66265690  16.41348 0.04235
2460322.66648050  16.53645 0.05764
2460324.72991880  16.45226 0.05133
2460325.72197550  16.44272 0.04933
2460325.87147830  16.33167 0.10101
2460326.30390010  16.42699 0.05289
2460326.67718090  16.31776 0.03444
2460327.30440880  16.60907 0.06486
2460327.72947070  16.34258 0.06180
2460328.29898620  16.48544 0.08323
2460328.87443300  16.36050 0.10435
2460329.29498480  16.64518 0.09137
2460329.73282400  16.33105 0.03662
2460330.52692550  16.37985 0.04621
2460330.87432190  16.56090 0.11406
2460331.33165370  16.20817 0.08006
2460332.68218160  16.48213 0.07918
2460336.49073410  16.28376 0.11897
2460336.65518750  16.36089 0.08346
2460337.63890620  16.48655 0.20273
2460338.64567040  16.54986 0.13832
2460339.66788280  16.34750 0.06703
2460339.66910000  16.49887 0.08874
2460370.57064320  16.45967 0.03962
2460370.75984980  16.62501 0.08702
2460371.73969400  16.35456 0.06308
2460372.61184650  16.36799 0.03632
2460372.79153850  16.31035 0.06356
2460373.60689760  16.39653 0.03931
2460374.59479210  16.49722 0.04367
2460375.76691850  16.45644 0.05552
2460376.75061740  16.41408 0.05461
2460377.69023700  16.62365 0.06297
2460378.74938990  16.49960 0.05708
2460380.69480920  16.37268 0.03457
2460382.72364810  16.39969 0.04063
2460383.73772190  16.27685 0.03365
2460384.69832000  16.39227 0.04400
2460385.65366360  16.35290 0.04349
2460386.66120870  16.58773 0.06216
2460387.74918110  16.43997 0.04940
2460388.67689480  16.52950 0.07331
2460390.75119180  16.33466 0.07029
2460397.61420940  16.35721 0.06983
2460399.66538690  16.46983 0.10052
2460400.53211550  16.40556 0.03710
2460401.51246270  16.45412 0.04435
2460402.52281360  16.25513 0.03578
2460403.71148410  16.35277 0.04057
2460404.71092990  16.32553 0.03546
2460405.70624710  16.45569 0.04320
2460409.69563340  16.53305 0.04402
2460411.68529080  16.34379 0.03939
2460416.67216160  16.50997 0.05136
2460417.66558660  16.54458 0.05777
2460418.66823500  16.46622 0.07154
2460419.66550710  16.34547 0.06228
2460420.66666140  16.56065 0.08731
2460423.64961720  16.32155 0.10555
2460428.55895410  16.54056 0.06390
2460430.37854240  16.55492 0.10838
2460432.60766410  16.37513 0.05243
2460433.52792770  16.46240 0.03938
2460434.53563120  16.36840 0.04710
2460436.51478930  16.31059 0.04514
2460437.51431550  16.38718 0.05194
2460439.54008390  16.38057 0.05412
2460440.53240060  16.42005 0.03282
2460443.29290450  16.39751 0.04576
2460448.23639960  16.44721 0.11594
2460450.55899160  16.48478 0.09935
2460454.56893350  16.37296 0.13083
