2458220.8660257	15.77507163489602	0.0326621301434677
2458221.8670457	15.6452758636464	0.0226129102751593
2458223.854474	15.7201171683256	0.0253501254459644
2458231.8646764	15.701283472172864	0.035947253837409
2458261.9374802	15.642053143644992	0.0308555504858511
2458264.734303	15.795006298973666	0.0731190535588759
2458282.7795685	15.92358894103641	0.0249135402468945
2458283.4853231	15.632802540000243	0.0263254415513703
2458286.5138463	15.67741295411539	0.0158667987168597
2458287.5027111	15.86578812818538	0.0199708475601471
2458288.5554073	15.671019427349798	0.0166410364566827
2458289.5331553	15.801112681728904	0.0183500866184436
2458290.5031971	15.811155100767538	0.02647457477123
2458292.7444869	15.990076363876998	0.0604893422669546
2458311.7462264	15.778946670661998	0.0213636248436444
2458313.7130471	15.879187203995386	0.0228118293049406
2458318.7834626	15.95330872211614	0.0319425726356975
2458328.5136211	16.103438313709045	0.0699610706064345
2458329.495442	15.842817458317317	0.043071463302558
2458334.6902727	15.94151598445606	0.0317153963097067
2458335.6714653	15.826731187410603	0.0246993722810194
2458336.6634977	15.674732620578489	0.0197649211422702
2458338.5881494	15.782377462685528	0.0201418078848477
2458339.5470628	15.646438257496389	0.0195829000413721
2458344.5304255	15.708672995255649	0.0198624409721916
2458347.4986299	15.700032069207598	0.0214640495521214
2458353.6800918	15.491797169914106	0.0547442799088566
2458355.5045773	15.6275747310851	0.0403871581682717
2458359.6139717	15.74162819968448	0.0526588925541749
2458362.6645138	15.788280248100175	0.0210052574177296
2458363.5593816	15.761725600226644	0.0183291361072314
2458368.5912513	15.801866349344971	0.0266937450558136
2458369.5876167	15.828148465289114	0.0280975070377803
2458372.6148756	15.614412852135246	0.024466828051226
2458373.6175788	16.0031755598838	0.0283752804812318
2458375.6160137	15.732255994496668	0.0208377641209526
2458382.5487277	15.933161487275802	0.0483442946836691
2458392.512034	15.857230803206484	0.0563434421941195
2458393.512575	15.723267178600754	0.0273883840834443
2458394.5092028	15.736076388135402	0.0249626203289308
2458397.5031077	15.797647915922337	0.0255070951797711
2458398.5024976	15.781877950771882	0.0254873171801294
2458517.8800761	15.64562007928812	0.0503360568528738
2458518.8676297	15.83681045279938	0.0331063370718683
2458522.8540287	15.615217430720032	0.0339489861452602
2458523.8533489	16.07693246449313	0.0516232652503475
2458530.8649699	15.693115634080767	0.0269254838445889
2458532.8496859	15.666829150329862	0.0548216554281436
2458533.8582363	16.01014413541247	0.100275132917501
2458536.9922698	15.702356192060224	0.0564528160267693
2458559.7774711	15.763763892910184	0.0235592352466884
2458560.865812	15.631151406513784	0.0229977810278906
2458561.8024728	15.66172209167625	0.0408849947975313
2458562.7896422	16.011274067777325	0.07651124387724
2458564.7689102	15.624047602011805	0.0595277599209738
2458565.7922937	15.66275271091694	0.0595695381563394
2458566.7876147	15.75995689496728	0.0579289829260876
2458571.7381078	15.628027400697349	0.035033483646391
2458571.949589	15.961436560696754	0.0372234480164629
2458572.5653547	15.814867855310482	0.027604661635207
2458574.7314352	15.589387877575875	0.0273315607843154
2458575.7204491	15.741741631023148	0.0253145706205429
2458576.7164369	15.801178501869506	0.0290321472296006
2458577.7242633	15.70629988869597	0.0237710151777786
2458578.7367375	15.881925431758624	0.0277610179720498
2458579.7575258	15.620949044539262	0.0282563574604424
2458580.7233138	15.793747550773244	0.0266173991869779
2458581.755965	15.629502445630427	0.0293233886762016
2458582.7613996	15.799623327101273	0.0198210901816456
2458583.7059799	15.958235637743377	0.030059158705215
2458584.6975851	15.685603347554814	0.0223102103213234
2458585.4838083	15.894153614121082	0.0303178101059499
2458586.8935587	15.773755639988142	0.0269277035089065
2458588.679014	15.746063862930065	0.0618828523945437
2458589.678897	15.90677396649222	0.0728007698638098
2458591.6831256	15.823416436545056	0.0762636790262287
2458591.8421683	15.621782965393134	0.0371874226185497
2458593.9014234	15.740510556002702	0.0673370537993448
2458594.7132595	15.975465818360789	0.0926309901732637
2458598.9919005	15.668253704271432	0.0349763799179499
2458599.8980161	15.773049027210664	0.0347170059621654
2458600.04952	15.743057662275358	0.0214165504084985
2458601.6496414	15.728526514336847	0.0170025238265528
2458602.5201121	15.685794688916474	0.0250951569276757
2458604.5552504	15.683501874176686	0.017477776801827
2458604.9054972	15.775060693637126	0.0219965666597562
2458605.8300283	15.94866107879312	0.0328769018842824
2458608.7798503	15.945193244140489	0.0343553836533337
2458609.8074389	15.690258426623192	0.028148722755084
2458611.960844	15.713416541399392	0.0256010965168121
2458612.6162369	15.932574487722071	0.0333057328318538
2458613.9657153	15.704624281656628	0.0175710930803909
2458614.3646644	15.744145062297193	0.0195425042278521
2458614.8667319	15.630037932230486	0.0222642054448671
2458615.7502085	15.667714462416969	0.0217687137664932
2458616.8242155	15.781330644335236	0.0289588721927271
2458618.5961006	15.636874546536824	0.0512019302155537
2458619.6237487	15.452056373769556	0.0611687099076479
2458619.9495106	15.882037111670131	0.0469680859761717
2458620.9194474	15.899514389732534	0.1486257869427934
2458626.4334597	15.832376072516944	0.0437724486284279
2458627.4392938	15.790496934400576	0.0359081838792435
2458628.975864	15.790726394126184	0.0231263201927016
2458631.9021211	15.79162992034314	0.0201741316557749
2458632.8986735	15.75345705376513	0.0233279082032739
2458633.8948608	16.008820872994328	0.0295662364587073
2458634.8922183	15.761108164298506	0.0173443625423098
2458637.8006602	15.85977491507708	0.032311627076374
2458639.9185269	15.697150857936794	0.0238270506076968
2458640.584939	15.677713325476724	0.0199908119972738
2458641.8276759	15.949916557298817	0.0403058577457996
2458642.7866495	15.86000481100918	0.0294583835302164
2458644.878809	15.783689286948094	0.0273378332544018
2458645.5172031	15.749554209451349	0.0404268611109379
2458646.7121074	15.57186131174968	0.0321750692310695
2458647.7111051	15.849645671888826	0.0431108891684788
2458648.6771274	15.844946533238202	0.0415430855838209
2458649.3943673	15.741140664834866	0.0542676263303689
2458654.8383488	16.15093585258608	0.056131080254443
2458657.7556095	15.84103379716435	0.0404495054377245
2458658.7408659	15.85431921398371	0.0232214389264159
2458662.7645428	15.896915122126234	0.0248215121792645
2458666.8737329	15.806416040275524	0.0152307348713956
2458667.2123849	15.94681713870628	0.0306488014269846
2458668.6236209	15.770611641833383	0.0217037163488456
2458669.6414097	15.857309960760071	0.0292045282801011
2458670.8620712	15.73909203707574	0.0198915687998276
2458671.5964484	15.783142063561634	0.0342809684846657
2458671.8550756	15.713218041428952	0.022485804056417
2458672.7886039	15.910239430508696	0.0298338096480351
2458673.4920175	15.7002705076886	0.0178032572343439
2458674.7042865	15.675786724318574	0.0327730559390595
2458675.6588885	15.662163331685502	0.0465259839927897
2458676.5725061	15.8915435494506	0.0505139176671599
2458682.7372216	15.605943714407802	0.0588483573712197
2458683.6047066	15.624477227728192	0.0433142977621369
2458684.6471242	15.941177556842456	0.053092817265813
2458686.4450719	15.962679243844164	0.0410154830635671
2458688.7702464	15.888014276650512	0.0330058734916363
2458689.7731289	15.680128790487526	0.0275523685144493
2458690.6648441	15.664232892327458	0.0201554594613134
2458691.7163502	15.948377973480062	0.0273320242218574
2458692.3599102	15.919596731226148	0.0314894592382443
2458692.7727191	15.674471507700945	0.0196097539736688
2458693.6974157	15.709936520042822	0.0199569525131187
2458693.7840863	16.004748499643025	0.0306106151945714
2458694.7245505	15.868886966888711	0.028181243883798
2458697.6087208	15.890264655735148	0.0259691033201185
2458698.4373093	15.7667259069549	0.0235698578396803
2458699.2831854	15.65986501458333	0.0232109539662138
2458699.7660544	15.835379204936457	0.0196727781097798
2458700.6098842	15.71106571994397	0.018381826461259
2458700.7580364	15.765723715254826	0.0275327207081008
2458701.6108449	15.690909953327893	0.0266072155834993
2458709.31944	15.7735229754441	0.0636299004312324
2458711.2624184	15.76604629256169	0.0575068068921776
2458712.5070603	15.652240724586102	0.0293568999353572
2458713.5187036	15.869925076625126	0.0261869371404026
2458715.608755	15.834527215248412	0.0329468733290672
2458715.681389	15.775812733720112	0.028407508799293
2458717.6471516	15.893505514158097	0.0291437217233841
2458721.2431183	15.958163264502891	0.0309939082305621
2458721.6580986	15.714562796253624	0.0230228884440377
2458722.3214217	15.71415874954912	0.021888096601518
2458722.6723256	15.995580296173443	0.0294600846105433
2458723.3750536	15.637151516744993	0.0241792635807699
2458724.3752133	15.679615457449614	0.0189746357455109
2458726.5723828	15.99845167829887	0.0450795827245074
2458727.6410444	15.692724882916789	0.0224308740717948
2458728.5727185	15.766012686286778	0.0337637869603951
2458729.2154512	15.958210841557452	0.0497070389657548
2458729.6466991	15.743496568477726	0.0235169863872734
2458730.2564401	15.643193775200812	0.0297778342155065
2458730.6491844	16.217013427349485	0.0633490233153137
2458736.2441539	16.194897900530897	0.1669838554478981
2458741.3256329	15.676232216320102	0.0768523673066851
2458742.3264382	15.457957759913832	0.0747519411385255
2458743.321288	15.757246500804246	0.0530656773460589
2458744.3180525	15.721929998055604	0.0352674845001859
2458744.5773608	15.851083479720993	0.0361665886602371
2458748.5670374	15.731418724802335	0.0262040505475571
2458750.5771896	15.695486696568882	0.0302829962986147
2458751.3024566	15.997208149648817	0.0326511686309733
2458752.2891589	15.795374336292634	0.022508714383923
2458752.5531528	15.884592277027746	0.0320000024723762
2458753.2552786	15.6478223310779	0.02076857264546
2458753.5780539	15.642111418245788	0.0275205119446479
2458754.2894342	15.989886864779654	0.0376987035527498
2458756.5441832	15.744066388677586	0.0277694207136051
2458757.2571856	15.908991409024244	0.0306834441599854
2458758.2615022	15.646516814961354	0.0226337176900075
2458763.2799232	15.7030116233596	0.0560730731881778
2458763.4950424	15.755548323654905	0.0461172680060033
2458764.5414148	15.771095706395704	0.0521921193247057
2458766.2785862	15.824687271207608	0.0465452176080512
2458766.4890108	15.760659405583503	0.0636403406699762
2458899.8379441	15.69229040042497	0.0308267154197353
2458900.8438484	15.828141293090802	0.0383998224919886
2458901.8462298	15.855809035998544	0.0358519833023497
2458903.5999144	15.791876284999624	0.0261238822033615
2458904.8251694	15.710338899679837	0.0331585605564946
2458905.8204366	15.54032277856786	0.0326438017137402
2458906.8428782	15.85081982567183	0.0400841237589254
2458908.7966156	15.763007990635092	0.0247810656274555
2458909.8210467	15.799360109841242	0.0290570290607157
2458910.8104369	15.661280374426646	0.024487239969497
2458911.8073551	15.886396631078268	0.0369636480211969
2458912.5500736	15.601259460385338	0.0290680065587823
2458919.7756713	15.57118152800088	0.0852536508241996
2458920.802828	15.787877891675512	0.0840116844022306
2458922.6454951	15.727162596188707	0.0474920039334823
2458926.6377793	15.72147777537502	0.0254474483156154
2458928.5000952	15.67146496985062	0.0258213337877703
2458930.4938371	15.838871921072206	0.0295848635272711
2458932.9157087	15.738259461422563	0.0197933704454121
2458933.922073	15.91296066458007	0.0261324005428734
2458954.8754694	15.941687221385196	0.0299774559875238
2458958.0240236	15.738093864605204	0.0242089070519147
2458962.0359981	15.85397063522981	0.0176563496775991
2458964.8297293	15.717002468332591	0.0228219245355642
2458965.9623984	15.71402718069841	0.0233470478574759
2458967.9057096	15.900526786933732	0.0258713585505592
2458970.0267716	15.764653265250177	0.0199822309842115
2458985.9352486	15.918883296697135	0.0225453313930078
2458988.9470714	15.742965511525115	0.0192617111343288
2458994.7493597	15.99117799409385	0.0271578081565381
2458999.8778604	15.67877060454334	0.0219235538460789
2459009.3821516	15.531552134567727	0.0541610621682395
2459020.2421387	15.630729480350125	0.0278864949785523
2459023.2424423	15.590979932450828	0.0248679459076386
2459026.7144893	15.664322556913906	0.0250076220611276
2459036.253054	15.972510367458469	0.0983583606741239
2459042.7732861	15.801028315556351	0.0264723801490447
2459043.7748937	15.911667977571753	0.0264209485510001
2459051.4218592	15.868842525829702	0.023381010863791
2459052.7954206	15.862497981679748	0.0271128069545634
2459055.8012161	16.024517080696427	0.0286937296221591
2459056.3252194	15.672773413068482	0.0236252615432297
2459058.7547599	15.997569860435782	0.0503149533642882
2459064.7705172	15.709517100241946	0.0590988340651484
2459068.7449712	15.745708283160202	0.0335147687012434
2459071.7511872	16.007140628585226	0.0289629210009555
2459072.7002209	15.794675490835369	0.0260180371714642
2459077.7403756	15.777815386748015	0.0294847913664626
2459085.5970507	15.58321990301488	0.1194894969151534
2459096.5910245	15.86218641611797	0.0459933018430418
2459101.3240277	15.74954580257222	0.0317730358027161
2459103.3571103	15.902685471503077	0.0414711885702387
2459110.313169	15.689286982465484	0.0235067360483743
2459120.2960055	15.614723499275511	0.0452860150663838
2459121.2816065	16.00955685013303	0.0744145161885121
2459126.5713645	15.821583951986	0.0368978005468927
2459129.5578357	15.817049788811858	0.1692619178737135
2459133.2668411	15.674655758555112	0.055291499604246
2459240.8724063	15.806483559402915	0.0643437222917399
2459259.8340726	15.654973963187064	0.0319072448352455
2459262.8195358	15.723583246142825	0.0395837401715537
2459263.8283136	15.944652956744008	0.0434931784612872
2459264.8253415	15.59595609811286	0.033864095977521
2459267.8293166	15.631457620077915	0.0259887821307699
2459268.8163809	15.918640238229166	0.0560739422811977
2459272.5808792	15.590471135468622	0.0644952943627165
2459274.7863197	15.9768624114678	0.0926347516676217
2459281.7688967	15.764019166544012	0.0362202119180334
2459282.7639975	15.85365764931412	0.0417871270571951
2459291.5425174	15.903412842569322	0.0361177906770812
2459292.9351908	15.732118343285231	0.0224792054241569
2459294.8429085	15.892175606082215	0.0352864247001687
2459294.960593	15.687396791472716	0.0255637937549056
2459295.741563	15.796582926736582	0.0362998302891602
2459295.8434776	15.625229436004757	0.0265577278256192
2459297.8247151	15.843494952778409	0.0316851842657497
2459298.4764941	15.549440417567826	0.0506401465319762
2459301.7097686	15.589633970677692	0.1208782976011926
2459302.9020017	15.788104308484147	0.0958909787056687
2459309.6255061	15.746710750776607	0.0448688335248341
2459309.8839128	15.953775428853223	0.0348299686789398
2459311.4547293	15.69000979675039	0.0258600301031412
2459312.7624471	15.803729188025606	0.0321434691332688
2459313.8887408	15.73742002270103	0.0272164877619833
2459315.630472	15.662919463095175	0.0210910211206841
2459315.9054257	15.640267090870402	0.0217175797590839
2459316.6010544	15.897102105137646	0.0311136427563931
2459316.6714681	15.7897788779635	0.0225106026779623
2459316.7671367	15.63180245677399	0.0230922827307534
2459318.5936693	15.68734884015609	0.0236005850292461
2459320.4086929	15.6885042368468	0.0254532024982481
2459321.9100695	15.92427709245875	0.0417849751601437
2459322.4903991	15.803287523409686	0.0316620711580787
2459322.7274161	15.671987036311856	0.0275660414185652
2459323.477437	15.683753479976568	0.0191151329488027
2459324.6827531	15.740869787397584	0.0292152752988687
2459327.4898443	15.788296057241498	0.0240073622439768
2459328.4454144	16.02461724940833	0.0841431796685575
2459329.6429097	15.89940140724944	0.0889963729400537
2459338.6554022	15.646119846659872	0.0337981287447637
2459339.838848	15.726973125113991	0.0214442694345054
2459343.8841756	15.76507778734494	0.0248689809706901
2459344.349941	15.831281037507686	0.0180305274532846
2459344.3511654	15.803385780228965	0.0180530196771431
2459344.7756197	15.714102010712352	0.0182043888896576
2459346.5864194	15.6965655906167	0.0219161133268135
2459348.9132908	15.824226576383769	0.0386205745212931
2459350.8649227	16.0730539032063	0.0500325441084111
2459351.5136011	15.74135756560944	0.021273764838272
2459351.5698985	15.702388252447236	0.0178876309148188
2459352.8729399	15.826807444262702	0.0251557349376971
2459354.9410773	15.817349187463725	0.025796517696945
2459357.5737189	15.597050241570503	0.0693729312682062
2459358.3082985	15.992436557518804	0.1037794337706319
2459358.5577093	15.776699056390855	0.1011446436342706
2459365.5316014	15.705624934330356	0.0412106158299842
2459365.6880137	15.771832543730223	0.0266752131203023
2459370.3307105	15.945150100822405	0.0255212253199675
2459372.2826258	15.681143023086523	0.0238050305249834
2459372.5368714	15.69643030440427	0.015900874759802
2459372.6950437	16.070578810754114	0.0468631751677284
2459372.6963362	15.98017377409209	0.0442253726445562
2459374.5171677	15.896719003101204	0.0300046681974224
2459375.4518837	15.753269974035277	0.0194240993365598
2459376.4433155	15.74168748283709	0.0220733766434376
2459377.7053845	16.03489119763058	0.0416980130966526
2459379.4936051	16.01351604996938	0.0443375452974972
2459379.6897717	15.656479132073123	0.0271421264668476
2459379.7751805	16.021463320674844	0.0386471141116561
2459382.8609899	15.666235475641614	0.0184908788082259
2459383.7150705	15.739713476674272	0.0262863476886008
2459384.8239506	15.943483342351456	0.0338774622558205
2459385.8397356	15.714498094411557	0.0370851471968417
2459386.4750053	15.68661376733828	0.0524057507297232
2459392.4920371	15.884448549958012	0.0360136813222105
2459393.4822955	15.586882325389666	0.027871820763225
2459394.6292517	15.714699935652048	0.0390211318494032
2459396.7609081	15.616083166723396	0.0273862471808521
2459396.7994139	15.59970488993306	0.0398716553008679
2459397.7592145	15.884232757439795	0.033098059958932
2459401.7044685	15.68906231949703	0.0264906916918346
2459402.6786262	15.674989217572868	0.0268342631395311
2459403.7147698	15.961589986136133	0.0363856461661817
2459405.6485285	15.808062717613742	0.0237135226914127
2459405.683397	15.810370220138486	0.0275640405737627
2459407.6814332	15.796914143653314	0.0225256566127802
2459410.3642626	15.624746299071711	0.0228498053757673
2459411.7840068	15.6851729030031	0.0218030945675222
2459412.6692404	15.716518845114535	0.023793034360638
2459413.6269295	15.690252992865974	0.032639499728925
2459418.6150348	15.46729354724369	0.068662099492782
2459420.5607195	15.64257879957065	0.0541572808804767
2459421.3822544	15.661412926475544	0.053177818387317
2459421.6953566	15.88346579040371	0.0603471582158132
2459422.6861053	15.562304819668675	0.0383995304747072
2459423.7364045	15.908775007420097	0.0603842778975817
2459424.7950587	15.787161426918193	0.0178735158763005
2459426.7481961	15.912849598794756	0.0468239778328236
2459428.6838808	15.693986047574429	0.0290722498579969
2459429.6697957	15.89240876417229	0.0281402222256474
2459430.6512731	15.648148873906084	0.0280026877875722
2459431.6199887	15.7096240165672	0.0250380250688093
2459432.5672964	15.887720613649543	0.0337034900952283
2459433.55679	15.752020690054964	0.0263344906780022
2459435.6513819	15.686105418624374	0.0278994366850419
2459436.5638787	15.692191211582012	0.0299732601170325
2459437.5456451	15.71238235665511	0.0268433385848356
2459439.5245107	15.544840590752276	0.0235901461150449
2459442.3067916	16.038467741769086	0.0633693636733057
2459447.5648514	15.771271600256329	0.0655335093849505
2459448.6352147	15.94570039471144	0.1055113173967627
2459449.249039	15.61669273339165	0.0842826374196628
2459451.6716997	15.723196799872737	0.0641072454978098
2459452.6485257	15.884673126396942	0.0621660620408483
2459453.6069555	15.9186538689616	0.0405679377987877
2459455.6051891	15.950245896465978	0.031894403793766
2459456.5147661	15.90312205130058	0.0322281025500279
2459463.6031859	16.00858511843694	0.0450483125996517
2459466.5086421	15.942984299624642	0.0352999355344359
2459467.2635771	15.723422368222018	0.0242134116783868
2459469.6069023	15.61021185591387	0.0357990787273602
2459473.306071	16.125236467714156	0.1125540801330197
2459476.3116806	15.749822960336449	0.1036341830117645
2459479.2983851	15.77367034958722	0.0835170122770188
2459480.5854271	15.624307135497515	0.0308733251452902
2459484.5426946	15.937738023409484	0.042094223087752
2459485.5374747	15.689862005907472	0.0329255483692165
2459489.2657988	15.946945666906291	0.0396997420578277
2459490.5088039	15.62062623834601	0.0257588814920463
2459491.5263365	15.690983180143792	0.0336542041445099
2459493.5665701	15.727836431945086	0.0336979380572408
2459494.503317	15.743530946027333	0.026415384257694
2459496.5001248	15.621292107211344	0.0246628195967837
2459502.488121	16.082805356655374	0.1156221526993376
2459503.4886415	15.779930289402133	0.0976682148066059
2459603.8773503	15.569815221985449	0.1745660138459437
2459609.8816703	15.5504458631152	0.1015105022831295
2459614.609355	15.826900116243788	0.0399528882549924
2459620.0203014	15.88119421864164	0.04017715133663
2459626.8263382	15.807445598068632	0.1161327618071642
2459628.8301788	15.698106347239268	0.0905219648719206
2459629.8293362	15.682249768645748	0.0617511469536925
2459630.8285887	15.920353063133703	0.0756253934198872
2459632.5646386	15.896014250359054	0.0622844287422321
2459633.5930842	15.67467718787	0.0365712040149098
2459637.5522158	15.563380690482882	0.0367493722989407
2459638.7995693	15.789754931389872	0.0414884136056259
2459640.7847706	15.66056735765928	0.0313236905963823
2459640.7860763	15.659067916517497	0.0492432223246321
2459644.1294681	16.09897876658297	0.0387659245563757
2459644.5279133	15.759546242876231	0.0358891698379199
2459646.7727696	15.931967716481791	0.0426964781566895
2459647.9640211	15.78341077799558	0.0192687579138498
2459648.8442131	15.952609737596504	0.0251782632626784
2459651.1116756	15.693429660312066	0.022493956757469
2459653.1079433	15.745122363460622	0.0237724515665458
2459655.4963047	15.594858435421568	0.0854756223324911
2459657.9645447	16.04632380632692	0.0871633649054799
2459659.7393174	15.816434334002256	0.0688899533182524
2459659.7968219	15.959594527526402	0.0784692615729454
2459660.8590263	15.68051618076587	0.0358800142840068
2459660.8616266	15.503692046183277	0.0623948643128082
2459665.0935102	15.946996844206144	0.0381373038016724
2459666.5127254	15.815696992918282	0.0322837022965325
2459667.9811409	15.817719301821692	0.0296896521701729
2459667.9824044	15.785084624474576	0.0376310367135596
2459669.9210955	15.768242097838304	0.0221039548508319
2459671.8024734	15.75541780061718	0.0196465481767026
2459671.8320866	15.799716706068388	0.0193647395104718
2459673.7072447	15.805976732070524	0.0341236376209402
2459674.7178979	15.735571919686976	0.0232376075191321
2459674.7613163	15.733867857651662	0.0187482009317101
2459675.7984339	15.745203104676891	0.0190236988635603
2459676.7815542	15.70571594227694	0.0139217943287944
2459677.7818378	15.932101647280508	0.0279967095175774
2459680.9102485	15.663848864237796	0.0227165558772056
2459684.662611	15.74439479044372	0.0953599580041819
2459685.8481516	15.759675351390015	0.0546223188951355
2459691.8253785	15.759422273935275	0.0437317527535386
2459692.6752752	15.611358427817496	0.0265321604499589
2459693.8146521	15.677481319317884	0.0194146469888582
2459693.8529939	15.627447631070645	0.0220020319385474
2459694.7742528	15.644055464679765	0.0190790676430783
2459695.6529218	15.737548272706231	0.0236150688422541
2459696.8229607	15.62946031574989	0.0222625685892961
2459699.3780429	15.831927294982036	0.0387464982488704
2459701.8000372	15.671218228805516	0.0274611482541395
2459702.7801804	15.695976250064655	0.0272213990875894
2459703.8497785	15.769304206958246	0.0407278984864422
2459704.5457795	15.597499517445332	0.0325577190788297
2459704.547021	15.470688505563214	0.0481340785004973
2459704.5482728	15.737353122358016	0.0500239848550543
2459705.8737575	15.912320360139493	0.0411282322663323
2459708.3454874	15.547269605151683	0.0586200669533524
2459708.3479798	15.68797637777312	0.044975831985352
2459709.356516	15.878872071358956	0.0568214893968731
2459709.3577678	15.798365136729434	0.1018945450329654
2459709.3779155	15.541596536575115	0.0743298975561143
2459709.3791675	15.995234925229385	0.0938814593955607
2459709.3804082	15.89613305248519	0.075215990558639
2459711.5273513	15.761191423404416	0.030348246529907
2459711.5285918	15.75890187913988	0.0518303821618247
2459711.52989	15.64832562446095	0.0418588646417284
2459712.5422648	15.795162924461865	0.0630015156183891
2459713.8005491	16.158880118015325	0.1238713969688869
2459714.795128	15.765513881342576	0.0696299542294341
2459721.9144579	15.660996456950684	0.026919529748283
2459724.5038285	15.646476277780888	0.0292170587186107
2459725.8180065	15.928791970428875	0.0362334142833187
2459726.7404337	15.93627645236703	0.0285198123028776
2459726.7430086	15.97434484460524	0.0510092804866782
2459726.7919857	16.11714723340313	0.0463354690327242
2459727.3489176	15.928003266437988	0.0365995172614888
2459727.7809697	15.63625002807354	0.0195435080812002
2459730.4108841	15.71029722327318	0.0269385698828157
2459731.8154119	15.958706047211964	0.0379466936321101
2459733.3744413	15.700320968959572	0.0177240371998644
2459733.8681732	15.946880930023944	0.0275504737813295
2459737.3038056	15.937644440218136	0.031030273469752
2459739.3548037	15.778607804762403	0.0272989569938108
2459741.6900053	15.80691877172922	0.105677357926709
2459742.2931883	16.04193687745059	99.999
2459746.6314683	15.778364397973007	0.0876498931904219
2459747.8155782	15.586610997839571	0.0442908721384494
2459749.6658981	15.658104372678658	0.0249479392254449
2459749.7255624	15.760632201745914	0.0339156181641089
2459753.8244474	15.73507391609972	0.0250486564896661
2459756.2891617	15.975277009408336	0.0301041142124982
2459758.8695626	15.871407071783176	0.0242690185802603
2459760.568382	15.683076141915135	0.0162079078153435
2459762.7725851	15.969194452653197	0.0382587261203258
2459767.6318494	15.6629467425261	0.0273920754947143
2459774.2484878	15.85809197109695	0.1809940559623868
2459776.7811769	15.72969401661754	0.0783355536774604
2459779.7724468	15.780361061064614	0.0356607516875346
2459782.7381346	15.654984773160669	0.0253290615381545
2459783.7018892	15.949388278671211	0.0243262803203785
2459784.6327868	15.970948348438316	0.0322445615280241
2459786.6714602	15.97471542466145	0.0259462545266059
2459787.7037881	15.664354911846663	0.0212799599283544
2459788.6622998	15.737373990234072	0.0154282310979271
2459789.7087174	15.731934170571588	0.0272137179948679
2459791.7288716	15.830864233768962	0.0294571929444675
2459792.6841522	15.67503697393394	0.0203234037634553
2459793.6731897	15.737705654203038	0.0240558985718115
2459794.7008023	15.714328762335686	0.0242865645256919
2459795.6868469	15.74247303348618	0.0239315228081888
2459796.6976274	15.910802283532666	0.0300127983826205
2459796.6989141	15.904811678322838	0.038904124688256
2459797.6089128	15.831584133290066	0.0489162153539982
2459801.30877	16.04199833440258	0.0860153197003588
2459805.5563055	15.917336916682732	0.0449919483764306
2459806.6282484	15.658061957221054	0.0362535813800224
2459806.6295013	15.685542460509245	0.0525073511709388
2459807.6612608	15.746042464821308	0.044202066555974
2459808.5837664	15.719760865296134	0.0193274548787343
2459808.5850068	15.694030702979074	0.0236363709240646
2459809.6326442	15.900198815544508	0.0297550273722687
2459809.6796981	15.98909739475028	0.0464512104934411
2459811.5547091	15.701215566451278	0.026099055518432
2459814.5156416	15.687568809659716	0.0190846730148897
2459815.5768449	15.954331677325548	0.0329899328341503
2459818.5400494	15.98165082752153	0.0263996366033179
2459819.5845945	15.595785338266277	0.0236098467127854
2459820.5865865	15.948681426529095	0.03220718038359
2459821.6216381	15.568974620860276	0.0251043508479978
2459829.5199887	15.76243175339133	0.0563763015807584
2459835.2237244	15.5895002877171	0.0372267597140623
2459836.5620844	15.817712747209557	0.024801023453599
2459838.5757745	16.006339051010247	0.0541547437201073
2459840.5633473	15.699055741224372	0.0252533249493306
2459841.5258009	15.929112147842403	0.0336819752494944
2459842.5461595	15.737065959892668	0.0274170276834723
2459843.5138526	15.662386727586812	0.0304311095369007
2459851.5344334	15.855281693684924	0.0249705157843087
2459856.506642	15.632329617087702	0.0392684797694371
2459858.5257574	15.607848163034186	0.0545848253878886
2459861.4969563	15.810274629879933	0.0636993176452037
2459862.4929382	16.031316400937243	0.0667148114209243
2459863.4934917	15.769291751814364	0.0295430262229876
2459865.498289	15.884858861065132	0.0273836125314512
2459866.4914973	15.640764463181	0.0385248887661186
2459867.4879807	16.09492866931397	0.0991440143541944
2459969.8769848	16.215466864665096	99.999
2459969.8782731	15.832087399313366	99.999
2459971.8721821	15.655284719010304	0.0505824664099218
2459973.8671191	15.766139921441376	0.0427159601922623
2459975.8660735	15.722279465763322	0.0326929628204951
2459987.8337255	15.584037002076991	0.0599080206947673
2459994.8249034	15.64724024199876	0.0240663693463567
2459996.8127795	15.85007297247374	0.0343652561388589
2459999.5727997	15.630619642757305	0.0249854528897773
2459999.5753276	15.706254231648892	0.0268419398948758
2460002.5758278	15.779787420954351	0.0219728786421399
2460003.8271246	15.949458529947467	0.0226104347967723
2460007.5921282	15.78813845321389	0.0251513663624049
2460007.5933685	15.74995982301176	0.0344168404330983
2460020.6259976	15.892499936157316	0.0267358343508902
2460020.6289137	15.991549909853472	0.0471918622754893
2460020.8823857	15.826602303253292	0.0296168121347178
2460020.8836839	15.77739297494957	0.0437146196797562
2460021.7386283	15.705760031564262	0.0234577187398713
2460021.8211819	15.933034231552238	0.0392818740026113
2460022.7754765	15.783694515950916	0.0146339560247585
2460026.7286923	15.65482678399568	0.0303139675620959
2460026.7451476	15.76541463652778	0.0185027603925286
2460027.8649921	15.652570377468471	0.0212976892863734
2460030.0715043	16.028897677848448	0.0334235343386375
2460031.5870397	15.828878844759055	0.0215601040225438
2460035.0759007	15.954714937541992	0.0362042174488342
2460035.5701126	15.668509902111904	0.0190192321783354
2460036.5070121	15.84084452475463	0.0440957413193056
2460037.4889076	16.01684614677463	0.049540936896553
2460039.8738981	15.864354541931654	0.0986444827230276
2460047.7988281	15.823684696719535	0.0382362179711992
2460048.7989633	15.709672962470268	0.0227037450083979
2460050.0785899	15.79571186341594	0.0208316437599868
2460051.5604712	15.779443079965477	0.0190401345287647
2460052.8770278	15.770352225520822	0.0229020448004789
2460052.8794735	15.764950996786736	0.0478938798590987
2460053.8908314	15.804486537914872	0.0224639684962383
2460057.0315356	15.721657087667191	0.0189422365171726
2460060.0081956	15.686214182267449	0.0172403136590272
2460061.9095266	15.85685247002521	0.0461864392486622
2460063.8047436	15.7474857633273	0.0595247021426584
2460065.563651	15.7119718693311	0.0263647426326675
2460066.8737662	15.676911158160651	0.0184173702292469
2460068.9218159	15.753682822241208	0.029409547883267
2460075.7259935	15.76600907826213	0.0460774130752257
2460077.8134059	15.762417091175893	0.0288712539475162
2460078.80151	15.973170336413231	0.0304341523014422
2460080.8047225	15.93698645745206	0.0252667921904668
2460091.6179104	15.630278555166177	0.0358316183136189
2460092.6107102	16.007056614023742	0.0401720259095633
2460095.6207959	16.181838904257802	0.1596556246658606
2460096.7908797	16.03214962769986	0.0640029669776808
2460097.7667914	15.69987338833553	0.0509902683664773
2460103.7664121	15.781624766248974	0.0438480731762102
2460104.7826142	15.8237266329152	0.0284851666823328
2460107.7943214	15.651115763242686	0.0273332569243605
2460109.8595349	15.710030290570431	0.0513980734782415
2460111.8392311	15.974910251322411	0.0463026731505273
2460113.6930787	15.659098349599516	0.0216865753188757
2460114.787417	15.882124553101708	0.036612829235788
2460119.8994037	15.674173625213498	0.020405644497894
2460122.5707601	15.681933561154803	0.0435175969128892
2460124.6235165	15.608610244054388	0.028478011716595
2460125.7442947	15.901891059378004	99.999
2460129.3461444	15.327108381986648	0.0833132343968654
2460129.5028286	15.515868742739825	0.083841735464218
2460130.2345019	15.831323422801429	0.0707985392834269
2460130.8012447	15.76913032204694	0.1341050547102345
2460131.3227751	15.68278689169135	0.0471691503433485
2460131.8497738	15.916549494717032	0.0408452886736399
2460133.7626691	15.603967872406876	0.0294990404819285
2460136.5031016	15.730031011047483	0.0195762443346534
2460137.4961105	16.071667479036194	0.0319744652305283
2460138.7634168	15.617301360455723	0.0237845979234836
2460139.7993236	15.963477726037816	0.05421360879834
2460140.6630974	15.814975111540186	0.0227498238453229
2460141.7718608	15.71423203772829	0.0175958059134456
2460143.8091093	15.703058726134422	0.0283626382948924
2460144.7673318	15.638178077813802	0.0248495450368057
2460145.7165878	15.971121190594175	0.0316877042348961
2460148.7813893	15.750129958987166	0.0188969533015808
2460150.7797982	16.086257648453646	0.0400166246273398
2460151.843235	15.727876466174022	0.026397746238941
2460156.7824421	15.59667453677349	0.0558571348862501
2460157.7593744	15.61387094839041	0.0470064292133002
2460158.3690804	15.803887959270597	0.0767943688464331
2460158.598883	15.603440895889811	0.0642110429573911
2460158.7628954	15.789806295204576	0.049897013595078
2460159.4431071	15.749450124713569	0.0787077133379712
2460160.7696385	15.926856417912258	0.0446016343529625
2460162.7485552	15.584953259434844	0.0634507834391286
2460169.3929739	15.801362938311756	0.0221103138419198
2460172.3787671	15.69844520360892	0.0178193559913699
2460185.3082382	15.649779443487038	0.0745501774882688
2460189.6611494	15.685231348106283	0.0726072625347579
2460190.6554526	15.689590622120033	0.0567872537335148
2460191.651437	15.662158089186072	0.0329018521200981
2460193.6700736	15.680676426563029	0.0302988868735243
2460194.6336783	15.668394927052631	0.0282950898109416
2460195.6413004	15.977803902867686	0.0329648381569748
2460198.6347152	15.723082910351296	0.025357945853749
2460202.6494532	15.845107800855464	0.038867450133877
2460207.6049967	15.589788105068338	0.0361818269301776
2460212.5975761	15.44579873416297	0.0638184364224532
2460214.3188821	16.220405199111372	0.1342319906398039
2460215.2799282	15.511309739697246	0.0568091885736989
2460218.5176464	15.70631247376175	0.0409081998045793
2460219.5216271	16.02052882432774	0.0373690773152388
2460220.5171095	15.56833119720604	0.0190463662037414
2460221.5105679	15.861976725322693	0.0279270927917219
2460222.5118262	15.737577289997128	0.026389980254386
2460224.5044033	15.966515449404111	0.0425060024980368
2460226.4925181	15.600734195416582	0.0304775471128671
2460228.5013674	15.607105721827365	0.0263573133580224
2460230.2410963	15.557701265683338	0.0354195548506411
2460231.4874375	15.584853078702762	0.0456691283119188
2460340.8771297	15.886333237619288	0.1097250991857939
2460341.8841349	15.809437055839142	99.999
2460342.8724949	16.14139016783381	0.1067525116236489
2460359.5780458	15.526229327681612	0.0359004283682866
2460360.5771766	15.888740425069305	0.0438819232622342
2460361.61027	15.667260587875049	0.0325223256173
2460366.8055822	15.547668843430442	0.0681954896108854
2460367.8049055	15.48512532849062	0.0668826191960079
2460369.849207	15.529263836586749	0.0512910682975978
2460370.8326914	15.962364758602492	0.0494291705622209
2460376.889891	15.64382220305011	0.0226791126659966
2460384.8351921	15.63240551265659	0.0221603729912225
2460387.1012356	15.925422681552751	0.0341003937071854
2460388.097812	15.707658630684556	0.0182625267991858
2460389.5967552	15.72494878950881	0.037862674539778
2460390.5863965	15.738929860926532	0.058018608182199
2460391.0916257	15.875995992867454	0.0398102852871733
2460391.5593976	16.278428507162165	0.0867637033954709
2460394.5164055	15.67825318390888	99.999
2460394.8608958	15.776224390207616	0.0916681469892681
2460396.1046694	15.429380927804116	0.0565791187493887
2460397.7462079	15.795293249441256	0.139040035291457
2460402.9017282	15.177379476166124	0.0557091705094192
2460407.7202453	16.023133914827167	0.0384080643187513
2460409.9111339	15.7886255289095	0.0242361571511311
2460410.8877993	15.68685299160532	0.0259912578317388
2460414.9855466	15.3371740802705	0.0860591960476735
2460416.5247648	15.800991481066353	0.0199473868580087
2460416.9474748	16.033146113910885	0.0506186797956122
2460417.6003163	15.658052642233615	0.026409368562634
2460417.6957154	15.804750275780483	0.0307240455384718
2460418.5170555	15.64994540570166	0.0266378316261265
2460418.7853007	15.650627674035746	0.0242862645712709
2460419.6753263	15.65667986849607	0.0378784642396048
2460419.9380314	15.80642319386978	0.0266724334332291
2460420.452451	15.687548106692365	0.0583455351055046
2460421.0144407	15.921216626240142	0.0521523297410016
2460421.4489805	15.65438251069992	0.0451451006881633
2460421.6813587	15.649445659087595	0.0640202366085481
2460423.0230229	15.667656412117474	0.0361925719301629
2460425.6898895	15.811048863221394	0.0956669933252066
2460430.0033776	15.718719195418638	0.1962135954362417
2460432.0273486	15.729679538683222	0.0316650930724148
2460433.9662634	15.555305133817985	0.0926950839548642
2460436.8625036	15.702021566561433	0.0187510794919083
2460438.9534585	15.743413029693471	0.0256022751864741
2460439.8017251	15.736555114327563	0.0176809977500994
2460440.7823281	15.955645403323732	0.028375949002571
2460444.3740679	15.917978513504265	0.0622497226650623
2460448.5746103	15.58243969477747	0.0474031960973977
2460449.5744214	15.782554515866003	0.0644883318777194
