2458015.50847730  14.65107 0.01349
2458016.48783920  15.14655 0.03168
2458018.48857820  14.81130 0.02403
2458019.48165320  14.57732 0.01964
2458020.48569910  15.11335 0.03276
2458021.48240690  14.97981 0.02625
2458033.48403240  14.88947 0.03413
2458035.48866100  15.14000 0.03739
2458037.49857720  15.00746 0.02805
2458057.53897900  14.74940 0.03459
2458181.64543660  14.52491 0.09398
2458181.89866480  14.87542 0.06792
2458182.64232250  14.36247 0.05178
2458182.89159420  14.82156 0.04377
2458192.90394930  14.98832 0.04564
2458193.90299330  15.07995 0.03853
2458194.88294180  14.65120 0.01749
2458196.64016300  15.04900 0.04762
2458198.64574360  15.18128 0.05940
2458198.86821280  14.70181 0.01908
2458201.60508190  15.20166 0.06390
2458201.86196220  14.73509 0.01862
2458202.85728040  14.42153 0.01692
2458203.85652320  14.93714 0.02395
2458208.84125540  14.76330 0.05259
2458209.84035920  14.44945 0.03175
2458210.83959640  14.92736 0.04819
2458212.90031920  14.98913 0.03895
2458220.59216710  15.23303 0.06119
2458227.85196640  14.99446 0.02742
2458228.57099990  15.28291 0.06354
2458229.56705310  15.09873 0.05624
2458235.51100700  15.12361 0.07642
2458240.80016790  14.95034 0.07643
2458241.80903450  14.83153 0.05608
2458249.91197330  14.88557 0.02290
2458256.86407680  14.97520 0.02322
2458258.73474130  14.73451 0.01521
2458261.82862100  14.82472 0.01957
2458262.69224960  14.93013 0.02716
2458264.68186710  14.88364 0.02425
2458274.47651810  15.11526 0.05642
2458280.50954290  15.26791 0.06000
2458281.51329680  15.23552 0.05747
2458281.94001940  14.70848 0.02442
2458282.49013840  14.78468 0.02526
2458283.82661850  15.05244 0.02674
2458288.86799500  14.75588 0.02310
2458289.81345250  14.81197 0.02183
2458290.35679350  14.97551 0.03862
2458291.91186110  14.83354 0.02495
2458292.84592810  14.66269 0.02244
2458294.80005000  14.84811 0.04865
2458296.34807250  14.53564 0.06802
2458301.66296180  14.90783 0.03031
2458301.90710240  14.96823 0.06372
2458306.39954310  15.34776 0.05899
2458306.79303310  14.82538 0.01364
2458307.39586660  15.20845 0.04997
2458308.39286820  14.83866 0.03730
2458309.66491450  14.83751 0.01268
2458310.39026500  15.32272 0.05684
2458310.61968970  14.49281 0.01344
2458313.71675800  15.00692 0.01961
2458316.77288190  15.00285 0.02038
2458317.32498880  15.32351 0.06021
2458318.86160300  14.79379 0.02343
2458319.34593800  14.67801 0.02346
2458319.74791410  15.04530 0.02117
2458322.84789220  14.66565 0.03163
2458323.39914610  14.83601 0.04381
2458323.79833070  15.05274 0.03886
2458329.65915500  14.44206 0.02368
2458332.58934940  14.75943 0.01250
2458333.33196590  15.20718 0.04902
2458333.78759090  14.55598 0.02893
2458334.33032210  14.67087 0.01612
2458336.71912940  14.70400 0.01758
2458338.80745340  14.96467 0.02809
2458339.31592000  15.34040 0.05278
2458340.30903550  15.27573 0.04768
2458342.30737210  14.64122 0.01203
2458342.79391660  15.05203 0.02116
2458344.29943780  15.18589 0.04315
2458344.61246550  14.77400 0.01612
2458345.29650420  14.90060 0.03600
2458345.47119740  15.11650 0.02942
2458346.26015320  15.35237 0.04716
2458346.47154570  14.89375 0.01783
2458348.75386390  14.65029 0.01492
2458351.54480220  14.75050 0.02378
2458356.52691620  14.91085 0.05526
2458358.55765050  14.80994 0.02843
2458360.26536540  14.96854 0.03142
2458361.73567250  14.88991 0.04176
2458362.74681250  14.92024 0.04410
2458364.56009770  14.93857 0.01683
2458365.25292180  15.00802 0.02637
2458365.71670430  15.15015 0.02466
2458367.60170600  15.16922 0.02795
2458369.71449290  15.04303 0.02045
2458370.24020280  14.88318 0.01842
2458370.53566350  14.81536 0.00806
2458371.27399620  15.08461 0.04090
2458372.27069160  15.10939 0.04075
2458372.53660640  14.94036 0.01638
2458372.70765490  14.92777 0.02430
2458373.70293960  14.90329 0.02253
2458377.64673190  14.81659 0.01434
2458385.67341330  14.57004 0.03809
2458389.26529270  15.34553 0.04340
2458389.63638260  14.67254 0.02290
2458392.23165120  15.33617 0.05662
2458392.66245210  14.87856 0.01834
2458393.64513510  14.73475 0.01262
2458394.64509410  15.09214 0.01870
2458396.30767230  15.29579 0.04359
2458396.63417640  14.76408 0.01446
2458398.30118960  14.73855 0.01487
2458399.29575780  15.02237 0.02730
2458401.30485560  15.15945 0.04162
2458402.30417630  14.82298 0.03056
2458413.27393180  14.75307 0.03615
2458413.52406290  14.90715 0.04771
2458414.58963110  14.76455 0.02610
2458416.57844920  14.84288 0.03717
2458417.57504150  14.74009 0.03463
2458418.57360430  14.85047 0.01482
2458419.56605340  14.81234 0.01635
2458423.56003400  14.95636 0.02785
2458424.29526570  15.02082 0.02987
2458424.55677780  14.93160 0.02223
2458425.55346980  14.79779 0.02274
2458426.55052960  14.53830 0.01555
2458427.54739660  14.97177 0.02513
2458428.54016160  14.94246 0.02214
2458429.53795300  14.75550 0.02068
2458430.28082110  15.08115 0.02371
2458430.53382690  14.48607 0.01689
2458431.53398320  14.98890 0.02236
2458432.53083130  14.91808 0.02266
2458433.52667280  14.76998 0.01423
2458438.51172170  14.95562 0.03542
2458547.90415060  14.91675 0.05110
2458548.63479330  15.13831 0.02672
2458548.89147530  14.80193 0.01898
2458549.63007860  15.05600 0.02354
2458549.89086590  14.55805 0.01529
2458551.88522630  14.94123 0.01965
2458552.88047100  14.71678 0.01383
2458553.87962540  14.77680 0.01502
2458554.61812220  14.75480 0.02028
2458554.87893590  14.96207 0.01959
2458555.87011630  14.88774 0.01518
2458556.86941410  14.71799 0.01308
2458558.86757980  14.98765 0.02211
2458562.87429640  14.91081 0.03830
2458563.87328480  14.78412 0.03056
2458564.86864620  14.64704 0.02074
2458565.86782280  15.00683 0.03095
2458567.86222100  14.70809 0.02705
2458576.57740630  14.81693 0.01581
2458577.58385800  14.95459 0.01902
2458578.82594990  14.83844 0.01931
2458579.83309460  14.73947 0.01496
2458580.81784540  14.94065 0.01747
2458581.81667000  14.88102 0.01806
2458582.80587450  14.80802 0.01715
2458584.80314640  14.88308 0.01498
2458585.80631230  14.81567 0.01228
2458586.79042730  14.65670 0.01523
2458587.79402870  15.03936 0.01961
2458588.79632480  14.99080 0.02083
2458588.92603280  14.91260 0.05630
2458589.79157990  14.79255 0.02509
2458589.90432420  14.99882 0.01724
2458591.53323800  15.16367 0.11981
2458592.59391430  14.78825 0.10229
2458595.78673200  15.07769 0.03564
2458596.77207620  15.05462 0.03099
2458601.76118800  14.65186 0.01421
2458602.76097120  14.95130 0.01918
2458604.96080090  15.08164 0.03206
2458605.93912250  15.03864 0.02471
2458609.74187000  14.66703 0.01985
2458612.93763870  15.03919 0.02531
2458613.49008620  14.91978 0.01201
2458615.47679440  15.41195 0.04373
2458615.86217420  15.00208 0.01570
2458616.74624700  14.71488 0.01622
2458617.70450510  15.05739 0.03198
2458618.71488750  14.86805 0.03112
2458619.91476950  14.99285 0.03983
2458620.92690090  14.86501 0.05630
2458621.90356790  14.78405 0.04472
2458630.89178480  15.05727 0.03562
2458631.89189140  14.96343 0.02047
2458635.66930600  14.95453 0.01731
2458636.65167390  15.08915 0.02020
2458637.66048560  14.71316 0.01701
2458640.65895660  14.88681 0.01425
2458643.64499800  14.92584 0.01657
2458644.65573470  15.00999 0.01661
2458645.64019800  14.67153 0.02096
2458646.76054810  14.56202 0.01657
2458647.55086990  15.22922 0.03891
2458647.92331850  14.68638 0.01496
2458648.77445100  14.90976 0.02237
2458650.61975460  14.92436 0.04370
2458651.66694140  15.02756 0.05486
2458656.84857840  15.14207 0.05081
2458657.75125540  14.64357 0.01930
2458658.36736320  15.02632 0.02943
2458660.84780260  14.89791 0.01563
2458661.44160410  15.07577 0.01858
2458667.88119170  15.10831 0.01840
2458668.37490560  15.30964 0.04264
2458668.56690080  14.90891 0.01801
2458670.83469550  14.93458 0.01735
2458671.64979150  14.73528 0.01279
2458673.36229220  15.03215 0.02783
2458673.89187990  14.70737 0.01775
2458674.89146470  14.96941 0.02423
2458675.33808220  15.24287 0.04225
2458675.61652740  14.71420 0.03448
2458675.62939610  14.46064 0.06263
2458676.66783880  14.55623 0.02008
2458677.40285290  15.01073 0.02887
2458678.66760520  14.97333 0.03196
2458683.74967840  14.83856 0.02626
2458684.78348920  14.76275 0.02841
2458685.78742090  14.92090 0.04840
2458690.50931510  15.03584 0.03094
2458690.73504200  15.02760 0.02046
2458691.51426870  15.37983 0.04342
2458692.67860200  15.05500 0.01666
2458693.27420620  15.34551 0.04050
2458694.83819590  14.96972 0.02062
2458695.60202550  15.06151 0.01894
2458697.64810850  14.86197 0.01957
2458697.82916850  14.96828 0.02485
2458698.39559910  15.30955 0.03296
2458698.64283190  14.64712 0.01430
2458698.81724300  14.96845 0.01965
2458699.36826860  15.15300 0.03014
2458699.65197830  15.01212 0.01864
2458700.34585950  14.95295 0.02395
2458702.26985850  15.19754 0.02896
2458704.80878450  15.01729 0.02305
2458705.24286700  15.24959 0.04646
2458706.27404100  14.79835 0.02960
2458706.50539650  14.91445 0.02750
2458716.57526660  14.76935 0.01701
2458717.61278590  14.68086 0.01240
2458717.77971070  14.83501 0.02740
2458719.46917140  14.99254 0.02969
2458719.53491710  14.80816 0.01466
2458720.75891000  14.93752 0.02133
2458721.57669210  15.13964 0.01795
2458721.76538310  14.73724 0.01013
2458722.49963360  15.15358 0.03302
2458722.58673210  14.91376 0.01845
2458722.74627740  15.00030 0.01991
2458723.70375700  14.88464 0.01664
2458724.54196710  14.74744 0.01534
2458725.45118360  14.92611 0.01197
2458725.58829370  15.02619 0.01360
2458725.75833940  14.63416 0.01741
2458726.56089790  14.86015 0.01362
2458727.56555450  14.80848 0.01419
2458727.75279110  15.00580 0.01957
2458728.47214020  15.32460 0.04116
2458728.55408400  14.78122 0.01431
2458729.29533640  15.00669 0.02397
2458729.74221430  14.58300 0.01819
2458730.71657570  14.97971 0.01414
2458733.40599260  15.09324 0.03868
2458738.52640010  14.75290 0.02390
2458740.54577830  15.11638 0.03748
2458743.51654570  15.10155 0.02506
2458744.51814500  14.84425 0.01342
2458747.68458490  14.68390 0.01617
2458753.28921770  15.26193 0.03356
2458753.67605480  14.94147 0.01574
2458757.54070310  14.87269 0.01552
2458757.66903390  14.85808 0.02438
2458760.25908720  14.81275 0.01478
2458772.35244830  15.00019 0.04695
2458772.62551050  14.89668 0.03849
2458773.61770860  14.56018 0.02031
2458775.31239960  14.72554 0.01449
2458775.61600720  14.95146 0.01783
2458777.60874580  14.62104 0.01735
2458778.61027120  15.00334 0.02232
2458781.58818080  14.89597 0.01490
2458782.58551700  14.97706 0.01411
2458783.57968330  14.95197 0.01205
2458784.56930900  14.70530 0.01659
2458786.32311150  14.68443 0.01236
2458786.56477370  15.00290 0.02092
2458787.31968490  15.11307 0.02732
2458793.54239110  14.91732 0.03096
2458795.53591340  14.81696 0.02672
2458798.52762170  14.80312 0.02881
2458799.26892010  15.04319 0.04579
2458799.52436110  14.52746 0.03153
2458800.51677600  15.00332 0.03044
2458801.51780110  14.85236 0.02199
2458802.51465730  14.74673 0.01971
2458803.51133110  14.77689 0.02627
2458804.50832180  14.91351 0.05377
2458805.50901750  14.67678 0.04215
2458805.55379470  14.90412 0.02251
2458909.64225000  14.68309 0.03071
2458910.89428040  14.91292 0.01857
2458911.89439070  14.80090 0.02463
2458913.90245520  15.14998 0.04314
2458914.88336460  14.80205 0.01395
2458918.89177610  14.69196 0.03246
2458918.89305200  14.75615 0.04375
2458922.61558050  15.13121 0.03451
2458929.61093370  14.97636 0.01942
2458930.60610350  14.87334 0.01578
2458932.60034980  14.96727 0.01684
2458962.96067400  15.01227 0.01702
2458965.95120250  15.10172 0.01687
2458967.96343790  14.86636 0.01584
2458989.94948240  14.91933 0.01530
2458990.90104510  14.74549 0.01448
2458992.48485810  15.08885 0.01564
2458993.89637130  14.85477 0.01403
2458996.88834650  14.98418 0.01130
2459000.45717020  15.02847 0.02017
2459002.86781300  15.07595 0.02953
2459004.42225450  14.64862 0.16522
2459015.83547710  14.85210 0.01347
2459016.93009170  14.83724 0.01469
2459019.81448880  14.83498 0.01358
2459022.80746870  14.93353 0.01503
2459025.36529670  15.09627 0.01678
2459026.88593680  14.91022 0.01126
2459034.31585160  14.97131 0.04469
2459038.37700590  14.99143 0.03968
2459039.30539940  14.78667 0.02679
2459042.76472570  14.82188 0.01256
2459044.76356840  14.93220 0.01076
2459046.27947710  14.55655 0.01841
2459046.87263810  14.70158 0.01469
2459047.37029190  14.88947 0.01170
2459048.38432750  15.12006 0.01551
2459049.26506400  15.02803 0.00888
2459050.27312890  14.72676 0.01492
2459051.41067380  14.81810 0.01401
2459052.26266210  15.03512 0.01177
2459053.35948550  15.00219 0.00993
2459054.27033120  14.76567 0.02203
2459054.72992470  14.97342 0.01316
2459055.25972680  14.94340 0.01082
2459056.25778610  14.94979 0.01662
2459058.36972720  14.63699 0.01595
2459059.44420560  15.04264 0.02271
2459059.83939550  14.96379 0.01155
2459067.23068370  14.93014 0.01763
2459074.65800240  14.85912 0.01387
2459080.66441140  14.99192 0.01433
2459082.77807050  14.86192 0.01775
2459087.62881430  15.06948 0.04701
2459102.44564370  14.88410 0.01628
2459108.44286420  15.01586 0.01358
2459112.39859670  15.05669 0.01647
2459125.64634530  14.95097 0.04409
2459133.57853310  14.86116 0.01699
2459134.62550850  14.78287 0.01742
2459136.65461290  14.90962 0.02111
2459140.61344090  14.93516 0.02063
2459143.58450520  14.84179 0.02556
2459147.56933950  14.96371 0.02476
2459149.57322800  15.01806 0.04033
2459155.30720700  15.07281 0.04622
2459157.55399600  14.58751 0.01698
2459158.54993370  14.89059 0.01774
2459159.54574280  14.81168 0.02171
2459167.54334280  14.93123 0.01248
2459168.53568590  14.69457 0.01527
2459271.89449990  14.95314 0.03862
2459275.64234740  15.02928 0.05050
2459276.88195410  14.65838 0.03567
2459277.87743410  15.26029 0.03615
2459290.90225480  14.97264 0.01835
2459291.64679270  14.96235 0.02744
2459293.85095630  14.96643 0.01641
2459296.60810620  14.79447 0.01862
2459297.84331990  14.99314 0.01402
2459299.82136800  15.17110 0.03857
2459311.55281200  14.79208 0.02292
2459313.53587820  14.89510 0.01798
2459314.79418090  15.03761 0.01769
2459315.78513850  14.89761 0.02100
2459317.54924180  14.93211 0.01805
2459318.77210320  15.05494 0.02181
2459320.76561940  14.77639 0.01593
2459321.77195110  14.88785 0.01875
2459321.78991630  14.84793 0.02207
2459322.76460380  15.02418 0.02956
2459322.79864240  15.03563 0.01648
2459326.81642330  14.93546 0.02247
2459327.75922110  14.95326 0.02401
2459328.75404660  14.71272 0.02343
2459329.79377760  15.19383 0.03960
2459332.91729120  14.86765 0.03468
2459338.72284860  14.88110 0.02297
2459339.85093780  14.80944 0.02454
2459340.82059400  14.84331 0.01448
2459345.69665750  14.92858 0.01476
2459346.69825470  14.82236 0.01279
2459347.45659170  14.89995 0.01841
2459349.68365120  14.88055 0.02225
2459350.69243220  14.65472 0.01604
2459352.90438600  15.04880 0.01691
2459355.89166940  14.96803 0.01123
2459362.63172420  14.99956 0.04879
2459366.63981680  15.08271 0.01860
2459369.67892110  14.59212 0.01679
2459370.85716610  14.67180 0.01789
2459371.71402480  15.01523 0.01157
2459371.79100220  14.98315 0.02280
2459374.65728560  15.02256 0.01351
2459374.68050560  15.02098 0.01990
2459375.44069620  14.51702 0.01853
2459376.42074260  14.89855 0.01729
2459377.86869860  15.00437 0.01075
2459381.81786050  14.79767 0.01524
2459383.73354100  14.91693 0.01616
2459383.75592560  14.89679 0.02008
2459385.34540590  14.76999 0.03611
2459388.57435410  15.03100 0.05193
2459393.80603240  14.99432 0.02898
2459400.69218860  14.52582 0.03087
2459401.73410570  14.95412 0.01448
2459402.80875060  14.93207 0.02070
2459402.84663420  14.92530 0.01560
2459403.70127710  14.62395 0.01344
2459403.76513490  14.76610 0.01983
2459405.30093160  14.88804 0.01305
2459408.76350970  15.10280 0.01447
2459409.63853220  14.85649 0.02142
2459411.87406450  14.83176 0.01985
2459412.84965460  14.95728 0.02150
2459425.35511010  14.83328 0.01549
2459426.45253300  14.85611 0.02146
2459426.82885230  14.80603 0.01870
2459430.47078040  14.86789 0.01694
2459431.55843420  14.79726 0.01958
2459431.77303050  14.98639 0.01492
2459433.27360410  14.75455 0.01714
2459437.48923920  14.91206 0.01860
2459440.23089930  14.68835 0.02182
2459440.75440410  14.89920 0.01214
2459444.57529860  14.85639 0.02986
2459450.44113680  14.73794 0.03852
2459453.69226770  15.18478 0.02408
2459455.61721150  14.72645 0.01566
2459458.42570590  14.36339 0.04008
2459463.65731120  14.66668 0.02168
2459465.62090400  14.95770 0.02363
2459466.58023360  14.74971 0.01520
2459467.60798320  15.04382 0.01735
2459469.66739180  15.04403 0.01470
2459471.68140870  14.85725 0.03123
2459471.70027980  14.73341 0.02376
2459475.59733100  15.01751 0.03471
2459476.58352150  14.99797 0.01985
2459483.42100120  14.65264 0.02839
2459485.66436430  14.98438 0.01651
2459486.65967010  15.05405 0.01575
2459487.65539800  15.14169 0.01644
2459490.60683230  15.16632 0.01736
2459492.60530270  14.95319 0.01179
2459493.62973530  14.65837 0.01562
2459494.52576100  15.00781 0.01827
2459495.63951860  15.03329 0.01159
2459499.24574950  14.86080 0.02039
2459503.51024370  14.71771 0.02238
2459504.60455800  14.60486 0.02670
2459508.58482730  14.95707 0.03554
2459509.59140370  15.00772 0.04458
2459509.63075350  14.93332 0.06199
2459510.52663220  14.87185 0.02427
2459511.58363380  14.84465 0.01230
2459513.57084530  15.05376 0.01310
2459515.57864310  14.75721 0.01460
2459517.56610810  14.96576 0.01195
2459518.56083350  14.87105 0.01678
2459520.55921310  15.02398 0.01193
2459522.27166610  14.69675 0.02434
2459524.54287020  14.99153 0.01138
2459525.54750770  14.92162 0.02459
2459531.51834220  15.06257 0.02967
2459532.52493550  14.91727 0.03188
2459534.51196020  14.83995 0.03414
2459535.52447690  15.03324 0.03490
2459535.54350740  15.07320 0.03289
2459537.51811590  14.83690 0.04199
2459538.51077730  15.27323 0.09240
2459539.51145810  15.05684 0.04445
2459634.89995330  14.96185 0.09120
2459639.88799670  15.17169 0.02478
2459647.64525580  14.75609 0.03124
2459648.64703170  14.83641 0.02460
2459649.88291870  14.81493 0.01916
2459653.89104900  14.85636 0.01926
2459654.89095010  15.10199 0.01325
2459657.85989580  15.05367 0.03237
2459659.59625320  14.71220 0.04451
2459666.91762720  15.30344 0.09862
2459667.58913920  14.93439 0.02622
2459668.82279350  15.06462 0.01209
2459670.82295380  15.09593 0.01340
2459671.83022030  14.93103 0.01869
2459672.81892950  15.07491 0.02030
2459674.81168210  14.97998 0.01388
2459676.80043560  15.16060 0.01556
2459677.92005620  15.00700 0.03612
2459679.79206720  14.96536 0.01364
2459680.79909150  15.07176 0.01371
2459681.56595820  14.54748 0.03452
2459681.56718690  14.59899 0.03887
2459681.80532750  15.06546 0.00890
2459682.84714560  15.01591 0.01719
2459682.86154900  14.91355 0.02031
2459684.76840220  15.05102 0.03849
2459686.86218950  14.95445 0.02323
2459695.75874800  15.17381 0.01768
2459696.74614020  14.96979 0.01910
2459697.56919840  14.81102 0.02464
2459697.95998530  14.91235 0.01905
2459699.94580520  15.04565 0.01826
2459700.76405590  15.01771 0.01488
2459702.49429730  14.64370 0.02324
2459703.72523600  15.10404 0.01752
2459703.72652270  15.09468 0.03023
2459708.94347340  15.00211 0.01852
2459710.48612920  14.64207 0.03509
2459712.45502810  14.60010 0.04484
2459712.45628000  14.61721 0.05191
2459713.68017380  14.89798 0.03762
2459714.70400740  15.19554 0.03807
2459715.71316540  14.87873 0.01771
2459715.71440610  14.87788 0.02215
2459715.71566950  14.94855 0.02746
2459716.77460160  14.72402 0.02148
2459716.84681260  14.93151 0.03449
2459722.65005430  14.72618 0.02389
2459725.41648570  14.58716 0.02020
2459725.69165760  15.07438 0.01150
2459725.70744220  15.01039 0.01854
2459727.89144320  14.85796 0.02256
2459731.49761540  14.88299 0.02648
2459731.90984210  14.61659 0.04353
2459731.91105920  14.62906 0.04192
2459737.38018250  14.81677 0.02376
2459738.42999920  14.81565 0.02399
2459740.46384110  14.77355 0.02746
2459741.91748020  14.90454 0.01724
2459749.75998300  14.91671 0.02548
2459749.76122330  14.88555 0.02759
2459750.86441080  14.84064 0.02755
2459750.86686820  14.88273 0.03527
2459753.84717870  14.88709 0.02148
2459755.45905600  14.60084 0.02929
2459758.73105330  15.04123 0.01452
2459758.81403380  14.63459 0.01660
2459759.76871170  14.98588 0.01838
2459761.56555410  15.08512 0.01293
2459762.65927770  15.00566 0.01544
2459762.70876130  15.03433 0.02063
2459763.86422620  14.89780 0.02311
2459767.29152020  14.89715 0.03145
2459768.41084330  14.87115 0.02537
2459769.76181960  14.94798 0.02063
2459769.81303600  14.79540 0.02028
2459776.33717790  14.62646 0.03517
2459777.31912030  14.70449 0.03920
2459778.41514570  14.58197 0.03016
2459780.82954150  14.72532 0.02597
2459781.85500170  14.64450 0.04113
2459782.74820870  14.98153 0.02080
2459783.69178060  14.91983 0.01309
2459783.73584320  14.88470 0.02316
2459785.51347370  14.90748 0.01844
2459793.82942930  15.05537 0.01008
2459794.78502800  14.85982 0.01867
2459795.75556010  14.77919 0.01493
2459796.66941040  14.99492 0.02159
2459804.69237210  15.06907 0.04221
2459812.44175010  14.49528 0.01831
2459813.75320850  14.96945 0.01441
2459814.75480720  14.62932 0.01785
2459815.75612500  15.06201 0.02339
2459818.70814890  15.04812 0.01385
2459820.26713770  14.83442 0.02388
2459821.73192320  14.78267 0.02271
2459822.73253570  15.04144 0.02682
2459825.31880760  14.60060 0.02342
2459825.32021030  14.59603 0.03367
2459826.60932630  15.05027 0.01550
2459827.63926520  14.98959 0.02519
2459831.44580000  14.72599 0.05638
2459832.57506540  15.00827 0.06413
2459837.61931920  15.03935 0.01201
2459840.64412240  14.82906 0.01346
2459842.58975690  14.92153 0.01324
2459843.65602910  14.86222 0.02071
2459844.66815190  14.86799 0.01987
2459845.69376130  15.06527 0.00992
2459846.66654730  14.98961 0.01380
2459847.68340050  14.72206 0.01637
2459849.31671560  14.64559 0.02190
2459850.55345390  14.83766 0.01391
2459851.66733210  14.71641 0.01717
2459853.50019210  14.94143 0.02242
2459858.31882610  14.91421 0.03722
2459859.54944750  15.12855 0.03156
2459862.55081110  14.91993 0.03033
2459863.53510460  15.09385 0.03389
2459864.57324750  15.04739 0.02641
2459866.31392510  14.70022 0.02463
2459869.60604990  14.88554 0.01382
2459870.56552250  15.06479 0.01929
2459871.52064110  15.02307 0.02163
2459872.49463830  14.91436 0.02083
2459873.59219330  14.82772 0.01356
2459874.56490510  15.08696 0.02087
2459875.52497040  15.02940 0.01443
2459876.53466400  14.88379 0.02095
2459881.26716950  14.74964 0.02481
2459881.56396620  14.97033 0.02374
2459886.55470520  15.02909 0.02099
2459887.55142550  14.91540 0.01697
2459889.54075420  15.11889 0.02657
2459889.54204100  15.21751 0.04691
2459893.53153030  14.81678 0.02198
2459897.51920820  14.99423 0.01026
2459898.51533820  15.02928 0.02154
2459900.54490900  15.07661 0.01275
2460000.89923920  15.01359 0.06223
2460001.89448760  15.34004 0.03249
2460003.88900260  15.05119 0.01960
2460005.88331540  15.15087 0.02310
2460007.90444670  14.96527 0.07626
2460009.87611330  15.25687 0.03923
2460010.88304120  15.12805 0.04692
2460010.88433190  15.01173 0.04082
2460013.64457620  14.83879 0.03837
2460016.64749970  15.08829 0.03356
2460016.64873990  15.02910 0.05990
2460016.89796060  15.15414 0.04105
2460016.89920090  14.98916 0.03194
2460023.87498200  15.23308 0.01660
2460025.83959390  15.03871 0.01486
2460027.84976960  15.10186 0.02447
2460029.82683230  14.91109 0.01939
2460030.83127980  15.23023 0.01827
2460030.91862180  15.28183 0.10082
2460031.62431970  14.87907 0.01826
2460032.83031720  15.06976 0.01398
2460039.56621910  14.84243 0.02568
2460042.80110450  15.16731 0.03795
2460044.79450080  14.95673 0.02512
2460063.50363810  14.86688 0.02519
2460064.52412070  14.82184 0.01765
2460065.74512400  15.07646 0.02919
2460069.46888590  14.92035 0.04919
2460080.67532590  14.76797 0.02169
2460081.95121510  14.84986 0.02725
2460084.60820000  14.62562 0.02685
2460088.42905860  14.81346 0.02375
2460091.41976700  14.77143 0.02418
2460092.41518450  14.78167 0.02287
2460093.41394600  14.75818 0.02925
2460094.91640540  14.66306 0.01922
2460096.93617860  14.77167 0.02251
2460098.95220190  14.64272 0.04463
2460113.82011070  14.73469 0.03112
2460118.82158460  14.64801 0.02683
2460119.74079500  14.70611 0.01528
2460120.87932470  14.66127 0.01365
2460123.60854110  14.79611 0.02856
2460124.91681740  14.48568 0.02161
2460125.56669830  14.89984 0.03233
2460127.56560290  14.58925 0.03423
2460131.55240650  15.04159 0.05178
2460134.77205210  14.47698 0.02673
2460135.77807290  14.68444 0.02545
2460138.27525140  14.78125 0.02057
2460139.27185220  14.74932 0.01789
2460141.29038630  14.66559 0.01783
2460141.81875690  14.88997 0.01084
2460142.71492150  14.97719 0.01500
2460144.74614160  14.61120 0.02531
2460145.81265360  14.74882 0.03214
2460147.25137550  14.84036 0.01821
2460148.74711140  14.56625 0.02693
2460149.74540460  14.41032 0.02364
2460150.49270800  15.43925 0.03444
2460151.42920830  14.48991 0.01958
2460151.85628470  15.54352 0.03485
2460155.60778650  15.03547 0.04261
2460159.48939520  14.57837 0.03488
2460159.80259670  15.06088 0.09435
2460160.81870610  14.33327 0.04928
2460161.80893470  14.45397 0.04019
2460162.83541350  14.55050 0.03563
2460163.82062030  14.59336 0.03185
2460164.50203760  14.81145 0.02904
2460166.75013470  14.60196 0.03039
2460170.29777890  14.80077 0.01985
2460172.79635540  14.36081 0.02048
2460192.73743520  14.56283 0.03410
2460194.73109430  14.46907 0.02827
2460195.73016250  14.60522 0.02645
2460196.72633750  14.58906 0.02588
2460198.71790740  14.46324 0.02521
2460205.68843400  14.41578 0.02445
2460206.69843900  14.49781 0.02289
2460210.23524140  14.39964 0.02321
2460218.49408350  15.29457 0.02199
2460219.66246910  15.28819 0.05747
2460220.59972810  14.94991 0.01437
2460221.64268280  15.51449 0.04163
2460222.59978240  15.38205 0.03210
2460223.63418730  15.25732 0.02457
2460224.56646240  15.45418 0.03888
2460225.63501810  15.40893 0.03449
2460228.48967090  15.41354 0.03902
2460229.58511780  15.51886 0.04000
2460230.59501440  15.27216 0.02397
2460231.58347700  14.89422 0.01664
2460232.59199870  15.41550 0.02827
2460235.51267770  15.50071 0.03331
2460236.55725100  15.35871 0.02909
2460237.53186460  15.26138 0.03472
2460242.29442820  14.76992 0.03133
2460243.54052460  15.29036 0.05181
2460246.31677220  14.77997 0.05320
2460248.51497630  15.24429 0.03082
2460251.58187310  15.38784 0.03040
2460252.57481840  15.21551 0.03440
2460254.27985620  14.39849 0.01552
2460255.57103740  15.35280 0.02939
2460256.55700240  15.25187 0.03043
2460257.55203930  14.89100 0.01467
2460258.26398710  14.57640 0.02499
2460259.30978380  14.34245 0.01449
2460261.27110840  14.69464 0.02729
2460262.52525940  15.32348 0.03557
2460264.51963060  15.05684 0.02681
2460268.51042690  14.84350 0.03934
2460370.90278750  14.89046 0.08398
2460371.90207640  15.24251 0.06467
2460372.89731710  14.84154 0.02779
2460373.89675480  15.20050 0.04667
2460378.62429490  14.18221 0.01846
2460379.62349340  14.35284 0.02182
2460380.61866490  14.31090 0.02166
2460383.88370290  14.97931 0.01674
2460388.87372370  15.22651 0.03055
2460389.87299040  15.26497 0.03282
2460390.61069330  14.38330 0.02893
2460390.88297710  15.33354 0.04958
2460396.85188130  15.50415 0.05320
2460399.85304120  15.06696 0.02407
2460400.84086510  15.25185 0.03143
2460405.91291780  15.32556 0.02927
2460406.90587960  15.04579 0.01334
2460407.84118570  15.33215 0.02533
2460408.83192060  15.31295 0.02631
2460409.83095000  15.19878 0.02076
2460410.82689440  14.87573 0.01895
2460411.82242110  15.34176 0.02445
2460412.53836420  14.48416 0.01794
2460413.55199890  14.53591 0.01767
2460414.54825380  14.50935 0.02247
2460416.98009160  14.57596 0.04876
2460417.54299420  14.55297 0.01764
2460418.53577580  14.47007 0.02373
2460418.97375070  14.48704 0.03507
2460420.51628130  14.68199 0.02998
2460421.52824320  14.60711 0.02520
2460425.50117060  14.64939 0.04177
2460434.71706820  15.37613 0.02538
2460436.73083880  15.44230 0.03385
2460440.47511750  14.74787 0.02368
2460442.45926310  14.77942 0.01980
2460444.92378730  14.64774 0.03087
2460446.46283590  14.80415 0.02308
2460447.44366660  14.78564 0.02232
2460448.68152570  15.56980 0.05243
2460449.68451280  15.36208 0.02656
2460450.56338270  14.86524 0.02177
2460453.89030620  14.82868 0.05054
2460454.67638070  15.06113 0.02869
2460454.89057650  14.78969 0.04286
2460455.87595840  14.72479 0.05282
