2458283.252637	14.28777537627993	0.0102293735146071
2458291.596833	14.73422516975358	0.0161819654625993
2458298.5754232	14.861868718984828	0.0259644487279914
2458305.5505531	14.197982548540349	0.0110865842594255
2458312.5156424	14.574492563142664	0.0084937286606905
2458314.5330894	14.758630516704295	0.0143999441135857
2458316.520955	14.775356623055671	0.0158135050063348
2458324.5011281	14.746436780020575	0.0197966908434698
2458326.4870538	14.903865439705983	0.0286234968848834
2458331.4738017	14.758309937157222	0.0134378873473518
2458429.8647102	14.678606539000672	0.0315213592764828
2458430.8641649	14.332173498416196	0.0211844668677362
2458432.8563245	14.628468390187596	0.0153063544178231
2458434.8499445	14.742567482794662	0.0157172731098223
2458436.8513204	14.847371548339666	0.018073528219464
2458437.852048	14.698505116558582	0.0141986085943418
2458438.8412062	14.262135004111208	0.0120434290572725
2458446.8405061	14.576534231431689	0.0235322669087955
2458447.8373855	14.669020299761453	0.0228352010800431
2458451.8477414	14.272961521042006	0.0182933808220703
2458452.8453097	14.78764017490791	0.0165824568116064
2458453.8407071	14.383751909130552	0.0109585934851994
2458456.8448461	14.1728413712644	0.0115839621382698
2458457.8352407	14.769881989728953	0.0151620960940219
2458459.821054	14.807065388440764	0.0174270471882654
2458461.801526	14.124862241354894	0.0117188725236204
2458465.7889772	14.750611141315638	0.0139156930516942
2458467.8212391	14.79440862305006	0.0137818381139834
2458474.8073225	14.17591116985484	0.018394993660781
2458475.8070631	14.768974739428185	0.0301737939771225
2458476.7933254	14.4422924735122	0.0201390261961761
2458480.8050115	14.750725972375877	0.0147121524299837
2458482.801808	14.59848634435512	0.0108375931141497
2458483.7833007	14.651855930741007	0.0130816206172607
2458484.7991335	14.326079622961508	0.0120757103242539
2458487.8100669	14.295953571219371	0.0112376290025365
2458487.8113397	14.310332058488392	0.0134509794625566
2458491.7839863	14.64554465461218	0.0122472455695058
2458496.728736	14.609371837866105	0.0101646366765849
2458498.8247577	14.830025699521928	0.0153437811935923
2458499.6975428	14.349631410016691	0.0166726725455554
2458500.8012645	14.421540441774724	0.0091863334419142
2458501.7719062	14.728009582339077	0.019598157154052
2458503.7784506	14.729543139096936	0.0269666606036587
2458504.7442626	14.503575679577905	0.0074194933481808
2458507.743664	14.238655453077351	0.0168495307323145
2458509.7982797	14.731586844991307	0.0175772877241948
2458510.7844654	14.124864361868765	0.0112364838604699
2458512.8124806	14.558644674397843	0.0095415058771726
2458518.8638624	14.163455313966324	0.0106067710844347
2458519.7362707	14.725889274876426	0.0129063283927476
2458519.885712	14.819362311623657	0.0272197911278707
2458520.8850681	14.59743286323084	0.013092121768947
2458522.6330922	14.335010340607091	0.0100460512008472
2458523.7692989	14.231247137346724	0.0102188626124188
2458524.7461949	14.7294230902183	0.0143449160220369
2458525.7518835	14.395878927844848	0.0094953811567616
2458528.6059244	14.881685534166005	0.0223942932337395
2458529.6875801	14.701975787438386	0.0182439834720015
2458530.6516579	14.218944959833122	0.0132931180615228
2458530.8315146	14.593233378941694	0.009115071583457
2458531.7827921	14.743005342413744	0.0216065243739293
2458533.7985936	14.30510011711139	0.018822709138457
2458536.7821653	14.223838955820016	0.0166863376056482
2458537.811912	14.779194039981924	0.023740274619812
2458538.8151097	14.495469331424315	0.0126363599948809
2458539.5794135	14.729673645643956	0.0126784733076655
2458540.6045644	14.281904930286265	0.010428311934257
2458541.8125056	14.208802984173929	0.0118059876037139
2458542.7858555	14.766290045500668	0.0138840576230513
2458543.761287	14.49984060857773	0.0093690417825135
2458544.7180679	14.770734615852971	0.0155828141046939
2458546.7890959	14.287409220018343	0.0107316311805136
2458547.7109143	14.752921350223684	0.0130883952737296
2458548.7343159	14.502510534420228	0.0093738118307141
2458550.7780058	14.795985800044274	0.0147932194712153
2458551.6851872	14.108836183479706	0.0108754734668611
2458552.7324448	14.814799099264295	0.0138441139270921
2458553.7537084	14.568970498246292	0.0088015928191563
2458554.6666101	14.866058526030306	0.0171714584801414
2458555.7210125	14.76415447637292	0.0161842854273688
2458556.5345185	14.539390281984616	0.0075796911202777
2458558.7050031	14.571544114157383	0.0140666473014973
2458559.6081885	14.821107843219329	0.0199507391767932
2458559.8041923	14.242658169313843	0.0098351223685043
2458560.7766871	14.815253922087004	0.0258145134639152
2458562.7192952	14.812454645547325	0.0288953721215366
2458563.5693918	14.291531014071982	0.025637028273136
2458564.6152888	14.912016698338652	0.0293998665441971
2458565.7806611	14.81653569399515	0.0309129962892601
2458566.7454845	14.566487291677612	0.0150689103876849
2458567.5136686	14.525475428718462	0.0105412320989583
2458568.6208779	14.583123992309082	0.0139571661409377
2458568.8080642	14.801726199758056	0.0217802255091416
2458569.6660302	14.133279297689423	0.0119789475483434
2458570.2466123	14.379688724044788	0.0108880391356621
2458570.5863186	14.702196308662838	0.0119093194047746
2458571.830982	14.687003194764548	0.0125035448488785
2458572.417818	14.629132965658687	0.0121339701012502
2458573.2656873	14.835248828981424	0.0170641031985062
2458574.4516948	14.74062898190012	0.013772550090699
2458576.2563872	14.762613451913072	0.0150468378285479
2458577.5201798	14.439583871111756	0.0075765135163204
2458579.2904848	14.702319103155226	0.0124885233341365
2458581.2998297	14.875242571862971	0.0181194390033761
2458581.5508403	14.550633410130349	0.0073410156897167
2458581.5521142	14.623687657380149	0.0086063358247117
2458582.2918209	14.611679144924192	0.0098207007199312
2458583.549372	14.647846975506472	0.0096529734625652
2458584.2968292	14.746320422798505	0.0153990761385741
2458584.5406535	14.188234539594545	0.0122559171348339
2458584.7911705	14.64118689559112	0.0129503071362685
2458585.3082488	14.653087900647964	0.0114907615031474
2458585.7305516	14.607657522131989	0.0082306430685978
2458586.2408078	14.82214250669526	0.0209546337480182
2458586.5197174	14.421564772727663	0.01210451744473
2458590.7710804	14.143790093897676	0.0148466736436131
2458591.2924752	15.050776408617088	0.0719093970213195
2458591.6870535	14.822237857276086	0.0331663609759225
2458591.7805436	14.70796075526976	0.0262698835009763
2458592.2323582	14.466230445405008	0.0451595285931396
2458595.7339003	14.17774760207804	0.016061021341718
2458596.6638706	14.753371232073569	0.0215471824689197
2458599.4715154	14.193921095173565	0.0121901152013893
2458600.5124736	14.817335497223338	0.0173387561527694
2458601.5753348	14.651734621569494	0.0106877442519269
2458602.5253568	14.15402432604459	0.0108412858554995
2458604.6291904	14.68474170184638	0.0113936152155547
2458605.6278114	14.14570539328567	0.0106517973546899
2458608.6302619	14.879720536168067	0.0183425584189094
2458613.2190637	14.460878449296306	0.0092148002117895
2458614.4648092	14.479686289554788	0.0134901672867089
2458614.6534107	14.753426592398064	0.0138289114166564
2458618.2540561	14.720025597307211	0.0251715613364968
2458624.6193605	14.791065370832452	0.0243213463691343
2458625.5130652	14.182717996803207	0.010551045254355
2458626.5420995	14.72948053233274	0.0128678614275447
2458629.4326564	14.604426419741872	0.0168352286895241
2458634.5389528	14.75455328578607	0.0131663534291929
2458636.3408579	14.745765281283276	0.0144035372118703
2458637.5474984	14.739810712966465	0.0133035716334546
2458640.5588774	14.618015105563948	0.0121304259158362
2458642.5047763	14.68450888955022	0.0118572125825219
2458644.5634196	14.800378648162312	0.0159983785903398
2458645.563376	14.63707609316769	0.0140958060596664
2458646.6150548	14.236139074076885	0.0136705382704953
2458648.2930417	14.767912837860733	0.0232250126683187
2458649.3124869	14.694486349242109	0.0213681258675923
2458650.5205409	14.722014058677978	0.0229500596899547
2458651.5128974	14.264988808715549	0.0212394589357933
2458657.5929445	14.81167029284876	0.0163389232402337
2458658.5137816	14.560276424700469	0.0088909907360217
2458668.3085567	14.252553133399472	0.011217344299131
2458669.5518439	14.228172493918558	0.0107556843646269
2458670.5704895	14.822809779021153	0.0149297933429196
2458674.2900336	14.751051809884816	0.0174874801643445
2458674.5597945	14.350560263456904	0.0148220644197782
2458676.199192	14.799468756174171	0.0346759137465368
2458676.5485802	14.62180745654284	0.014293597402739
2458678.5471277	14.731013965774975	0.0295528008203944
2458679.5369851	14.4766173539489	0.0178937569872438
2458681.1979044	14.869112912759515	0.0446249107149396
2458681.533027	14.699301951820956	0.0332831386071353
2458682.5337299	14.232689552838496	0.0161691046392306
2458683.5235266	14.739427978443963	0.0185778849630439
2458684.5182863	14.492609683124648	0.0096639739805163
2458693.2086199	14.452018899787555	0.015394859336177
2458694.4852626	14.563484174376892	0.0079511764307632
2458695.4816612	14.743695972238612	0.0127218553717776
2458696.2208216	14.206753308541993	0.0110354783691921
2458698.474489	14.712882901386497	0.012789479601549
2458700.4679349	14.512301565594989	0.0118498699848127
2458701.4644318	14.67046204405438	0.0194267563762214
2458703.4612992	14.889506062592956	0.0440809878095109
2458800.8597376	14.7532267766453	0.0695349668933771
2458805.8581247	14.841933167841132	0.0349718139609846
2458812.8260754	14.215687074768846	0.0113276424073642
2458814.8549682	14.607972638601463	0.0244599017996192
2458816.8534767	14.876638877690269	0.0260661830612504
2458819.5629717	14.27157974486546	0.0112262232129284
2458819.8590488	14.597446231597518	0.0362693272612505
2458820.5604298	14.792094424387452	0.0162941154535655
2458823.5603132	14.663011787829168	0.0112584440580632
2458823.8348261	14.877286626938808	0.019671761708591
2458824.5515112	14.06980705207184	0.0110161071074792
2458825.5483154	14.769979051778812	0.0172760393629659
2458825.8593888	14.322533949415876	0.0299486772155073
2458827.799303	14.486071017287005	0.0203377623493188
2458829.7935442	14.792180370120228	0.0888802304289702
2458831.8390435	14.751758866785492	0.0236219469165917
2458832.8057382	14.63665378631517	0.0227094620269631
2458839.8271075	14.824642802001376	0.0162813479054063
2458840.841485	14.48543274139058	0.0185174132442108
2458842.5219443	14.107260048255355	0.0108051491471298
2458843.78287	14.116076087439035	0.011761549177359
2458844.832307	14.77946487480026	0.0149275957834879
2458847.8324489	14.724409474612765	0.0118655734851588
2458848.8336638	14.370072905470186	0.0096173313232163
2458850.479628	14.858468342209676	0.018609681404913
2458850.8524527	14.622520223046577	0.0123697254718134
2458851.4783001	14.701604439703685	0.0124474273273284
2458852.4784273	14.154225165524942	0.0127985234680856
2458852.8526742	14.736964771305534	0.0165063436418253
2458856.8331159	14.216360498095463	0.011318034997808
2458857.856365	14.642292178060345	0.029485929385522
2458858.7728311	14.435033780588212	0.0170144731580066
2458859.7807047	14.788515001853437	0.0349620289111974
2458861.7667515	14.107086457707744	0.0163012718498575
2458863.7173399	14.3486642689919	0.0157521128328293
2458864.8585938	14.12609850755243	0.0149863023078353
2458868.7949964	14.636183398229257	0.0132085773988187
2458870.8048283	14.773765234759123	0.0191060584352428
2458879.8174151	14.31119207234402	0.0104363520852016
2458882.8144673	14.215562857860036	0.0122814479796282
2458883.8032884	14.739250092192108	0.0153198380623466
2458884.638638	14.45542732125725	0.0111821682571188
2458885.8203707	14.858978353988707	0.0208590213948958
2458886.6505726	14.658264706869543	0.0138223388783748
2458887.618412	14.438004911959467	0.0145358273970838
2458888.8274562	14.596241962606936	0.0264436507791721
2458889.8396503	14.63600085908835	0.0223233824065792
2458893.6289755	14.632516809866267	0.0159260888512964
2458894.8181707	14.601545105483972	0.0155025409801475
2458898.7207318	14.830587594395572	0.0167252299081897
2458899.5901197	14.163527313263351	0.0120280383883679
2458900.6352835	14.816069940728124	0.0173522711591391
2458902.8682914	14.573914090844411	0.0112442403559858
2458903.5154636	14.692074066762846	0.0136270413164159
2458904.5598504	14.195224977302416	0.012273267497602
2458905.5655723	14.755566200294446	0.0143385894258082
2458906.7891516	14.75836250947544	0.0164815561735532
2458907.5689083	14.630237138877789	0.0135276998851696
2458908.5695089	14.681630623018885	0.0130352058622824
2458909.5692632	14.481183789269505	0.0075202064427554
2458910.3620253	14.625659893056056	0.012087712360812
2458912.2795271	14.698605459022144	0.0181603934825428
2458913.7953562	14.371944489898992	0.0111387414956122
2458916.7695972	14.781245516953868	0.0253776194644037
2458921.5605827	14.76839192770105	0.016549946937874
2458923.3215624	14.556222474165626	0.0072852088881009
2458923.7913253	14.265712801196536	0.0137947579394721
2458924.5336277	14.499121498379868	0.0116666695164751
2458925.5508748	14.638659383548609	0.0114218444637844
2458929.3689268	14.21327270172111	0.0104468974194351
2458986.3450535	14.470117948662276	0.0088269520484022
2458989.4365861	14.563564545047836	0.0084414573853423
2458992.4496514	14.773609259361129	0.0174507245219057
2458993.3634758	14.496532131587458	0.0087968142041521
2459001.2924781	14.210989565071904	0.013747050329302
2459015.3632375	14.82452051065646	0.0149369010507735
2459020.2891274	14.753307671763585	0.0136094363222522
2459026.1990727	14.421830114957352	0.0134266914409096
2459031.2069277	14.469032531549551	0.015049046119221
2459034.323351	14.444064147399144	0.0196386606951518
2459038.313102	14.770959157269353	0.0196854946366967
2459049.2051245	14.505936214537517	0.010583561736873
2459053.2588228	14.842751419708968	0.0169520906378541
2459059.2428679	14.721703332225838	0.0210163402580438
2459062.2395979	14.583185860493783	0.0190441493274444
2459072.214009	14.657958724308022	0.0140404723709672
2459168.8324786	14.412178464591562	0.0110546884352042
2459171.8338563	14.20867466016011	0.012361383675844
2459173.8257857	14.53275431113756	0.0121163644366061
2459177.8105953	14.749600258797336	0.0153973228208829
2459180.8084993	14.812037360045448	0.0258256416773333
2459181.5617842	14.807770186180909	0.0262430506785303
2459182.784908	14.698121076720238	0.03833981466292
2459185.7787464	14.755564931162048	0.0268401281895306
2459186.7933387	14.433145370894982	0.0177263412449604
2459188.777249	14.624526424788584	0.0189532727731927
2459194.7761685	14.13350270238186	0.0114489750805844
2459199.7470475	14.21564109940289	0.0130238344652024
2459202.770353	14.335355379469574	0.0100719636492308
2459203.7899678	14.800785141020896	0.016513952496138
2459206.7376229	14.621752332169258	0.0116983061742233
2459208.71474	14.853683318759533	0.0308512153839027
2459209.4658448	14.73811740045116	0.0213347423967605
2459210.7051437	14.816946045224464	0.0484458013202251
2459212.7609645	14.157531382213548	0.0169980456625031
2459213.7575588	14.86812435757163	0.0583000422863151
2459214.7721584	14.581802913578615	0.019417226859409
2459214.7937331	14.656797702035991	0.0216122112075222
2459218.7855961	14.808551369153353	0.021838648278602
2459221.4365117	14.19935450385628	0.0104813016239897
2459223.7164721	14.686642194887616	0.0133874400191928
2459224.713812	14.6073789599071	0.0090788939660468
2459226.6772178	14.694861001369812	0.0132509693771598
2459229.6679157	14.603545086188102	0.0116433269785157
2459230.7074237	14.281290034722238	0.012743957632063
2459231.4114921	14.317161307286524	0.010306985624384
2459233.6503129	14.753763159782627	0.016536655239355
2459233.8667641	14.213785142982951	0.0140299381746222
2459236.6529969	14.790384950895293	0.0195887479427982
2459236.7949741	14.829447418880912	0.0165284015044686
2459237.7621421	14.612751979087635	0.0114491414558747
2459241.6313335	14.753285744209183	0.0328425134670884
2459242.3848925	14.819035146529169	0.0397751083910353
2459244.5108341	14.519383444664395	0.0168057395998821
2459245.7503974	14.491728761372151	0.0193183565684557
2459247.7597843	14.71636209034044	0.0148221008806749
2459250.8361782	14.646645017186003	0.0166947741877105
2459254.5874548	14.753247924329994	0.0161773821523291
2459255.6479235	14.416879192299351	0.0109920080727535
2459256.6207556	14.841446856794164	0.0162722270632596
2459256.6219843	14.833338133148493	0.0213433064001167
2459257.5835788	14.647340064813095	0.0138502452538411
2459257.6396167	14.646037206701642	0.0124140134605583
2459258.6458404	14.212668469931632	0.0107673019376352
2459259.6451924	14.747146541125293	0.01331401208796
2459263.6368993	14.315836835085134	0.0117561358211339
2459263.6495273	14.279524848520753	0.0107556443384579
2459264.6840069	14.833119982019562	0.0163021710892775
2459265.6714086	14.61250735960872	0.0092563659576686
2459266.6734911	14.312468527855728	0.0120459588730735
2459268.6002619	14.27333321081572	0.0174419688748103
2459269.7132223	14.651732569677623	0.02017354441436
2459275.6372758	14.654168506193056	0.0222719273601114
2459279.5545787	14.828392842680476	0.0187815677329491
2459281.6480414	14.368327841772352	0.0120253050624645
2459288.6217593	14.559441050563034	0.0110942668218416
2459289.7328206	14.390352292692295	0.0093057411307368
2459291.3428106	14.806462949067434	0.0157567309108903
2459291.5972567	14.346300290323663	0.0103599759622078
2459292.2565747	14.632093565441073	0.0087932716452309
2459292.5689026	14.804570491273328	0.017800355383133
2459293.3034532	14.502184645069478	0.0093476083107232
2459293.8162204	14.802945007090116	0.0205489854247088
2459294.3177166	14.737189241097916	0.0162138927356504
2459294.5989142	14.225939705719249	0.013179863562951
2459295.5397811	14.695016305134462	0.0176193789769516
2459296.2515172	14.555705950203407	0.0097860344348819
2459296.6799306	14.663764987224583	0.0116872937146192
2459297.6029107	14.813384552015966	0.0224481251853568
2459298.3018793	14.325561877667832	0.0162657910919908
2459298.5789232	14.672106881968164	0.0195981082068673
2459299.4196749	14.810702898454691	0.0236953129966222
2459299.6855928	14.436200867269346	0.0158214401320875
2459301.3321349	14.6087103591766	0.0190899899569457
2459305.3991255	14.766781605640794	0.0295384370033269
2459306.2490447	14.509699532764984	0.014181025291973
2459306.5582541	14.588088546840304	0.0102726304325529
2459306.6291705	14.6283235102368	0.0142507776662674
2459307.2380454	14.663758280100035	0.0118961315028224
2459308.2987598	14.450590152658854	0.007455475721006
2459309.8160586	14.743578538445927	0.0195576685194485
2459310.3501	14.63673131896693	0.0126242346155697
2459311.4246312	14.328275652443994	0.010824971546767
2459311.6281985	14.688709649239597	0.0117714918641234
2459312.2390192	14.516226901380817	0.0069078555910261
2459313.2570939	14.481136103927284	0.0069243482023809
2459314.8101695	14.751258861324876	0.0169040537534549
2459315.7963948	14.399023961077042	0.0122217682289653
2459316.6773833	14.754680037814833	0.0155664871617915
2459318.3555702	14.540244890981038	0.0086001581101949
2459318.5769697	14.804524502852184	0.0179047837650413
2459319.2466325	14.665277049382023	0.0112165028760033
2459320.2692344	14.608206687032164	0.0102112720567637
2459320.5350808	14.83154287235309	0.0167054373233203
2459321.3436795	14.330700624923177	0.0098729728953352
2459321.6197385	14.798553676276274	0.0174511892390009
2459322.2294494	14.747002960725384	0.0123373570221035
2459322.6264429	14.395394798191788	0.0119670094708907
2459323.5643878	14.7877903957862	0.0170519797086869
2459324.5534082	14.579062048167916	0.0110073360723406
2459325.2382764	14.67374384021014	0.0184223476080698
2459325.5232219	14.833238306915405	0.022640243672146
2459327.3798299	14.565186573555325	0.0086526242541569
2459328.2664667	14.674156185128748	0.0150514497446753
2459328.5593144	14.933395347834006	0.0338579617947872
2459329.6202673	14.721098934960132	0.0244113182307642
2459330.596491	14.169806550250891	0.022040694059694
2459330.6364675	14.351723873433285	0.0215311568314603
2459332.6208653	14.607519901282888	0.0233273489964581
2459334.4919825	14.544354135897962	0.0123482387740431
2459334.4932325	14.52887229093431	0.0235838632421738
2459339.4862797	14.612480972326711	0.0167765063540855
2459339.600733	14.711331473252333	0.0150342069782601
2459340.7339282	14.683652217684442	0.0113102939866172
2459343.4607587	14.817844565646618	0.0171779133959017
2459345.6111522	14.49578449105113	0.0120945083854211
2459346.5572464	14.81976203135861	0.0177792488078945
2459349.5890546	14.875471794359129	0.0173351120443017
2459350.6903817	14.67565412663446	0.0125399372825534
2459351.2983054	14.675675748291132	0.0120670128124056
2459352.6772567	14.809926055700714	0.019013658473564
2459356.4847618	14.903405201614715	0.0204319828016924
2459357.6025007	14.769804283306344	0.0232845145495328
2459359.5511548	14.861274440395626	0.0376618297176322
2459363.6761938	14.67174517602543	0.0250019978933143
2459367.4505005	14.767013804917166	0.0188826530941883
2459369.2380609	14.708494247888773	0.0105128319821673
2459369.5329962	14.913249393751578	0.0210989450641712
2459372.4914255	14.814179924709144	0.0175418369078944
2459374.4765398	14.785828574331472	0.0202947988036605
2459377.2045739	14.479195203925435	0.0094779805549264
2459381.4702898	14.251311835336868	0.0118628246483683
2459384.2162671	14.752891389424091	0.0177068883493687
2459385.4865639	14.76719902413813	0.0236597337486572
2459387.6027085	14.127894262459188	0.0171659235392422
2459390.3557064	14.653921662410635	0.0363530451160214
2459395.5741754	14.904449908704436	0.0209801973526571
2459396.5781484	14.715600549146368	0.0150270215991615
2459398.2868906	14.442237481566051	0.0143571173882335
2459401.3251733	14.27058032502322	0.0107491702276516
2459402.3045387	14.798797286610622	0.016216291639771
2459403.4865615	14.847843966398925	0.0188104897234189
2459406.278073	14.274141966849855	0.0101199747838501
2459408.5476406	14.85683824299304	0.0193016548810852
2459409.530814	14.606596098447376	0.0130713108436381
2459411.4772491	14.756263186250688	0.0174845537170587
2459412.5093844	14.35998349111004	0.0139634196891857
2459420.2705832	14.65535208077278	0.032751471047646
2459420.5039571	14.196223510930682	0.0231761824063029
2459426.2568556	14.601922375271377	0.0100188485171561
2459427.4908815	14.604690987364616	0.010017742036608
2459430.4789016	14.347339002493705	0.01251285837982
2459432.2295355	14.282808009014005	0.0107178395198206
2459433.2349203	14.729688526084068	0.015596021219421
2459433.4692206	14.2774835270689	0.0132811423396974
2459437.2065566	14.166513571445998	0.0195099663297579
2459517.8645962	14.17333030288985	0.0170201243343244
2459520.8623911	14.736915709024744	0.0244153724411398
2459522.8524137	14.243825827681055	0.0124036067372654
2459528.5905716	14.600446667660831	0.0143535220290221
2459529.8368734	14.589499904758195	0.0152058158047667
2459529.8388687	14.666845036304196	0.0145065398758148
2459530.8509608	14.277194870613858	0.0150502764192191
2459532.8536721	14.45291998506922	0.0189102239634341
2459535.6049517	14.60271484004571	0.0855545189128318
2459536.8337995	14.786900541547098	0.0336274853648809
2459539.8270422	14.726407108355437	0.0332573420972116
2459542.8072729	14.487706258954145	0.0167759522296467
2459544.8009153	14.75298872638336	0.0180260266487025
2459546.8008451	14.82275815450472	0.0201970831984796
2459552.7908289	14.666722492625874	0.0151133776010317
2459553.8439672	14.193304443277256	0.0122046618571502
2459555.7865796	14.461837822648548	0.0087641246620999
2459557.7734984	14.646442967908657	0.0140002068567667
2459557.801392	14.658039141023645	0.0143151565589264
2459559.5341318	14.52591814954406	0.0057520435976874
2459562.7619146	14.722906496646171	0.0215576044202217
2459563.7759375	14.237052681979405	0.013893600916667
2459564.8537587	14.865463483262008	0.0305294436322876
2459566.7397161	14.7213934908277	0.0425654831645331
2459571.747862	14.354748654894022	0.0167116430818644
2459573.7497854	14.37787144431763	0.0175025296489468
2459576.8221691	14.261664113967749	0.0124435642820821
2459578.6998267	14.338761509111444	0.0136878891315194
2459579.6906631	14.806057471003047	0.0157870062307618
2459580.7217356	14.65812619465994	0.012865526779069
2459581.7557866	14.249075140398524	0.0114291616158571
2459583.7127415	14.498477440186075	0.010405395822122
2459583.7479124	14.548746469659088	0.0096604110135985
2459584.7672999	14.324113102730225	0.0103000284449734
2459585.7934706	14.700439360194084	0.012027854942884
2459587.6823167	14.798241194625604	0.0185086908178785
2459588.6872933	14.44222096927218	0.0121550430562858
2459589.6678778	14.686641528179216	0.01753335818589
2459591.6873925	14.268898674766003	0.0175359717026995
2459591.7530776	14.398635308164398	0.0110839434659384
2459591.754318	14.38857274923416	0.0146755981477534
2459592.6014461	14.683864223045592	0.0145623736737308
2459592.6039266	14.72296891324222	0.0198098220198147
2459600.7514991	14.746393097090838	0.0256023326359645
2459602.861793	14.224019739143364	0.0132914133978609
2459603.7178306	14.63306820258543	0.0370697112331519
2459604.4157874	14.76197674195592	0.0181837598058147
2459605.7851828	14.89733954686796	0.024680278967301
2459606.728019	14.598581159477138	0.0124108032945615
2459607.6910777	14.67629708108208	0.0146954739530335
2459607.7089453	14.456734786724208	0.011909718550512
2459608.6511228	14.614133320538	0.0137032731624605
2459609.6611914	14.305175473037266	0.011253875875647
2459610.6693936	14.76427560442012	0.0132470918899517
2459611.7147072	14.664285878589991	0.0140184333777394
2459614.5078195	14.715986017970415	0.0150220289654389
2459616.8163836	14.76520293833898	0.0137766321870954
2459617.7197772	14.208549103875526	0.0111464036923668
2459618.8021472	14.796143610683526	0.0189767327400421
2459618.8283104	14.82879664337702	0.0179324688103015
2459619.8683636	14.710413059306022	0.017137992575654
2459620.7841883	14.201868314741422	0.0114608238351146
2459620.8297738	14.148146728082622	0.0162403964530614
2459621.8152829	14.762427057875664	0.0122501775388326
2459622.8780133	14.570596661979677	0.011242688311803
2459624.3658156	14.39951954264166	0.0190517311451576
2459625.6227611	14.930279020187914	0.0409860995321865
2459626.6485875	14.67118332833194	0.0358766297001945
2459627.7962709	14.44122602205914	0.0209484009097281
2459628.7600772	14.863805061301267	0.0301408032887869
2459629.718286	14.69610229946748	0.0244557933927491
2459629.7409568	14.741035752663674	0.027189650448486
2459630.7102395	14.221952074896295	0.0130588236283436
2459630.7689935	14.344951842734783	0.0188760460554521
2459631.7318343	14.742089042781435	0.0212693950822964
2459631.7725857	14.799702249934615	0.023260580075792
2459632.3052339	14.742999872854536	0.0172934406511896
2459632.7277761	14.550419289222264	0.0097430479836896
2459633.8924832	14.35669451273741	0.0146886581958775
2459634.4447291	14.138491571215257	0.0124461978190462
2459637.3266085	14.833288564725676	0.0163866386356133
2459637.5948889	14.231741889285042	0.0108085796098409
2459638.4103317	14.65481599198266	0.0111646996326145
2459638.6206384	14.864939234579044	0.0183378855116872
2459639.6619346	14.685207978112947	0.0132974393585963
2459639.7025034	14.697365377764802	0.0141886873426989
2459640.7795981	14.526583883879896	0.0075307439721209
2459642.7049384	14.658548460142775	0.0089653323449579
2459643.8996048	14.549647869855884	0.0132737222872747
2459644.836077	14.814751278500117	0.0164390828070498
2459645.8073769	14.581682476243126	0.0093296943127453
2459646.7839335	14.280472187282635	0.009196446977958
2459647.7566309	14.70112261724916	0.010531205181048
2459647.8108898	14.77559827683347	0.0148235024045255
2459648.7105503	14.22103203932564	0.0093347238468342
2459649.5802049	14.639386735806111	0.0122644120498431
2459650.5187648	14.229638465802632	0.0136483409812783
2459651.8897721	14.442807326039098	0.0122851912499906
2459652.8690981	14.76250097038485	0.016233603303192
2459653.6655564	14.100797254080412	0.0133135212874137
2459654.5757331	14.706251226627291	0.0217854466007945
2459655.3343065	14.822343222895178	0.0289835866097624
2459656.6429262	14.44578531616142	0.0175191964760615
2459659.3925697	14.556693354010095	0.0295633142705075
2459660.6732668	14.51733315954712	0.013307602140966
2459660.6757477	14.543025325539906	0.0350378895131228
2459660.7874194	14.801307898536011	0.024264872738539
2459661.6589659	14.348419861791433	0.0143488474124184
2459663.7752959	14.616449762846996	0.012694557389077
2459663.7913193	14.673532848031572	0.0119064279323727
2459664.6393746	14.796925762462749	0.0146376548074907
2459666.8319917	14.523292117023578	0.0087007329228292
2459667.3473308	14.279563224287934	0.0109963951001191
2459668.7433822	14.629579834309745	0.0077583636913117
2459669.8255954	14.222518395811	0.0108821015254372
2459670.7448774	14.720890153019294	0.0146807578083889
2459671.756649	14.485723281074218	0.0103201434830413
2459671.7945292	14.501805979967646	0.0076906896216692
2459673.290404	14.74362280026575	0.0135677486949723
2459677.2264162	14.116572908823324	0.0144710448265275
2459678.3219948	14.814780520178736	0.0180385123626425
2459678.7888784	14.765117673664117	0.0160270945066868
2459681.547589	14.047558752937174	0.0120696663697026
2459682.6417294	14.616745560978536	0.0121430741895742
2459683.7642479	14.671452415360374	0.0162705459363553
2459685.6035662	14.72001537274724	0.0257090889020278
2459685.7179522	14.91553520960614	0.0412827524778248
2459685.7670241	15.00054827825635	0.0431610831645935
2459687.7785752	14.17982349031731	0.0201366320340295
2459689.7330513	14.473090571915357	0.0155882338779802
2459692.7633545	14.286935517338764	0.0132477936046488
2459695.5066732	14.720792678538196	0.0146798945663393
2459696.2271003	14.780896170021666	0.0173405073640124
2459699.2267103	14.784300936849334	0.0175258794715712
2459701.5026103	14.471100532758994	0.0121786913084051
2459703.4153684	14.518319034199882	0.007198337805744
2459703.4344758	14.536243988978132	0.0169672988760492
2459703.435716	14.57775656521392	0.01376245921427
2459703.4369678	14.502037073603288	0.0173853324414845
2459704.5500749	14.2287555237389	0.010650681494372
2459704.5525797	14.242741283488314	0.0136910985599392
2459709.3071928	14.83101787169888	0.0207987897827717
2459710.5592882	14.835064013401762	0.0194989860727152
2459710.5921441	14.782005834228368	0.0189384766067811
2459711.6047666	14.635325930915052	0.0171083663681894
2459711.6318681	14.817537022688086	0.0224187363415533
2459712.6777203	14.681880014793826	0.087862658701054
2459714.3964466	14.118956098076977	0.0262854189763292
2459714.3976869	14.080404849533226	0.0407076558739231
2459715.5238082	14.82396677369124	0.0362266543303508
2459715.6102389	14.241088607844755	0.0170638979031013
2459717.5865828	14.338660279142436	0.0131283040155781
2459717.5878262	14.20644087588644	0.0247183850633911
2459717.5890783	14.311421826872987	0.0311093354539426
2459717.6390535	14.404200502606844	0.0280389254353464
2459717.6402839	14.463976662519284	0.0231990708683416
2459717.6415267	14.394497966827428	0.0227539305835029
2459722.4597911	14.1068556214306	0.0126837418757079
2459724.6550022	14.732049362211972	0.033090195867368
2459726.3048031	14.350836054344356	0.0102265930409202
2459727.4366604	14.08937288420018	0.0189638081357841
2459727.5612089	14.441192426817576	0.0088176282948295
2459734.273588	14.088982170058255	0.0113462298302682
2459736.5108947	14.73389391191654	0.0134113864801333
2459738.4857297	14.892909716559377	0.0194718656313803
2459739.5415823	14.704556252713148	0.0143879809936424
2459739.5770816	14.77649319741456	0.0162184305287419
2459741.6286461	14.607462690838364	0.0182944823388037
2459747.6051819	14.76590054974529	0.0246719382211815
2459750.4734153	14.35829686621245	0.0092351755274957
2459757.3015421	14.377359106681578	0.0092759582272301
2459758.5726609	14.444562660214268	0.0097980774759847
2459760.3373915	14.233878415220566	0.0116833511039462
2459761.5194299	14.261930673923317	0.0106687668143162
2459761.5207285	14.252618107984889	0.0123574957212546
2459763.4687556	14.296246593542683	0.0099786428787933
2459765.4969596	14.668627354794584	0.0115442175221267
2459767.4949626	14.728569645937428	0.0181744643718098
2459769.5233719	14.67923162336712	0.0195594412782791
2459773.29946	14.235086852747065	0.0364705080925312
2459778.2862852	14.20056826170612	0.0122053419069662
2459781.2777337	14.859057677597376	0.0192958382328138
2459782.5301742	14.785957975359148	0.0164611163329403
2459782.5327731	14.82651222758273	0.0224643285735081
2459784.5169734	14.207097254488383	0.0101796897035465
2459786.4607791	14.424737677389029	0.0159975249787092
2459788.2322533	14.232293360792612	0.0103089610163314
2459791.4837061	14.579213238729611	0.0089842827263688
2459793.4707737	14.715465274593996	0.0125128458935484
2459794.4912286	14.373330683414965	0.0129705944162871
2459796.4871871	14.53096019019471	0.0137057780974523
2459797.4921791	14.290734500577727	0.0172644522768632
2459799.4809942	14.427505241208287	0.0168087050910589
2459799.4822924	14.41589969789586	0.0251592181409507
2459805.2180418	14.665135990909803	0.0193114351002995
2459808.2091487	14.53845103696365	0.0256196784122207
2459897.5938405	14.60065140366015	0.0221141769781565
2459897.5950809	14.597128136909532	0.0320220857858647
2459899.6024107	14.728943638778132	0.0440746724480958
2459900.8418343	14.716946456835784	0.0154757653249175
2459902.8254825	14.85232060621428	0.0168823038293555
2459904.8143715	14.108799150065494	0.0112765551967692
2459908.8164349	14.730481950235196	0.0142348078457352
2459908.8177334	14.724069271467554	0.0166802533423331
2459910.8487171	14.820200555069889	0.0190012731967773
2459912.8178928	14.424783801727983	0.0113597356662511
2459914.7948194	14.318785811726578	0.0108428539418003
2459915.7767094	14.709935717153202	0.0121750331404429
2459915.7791911	14.675783263981543	0.0202410192780481
2459916.7854928	14.614012661144052	0.0119132143250809
2459917.8269278	14.109819078590323	0.0112264011747379
2459919.7826668	14.463983220310354	0.0123489489264895
2459923.7740981	14.759750715341305	0.0298619149135972
2459928.8405491	14.846986210188597	0.0221275167443382
2459930.792629	14.488818526596653	0.012065944766436
2459930.7939279	14.488737179303971	0.0156350130215679
2459933.7898654	14.814738784507473	0.0153188656519468
2459935.719312	14.36680432530881	0.0093344472199299
2459935.7569005	14.40741746083377	0.0112998081022548
2459938.8556577	14.41429321428286	0.015799449483421
2459938.8568981	14.414706715795372	0.01433132383532
2459939.7917223	14.666006223774373	0.0116127957977124
2459939.7941913	14.67707381841327	0.0156756191366282
2459940.844617	14.293107080491072	0.0102223424316965
2459942.8413491	14.57424056157845	0.0095907075528351
2459943.8262605	14.310485038857246	0.0096924396758591
2459944.6988112	14.53466758014402	0.0158427493999084
2459945.7393941	14.141640699429333	0.0122489187836037
2459947.7859951	14.547935483037204	0.0092614247134248
2459949.688166	14.652288024227891	0.0291196996100251
2459954.6095062	14.548461401095736	0.0329100530157149
2459956.8314464	14.472670575336704	0.0123760069198366
2459956.8339155	14.487255267794406	0.0239289316984665
2459958.7693914	14.142995524492704	0.0130887799385468
2459960.701234	14.31272869778888	0.010600007971451
2459963.7780534	14.263922084246175	0.0098853527708907
2459964.7457644	14.793315895698733	0.0166345313489851
2459965.7506635	14.532192387293374	0.0074610400104575
2459967.6885175	14.702243226248214	0.011907977054321
2459967.6898041	14.70037545417954	0.0143727095156235
2459970.3914262	14.859150973412303	0.0164041685164652
2459970.3926549	14.860662110674642	0.0190518648352011
2459971.6565817	14.858995050649872	0.0188888861786418
2459972.6441015	14.682430914410764	0.0154750275872392
2459973.6405274	14.074043779375884	0.0125933526445298
2459975.6124752	14.549880087790326	0.0125027313098336
2459975.6137619	14.554504396568213	0.021949162084732
2459976.5450662	14.777108742461234	0.0135699960894116
2459977.6809697	14.73187059774088	0.0177978450560662
2459978.6834991	14.300339832155816	0.0200694157969563
2459979.6955407	14.767933094235556	0.0339182515531844
2459980.709458	14.772683802600234	0.0257384018057002
2459981.7266892	14.083211540123974	0.0212501135893386
2459982.7714762	14.84371081591448	0.0273541002055859
2459983.8654238	14.886043714671482	0.0500073360338359
2459985.4499332	14.231212323860811	0.0123722206972687
2459986.7214256	14.301656466327533	0.0165376368503042
2459986.7227123	14.28719019644343	0.0180987403363311
2459987.6766729	14.766494692426694	0.0219386550464749
2459988.5901302	14.361814072503856	0.010607488488178
2459988.6917102	14.520524721117106	0.0132782866213349
2459989.6911847	14.471140949794265	0.0095399962150095
2459990.5851042	14.681632054212663	0.0098764592739498
2459993.865234	14.78288926215564	0.0149813041239323
2459995.6835675	14.7670427408157	0.0135405272849039
2459996.7822064	14.629378359536796	0.0099303066501604
2459997.7653034	14.31037095565458	0.0132056712030302
2459998.8100898	14.75436099722339	0.0152512284012405
2459998.8126863	14.792590527095982	0.0231573802956843
2459999.7758533	14.420079459048951	0.0110777871593592
2460000.7892388	14.822104463171176	0.0172533961112559
2460001.7915267	14.711288956769607	0.0121093942043783
2460001.7928259	14.698364760686216	0.0124669584907628
2460002.680908	14.790563279954243	0.0133577511184345
2460002.7114415	14.514163817233367	0.010897908328018
2460004.57829	14.391879624978706	0.0137377037218956
2460004.5886564	14.34785185534587	0.0150768875788333
2460005.8066163	14.551721513093728	0.0079840852418073
2460006.8251991	14.780003748209856	0.0152714405384937
2460007.7288347	14.250379407038308	0.0118023869422872
2460009.649918	14.269489984725949	0.019599224024315
2460011.7267219	14.652755617544615	0.0378069849268266
2460012.8366501	14.658563833408122	0.0488641194231897
2460015.2848043	14.431582897464208	0.009496193485023
2460015.7816861	14.10155539341825	0.0136566812722481
2460016.4996238	14.3561671125573	0.0106704258489444
2460016.6659621	14.64128810823125	0.019153901701456
2460017.6306915	14.191102382679802	0.0109962733373503
2460018.6414189	14.76713433305379	0.0137826127554933
2460021.5742371	14.579555220781046	0.0071896781945382
2460023.6369317	14.764205291659929	0.0118613256227542
2460024.6554356	14.52540123915644	0.0113984582455921
2460025.8004548	14.369049990532968	0.0115861519346226
2460026.5133875	14.66663353305536	0.0095047950564673
2460028.8356576	14.159755949800862	0.0105671979556132
2460031.3036334	14.203097702436022	0.009688027634155
2460031.5894999	14.6726351749334	0.0150990210077559
2460032.3406003	14.702965551765956	0.0128815911416206
2460032.5365196	14.17008448267388	0.0125300463043243
2460035.3256769	14.727266315850912	0.016495850571479
2460035.5891191	14.33363129118524	0.0120936555791431
2460036.4609797	14.607616031354508	0.0123826064513759
2460037.4622361	14.257571621826044	0.0141264575065775
2460040.3216662	14.780733843150282	0.0306172070376671
2460041.4395258	14.639099425460646	0.023294091264234
2460042.2228923	14.753351988300327	0.0211414755733597
2460043.6813345	14.15677345784932	0.0170900536849827
2460044.2534454	14.566378022674332	0.0061288146683504
2460044.6410652	14.748371977265792	0.020449763841983
2460045.5595746	14.150697194344382	0.0147445739312612
2460045.7998326	14.69010328739696	0.0210496215712874
2460046.5852913	14.766299914411562	0.0129050633548934
2460047.5454059	14.418361826553795	0.0095290251384187
2460047.6759302	14.715999580334689	0.0129628396097611
2460048.7758715	14.390321359049793	0.0109673643432075
2460049.292107	14.552704945478938	0.0057040326225308
2460049.5776907	14.730473535632155	0.012516948450004
2460049.6316603	14.687754882953984	0.0120345887307698
2460050.2318071	14.399688529459311	0.0080499361130286
2460050.5240412	14.116963003596624	0.0105266632230088
2460051.4764656	14.736872640192086	0.0130319069853773
2460052.2501933	14.820794760555064	0.0145516253427699
2460052.5333221	14.522106293375092	0.0114396999260194
2460053.3842691	14.752794842602183	0.0133077039557788
2460053.7330962	14.390488207024404	0.0090269287815367
2460054.5342723	14.67432500104252	0.0117596178903508
2460054.6023724	14.739690366287473	0.0130696176973854
2460056.5630494	14.70603521325797	0.0125940506624673
2460056.6234626	14.816452573392212	0.015363190149095
2460057.4885201	14.533097711038492	0.0094473897187956
2460057.5080577	14.494335133862224	0.0080405344286838
2460057.5105385	14.517788038471831	0.0118432114984062
2460058.7746502	14.574717207823252	0.0107952992332966
2460059.5161758	14.759530627934812	0.0146826140830343
2460061.6908848	14.138250604856166	0.0104473583619242
2460063.2184878	14.713230964715208	0.0194137862200156
2460064.2478598	14.431543897395226	0.0076240717103525
2460065.5691472	14.58607958407102	0.0123017630197907
2460066.4171695	14.689011650411883	0.0243204310196391
2460066.7468205	14.511120432812351	0.0168126067908528
2460067.2263494	14.406711558621527	0.0166527368287898
2460068.2191731	14.702818105444177	0.0231398213961116
2460068.4826096	14.189039275645197	0.0156526154907259
2460071.6788914	14.401701725996457	0.0148602369168855
2460074.7037149	14.110426550792589	0.0126697763494896
2460075.7233918	14.690288641167284	0.0327438261634492
2460076.5355698	14.370379602181458	0.0160761344212875
2460077.7200921	14.85273383350217	0.0220225363759282
2460078.7158637	14.72941920321359	0.0123335040844116
2460079.7171185	14.31575728868657	0.0195471920337355
2460080.4413519	14.482484741923685	0.0120732151234379
2460080.7114012	14.741705122337912	0.0148853798889786
2460081.4407336	14.763472394197066	0.0129026381749693
2460082.7065355	14.479966109870013	0.0122151917284198
2460084.4329047	14.737778654796813	0.0221440364274961
2460084.7020751	14.355490029233424	0.0143047798940607
2460085.6979321	14.789895205998253	0.0155781035863734
2460087.6933986	14.351209757282486	0.0307578885935431
2460088.2028869	14.818742620767702	0.0168643411001092
2460088.6892367	14.71897692886629	0.0126598657249694
2460089.1990569	14.663580491589688	0.0133941516050252
2460089.6849856	14.440698215795075	0.0108048048141453
2460091.2058826	14.683021366107551	0.016518627343967
2460091.6807459	14.634460720604618	0.010840778628711
2460092.2134929	14.449833627524018	0.0103005290325768
2460092.676512	14.270835951543814	0.0245907324756604
2460093.2433617	14.532888312292725	0.0193615291604071
2460096.6696091	14.71278570649658	0.0254410929938197
2460098.6618211	14.813521299963844	0.0361428584087804
2460101.6535978	14.79510804365491	0.0510093973226742
2460102.3816616	14.720916773490488	0.021993759902975
2460103.6495284	14.718741534676465	0.0172591724142032
2460104.6455687	14.552623233628594	0.0114909130175842
2460109.4692892	14.22645461140037	0.0114753808762012
2460113.4572319	14.724148817803552	0.0150239898532189
2460116.371082	14.432337391477478	0.0123086121307759
2460120.4883563	14.834929977298849	0.0172933368832042
2460123.5285738	14.695597904695076	0.0221416685404264
2460125.501809	14.540632473871137	0.0286862724881047
2460127.5214147	14.373964669251968	0.0275541856575519
2460130.5801213	14.41636875480909	0.0273783667958001
2460137.3068791	14.35982271610257	0.0090376705960295
2460140.5472445	14.384623455250823	0.0101916826668899
2460142.530778	14.615405630130208	0.0116726607026096
2460148.5157491	14.222048124721104	0.0127860394384125
2460158.2441335	15.15137219395998	0.0703048724987524
2460159.2388807	14.516532178138434	0.0280452003208255
2460160.2451661	14.468061488112312	0.0090744126088441
2460166.2247772	14.700102408579896	0.0226426850438961
2460167.2101863	14.448653942414744	0.0217344425862157
2460248.8695101	14.750737737206192	0.0738209764694765
2460251.8693565	14.912156586551289	0.0749007683399776
2460253.8562398	14.64962049496952	0.0180232981323929
2460256.8582805	14.809411555856707	0.028160648614063
2460263.5880206	15.034039936650869	0.0636341430051791
2460264.8379199	14.667962483087734	0.0194821069898744
2460265.8604778	14.320819879034223	0.04289555163405
2460266.825446	14.873565021416804	0.0189657070655971
2460268.8171669	14.06827184848135	0.0115318466915769
2460270.5949475	14.59425093963539	0.0194709842843986
2460273.8356236	14.261393965196	0.0111305280389156
2460274.5941227	14.500705817716732	0.0283801846715051
2460275.5949142	14.278753738021754	0.0189410391964937
2460276.8036056	14.704306076604624	0.0280608071510205
2460283.8194246	14.466589197531365	0.0099906767291526
2460287.7842448	14.83839325072914	0.0207752999116353
2460289.8571833	14.273817088160383	0.0345175713741443
2460290.5123718	14.325059438314325	0.0196303007256277
2460295.4938343	14.19143780006522	0.0120258496976479
2460297.4866315	14.534649594167435	0.0102832192657311
2460298.7427315	14.512991679704086	0.0090140425365727
2460299.7396917	14.657919482355302	0.0144876104776879
2460300.7359488	14.719340552157156	0.0176249834385432
2460301.7511723	14.393633110919408	0.0138413913006701
2460301.8431252	14.50381238534318	0.0111264960570468
2460304.5862575	14.716018532884725	0.0234130589571004
2460309.7156331	14.088175477345487	0.0165567487072342
2460310.7005308	14.720410618567856	0.0222293919423755
2460314.5888251	14.833583911669358	0.0192195447364013
2460315.7541049	14.754411028211823	0.0140846812616742
2460317.7801047	14.155127500135723	0.0107372383170951
2460320.8346588	14.479873962024552	0.009168393777488
2460322.453467	14.700664172731573	0.0154126394757641
2460323.4381791	14.359732463009763	0.0108226200395892
2460324.456568	14.790715461032995	0.0143736951951742
2460324.8420293	14.582612215714477	0.012019562222713
2460325.4501037	14.636072727449216	0.0127314053488563
2460325.8426501	14.126082761154803	0.012701003569168
2460327.4572724	14.671313172077136	0.022716660272216
2460328.4392026	14.455760728982789	0.0097985078092013
2460329.4498978	14.839539053639912	0.0162545097462373
2460329.6722205	14.342399902101468	0.0159643694028779
2460330.4512103	14.663057114148804	0.0231101526041138
2460330.8250934	14.141292429424094	0.0108648375264702
2460331.8233448	14.778856510749492	0.0178463470824268
2460332.8246093	14.47819208369147	0.0086739180506905
2460333.436865	14.632410220855752	0.0426741759075275
2460333.6743106	14.719005020568703	0.0335654510856532
2460334.6566881	14.385885013011034	0.0305541030461473
2460338.7993763	14.734128469279472	0.0272098878495264
2460367.5414744	14.494916691195153	0.0239807625558556
2460370.7571372	14.683534830889538	0.0163521117285741
2460371.601168	14.527685542416574	0.008758271051133
2460372.3441377	14.247758582048284	0.0120789646220809
2460372.6791075	14.689362422942736	0.0147391727032009
2460373.6856329	14.287728091866882	0.0109499554033044
2460374.6808663	14.744880915269894	0.015162088872352
2460375.3527559	14.801148570912352	0.0157049835823521
2460377.7949673	14.82343379303665	0.0165883627127424
2460378.8517897	14.693687461740756	0.0145904755954659
2460381.8489617	14.55226499267822	0.0127378693739505
2460385.7618943	14.699747093325058	0.0118183529398308
2460386.5599301	14.472150261539634	0.0130719625901234
2460386.7429788	14.50317756519902	0.0220723241457155
2460387.5201719	14.426268435392656	0.008636907086373
2460388.5683053	14.42003297264323	0.0174652699858154
2460388.7513718	14.736747442227324	0.0270041010653645
2460389.6110516	14.730840115866648	0.0345996438055846
2460390.6383307	14.736127176310951	0.0305585875528391
2460390.8454628	14.83548047162748	0.0351678609951446
2460400.2989294	14.184841239254368	0.0115129266269154
2460400.6001763	14.739611922062767	0.0151706203634241
2460401.6445472	14.546826469403262	0.0156068630381251
2460402.3204462	14.6043202377119	0.011974968160722
2460402.6477668	14.930871802832083	0.0175782444422078
2460403.3449792	14.366504555547836	0.0105352600738889
2460403.6393117	14.636206213239332	0.0114592450388712
2460403.827022	14.82387523009159	0.0292048056472831
2460404.3226895	14.715801483302728	0.0122009314215323
2460404.6384892	14.172775915025458	0.0109728468619871
2460404.8226085	14.60569401554982	0.0243140675959104
2460405.3150933	14.371425354392802	0.0144494139903419
2460405.8177478	14.46729836144705	0.0128655388000498
2460409.8073223	14.60481833932672	0.0223896761817881
2460410.8063412	14.30749582538661	0.0185641862472303
2460411.8018333	14.79036242540121	0.0160521311217285
2460417.7859837	14.520837814132188	0.0107525278035408
2460418.593092	14.668813101671262	0.0141560217175152
2460419.7732451	14.64798008743928	0.0154032233553266
2460420.2312111	14.509370640278132	0.0158139648069206
2460420.7763355	14.31345637318164	0.013687250639144
2460423.7707185	14.571491392808207	0.0305969172223688
2460430.2582462	14.619867009821093	0.0122042700887858
2460432.6000947	14.38451651141072	0.0106864444458734
2460433.5241485	14.798052495964669	0.0197106957956986
2460435.439699	14.784674487187733	0.0151254968513042
2460436.503568	14.659383834318673	0.0101810432254875
2460437.5047053	14.24976094439472	0.0115999954469578
2460439.4830963	14.475132144832774	0.0149579006395546
2460440.4831034	14.81362879788454	0.0141859641125339
2460441.5115929	14.75502486474968	0.0170793879307677
2460443.4629761	14.744884275797656	0.0137282823015519
2460446.6971777	14.707135498955717	0.0138912098106329
2460448.1930825	14.55403773036491	0.0211066561995949
2460454.6637107	14.677708723143594	0.0511352745735699
2460457.6178083	14.695707639307784	0.0146156551772315
