2458014.4908751	15.408332935641331	0.0132166304182447
2458015.4972424	15.494763675070075	0.0113299591178732
2458016.5025466	15.806876820207195	0.0267181733739229
2458018.5133961	15.217155176926	0.0163487330327375
2458019.5073841	15.34898114717376	0.0159383848417717
2458029.5460672	15.44279869696502	0.0261059855342177
2458032.5093094	15.736156928659632	0.0478444857739052
2458033.5246616	15.425284196790397	0.0236039004187181
2458034.5878079	15.40200615538373	0.0296185567514226
2458057.5010345	15.569216735827265	0.0327350023069398
2458058.5053506	15.439933859751898	0.0311438684813187
2458180.8980581	15.372479583506845	0.0691416385226927
2458181.6361598	15.39659843660105	0.0532048635820454
2458186.6282495	15.217876975646652	0.0253763876158476
2458191.8898606	15.556856014454477	0.0197243033702651
2458194.8754447	15.521682091880203	0.0167936485779572
2458195.6216253	15.832602378488073	0.0309878128570042
2458196.6512233	15.490322525100662	0.0404420155946955
2458200.5985101	15.791910350339744	0.0257515281018198
2458201.5976621	15.75667764212687	0.0235644256647958
2458201.8656517	15.871730524621398	0.0336268377433301
2458203.5921299	15.284606090404129	0.014162015014792
2458204.5874527	15.399796019416618	0.0121481224086089
2458205.5919661	15.656008030253192	0.0198913023846598
2458206.8503548	15.556443601426968	0.0307227126388325
2458220.8599445	15.469111769510985	0.0286029245118207
2458221.8631935	15.54758148393675	0.022037038583737
2458222.8451805	15.49941602587632	0.01414644478645
2458225.8621275	15.248998350072512	0.0169527618762416
2458228.802789	15.45629780652973	0.0142629626036167
2458233.7670154	15.256633719351989	0.0190917912490722
2458242.4897167	15.435007999177945	0.0319078536848045
2458245.8417046	15.693650136620557	0.0360980093219268
2458246.8342508	15.50657473397298	0.0207261444955117
2458249.8252469	15.481858288034548	0.0131178955244062
2458250.7471644	15.2983514950626	0.0164302695671743
2458254.7630031	15.509802921824004	0.012607937619673
2458258.7161646	15.803644003056164	0.0269706860448668
2458261.6905934	15.424516847722323	0.017654949924464
2458262.779165	15.708527350131655	0.0230800278643778
2458263.6822423	15.459279947517182	0.0163603024433076
2458273.811094	15.712345288060025	0.0337275850303589
2458274.4078355	15.635987149701585	0.0289626450564493
2458277.8111614	15.40638673081853	0.0154936546993452
2458283.5380909	15.778319523714146	0.0379499828514943
2458286.4532469	15.752681734562373	0.0236460351892412
2458287.673937	15.737005788564485	0.0250322493265187
2458288.7046245	15.47431975385981	0.0127763045774699
2458289.7891982	15.670814078486986	0.0241758781912628
2458290.3493703	15.357742667745136	0.0190934664570339
2458294.7462962	15.580101931317106	0.0240798831677883
2458295.6833615	15.27602306385722	0.0340948501053761
2458296.4897807	15.868427449322866	0.0754417605670467
2458296.7238183	15.78566051672308	0.0829110776481783
2458301.9053886	15.29896059077277	0.0384208351836304
2458305.3990102	15.290124296143954	0.0140550123172339
2458305.6255198	15.737517971352466	0.0278407343996546
2458306.3958271	15.399682971359177	0.0126475849511669
2458306.5623422	15.786461304308286	0.0265644596883373
2458307.3882602	15.652108060751512	0.0167404758123102
2458308.3855047	15.837871160868918	0.0262611705370867
2458309.8548239	15.514475949056166	0.014670336504109
2458310.3865627	15.32207723587462	0.015076696493842
2458312.6642236	15.392547247829462	0.0144552559654472
2458317.3211882	15.305264739212774	0.0166358331673794
2458324.6706459	15.584066029038013	0.0401854112825702
2458328.3371334	15.29618929304387	0.0380807740959049
2458332.723271	15.566166338097794	0.0252375129008855
2458333.3246277	15.2886965108669	0.013804056128969
2458334.315054	15.295009062610305	0.0140036969181323
2458334.5860201	15.513917493949943	0.0143806550020818
2458339.3122643	15.295904327565392	0.0138574028264336
2458339.643561	15.274557938718946	0.0191349109701132
2458340.2980345	15.322329879261265	0.0148681721942987
2458340.6479535	15.44259303359194	0.0157217983022925
2458341.764938	15.633531351258574	0.0223910772432589
2458342.2880674	15.76925468814844	0.0230236659575491
2458344.2920918	15.4312712373257	0.0125182296334011
2458346.2674762	15.313522153733052	0.0136456750748741
2458346.5835474	15.327360321752405	0.0173321483553589
2458349.5250211	15.727211106176744	0.0308010877615177
2458350.7006459	15.441087029326004	0.026305374231599
2458360.6664401	15.50519748080889	0.0222658413424058
2458363.6821832	15.760825044607516	0.0248687759619473
2458365.2565782	15.78273021374265	0.023076190914992
2458366.5681501	15.724404767680738	0.025821464716078
2458368.6353228	15.522276362124924	0.0184855538658526
2458371.5397434	15.808944288117896	0.0284659990741151
2458372.3113176	15.225741558998704	0.0159244094183443
2458372.6034652	15.320492918291825	0.0168329138280009
2458375.2918426	15.781046869338777	0.0268556503673343
2458377.6988609	15.310445878834484	0.0186342720634598
2458379.6069912	15.511869389205762	0.0329595739159826
2458389.4213676	15.92633657646791	0.0657776429969268
2458390.2675622	15.33245532644308	0.0132420014108661
2458390.4961562	15.341533764017662	0.0165417187879706
2458397.670618	15.781181310452016	0.0380888719441254
2458398.3232271	15.714288284199409	0.0225106303693537
2458398.6631379	15.327548951655386	0.0190048238514214
2458401.5965466	15.30989087046684	0.0184895053530669
2458402.300502	15.660113051348858	0.022018045827799
2458406.6333304	15.491794253677686	0.0247132664861021
2458409.5043643	15.534646228242597	0.0266169691008018
2458410.6300798	15.277257529193635	0.0280424734841305
2458411.623863	15.373620078300936	0.0310119498597892
2458412.5245734	15.278171863345314	0.0320194473027875
2458413.6084235	15.79390224912819	0.0654246055555131
2458414.6132493	15.742260055467565	0.0540465883361974
2458415.6051609	15.572249909661604	0.0468973563920299
2458417.3384941	15.634680162308904	0.0624105014669417
2458417.601803	15.221643666666363	0.0465700206549573
2458419.6001136	15.708185423576833	0.031060698885289
2458423.5836114	15.373734181189429	0.0160195691957109
2458424.5802043	15.58000284196275	0.0151410528292166
2458425.5806081	15.70525361787493	0.0238217645402933
2458426.577788	15.778800418739058	0.0283988030637547
2458427.5748236	15.31361493902429	0.0169947459892678
2458428.5714348	15.261166244890426	0.0180412740514336
2458429.5662865	15.3860649169568	0.0207151835860502
2458430.3065383	15.78256392551974	0.0284765451654149
2458430.565102	15.619787211494293	0.0156722928422955
2458431.5611176	15.727227716649182	0.0241642931169486
2458432.5558534	15.466413312245042	0.0173057715359354
2458437.5422606	15.80548574196236	0.0378133302781316
2458438.5374818	15.758141882726164	0.0448479055139659
2458439.535925	15.242117891425522	0.0247436356682713
2458440.5317201	15.49966996274917	0.0324895493505589
2458442.5260475	15.570126405835811	0.0362900140212043
2458443.518784	15.735968643617705	0.0730022711031827
2458444.5197241	15.76803684308628	0.0726859747049144
2458546.6364556	15.593318590538823	0.019934618495385
2458546.9009403	15.800250672954228	0.0566541700898393
2458547.8954702	15.61994214368401	0.0312608707422547
2458548.6384397	15.36080592507853	0.0191162470455517
2458548.8909216	15.251070660941515	0.0237262358568784
2458549.6264108	15.495054188293771	0.0171264287243929
2458549.8869938	15.3340906798851	0.0180870330550102
2458552.8839097	15.83670047230526	0.0322818366181247
2458567.86997	15.575074986589648	0.0299866282038963
2458572.5876105	15.649905723719195	0.0244384812501497
2458575.5819642	15.29069825369998	0.0179099071313449
2458575.8286853	15.557419374861825	0.026759167656969
2458576.8248515	15.359265346087112	0.0142857964331807
2458577.8185948	15.518855520375515	0.0175921395127162
2458578.8185976	15.428231948971158	0.0205736768253068
2458579.8115793	15.570443465413964	0.0226165966703603
2458580.8139452	15.77539690547461	0.0227878859444603
2458581.8128248	15.684441274616905	0.0164469080881605
2458582.5554607	15.31446073149353	0.0177683068995346
2458584.541704	15.713868085008247	0.0205924488762582
2458585.7984776	15.698024068793384	0.0183785674779323
2458586.7865166	15.775678368851953	0.0273445882824059
2458587.868592	15.244370498207536	0.017407231151633
2458588.8117577	15.285289939110264	0.0161045547961787
2458589.7909734	15.27547546461959	0.0323384421618394
2458590.8686909	15.74403712248347	0.0261678688664633
2458591.6459486	15.27368946418457	0.0188659054076893
2458599.7625139	15.248184669945765	0.0264097834596688
2458600.75924	15.516763697314374	0.0240482667155712
2458601.7705072	15.524669855942989	0.0210749800919395
2458602.7571328	15.639856291835509	0.0179819368045311
2458604.7440925	15.759980803116528	0.0254796014123156
2458605.7363925	15.301223970515972	0.0140205271955818
2458606.8522332	15.719864921736114	0.0203498921463575
2458607.7802607	15.48088218343165	0.0158360430222809
2458608.8589606	15.436474001153242	0.0153630401475966
2458612.8566678	15.729026393806878	0.0287961483644974
2458614.4783942	15.73122013594874	0.0226019788374429
2458615.5102811	15.28095023782013	0.014843304818394
2458616.505088	15.582463150159947	0.0136721359398519
2458617.8431121	15.62087936048649	0.0226923464426711
2458618.7151825	15.310529290937804	0.0376076683504841
2458619.7038162	15.533280018425232	0.0463646805640586
2458624.6841623	15.304126843195643	0.0498532611025858
2458625.6825039	15.689994875743128	0.0566133558177515
2458627.4690227	15.33232513840862	0.0315387229399879
2458629.5368978	15.874232545740124	0.0535749573105376
2458633.4118371	15.303120630598476	0.0178210272958076
2458635.6654539	15.356626336514507	0.017559725807062
2458636.6679004	15.59218877943296	0.0152004946793855
2458637.6643369	15.818305805974283	0.0284171103502044
2458638.6881176	15.75248803954516	0.0364537875859424
2458640.6482987	15.318090970091268	0.0216293261396994
2458643.6605107	15.764290073690573	0.0233598568401019
2458644.6630838	15.662843994038	0.0270011147781948
2458645.6514297	15.543806770699106	0.0277827632858338
2458646.67557	15.350851527646808	0.0226343757920516
2458648.3929355	15.725026384467697	0.0411949360158681
2458650.7115625	15.459199807079314	0.0528510091238846
2458651.73046	15.456182323068964	0.0720588672035402
2458652.7471817	15.46765908337921	0.0474778364886675
2458654.6078851	15.696242215702965	0.0558437275523067
2458656.8884825	15.773289056827512	0.0396021509147518
2458657.6674194	15.53896422422114	0.0252841412848441
2458660.8285779	15.468804155857876	0.0183398026682507
2458661.5167727	15.708441348054649	0.0224055652388918
2458662.9389232	15.275977555719912	0.0243071380961385
2458666.8814473	15.769468432840329	0.0248327121429788
2458667.8036894	15.733747161552312	0.0230108231695622
2458668.5144649	15.795540842498834	0.0260791534341064
2458668.7824072	15.812809309111229	0.0245646796551326
2458670.7107061	15.772046020389766	0.0263817083770842
2458673.2987942	15.330286483750765	0.0148984941595398
2458674.4651822	15.757626914668222	0.032832341967263
2458674.6250546	15.331016137402308	0.0196711613438716
2458677.3494328	15.585307650110355	0.0370501219557669
2458679.6574371	15.359833608023932	0.039736203651736
2458682.7409657	15.524604258112122	0.0431819739320007
2458683.7524667	15.478881732455566	0.0349429935293046
2458684.5895494	15.446580886009404	0.0359250904814785
2458688.7476295	15.308444784774968	0.0195906744146914
2458689.6973101	15.469731502678732	0.0159534956928107
2458690.4944712	15.77489010159406	0.024440615470533
2458691.5024541	15.370725009633578	0.0144822829149364
2458691.6983989	15.47482028117383	0.0164764997917846
2458691.8655156	14.820507202866926	0.0260134980402233
2458692.7751768	15.314693683134433	0.0162146315319203
2458693.5321554	15.527099305738474	0.0177983311737748
2458693.7705456	15.301727843468552	0.0167349436797273
2458694.7821062	15.498651538149154	0.0141280682041706
2458695.7462484	15.589577680509333	0.0165119660614423
2458697.7424933	15.481154688354	0.0166767558173235
2458698.5465327	15.534305114107807	0.015063803978918
2458698.8347615	15.356510843788168	0.0164408758486473
2458699.753934	15.27972031399625	0.0187392973354352
2458700.6779401	15.508205923243665	0.0155545945442228
2458701.7850513	15.47882407451513	0.01522420190874
2458701.8264548	15.84886813165675	0.0381666468472551
2458702.7892832	15.65367579634165	0.021259047785033
2458704.8277371	15.49778859489481	0.0149091035513253
2458705.682262	15.33257771591745	0.0246590128375237
2458712.6385916	15.430663897069092	0.049040802750372
2458716.6273238	15.474904366853808	0.0172292270447711
2458716.7955572	15.638772108668649	0.0364552787308453
2458717.4144771	15.600380957010405	0.0205143520502061
2458717.6286131	15.29241033926901	0.0181055329679692
2458718.5622274	15.198853770030912	0.0200857634656149
2458718.6127644	15.484710340005671	0.0177838847155048
2458719.5254472	15.292271570329891	0.0227233893483687
2458719.6140243	15.45824302167251	0.0143420606392179
2458721.6537961	15.493667803300903	0.0160030781019452
2458721.7514674	15.3200538392741	0.0178521145070746
2458722.3288464	15.3233473952478	0.016924130947736
2458724.3364371	15.669222475959202	0.0200666575354459
2458725.7650234	15.310734290399296	0.0220788657348257
2458730.7470088	15.665003602740873	0.0216183509545375
2458732.2580974	15.81029412210012	0.0386104612481399
2458733.4318872	15.583009618219693	0.0287340608836682
2458734.7013548	15.481233859112372	0.0653291936874554
2458740.5532088	15.574301772951037	0.0501348234763964
2458740.7256375	15.757440625214738	0.1000300111520227
2458741.5633356	15.34669556526496	0.0419759745728738
2458742.5528293	15.377612068635129	0.0340218476057592
2458742.723836	15.363485147646134	0.0429838459175684
2458743.443044	15.442669287166709	0.0423762536040219
2458743.553806	15.488929171169657	0.0227283039314841
2458744.5388304	15.604582677109756	0.0248691814934625
2458745.5171085	15.50213240446794	0.0146111071064236
2458745.714474	15.490915892883825	0.0311263885852538
2458746.5393105	15.46532475669351	0.0214864939798717
2458750.2652918	15.328740650338588	0.0147972756003506
2458750.7021542	15.483265326093068	0.0168668088132091
2458751.7024728	15.716130529638342	0.0346773279059138
2458752.6983028	15.742766576807888	0.0333644128829504
2458753.4257826	15.298720833910384	0.0180252095600137
2458753.6936936	15.678799380801582	0.0236304634481101
2458757.681834	15.660663925961822	0.0208677861899224
2458761.2754444	15.3010776097213	0.0241192378233584
2458764.5935373	15.860460299472836	0.0642178194141034
2458765.3073629	15.773137388417233	0.0546005683271167
2458769.3885546	15.467137575326236	0.0502868985253854
2458770.381968	15.226224293018696	0.0417989914696509
2458772.3634947	15.42762508431619	0.0456583131336346
2458775.3468027	15.86146865605371	0.0316870575929255
2458776.3718488	15.343237059462757	0.0172336532763681
2458777.6292992	15.302145502976572	0.0190058411031387
2458783.5393027	15.688922097236969	0.0268437444559201
2458786.3450266	15.725378218810537	0.0286203391763651
2458786.6057741	15.748709366567192	0.0298746702881096
2458787.3453798	15.318407430010328	0.0223354448976979
2458788.3272329	15.317486409468298	0.0166961775796233
2458797.3127847	15.87184871021334	0.083537748551514
2458798.5716846	15.990459054702274	0.0964127707851148
2458799.5676599	15.671778679309304	0.0616219980146633
2458800.5484983	15.245484650417705	0.0537255561243823
2458801.5452051	15.355853110103055	0.051436427139302
2458803.5349331	15.675812176097786	0.0241458879109953
2458804.5307155	15.838883432925204	0.0389311298111369
2458805.528492	15.715065361563177	0.0261614297837005
2458806.5293791	15.392200363623392	0.0213106129452716
2458807.5252132	15.561455153969655	0.0306677371006852
2458808.5266707	15.436547491662711	0.0259470502415048
2458811.5168353	15.656973286087064	0.0667011227546891
2458907.901993	15.649926784515348	0.0810716175174048
2458908.892238	15.683950879206712	0.0299743895115731
2458909.6385508	15.262307807222848	0.0228639258548508
2458910.8904294	15.228436432171122	0.021304123453475
2458911.8856155	15.54282331777205	0.0224504492260439
2458912.8849092	15.70384098526624	0.0259216166643117
2458916.8738575	15.29987930816016	0.0208932885014997
2458928.6115339	15.730971901453186	0.0257538833368982
2458931.5976482	15.254071208666817	0.0166074364473495
2458933.6069425	15.659869032660492	0.0221097465938776
2458979.6111809	15.564590855117626	0.0495673176593584
2458989.4477885	15.345918845017051	0.0159116654169839
2458991.5833403	15.26223546409624	0.0163576251287165
2458993.4598931	15.24707728617907	0.02246096215908
2459007.4430615	15.9009733385871	0.1017727588629135
2459014.509536	15.261933866322748	0.0172082675937367
2459017.3915954	15.33176443102195	0.016095875742665
2459025.4379678	15.779113442076596	0.0348118027378101
2459029.481223	15.84198186156767	0.0301112366533208
2459034.3195183	15.289162870786113	0.0410333244107445
2459038.2944305	15.723562239715456	0.0552039007640555
2459046.2756541	15.243772339915784	0.0163031310611191
2459048.2653444	15.580926746707748	0.0191907144524005
2459049.2574459	15.702730103810625	0.0298673440539977
2459050.2768332	15.748341420167026	0.0267673642596057
2459051.3694818	15.398322972523486	0.0154936271333771
2459052.2513155	15.28320774465596	0.0179082522098532
2459053.4672488	15.24869882717812	0.0165034465281192
2459054.2405972	15.509643530364238	0.0158827583607306
2459056.5998252	15.3593272044035	0.0186963966416807
2459059.5707577	15.52871689855614	0.0159761650043532
2459061.2542889	15.991853698447398	0.0742808986725312
2459068.4293657	15.832693459404672	0.0487039540591798
2459072.319185	15.32489157710692	0.0157338828103588
2459078.4543988	15.620868317409467	0.0196600875524515
2459083.2259607	15.721937063775576	0.0252775583204241
2459084.5176589	15.721770053959451	0.0291066888198351
2459094.4937293	15.589605643634776	0.0813269528216986
2459097.2615973	15.474234932590743	0.0200205748872538
2459101.4803464	15.822242497287055	0.050556286050186
2459111.2822039	15.25569319860833	0.017324903665136
2459114.2649852	15.621933341144311	0.0241699492400172
2459116.303063	15.396136742740325	0.0310779503120159
2459120.2472423	15.578312934385288	0.0510462328233689
2459122.2593612	15.525152534762672	0.0377373580791644
2459128.3168153	15.303166345869148	0.0165686902318142
2459139.2644707	15.297243123190258	0.0192485049425913
2459146.5268737	15.438495832071355	0.0289462234411169
2459148.5094198	15.666751494618698	0.0363335447328982
2459153.5846439	15.9777812556877	0.1184664166411673
2459156.5743066	15.223531227997618	0.037117513561946
2459157.576191	15.352443081836508	0.0227257725235812
2459158.5838811	15.63593228061373	0.0249183531229293
2459159.5684993	15.84209584184564	0.0359053264164076
2459163.3107511	15.761478948733386	0.0302677361951707
2459166.5456018	15.700736884712018	0.0262187006408001
2459169.5233098	15.544311735270515	0.0210413957074894
2459178.526451	15.322101738132131	0.0412236441360614
2459271.8982958	15.27860346233011	0.050542698984696
2459277.881366	15.260653571473751	0.0332093288252388
2459285.891533	15.76504545300714	0.0294525289072227
2459287.8450817	15.471144944127406	0.0191836472673902
2459290.8737451	15.622514481216482	0.0305651877569935
2459291.8573902	15.810144514041472	0.0319682189912308
2459292.5889975	15.303889204506802	0.0153667937249634
2459294.8447492	15.273745619673178	0.0200851440442929
2459295.612767	15.757349866643535	0.0300426504308599
2459295.8727183	15.576917096537334	0.0172524374461386
2459295.8810593	15.581488979150611	0.0428232127240939
2459298.8256848	15.73295992028866	0.0278853038128103
2459299.8135123	15.343427461116574	0.0258346053006886
2459300.8827503	15.473364947083551	0.0771321140877569
2459302.8766414	15.57984800416055	0.0744850590266995
2459302.8778601	15.414666383269974	0.0690378238697853
2459310.8032519	15.396826297294036	0.0248452859655093
2459312.8895271	15.857786390082463	0.0405671215268864
2459313.8293136	15.730651820258938	0.02839857597974
2459314.8824926	15.468505699939024	0.0339590592402262
2459315.6496035	15.481730896165622	0.0178509553402509
2459315.8825674	15.233230688908906	0.0196855276552092
2459315.8887342	15.250514217334036	0.0204812302212408
2459316.7862303	15.27397867173166	0.0194133227067587
2459318.772633	15.450649857140204	0.0209363297170479
2459319.7702248	15.635355128235975	0.0235706716437291
2459320.8364567	15.597138569169374	0.019756004093393
2459320.8598971	15.339759775317084	0.0224362704366718
2459321.8390152	15.214496525041968	0.0242663797782856
2459323.7668256	15.227994813638286	0.0210428487102718
2459324.7614022	15.4607999942838	0.0201163566421653
2459328.4904987	15.303014745797364	0.0337358800938423
2459330.7381395	15.42527330975161	0.0461492128169849
2459333.8294309	15.572251560079486	0.0623671821231769
2459337.7200907	15.798740603186758	0.04915439779059
2459338.8218853	15.478162763986411	0.0246723048446703
2459340.9242131	15.872312678109235	0.0484062693547118
2459343.5085146	15.277250168958378	0.023151206750178
2459345.7013875	15.331453189293605	0.0153391679151775
2459346.8630035	15.479583119969467	0.0180218520904735
2459348.7708908	15.552416902127144	0.0190527625894368
2459351.6867108	15.261535962248212	0.019850154579387
2459356.6675077	15.478082305674626	0.0269469185346405
2459366.6812346	15.801669109452522	0.0555281522955511
2459367.6833126	15.30041907953297	0.0191932915760027
2459367.7264565	15.525532605129628	0.0275108898632377
2459368.6387875	15.37288800619738	0.0165005890931317
2459370.7883148	15.700381966234753	0.024350466451589
2459371.7195917	15.514230417606116	0.0137367820720842
2459372.6252924	15.8232753317173	0.0276191979933891
2459373.8576045	15.535706736365183	0.0180001860239644
2459375.6889532	15.577543038888962	0.0271656249026638
2459376.6125267	15.595793042978638	0.0157176518207272
2459376.6768113	15.776151976021776	0.0329625387125127
2459377.6868608	15.490944731645598	0.0150542923841966
2459377.7627404	15.316439168266802	0.0166951236394186
2459378.7075486	15.309218458552058	0.0179828438872626
2459378.7403985	15.377623862065402	0.0197099076241588
2459379.5999508	15.678737267865657	0.0228827575179284
2459380.70889	15.523253593170478	0.018073368409654
2459384.5895128	15.774204456216678	0.0457265520936432
2459385.6095604	15.26061594384949	0.0294882103829777
2459386.5858737	15.199839243339945	0.0408911367723307
2459386.9134409	15.489340394636953	0.0181000641697604
2459387.8316678	15.296609982609748	0.0405551380426053
2459389.7486589	15.176158693166508	0.0682524207684592
2459389.7642158	15.276920184294154	0.0483884819072088
2459392.770687	15.855402311034894	0.0823703425000515
2459394.5965981	15.883889859879766	0.0428294608005018
2459396.7929277	15.800083650681058	0.0343347752220108
2459397.7333276	15.756375448556032	0.0213623176850594
2459400.7000404	15.34019982107314	0.0347727145746534
2459401.8363133	15.808226645945023	0.0306604687014115
2459401.8460876	15.712185871031378	0.026982851615023
2459403.3833339	15.73232323949075	0.0249057463952608
2459406.3541057	15.316402349242765	0.0197295758958466
2459407.5202748	15.796354751841042	0.0326019814547033
2459409.6740945	15.77473350083526	0.0247675092246095
2459410.7381538	15.235406228019569	0.0208529425336234
2459410.7658688	15.25548883364925	0.0196210489438159
2459411.7434697	15.25453367529556	0.02033831538302
2459411.7820298	15.381649293737052	0.0180319102743118
2459412.6540208	15.32251841166356	0.0151210062547705
2459413.6414733	15.249461732485292	0.0246956397419238
2459415.8090967	15.178981640217204	0.0237011594368337
2459420.8419769	15.364774685538096	0.0709662927783381
2459421.4985566	15.194762066103154	0.0375929802927935
2459422.7931322	15.33517369405018	0.0405308644606415
2459423.8106021	15.757015588559897	0.0545459318416356
2459425.3286213	15.64667781391549	0.0176927311104383
2459425.8174417	15.48532065150649	0.0443125859193725
2459426.4562681	15.363105974836769	0.0149839562602656
2459426.8280956	15.356288003469691	0.0261006935332601
2459428.6011964	15.82978664151902	0.0272595983367857
2459429.8255025	15.533882997930808	0.0226034601586486
2459430.7616232	15.827036764784042	0.0361275761389998
2459432.4150653	15.402294920192016	0.0179710738673427
2459433.3438322	15.489134279871674	0.0152011784193207
2459437.3284859	15.773119002783975	0.0232848525701809
2459438.5241367	15.447006716826062	0.0160439406568422
2459439.6857899	15.307076697879488	0.0219123410078867
2459440.7154717	15.526783108312108	0.0214903587440898
2459441.4639638	15.6961864736067	0.0531098897643966
2459442.7857192	15.426996372759202	0.0179437099512848
2459447.5538854	15.482127931383392	0.0529878222784412
2459448.540657	15.302039227816778	0.0525608539378829
2459450.3614941	15.3628076752945	0.0549323319843085
2459451.5172312	15.503152622744423	0.0593592103117141
2459452.780249	15.746680247897393	0.0524951937845622
2459453.6518439	15.579144776616168	0.0341909112541157
2459455.6543709	15.540996203749083	0.0246652389143863
2459457.2662736	15.304947929718107	0.0223602826449806
2459457.6611441	15.347645151740052	0.015367314460304
2459459.294966	15.678796587743538	0.0254286992751657
2459459.6196741	15.602756506355307	0.0206161534680201
2459459.7435579	15.46683597060028	0.0214081542398421
2459460.6267425	15.513504476029674	0.0198335097174111
2459461.6231681	15.597793280120277	0.0257311947836833
2459462.3476078	15.31283220266038	0.0202288057380458
2459462.6194192	15.484221187373263	0.019516479494682
2459463.6468302	15.416022204537754	0.0185846099289507
2459465.454649	15.288165453605137	0.0161790035436382
2459468.228132	15.58851755939606	0.0297965542053431
2459470.5655481	15.49073287774974	0.0237016191115113
2459471.7054184	15.30014302404988	0.0328703279907737
2459475.2759199	15.484622277877452	0.0330692018929517
2459476.514555	15.366695134819397	0.0396118894213877
2459477.5986319	15.60009666355726	0.0614881656785294
2459478.5228143	15.803452235819924	0.0614122218376426
2459481.5936533	15.669154827845716	0.0331314573040693
2459481.6305642	15.764162958526075	0.0659451824222101
2459482.5972592	15.828454373272937	0.041403277435104
2459483.558997	15.449554124735872	0.0140508456036706
2459485.5535349	15.25320687177782	0.0186798237670348
2459485.5832477	15.215470511527723	0.0212221161035838
2459488.481349	15.405567565253351	0.0532080791499188
2459489.541114	15.797486931734436	0.0238250027748236
2459490.5871004	15.280137822093456	0.0215787701499887
2459490.6076327	15.4578831954665	0.0202249792002225
2459492.5896707	15.508228625195288	0.021380401854737
2459494.6319862	15.459629962202296	0.0217180532777561
2459496.5081162	15.683289379583195	0.0265110623486353
2459496.5309806	15.366224885661342	0.0219649188147178
2459497.5010699	15.360027589013756	0.0257253931506092
2459498.5334923	15.374222419030172	0.021464688468798
2459502.3626305	15.846215211783823	0.0718891340497264
2459503.5908099	15.487705077994717	0.0544048806096098
2459506.4981691	15.507042588464747	0.0550682330843862
2459507.6304052	15.38951967376169	0.0718689777785272
2459510.5205915	15.630914863352803	0.0237716502956394
2459513.5777318	15.25607794891146	0.0215319406722583
2459514.5367663	15.304624367817452	0.0241489623057907
2459515.6007986	15.776958740804726	0.0313831893426655
2459516.5226807	15.771907013502751	0.0398069850451358
2459516.5658075	15.83886643987807	0.0326890706498644
2459517.6041625	15.27078128272546	0.0285434259288558
2459524.3233624	15.497252841797946	0.0204877444096496
2459525.5058849	15.42431795546387	0.039337278544427
2459526.526302	15.45070564682916	0.0217900042613879
2459529.5091656	15.686391867497132	0.0564388321761371
2459530.5570881	15.36185882336812	0.0304683278772636
2459532.5435183	15.911852900996546	0.0767059873191422
2459533.5288088	15.715541285380494	0.0658461656357452
2459536.5331782	15.366401296465655	0.0566260269271114
2459538.5424617	15.87669231710608	0.0803575802322082
2459540.532446	15.376061159870114	0.025027715089596
2459542.5323607	15.49094227081694	0.0285278059532752
2459544.5307138	15.816847191123792	0.0563670775331649
2459546.5201477	15.28964228679493	0.0567273319036385
2459632.8975035	15.50948493521743	0.1002550666983342
2459634.8920733	15.220525851502671	0.0435496908870192
2459638.8929309	15.302665114849578	0.0275722824662492
2459648.6507761	15.315592908283326	0.0607473515506968
2459648.6532566	15.165072521862776	0.1278468231789571
2459649.8866747	15.30569388440722	0.0205719573980593
2459649.8879154	15.280879672033407	0.0205606823917321
2459656.6257181	15.57951327065198	0.0709344754960083
2459657.8811175	15.592634821728346	0.0549334864708054
2459662.8763623	15.449132030194752	0.0292540610810864
2459667.9018118	15.439684052752307	0.0194348339109355
2459671.8400742	15.67109611176062	0.0208035794750531
2459672.8535127	15.265438477446038	0.0156817590357677
2459674.8076234	15.416315852076536	0.0208315712070106
2459676.792362	15.697995869125169	0.024270745521225
2459677.8052647	15.791697287158025	0.0259542328143129
2459678.7968209	15.230343553864074	0.0192003068375541
2459679.823827	15.404118048053954	0.0145433380595156
2459680.8287996	15.570221982453676	0.0161987262494885
2459681.8529522	15.83936941625801	0.030686153560108
2459682.8385517	15.776810656812462	0.0315593102268769
2459683.8625849	15.180635105675984	0.0251783752363827
2459683.9117594	15.466108150643493	0.0166803108879301
2459684.8844106	15.505208827278572	0.0241500586627377
2459690.505369	15.05040507917295	0.0965399103357771
2459690.7589289	15.443330003040089	0.0351979726338716
2459693.849006	15.51954065014777	0.0264744025469741
2459697.7406638	15.473577164600751	0.0146521520870356
2459698.7388861	15.725461401538656	0.0187197128816622
2459701.4723675	15.288906801268364	0.0225479532114789
2459703.5641562	15.55386210647816	0.0161752448973018
2459708.7159053	15.442430844049904	0.0148262536594189
2459708.7171915	15.294449149542055	0.0252936325672501
2459708.7184922	15.281740794906987	0.0240068128022798
2459709.7972146	15.500973596269445	0.0112798785030365
2459709.834723	15.694066218110656	0.0183051912935659
2459709.8657982	15.61549374683281	0.0202065464659992
2459710.8142391	15.572637857909656	0.0403654309339207
2459710.8154801	15.65280783409582	0.0442289899399448
2459713.6929265	15.27548535581601	0.0386197847219449
2459714.7000653	15.24805808994942	0.0403610210669277
2459715.7322039	15.747984540215027	0.0531795968431446
2459716.7779997	15.585910079864025	0.0356883311497633
2459721.8330565	15.489717480053187	0.0182411115571382
2459722.6616468	15.945871852773497	0.0586148498963589
2459722.9314818	15.5097415463559	0.0229133003852807
2459725.4050661	15.468560967459153	0.016654310228562
2459725.6957613	15.49278139534865	0.0089174682761677
2459726.6614996	15.506253775567432	0.0167685510576644
2459727.656857	15.745905070578782	0.0189051488761368
2459727.7961621	15.488201780527593	0.0151933714658226
2459737.3763341	15.652537263981202	0.0193015295769336
2459738.6165196	15.511604489582108	0.025256987350483
2459738.689261	15.876154419773863	0.0410672226964443
2459739.611662	15.751587970979898	0.0292633577541691
2459740.6856363	15.272038957375484	0.0325400177298807
2459741.6950245	15.290744452320608	0.026248149649106
2459742.7441745	15.689000974169293	0.0417675381236657
2459749.8670715	15.355422464409733	0.0246207518756198
2459756.3988432	15.30150983128336	0.0171010024332651
2459757.8714516	15.515231254198545	0.0294352756829656
2459759.3811736	15.649243743419529	0.0248993476810846
2459760.5914902	15.48904400030358	0.0191377753242248
2459760.8266368	15.244583503984362	0.0168720264473172
2459761.8687716	15.57783537678018	0.0143560864158552
2459763.6032038	15.471000708927296	0.0158272423645314
2459763.639947	15.284992048651986	0.0188263538710982
2459763.6412336	15.300571469293292	0.0212124026824286
2459765.5583988	15.319378845779358	0.0217768240196925
2459766.8651197	15.495884340150049	0.0158565047736045
2459767.7596053	15.242164079334046	0.0182553189757638
2459767.7899553	15.371067979320092	0.0157372753025209
2459772.614341	15.75173136009413	0.098563948447603
2459777.5052919	15.132398525994889	0.0545593874436775
2459779.2552042	15.850542065101834	0.0360002662874099
2459787.4792648	15.51317495843776	0.0190024849130725
2459788.5635373	15.464665507582234	0.0218618671271744
2459789.8567169	15.684518334458254	0.0440100084573021
2459792.3855577	15.71090259841727	0.0257421098516985
2459793.6837884	15.5229138796686	0.0147624661659653
2459794.6913528	15.655747138876356	0.022819944584621
2459795.8296636	15.805402617006068	0.0372935755753653
2459796.7419827	15.508199408622204	0.0127660241244992
2459797.647006	15.508389153934152	0.0230138249573192
2459799.6678971	15.840875504661918	0.0743564691762629
2459805.6932526	15.65382734555984	0.0447207218198159
2459808.5081885	15.788885964536473	0.0268258685573732
2459809.8058639	15.337184370649712	0.0366798511639381
2459810.5433917	15.418156567814872	0.0177264774544375
2459812.509403	15.752606875632296	0.0245676343621531
2459813.3986821	15.528047032349445	0.0204890410046131
2459814.5907166	15.512622101300996	0.0174798635471791
2459815.5924621	15.511650487647	0.0152449862694393
2459816.6242262	15.714611748813724	0.0291920015598416
2459819.4110209	15.7007506010157	0.0298478647600307
2459820.4778979	15.432053412164407	0.0224254902974489
2459820.4791381	15.401043152004751	0.0323653509641217
2459821.5383264	15.388910144538606	0.0187618298177368
2459822.5721502	15.800015371153792	0.0299332874238747
2459823.5784562	15.766817365511772	0.0316816341080415
2459824.5959214	15.259032136700494	0.0200118567237632
2459825.6240825	15.364237576567769	0.0229326429792397
2459826.6207107	15.621454262309868	0.0301841467774679
2459827.5684124	15.661318236198008	0.0449793053288477
2459830.2517642	15.329153420273832	0.038703018132166
2459831.6613449	15.857203750254774	0.0667945531650939
2459833.4682048	15.394932678519242	99.999
2459834.6487952	15.283932783006732	0.0408582630376543
2459835.599858	15.454987705310003	0.0290774337260846
2459836.5698403	15.220153589058318	0.0206183442831742
2459837.5599295	15.365617130061004	0.0195907704372226
2459838.5520812	15.631417343983632	0.0285431578554151
2459840.5481016	15.743604677887175	0.027361561855145
2459841.6204729	15.532667452974527	0.0186000337921245
2459842.6438929	15.436125622778508	0.0166709493144905
2459843.6414405	15.823850507155896	0.0330834080227043
2459844.6263266	15.534601106440531	0.0157815178333783
2459845.6534291	15.459802535813692	0.0178158323018853
2459846.6267334	15.49775877393615	0.0174620347785039
2459847.6540155	15.496303325933033	0.0173886281985979
2459848.6541972	15.547632993855268	0.0194535871922644
2459849.6186637	15.492243346370964	0.0171579316999404
2459853.2393594	15.334412350406588	0.0195443980255878
2459854.277603	15.556921483322247	0.0277276744012109
2459858.2830639	15.427495989695192	0.0370901439928516
2459859.5415643	15.322356281517258	0.0368235993576808
2459861.5193051	15.5953836813551	0.0494663717166896
2459863.5765986	15.237732699508994	0.0387467894942985
2459864.5393503	15.266325964434625	0.0234749794265909
2459870.2827235	15.651329216153112	0.0260099122906523
2459871.5547377	15.400453896721269	0.0190990857054562
2459872.5436452	15.463150776567591	0.0217355504148401
2459873.5328715	15.739822429577002	0.0265381969224596
2459874.5376248	15.254386224776766	0.0198560708638417
2459875.5459335	15.299338556631191	0.0171085219039872
2459876.5465971	15.449977270092896	0.0204921225576306
2459877.521213	15.61703523327166	0.017652963999446
2459878.5685424	15.726490677233894	0.0228073856618433
2459879.5482341	15.520788354950954	0.0180809354607865
2459880.5925057	15.354306376149234	0.0171348852416053
2459881.5951866	15.5409989940866	0.021020586995967
2459885.581937	15.29005925379902	0.0312030050832833
2459885.5845226	15.368723241332605	0.0389711047207411
2459886.5754273	15.553044582954763	0.0396893623473272
2459886.5779314	15.423453946047095	0.0700619296333841
2459894.5336336	15.463131662662494	0.0186781533481088
2459898.2903035	15.621979030699435	0.0294620563119302
2459903.2834104	15.694754515813248	0.0355065989113932
2459908.5193935	15.034002376834314	0.0545492351189054
2459908.5206338	15.005111173506648	0.0728364337863174
2459998.8969832	16.05425749892945	0.0801222131441291
2459998.8982813	16.24463614810231	0.1328067718362587
2460000.8913783	15.255628062392098	0.02725309349937
2460003.8851077	15.793826057833334	0.0306332652693983
2460005.8834126	15.299701231460809	0.0214002388290977
2460007.897538	15.6713617220895	0.0347045190861669
2460007.8988247	15.684596761026397	0.042946547645887
2460009.8880149	15.796454298595393	0.0382047561879519
2460022.8466185	15.250611000921436	0.0205107058777727
2460025.5882104	15.77820730677476	0.0260851043050872
2460026.867149	15.838246075230185	0.0390510862742211
2460028.9053555	15.36170551782197	0.0198572788495636
2460030.8273721	15.440164666245511	0.0175847811712519
2460030.829957	15.469580309747764	0.0288119888735475
2460031.8257654	15.713821763554222	0.0261084464837649
2460032.8433361	15.823022621058817	0.0328591347267599
2460033.6017482	15.316541744122478	0.0154286297907473
2460034.8093955	15.279053933658489	0.0206722516989201
2460035.8955423	15.725252228277462	0.0259194609532139
2460036.8668763	15.754336432008175	0.0248846240095715
2460036.8694264	15.678746679892908	0.0306140677487235
2460037.9126769	15.485252300409734	0.0261817881525283
2460039.7921735	15.390258491553134	0.0466304942330914
2460040.8018432	15.027185052695607	0.0492907563243356
2460042.7971981	15.579017558768376	0.0509650790928853
2460044.7905936	15.844292375792785	0.0610441185421453
2460048.7951491	15.699516277510366	0.0385741183492427
2460049.8922411	15.31767345959764	0.0214169585226819
2460050.8240387	15.29085638942803	0.0206150561110906
2460053.7692103	15.4799784325946	0.0186174733586632
2460053.7705213	15.488069443544148	0.0210174403158403
2460056.7581524	15.568924745251412	0.0190374764810103
2460057.7703067	15.330473789130403	0.016242332528099
2460057.8363667	15.437419508689594	0.0181586973736831
2460057.8597984	15.521792442792464	0.0172550189176736
2460059.796133	15.82214835751812	0.0270641696572817
2460060.7551978	15.801130877066836	0.0388636149557572
2460060.7620273	15.795639291133217	0.0296755346407367
2460061.8748478	15.242282887392644	0.0208303609050475
2460063.51935	15.610438955202405	0.0243037780854007
2460064.7412492	15.386270453450472	0.0263320354481534
2460065.7331589	15.606645901417636	0.0327955516562969
2460066.738683	15.807961840061768	0.058040441346448
2460067.7268775	15.576846072881413	0.0559712607244373
2460068.7295049	15.191793968714196	0.0392022899617765
2460069.8108745	15.613978358047174	0.0564772866395242
2460072.7123974	15.937427532180545	0.0738320624397041
2460073.7115553	15.497719136244438	0.0775386392850322
2460077.9100077	15.308775341480274	0.0211772603572131
2460078.9209307	15.643041518652153	0.0317134821199549
2460079.733614	15.42253884798183	0.0248276914083865
2460080.6044497	15.945855375886884	0.0466807775942408
2460080.7630588	15.29657567453329	0.0329345659126199
2460080.9285438	15.732875184601433	0.0345659486174153
2460081.8270609	15.87608404743331	0.052702224448153
2460082.8277713	15.5751269019889	0.0163434162875323
2460085.8268966	15.568821480088513	0.0164314113974879
2460088.4328384	15.81491970769253	0.0270017865714449
2460088.859721	15.172819470698023	0.0228937130464053
2460090.8474275	15.60775613742132	0.0297433726168738
2460091.4159385	15.362442788040289	0.01912006203496
2460091.8293487	15.850106979672546	0.0421652002877551
2460092.4114058	15.51792086105688	0.0598394304481895
2460093.406435	15.825084470346331	0.0427229488808464
2460094.6916949	15.741074531282056	0.0366348848913377
2460094.8617047	15.240757881477649	0.0219461144689084
2460096.7256028	15.259716599541452	0.0448973383852257
2460097.4243437	15.130830119790078	0.053939597279875
2460097.8167056	15.904124942747991	0.0549030552912597
2460098.7894392	15.320118262135844	0.0849714091302148
2460100.7048648	15.425527305477122	0.1620517834853212
2460103.8500391	15.742079086063658	0.0592370996424401
2460107.745912	15.23109028732402	0.0226605770140921
2460108.6659839	15.201959311003936	0.0198071546904933
2460110.9285136	15.429879314392204	0.0241076373601698
2460112.7123549	15.17301439380932	0.0237039671165944
2460113.828038	15.771922090907635	0.0246423150376865
2460113.8460332	15.72801004099327	0.0419850939628959
2460119.803066	15.793238880445584	0.0335959084454391
2460121.6113883	15.473493173928508	0.0171636285081549
2460124.569925	15.975944271382936	0.0703299256701556
2460125.6921411	15.38380124043737	0.0500104122589763
2460126.7110471	15.739168413318074	0.0671027157953983
2460127.3984414	15.0762095969297	0.0665741122802523
2460130.6294589	15.16814261035183	0.0373301528894067
2460131.2921094	15.253362623452622	0.0448826768974863
2460131.7286074	15.495122696661792	0.1491743959520007
2460136.550475	15.669392497184498	0.0264420671445982
2460137.5854522	15.296604584536189	0.0171034973766891
2460139.5131966	15.443635353130066	0.0139522328679141
2460141.2745173	15.5973497058	0.0356716328024545
2460142.2569899	15.33935611346588	0.0178893780243742
2460142.5434366	15.326739215268317	0.0177402312387183
2460147.3960128	15.535984595419205	0.0178721423756366
2460148.2405331	15.261948515307166	0.0213016287875384
2460149.4953909	15.317170859699369	0.0224733738310532
2460149.6002336	15.46524537808327	0.0219488538260031
2460150.4977811	15.35783741970749	0.0178294513833896
2460151.2458632	15.934743050693934	0.0748508622966319
2460151.8066603	15.532924659792648	0.0211539906449002
2460153.6065902	15.192838969245116	0.0288720519333789
2460155.7429554	15.290249409530098	0.0457479104460926
2460155.770636	15.374039667929551	0.0414346308855869
2460158.4454814	15.688634758760756	99.999
2460159.5124506	15.490663452039524	0.0439208489005692
2460162.5557521	16.00726721216487	0.1175960513156286
2460163.5456681	15.688416293600792	0.053687212869529
2460169.4730043	15.881697597433773	0.0345496987124653
2460172.5196647	15.457194445664689	0.0156031678227918
2460183.2996543	15.628393880693505	0.0666232075668248
2460191.4983208	15.979041296091612	0.071981140248194
2460194.3210189	15.800093528439309	0.0300253970192877
2460206.4460221	15.328386014956124	0.02063171997889
2460216.4237096	15.304361826351876	0.0991377477780799
2460217.5486596	15.6891025468053	0.0493252725648219
2460218.6315833	15.201451776461496	0.0370829151265844
2460219.5335555	15.197081349321262	0.0193022741358619
2460221.2822375	15.758600580432258	0.0236355714926762
2460221.6035827	15.786721406083196	0.0329334395414673
2460222.6430336	15.725383032227132	0.0284884232266118
2460223.6501266	15.18582304964003	0.0232587605399303
2460225.5181119	15.262791585262082	0.0220056024489022
2460226.6435321	15.745746282888218	0.0331855139746596
2460227.6121401	15.85165409996719	0.0326172884065793
2460228.6208272	15.661620741176598	0.0309458708033146
2460230.6419161	15.405512874522731	0.0218803771517464
2460231.6503191	15.873308237913715	0.0649999872945229
2460235.5011546	15.75841391276307	0.0284091880291034
2460236.5407431	15.248087159312815	0.0229318144138726
2460240.2516013	15.366958053872072	0.0498076495443714
2460241.5598121	15.26911162157568	0.0329174484403056
2460243.5094679	15.435792576133403	0.0407450530400937
2460248.3022119	15.6376843183087	0.0416025508078349
2460251.5226098	15.792814547577647	0.0410472329027412
2460252.5598398	15.25923869018012	0.0219954639440695
2460253.5263565	15.237565923844723	0.0192704977319797
2460254.5310534	15.43587270064396	0.0166534010951968
2460255.5783987	15.7083423503963	0.0382852896276745
2460258.2751154	15.332467860241508	0.019545772320657
2460262.510143	15.693166264963487	0.0398875908420646
2460264.5139503	15.212105703695595	0.0278394969180165
2460270.53535	15.448877866635016	0.0320350323659243
2460277.5203921	15.786567791953292	0.0854305274013987
2460277.5216673	15.917641980086124	0.1578078504655325
2460369.8997724	15.69805569313409	0.0760039675528884
2460370.8989159	15.814683567654637	0.0666074030270438
2460371.6377679	15.22803848589901	0.0571944346229306
2460371.8942172	15.573386855741044	0.0368290487968737
2460373.8889012	15.337472515512893	0.0255784404459277
2460377.6213648	15.235115004266444	0.0248524312635225
2460378.6205043	15.34679543612238	0.0240457103033201
2460388.8699794	15.518124108758968	0.0161564522370659
2460389.8653793	15.23551670031332	0.0225589886663168
2460390.6069492	15.606977861946165	0.0351520896554337
2460392.8740562	15.760690374513096	0.0312648687901174
2460395.8523028	15.316236574185105	0.0360913561864458
2460400.8371093	15.351591569465812	0.026723228364172
2460404.915405	15.180369999086516	0.024050676296447
2460409.8412019	15.789868757201209	0.0241261403046631
2460411.839682	15.290763050960374	0.0164700243745358
2460412.5346433	15.354693820177536	0.0219664090858765
2460413.5443829	15.724063490944182	0.0294067856318531
2460414.5444869	15.806853335290512	0.0312267317824936
2460417.5342885	15.238040132831207	0.0183793620431993
2460418.5320434	15.397857333874782	0.0202940253681324
2460419.5544896	15.745541498266627	0.0325512795154993
2460420.5125604	15.714177646035193	0.0625972968498792
2460425.7691943	15.433692546620485	0.0380121811127074
2460432.4889621	15.798650644861835	0.0738902940644447
2460432.7202551	15.754702310294345	0.0268932769227855
2460433.755381	15.605536741291022	0.0247216885345793
2460435.5083524	15.449770409438088	0.0243511357956504
2460436.7298425	15.301755914605115	0.0184232770276854
2460437.7004905	15.603699513356126	0.0343135974714006
2460440.4614044	15.271593504607257	0.0185338189308859
2460440.7024801	15.651348617967942	0.0228604402411474
2460442.8759971	15.74033999943823	0.0243389361089763
2460444.5071928	15.274627543828249	0.0267815655845003
2460446.7211266	15.266098019878411	0.0199466579285601
2460449.4345171	15.804038908095016	0.1052760106921477
2460449.8060251	15.66446620732108	0.0296860941393926
