2458252.8149321	16.261572896586777	0.0387287804751096
2458262.7960867	15.861979460971448	0.111432972946421
2458263.7747711	15.895153738542696	0.0877060331487643
2458282.7279623	16.190366038707626	0.0306667597529288
2458282.8194288	16.235013185426162	0.0478857998437634
2458283.6685879	16.183128840712186	0.0293193110535569
2458283.8347464	15.87629039147808	0.033329927341304
2458286.6551	16.182074490963682	0.0287320643790684
2458287.6442225	16.15659571485224	0.0241696083230338
2458287.8248577	15.361296287387052	0.0305453586432089
2458288.6972032	16.186283967815125	0.0328333876550866
2458289.7130419	16.283746690570922	0.0348262445695036
2458291.7924975	15.293837626771325	0.0361415555527828
2458298.5865919	16.263334202984865	0.0777647125656385
2458301.6247778	16.06493986716284	0.0348536048620782
2458304.7735602	15.733566257450608	0.0461382791799737
2458305.5692895	16.181427715847285	0.030869362805006
2458306.5995035	16.214271488718037	0.0308613571499296
2458309.7662812	15.7879516851095	0.0206525731900591
2458316.737179	16.02574418243975	0.0357079699087485
2458319.725102	15.969030395088224	0.0655975889392972
2458328.5321098	15.347607079547622	0.0303126345478086
2458328.7054992	15.999418450612229	0.1374188492856735
2458329.6939934	16.227456985198895	0.121590771294284
2458335.5085975	15.591036339154217	0.0206789954888911
2458335.6751413	16.295642715613134	0.0474687265067305
2458337.6776578	16.224511385881936	0.0390869419560847
2458338.6813874	16.150629639798314	0.0299608606272045
2458339.4876672	15.5861590977998	0.0215795653764176
2458339.6794188	16.19519489824964	0.0369502420949895
2458345.4860761	15.800824153066586	0.0219362147697343
2458345.6566693	16.3494626464459	0.0694517161246399
2458353.598312	16.57211984024794	99.999
2458360.5024917	16.115922348998506	0.0284329180358395
2458363.6039681	16.161536214330965	0.0262665654599746
2458393.5087407	15.286565521570727	0.0251080748760979
2458394.5053893	15.284805288110457	0.0265110987917621
2458397.4991423	15.54732329912871	0.0266486258840165
2458398.4995201	15.467536370587498	0.0283603376653287
2458508.8798692	16.63214473327266	99.999
2458510.8796823	16.06495027054092	0.2139684090150388
2458511.8783299	16.202624208699554	0.0892269752318407
2458516.8730752	16.32101901985548	0.0555774872539344
2458517.8608124	16.388488881495384	0.0483602224724647
2458527.8495161	16.454544857749365	0.0720432429600617
2458529.8865143	15.741120398762163	0.0304532584553536
2458530.8589909	16.207122561636414	0.0349038718506137
2458532.8408971	16.55006011282542	0.1067416421800147
2458533.8373206	16.676110442494632	99.999
2458534.8317439	16.05535440105263	0.0811589599324767
2458544.0103932	16.180521234537302	0.0492756572235119
2458547.884425	15.820920461240751	0.0260681035086026
2458549.7920512	15.464188538161345	0.0225395413067512
2458550.8050477	15.613100715025665	0.0268772205488747
2458552.7983413	15.671709671794424	0.0218411952000378
2458553.7986539	15.69629018131683	0.0279419371071125
2458554.778521	15.631943231798893	0.0266586694366356
2458555.7733584	15.681251727205868	0.0220234457216482
2458556.783828	15.75383726425233	0.0245491405323613
2458557.7717135	15.806036922867976	0.0264870950403847
2458558.801327	15.88248768132022	0.0209804784128479
2458561.8210539	16.04500140791981	0.0473306594876853
2458562.757281	16.42344043261839	0.0748572468024504
2458563.8230016	15.807277972988803	0.0598929634032197
2458564.7516783	16.091305293529082	0.0854714358325523
2458565.7989811	16.348944236122108	0.1098221127020597
2458566.7931677	15.977733182077213	0.0548532778410919
2458571.4756477	15.99197404978441	0.0429082869248725
2458571.7263027	15.927561273106411	0.0320179210239396
2458571.9420317	16.292482359200758	0.0522671882136448
2458572.5543177	15.417361157158371	0.0221856722426767
2458573.8153836	16.191843096470777	0.0400262382054114
2458574.8263156	16.28539667191571	0.0345268451655239
2458575.7280137	16.042197741624726	0.0243621167951964
2458576.7103984	16.017996454163004	0.0250251422804866
2458577.7174863	16.078387867590955	0.0247183901698044
2458579.6994071	16.13605698369337	0.0322927333379266
2458580.6966814	16.12877615066242	0.0346617298333374
2458581.7226319	16.108642813089563	0.0310085109782467
2458582.8948522	16.30347764270731	0.0494846037469404
2458583.8439866	16.187088924743865	0.0301713283551655
2458585.4938321	15.463533834928878	0.0234312011683633
2458586.886114	16.270367780913737	0.0312979238659633
2458588.6788224	16.45794555553541	0.1175936070284875
2458589.675807	16.067157214283952	0.0578632779517573
2458590.8063374	16.066784305370795	0.0421468449542839
2458594.6536021	16.422217721568607	0.123485448454411
2458599.4212678	15.697582662676156	0.0276329567562359
2458599.6690002	16.133277326017055	0.0380404159910395
2458599.8146046	15.98790039416161	0.0318723481499671
2458599.9544566	15.827357574207284	0.0615833736272429
2458600.789192	16.20451077743439	0.0331474816882475
2458601.7742057	16.242044330041068	0.0380237831039264
2458602.6940583	16.17717598087036	0.0324084180727615
2458604.3692224	15.566635025381604	0.0213942034334383
2458604.9571033	15.960630787158488	0.0389070129075909
2458606.3809069	15.826094890264589	0.0196512436469179
2458608.7053219	16.271064062884605	0.0389656541659141
2458610.8862958	15.836697732625344	0.0608785744289596
2458611.9006323	15.994251675671256	0.0297441496340604
2458612.8596791	15.943983468456356	0.0397201031422588
2458615.3369225	15.88776953574952	0.0293092767435899
2458616.3747702	15.994164821346107	0.0434852903106417
2458617.6072844	16.316151361720785	0.0572901545196049
2458618.6218369	16.089924137219878	0.064012920700319
2458620.7669365	15.692791992857044	0.0463808402808132
2458621.5789634	16.228684846209514	0.1420896345343015
2458626.3668387	16.296503168073365	0.0510566343059687
2458626.7320921	15.760161137300804	0.0437893135403256
2458627.3104563	16.144591595522336	0.0321135132155062
2458627.5795256	16.21942791600387	0.0457262896362637
2458629.4401466	16.203132803330302	0.0408813591620062
2458630.8691591	16.284698550603835	0.0740132983725247
2458631.5592309	15.979974912418012	0.0182424407273994
2458633.8094623	16.12481889934209	0.0364160152906995
2458635.5809393	15.395760815839743	0.0219655494694307
2458635.8754997	16.122740646155805	0.0332980499873196
2458636.3630903	16.2526103028024	0.0373927050096338
2458640.5900043	15.67422265798206	0.0275303879538038
2458641.4012977	16.271656848804252	0.0364856446478082
2458641.8595822	16.3083946768506	0.0498463344963447
2458642.3574836	15.785665163380006	0.0155637206957109
2458642.7561432	16.236369955900653	0.0337702432825446
2458643.2824161	16.191690909297815	0.0449173292567957
2458643.5632278	15.958733849387285	0.0225099712068066
2458644.5029972	15.511851387982023	0.0260054575398629
2458645.3599223	16.396841240566175	0.0661240274622602
2458648.2449027	16.281876282490586	0.0791164455079546
2458648.5353944	15.81753407879643	0.0573975399549314
2458648.7705749	16.10154850295357	0.0982489555913308
2458649.5048481	16.086639312346634	99.999
2458653.2340978	16.19673637252218	0.1834210076917191
2458653.7292066	16.204293544675945	0.0925617257367773
2458654.6838234	15.974462442791603	0.103107093210197
2458657.5068059	15.925965687097412	0.0218634761009144
2458658.8156059	16.152807093521417	0.0676016197735743
2458660.8059043	16.26524312291861	0.0418742671141224
2458662.7821414	16.312286755706715	0.0413193320256117
2458667.2234778	16.28739009645711	0.0444812651778904
2458668.5781888	16.19198508224342	0.036894510167423
2458669.7523739	16.1338764196672	0.0296868835792701
2458670.4118248	15.938227235852793	0.021429103805024
2458670.7109577	16.20945301466014	0.0382300225903692
2458672.7567877	15.291213714932235	0.0345338905106168
2458673.2126878	16.233607308431143	0.0406732084792157
2458674.2672441	15.274450832584074	0.0407001557642391
2458675.7200473	15.61567249379521	0.0860269155978094
2458676.4520354	15.950337119718228	0.0862225342366219
2458681.5622206	15.909184903251818	0.0912404856657495
2458682.5800077	16.06578316628713	0.0620189028434718
2458683.5661366	16.19116603516047	0.0618859798241813
2458684.5970027	16.2615454090371	0.0544655819365168
2458685.2921203	16.06546512581673	0.0293384753514391
2458685.7221984	15.54413605809724	0.0491020978300275
2458686.7269311	15.63137047057538	0.0519317173644597
2458689.7285937	15.767708842429132	0.0296480228991551
2458690.629402	15.273633590674685	0.0209854350328808
2458691.7131546	15.776125948902637	0.022570655239815
2458692.7210273	15.911691104751828	0.0481755717688714
2458694.5311488	16.3301646596759	0.0400445350405966
2458695.5384784	16.233494359338987	0.0316831617929032
2458695.6990309	15.832955112204434	0.047891352904992
2458697.6936745	15.905647362251733	0.0356616383538151
2458698.4446471	16.262842360759898	0.0426433111423626
2458698.5194192	16.13688105372632	0.0390028286677563
2458698.6863446	15.890975165663528	0.0408901791513926
2458699.2442836	16.069931811976307	0.0278774071624169
2458699.5207554	15.96981627025276	0.0229535972438711
2458700.2446945	16.135788495563375	0.0372891725981454
2458700.4901038	16.27789417305869	0.0360920960191613
2458700.6848869	15.816758781665111	0.0526441421389785
2458701.5134391	15.776764385238014	0.0292699019188018
2458701.6807573	15.893599095918434	0.055198120573479
2458702.3097761	16.213895862848524	0.0441744158900154
2458702.661405	15.694673305606791	0.0765646713307476
2458703.5284268	15.304895018164425	0.0281406872542879
2458708.4363746	16.133409921496366	99.999
2458708.4890313	15.222622741387632	0.0340036547009466
2458709.2832506	16.24085788082409	0.0746555334811509
2458710.3473156	16.015362677144562	0.0655087197611863
2458715.3940261	16.260130080361716	0.0743219276959218
2458716.3890465	16.038845403407414	0.0470660082174768
2458716.6224669	16.27918928841972	0.0589382742054503
2458717.614258	16.214483371127994	0.0664281736810821
2458718.3795739	15.768433752814444	0.0273127474782311
2458719.3918436	15.332527754567089	0.0242473300405961
2458721.6349958	16.21182534400361	0.0410327776754695
2458722.2818381	16.279658813416937	0.0444849062124739
2458722.6209951	16.273452278235116	0.0576749322240834
2458723.3787165	15.411595279252028	0.0219871683902789
2458723.6336705	16.371798875985174	0.0580897044377475
2458724.3788645	15.385493620519757	0.0220545622905229
2458724.6342623	16.277359057452905	0.0449390436774381
2458726.6221345	16.374364488902827	0.0551957751387241
2458727.3610385	15.317626399945734	0.0241993437825729
2458728.3571238	15.471318265473466	0.0218992997414856
2458729.3511602	15.441685731733292	0.0229380735171242
2458736.2183335	16.072416184222256	0.1162273623613087
2458738.575271	16.16722580386378	0.0714645151038309
2458741.3292841	15.728458831929828	0.0641289206164904
2458742.2320496	15.360920326262717	0.0271370050573275
2458742.5840323	16.197143714128668	0.0999850731932504
2458743.2250481	15.407056316854352	0.0246268865702352
2458743.5808953	16.168243249958717	0.0796293407898031
2458744.2328284	15.473135049662282	0.0268799950161185
2458744.5735478	16.244832114443398	0.0522103026792656
2458745.5746673	16.217335891537722	0.0395649725542273
2458746.5695592	16.18975038453438	0.0472554003715595
2458747.5710674	16.245453405223653	0.0421003565703287
2458748.5632168	16.044106531497818	0.0332475889995482
2458750.5560054	16.16715046995997	0.0393095677514843
2458751.5564991	16.314312216711592	0.0451439250586682
2458752.5565048	16.205964985276385	0.0406595907304028
2458753.534382	16.460624938548495	0.0488432232530385
2458753.553062	16.297963916179764	0.0753914947755822
2458754.2931124	15.927314369868364	0.0265496960459753
2458754.5514108	16.50838934797402	0.0684209410014838
2458755.4918766	16.317135669303553	0.0528810541644277
2458756.5231669	16.33808364859504	0.0485506373777927
2458757.2498402	15.950494690747789	0.03224715086904
2458757.5239527	16.260290439548868	0.0435859444743807
2458758.2651822	16.002791753570477	0.029369009923749
2458762.2868365	16.351524680090808	0.0859435035152246
2458762.5067158	16.041018288337646	0.0760252781538911
2458763.5031753	16.200691487725194	0.0810289544999127
2458764.5452684	15.273848996758987	0.0411085225112052
2458766.4968803	15.925419649824072	0.0717552203725197
2458882.6037188	15.296363581060524	0.0274206341020727
2458882.8891109	15.742561281932922	0.1121946945034597
2458883.6193136	15.51167957619609	0.034445234393628
2458885.8684825	16.157588486363636	0.0468688536700284
2458886.875671	16.192967646365194	0.0429083329681739
2458890.8628978	16.655538962546274	0.1948377963143684
2458891.5790867	15.47391513227158	0.0545449799648401
2458893.6034889	15.80255051713542	0.0577887576248101
2458894.6242229	15.917825302958876	0.0687110906785486
2458898.8299469	16.25681625791904	0.0500051370497997
2458901.5674955	15.907052035552296	0.0241263275320541
2458903.5620462	15.887029891067874	0.0249361732291492
2458904.8144532	16.119770005228546	0.0265764163458326
2458905.8084207	16.182345110888633	0.0359214702578281
2458906.8402172	16.37143129603547	0.0730975068017521
2458907.8552036	16.171095438126756	0.0683329613125471
2458908.7848032	16.184959117633426	0.0416676262845968
2458909.7972056	16.30120363321442	0.0495645979336944
2458910.7982364	16.23876099186483	0.0431226632226513
2458911.7960891	16.16621937760759	0.0366495959779493
2458912.5352746	16.127904047836246	0.0380415386511077
2458913.7875328	16.354172760945147	0.0542365063947538
2458914.8989339	15.54376979476513	0.0330431323527948
2458915.8397001	15.250331132576488	0.0236475061391227
2458921.8100208	15.32058768107844	0.041003342904636
2458926.6340954	16.222863680397708	0.046269696133439
2458928.4889621	16.177487254502047	0.0355925642087795
2458930.4825148	16.28036040740303	0.0435532445641273
2458955.8961297	16.018214688070795	0.0415071398089121
2458957.8799663	16.168684231729614	0.0383908165431892
2458959.8634499	16.16168933203547	0.0349970099795019
2458962.859622	16.251528120886608	0.0512501557636293
2458964.867129	16.50913375453949	0.0667398613474791
2458967.8424204	16.30143233905178	0.0472455952325165
2458981.3410277	15.53455161381037	0.0421113636676799
2458982.9020338	15.73965031768843	0.0582087229785852
2458983.8722277	15.722419740885542	0.038162003974138
2458984.8806477	15.777539530014932	0.0598861180260514
2458985.8824859	15.90415091548372	0.0430993078469576
2458986.9157748	16.085811118415585	0.0473646329254634
2458992.838308	15.948361261405104	0.0356594728041888
2458993.7816738	15.710179014474654	0.03134361170925
2458994.8658427	15.997299210214065	0.0341216704667666
2458996.8324319	16.025459067229125	0.029593183746412
2459009.5118768	16.452713149875606	0.1071136011776997
2459010.8304925	16.206060884163705	0.0800064029925633
2459014.8503615	16.214286174748217	0.05029499131052
2459017.4837516	15.992989646340058	0.0246700825644874
2459019.4733617	15.925145607745018	0.0217425843057345
2459022.7774958	16.237079431279337	0.039436060293518
2459027.6876585	16.196012652229534	0.0805538755668989
2459031.2256884	16.242099814153452	0.0789356400280601
2459036.3679324	15.370570064713435	0.0433504740614915
2459045.6411519	16.309339881465274	0.0465093268277701
2459050.2204055	16.094786773449762	0.0300450214724073
2459053.3818185	15.928171545617191	0.0201645295113508
2459056.4500965	16.27669652306437	0.0412585629852188
2459059.397438	16.37184493697131	0.0960743386116853
2459065.4359499	16.03929674546043	0.1337104509067916
2459066.6938107	15.653371869725769	0.1105177233280297
2459072.4249151	16.233328111132835	0.041205807059368
2459075.6460991	15.801112613086786	0.0327988753301123
2459080.657012	16.16752321503165	0.0471838850270469
2459081.6414465	15.8994772933808	0.0316035568347143
2459101.3350663	15.612592689641838	0.021106113054341
2459110.3244687	15.499446054994994	0.023565402680197
2459122.2739772	15.672292128008817	0.059935967295311
2459129.2648892	16.010278784995425	0.0421434916776116
2459134.2456499	15.960334433575198	0.0298823187686314
2459234.8747213	15.758123302749103	0.0904584784064207
2459237.8769939	15.898450508823082	0.1359500060000766
2459240.6178754	16.265165154856348	0.1188366088427639
2459245.8619885	16.00157600915854	0.0748538436338632
2459254.8341502	16.1310781111421	0.0348372698053557
2459257.8353141	16.104722342334178	0.0240707578131436
2459259.818316	16.112459267861627	0.0406370563713485
2459261.8568446	16.25182399198772	0.0439508059381169
2459263.812388	16.3031196584705	0.0456287880867059
2459264.8080333	16.14766623550902	0.0416059768131357
2459265.8480566	16.207072130037922	0.035633581222608
2459266.5866177	15.574429055920868	0.0300195553038321
2459268.8004385	16.22896902298874	0.0446372205857766
2459269.8139852	16.187769270841073	0.0446187674409707
2459277.780299	16.16911828623981	0.0681029531693913
2459281.7727793	16.240136006105256	0.0451519168557921
2459281.820495	16.19639263249529	0.0411776397501162
2459282.7544925	16.212304257150493	0.0401180859899075
2459283.7586532	16.16377078943419	0.0325115907557648
2459285.7604245	16.194782811812722	0.0389165773548531
2459287.7393867	16.173613865989683	0.0284861508330843
2459292.9620071	15.937500141417797	0.0301568242461513
2459295.7197427	16.49091152517378	0.0525305251090843
2459296.7234042	16.365396189601537	0.0541012842957548
2459297.8057977	15.35143716086958	0.0273997012528805
2459300.7035122	16.21309151514109	0.094366112714784
2459308.8718819	15.981393211366925	0.0409108913726099
2459310.9672462	16.264566492122817	0.0579812782521983
2459311.9866033	15.98534914512693	0.0795844952288729
2459312.8035635	15.94266902183492	0.0200427035363665
2459313.738093	15.67553536281251	0.0302218373416948
2459313.7730229	15.835365436568916	0.030120263176863
2459314.7420895	15.71802865646485	0.0252160760131958
2459314.7902691	15.954008066530337	0.029531880556901
2459317.7207395	15.696506139676574	0.0244300689654265
2459318.8175562	16.02926561125892	0.0287542172751142
2459322.4681125	16.200931758115125	0.0369981851351764
2459325.3924779	16.271617871398455	0.0591752224978791
2459327.6925042	16.019301759762104	0.0498507117933545
2459328.668709	15.85733125670659	0.0457100825428042
2459328.6886757	16.029125825120055	0.0614680939669547
2459329.7221154	16.206126130060902	0.0709639113763267
2459332.691686	16.07155448634385	0.077687620663349
2459340.6305498	16.00704730686416	0.0204737596122234
2459340.7023826	16.36997200076662	0.0466207548312325
2459342.8460634	16.409761597999875	0.0535078972159667
2459345.6675431	16.133099894665868	0.0388331170811135
2459348.5723834	16.137247912616864	0.0440216437585827
2459350.7775975	16.20588956401977	0.0402653066653403
2459351.3596866	15.300513167825534	0.0227577339230583
2459352.3631474	15.37909863928686	0.0232203405962421
2459352.7751177	16.171905988827373	0.0412492404099241
2459353.8859929	15.704211586599923	0.0306308556859914
2459355.7715461	16.287817323315622	0.075525737901359
2459357.5609209	16.148173217646967	0.0582471206770506
2459363.6895449	16.14560824076358	0.0677401304775239
2459366.795105	15.5753434328484	0.033226083622374
2459368.7703128	15.561121400375072	0.0292066077022164
2459369.7894426	15.690720825913072	0.0266232359850458
2459370.8234616	15.917478868586842	0.0299961802531528
2459371.6827981	15.382713242536433	0.0246894228934719
2459373.8655839	16.153593092244872	0.0432042398634041
2459376.3115884	16.0415295361095	0.0351162485778016
2459377.8177156	16.056789007769574	0.0367436087849595
2459378.8271803	16.072364618173356	0.0296909416424494
2459383.5875448	15.400813315654815	0.0306249116779854
2459384.7495664	15.92014662166516	0.0281372712729118
2459385.7856006	15.985138120182928	0.022376476858379
2459393.5540394	15.391422615051946	0.0257895180985996
2459396.7170818	16.158191150669744	0.0385971900114551
2459400.5686455	15.861477459725048	0.0274381987196607
2459401.7694169	16.179855666220504	0.0394914712155839
2459402.6214978	16.07914345841021	0.0238093457255642
2459403.7185014	16.138466977517634	0.0404064831730936
2459405.6635525	16.26208796351611	0.0351790391019693
2459405.6790824	16.180292676440725	0.0393417614434622
2459406.7298428	16.129088872123084	0.09440482153742
2459408.7242202	16.214970374976808	0.0461746685315205
2459408.7579952	16.249462772718875	0.0458853968367055
2459410.52179	15.973058148338591	0.0283751990868495
2459411.7132295	16.283465358032874	0.0432365447499608
2459414.6816333	16.082163980090044	0.0656003593342337
2459418.6266156	16.301318811510676	0.1347417129235265
2459420.2437887	16.12314904869374	0.0779940247318949
2459423.7107997	16.429542060431352	0.0812476869362578
2459424.7165658	15.990880027998369	0.0492518238938909
2459425.6311834	16.085695548551392	0.0294426454404046
2459426.5812783	16.28210436262019	0.044025313102193
2459427.5796616	16.149888125923795	0.0347132330860466
2459429.692872	16.181588911679945	0.039768408195798
2459430.6741333	16.136557048921944	0.0354479368279229
2459431.6645733	16.363010902179095	0.0534908952881615
2459432.6189461	16.314058932658234	0.0501585393125054
2459433.5886477	16.18049792700483	0.0408914095695955
2459434.5541669	16.274165641035957	0.0394613436303144
2459436.6707885	15.332878731525042	0.0232062638027243
2459437.5842615	16.25151452655961	0.0433073822105129
2459438.6581617	15.269819694439962	0.0240704168576049
2459440.52771	16.08727598649063	0.0420173429406052
2459448.6276447	15.434774932184752	0.0675583531356028
2459453.5593619	15.341316021706582	0.0271592202117049
2459455.5141894	15.432268420528732	0.0250285808956601
2459459.3293532	16.288874580587404	0.0551540749616567
2459460.3069974	16.34887344458669	0.0527768264515979
2459463.6071178	15.956805682107372	0.0396276295272597
2459465.5619157	15.84166232976898	0.0295544671634594
2459466.5374644	15.781757095966046	0.0252565283266727
2459467.5526319	15.85872575092136	0.0239184507410063
2459473.247707	16.101628284408733	0.0777693157903068
2459474.5674637	16.082777908697775	0.0850321906726432
2459475.5574245	15.978080729142034	0.0628742933598009
2459476.5419731	16.15307800672443	0.0603075102835313
2459478.5574248	16.374222093259096	0.1340313055001715
2459479.557357	16.04419781457741	0.0888007627062316
2459481.5385667	16.26245012101871	0.0440565337992821
2459482.5187866	16.109465118092075	0.0273549959045531
2459483.5032625	15.990567925141434	0.0316320813203251
2459485.5119319	16.163323030183292	0.0481085737506068
2459488.5092359	16.09803324007364	0.0370564397925519
2459490.5278464	16.207280180547357	0.0401995148382841
2459493.2671529	15.504809858722098	0.0283262338299866
2459496.4926131	16.17969822131248	0.0452914537822747
2459502.4956674	16.28193133020593	0.1046974459408575
2459599.8745627	15.186266357787408	0.1240387449242834
2459600.8744589	15.401435275365582	0.093814039028138
2459602.8692592	15.263791278296376	0.047254842417957
2459613.8681024	15.752959455890952	0.0352563905591121
2459614.8563088	15.84465896682181	0.0355728560283706
2459617.8286874	15.826541801144543	0.0367279574336484
2459619.8321424	15.819995794851774	0.0355081153308845
2459620.6130535	16.303929831883497	0.0513846682223998
2459621.8382152	15.954896384625137	0.0298925581269039
2459622.886688	16.1435989812581	0.0650781085275436
2459625.8159966	15.926139597631874	0.0767582801875234
2459626.8144333	16.294491452692398	0.13166482899203
2459629.8126419	16.257003556411412	0.1044764977516403
2459630.8134951	16.342109533588967	0.0999354214278788
2459630.8246669	16.03775845193023	0.0788190825780531
2459632.5418602	16.405804442711165	0.1189150355632652
2459633.5893169	15.725614581082109	0.0542050040708763
2459637.5407724	16.24985723401796	0.0558201388809107
2459638.7925464	16.146385122753955	0.0381064091564791
2459640.5796699	15.448961789367443	0.0247794801805795
2459644.5125954	15.576458153477528	0.0272205215963799
2459646.7569424	16.213550302598566	0.0329848249353574
2459649.7524539	16.17825024455066	0.0333756108672213
2459649.7537408	16.225970188486883	0.0371637383472344
2459652.7457995	16.199749458778967	0.0486543831677767
2459654.5101012	15.712695641135186	0.0899441345612927
2459655.4812083	15.555268307678832	0.054982464915392
2459656.4818056	15.760439475712422	0.0888209665122498
2459657.7406622	16.137319813363337	0.0750752629820886
2459659.7354323	16.049498582234555	0.0838109123089932
2459660.7493451	15.937199148303067	0.0465295019541153
2459665.7008219	16.185963253597116	0.029885818016887
2459666.4615297	15.83539251097431	0.0246830368357065
2459668.9673016	16.025935233879874	0.0426706544698742
2459670.840567	15.369516571360574	0.0252782428098783
2459670.9160264	15.812308162133007	0.032733031089312
2459672.7465634	15.689607104764962	0.0216579435055204
2459673.811099	15.346451730455122	0.0202885591185727
2459674.819072	15.5256748200183	0.0218038172933846
2459674.8573888	15.646592210618255	0.0249406086074539
2459674.8599754	15.708279905232123	0.0290539524241067
2459677.6955703	16.385610247877946	0.0480674306009374
2459678.9005775	15.900042383657508	0.0216083629151978
2459681.9856358	16.6194074438794	99.999
2459682.6538091	16.73344396014108	0.1443017222826559
2459682.6551315	16.66594799732713	0.1387344770043184
2459685.6492491	15.875599885752528	0.049702810939366
2459687.4079541	15.229262228200998	0.2080330987709037
2459692.7972442	15.967474347889638	0.029906492268997
2459693.7532302	15.967231438799551	0.0354464926772116
2459694.8613313	16.173557486170477	0.039405125760398
2459695.796492	16.164933584068496	0.0261517796938296
2459697.6213776	15.377581801947096	0.0267173809112149
2459697.6642949	15.589709533442694	0.0257446660374336
2459698.8557672	16.333292518821814	0.0536954108443314
2459700.8447667	16.31084943965307	0.0619532753768291
2459702.8472317	16.317365815001214	0.0496870627172793
2459703.8179333	16.16233116848082	0.0324771050231108
2459703.8205196	16.185930338332298	0.0415126269433823
2459704.7916433	16.193425887985697	0.0294360385678552
2459705.6949638	15.942947627595352	0.0258067782651182
2459706.809818	16.175791325475863	0.030555060061211
2459708.8149553	16.273259563540854	0.0334654209155893
2459709.6866304	16.156820253588823	0.0362930627591309
2459712.7998193	16.12334127795306	0.0788903526106778
2459713.8036823	16.123923067158945	0.1085640604552325
2459718.8707994	16.23547100293124	0.1142150046993314
2459720.8095453	16.418410825468023	0.0838802843760103
2459721.7132942	16.27808620028191	0.0394809960730275
2459722.7962108	16.274471225785327	0.035241887840048
2459723.8082727	16.275740364890144	0.0484794656054422
2459724.8382373	15.939068579207603	0.0373426160667242
2459724.839525	16.1028156901277	0.0738187401699736
2459725.8703786	15.250716273778472	0.0238642563758178
2459726.8751091	15.32010293209943	0.0235633122312639
2459727.3183479	16.209562474478844	0.0488827570108322
2459732.7474696	16.379146813320695	0.0716423812027029
2459734.6156751	16.202684448759616	0.0789653352822741
2459736.3940358	15.887378357028377	0.023025626580191
2459737.852193	15.76201091898512	0.0334110406471533
2459739.8200671	15.625892053771471	0.0250060631676982
2459740.8110629	15.583477343001508	0.0275860483685214
2459741.7695834	15.415974069849732	0.0398914903983244
2459742.7839013	15.503829688575784	0.0422298432583414
2459742.8005864	15.65542492370035	0.0536322956513314
2459747.6842673	15.51190012389072	0.0353545458678036
2459749.462326	16.126572106953073	0.0319848408359863
2459751.8044412	15.918621153996202	0.0404114973555632
2459754.6931006	15.63444645864162	0.0385151854943301
2459756.232387	15.86641912932082	0.0182344378021921
2459758.7755406	15.995922310838916	0.046478005873274
2459759.8067406	16.12435557563008	0.0261751680559114
2459760.7314843	15.906037574414944	0.022214784476448
2459761.7844057	16.154540787173072	0.0408593710261613
2459761.785646	16.06344422189235	0.0626849890851541
2459763.7688662	16.198125431825527	0.0493522325830975
2459767.807977	16.084971756898334	0.0537731073067532
2459767.8092148	16.12466827656212	0.068042841530983
2459769.6705491	15.883544583077995	0.0458577162188828
2459769.6718473	15.89206317888342	0.0538405683006738
2459769.6943484	15.933075096997838	0.0394197342094388
2459777.4202797	16.21691209502634	0.0769019808631967
2459780.7355382	16.202291351738275	0.0517524384049941
2459782.5262173	15.886508363586662	0.027779734954267
2459783.7207608	16.146353053529047	0.0299951898696761
2459784.6795955	16.1565989908162	0.0318655725809186
2459785.6466167	16.083555226100714	0.0220758960246514
2459786.5913916	16.030508916610817	0.0247542989802991
2459787.7064565	16.150101970889107	0.0342122368181586
2459788.6687933	16.322059298231867	0.0420690159342957
2459789.7126238	16.146283824265467	0.0548417194881137
2459791.6750902	16.280076252544905	0.0437652746281231
2459792.6484521	16.161580642387236	0.0312291612621996
2459793.6573168	16.19958774176704	0.0315610150903289
2459794.6683271	16.13936184949433	0.0298221837036727
2459795.6907329	16.151481949379956	0.0308205987159309
2459796.6543229	16.135112687294313	0.037613632720211
2459806.6654633	16.557088614681966	0.1459377191520992
2459807.6555956	16.30151602103906	0.0707407641455239
2459808.5800214	16.18471633715326	0.0291858854728929
2459808.5812618	16.42435740074588	0.0618859795769883
2459809.6555519	16.223345032481454	0.0349049253529395
2459810.6662205	16.035457218502966	0.0296441456519656
2459814.4745678	16.221359723161967	0.0330176608679668
2459815.5428771	16.175156460941405	0.0300543905370779
2459817.6170095	15.83559654457371	0.0267048820585211
2459818.6360952	15.32015195936596	0.0249860880186282
2459819.6322282	15.230065930693584	0.0248042417113045
2459822.4732621	16.214020738769076	0.0411579944324988
2459823.4928468	16.25461299433162	0.0372083604773428
2459824.568941	15.659184116823422	0.0271021313012669
2459828.5062951	16.21902232703604	0.0621883013129511
2459831.2619933	16.006381802866617	0.0913728961225405
2459832.4965573	15.833059297019442	0.0621704535495489
2459833.5391678	15.393107491410106	0.0444392448617105
2459834.58282	15.557151867641805	0.0497108790850849
2459836.3189271	16.22933101396031	0.0572923949756527
2459838.3077776	16.244487582564076	0.0452591121738235
2459840.5256097	15.596501531735472	0.0254885424291902
2459841.5217547	15.651513420484733	0.0252298717125446
2459842.5638144	15.953129214202242	0.0296144495331297
2459843.5190236	15.647499968440584	0.0222426312699705
2459844.5191461	15.7685410850828	0.0295688658335497
2459845.5233032	15.720137785502205	0.0260998098908112
2459847.5125594	15.798758542694188	0.0255896759872456
2459848.517192	15.804901005155072	0.0250360038324978
2459849.5292675	15.944197845906412	0.0353350033804783
2459851.4924358	15.88494603357007	0.0258729514333825
2459856.5027355	16.105084014865753	0.0577594236688968
2459857.5247852	16.042985544082445	0.0566923530706792
2459859.4960746	15.96382934236135	0.1283477816336554
2459860.50731	15.923782556237168	0.0847973832841781
2459863.490404	15.45214509695149	0.0723660961621325
2459864.4947478	16.282947740534944	0.076252812194409
2459865.4951454	15.856139382823022	0.059435649897317
2459866.4954678	16.09743812795505	0.0666901865555881
2459868.4922906	15.959534697063503	0.0628531298295402
2459966.8700895	16.31520267779871	0.0842874445074732
2459968.8695433	16.099124748667506	0.0530416378697791
2459969.8690346	16.320430119580763	0.069977545849878
2459969.8716206	16.491102316345227	0.1517184531260299
2459970.8608055	16.189755604379386	0.0439285244740504
2459970.8632977	16.279082024804715	0.0797011574219641
2459972.8717701	16.228233548295197	0.0661983654339865
2459974.8665018	15.86209625655071	0.0302621773918034
2459976.6188751	16.169467734491338	0.0634869541096509
2459977.8614242	15.456669529274484	0.0279249981076948
2459980.6051718	16.442157306137734	0.1326505336476182
2459983.8368035	15.452687643697171	0.0745997648079041
2459987.6041137	16.135075663756393	0.0579607729787143
2459988.8338295	15.570333291080471	0.0357388963780305
2459993.79942	15.637660778609176	0.0264816163336999
2459995.8047995	15.704963360830613	0.029141039122726
2459997.8310191	15.811894395201186	0.0257325265505549
2459998.5870981	16.38121770400372	0.0488812818043681
2459999.8100988	15.877567696124302	0.0259358067409577
2459999.8755179	16.0480598511329	0.0249484076016791
2460001.7889645	15.740906126846514	0.0227894169984382
2460001.8231634	15.937117005528345	0.0265603667471142
2460002.7951182	15.865409726006268	0.0216515056356365
2460002.7963585	15.885209126457404	0.0326164783560995
2460002.8081176	15.872392147047236	0.0266849324931449
2460003.8463483	16.09830843591022	0.0225361191684113
2460010.7612866	15.887547080752988	0.1479150544544789
2460020.7871264	16.181452244820033	0.0343446194975031
2460020.7883437	16.08104758176096	0.034068307142721
2460023.4836141	15.705798479842583	0.0205339393276062
2460024.7661103	16.173522392805413	0.0330513179427452
2460024.8041837	16.259628052105462	0.0296914776414602
2460025.7944258	16.29344516107969	0.0289528445553067
2460025.831743	16.121286354771744	0.0300665897787856
2460027.7078388	16.152510178449198	0.0379469718524855
2460028.87125	16.231979322674462	0.0359667447395468
2460031.4651322	15.450174696909606	0.0212869500194287
2460032.4736508	15.54706333056103	0.0277529639956001
2460036.4500337	15.797506222023156	0.0298738878500805
2460037.5129798	15.94783920611299	0.0244574294868354
2460037.5154719	15.93251612880292	0.0568873656997239
2460041.7424496	16.36371380819526	0.104421914254545
2460042.8169816	16.432988663103423	0.1177112228757751
2460047.8620055	15.48348092058841	0.0315430649727946
2460048.677031	16.135648602167777	0.0290733799165732
2460049.8412373	15.48145495363794	0.0260755418430581
2460052.8257288	15.539626412069978	0.0273098930887974
2460053.8158559	15.674825503292588	0.0209229422335898
2460053.8171078	15.55975225420987	0.0278394499776561
2460053.8743497	15.74574768926701	0.02818946680404
2460058.6966783	15.790147343548352	0.0281356180318823
2460059.7987412	15.719707725324586	0.0232277334211373
2460067.4322523	16.429102452345138	0.1299198992078044
2460074.8071268	16.21493373439614	0.1007028025018689
2460075.7429768	15.734679640816118	0.0390852620241828
2460077.7303393	15.9536316032433	0.0319716236572582
2460080.8738484	16.14062309848712	0.0495466952314199
2460088.8668499	16.224534093091826	0.0372495318796102
2460089.8702937	16.13037457599337	0.0289171712635109
2460090.8711078	16.318828406493083	0.0505442805674768
2460091.5694893	15.81604673102981	0.0264098387028973
2460095.8405274	16.282790788175447	0.0683814814188333
2460101.8398939	16.203317154185015	0.164377283665819
2460109.5670643	16.406550327680744	0.0681595457200493
2460109.5866885	16.053874412500672	0.024226508181832
2460112.7093064	16.295091967823918	0.038445809869592
2460113.7121221	16.164915687768588	0.0270352908950747
2460116.2813766	15.387380004348046	0.0227400959636766
2460117.4723301	16.093832410534077	0.0308081334070128
2460118.2205711	15.832558648111252	0.0317882629779691
2460125.6579458	15.758471201081614	0.0865998703126432
2460129.4332734	15.852293741334728	0.0922324013547528
2460129.4345253	16.50635159592477	99.999
2460129.5919924	15.97548076060239	99.999
2460129.7380928	15.365931407439009	0.0708792427851342
2460131.6662362	15.376509245986568	0.0427811092591449
2460133.766569	15.789763873708845	0.0340152312614329
2460133.7678558	15.83202842618533	0.0502560747878431
2460136.7800553	16.00854418432873	0.0616316297625394
2460139.6048068	15.39077561607536	0.0232290791238194
2460140.5094873	16.26579229773575	0.0435672785748554
2460141.7325842	16.05936212934124	0.0244821664025546
2460142.6982482	15.91557811571985	0.0287051381708916
2460142.7307126	15.960884803253968	0.0222465700479382
2460147.6998749	15.838980569177435	0.0241222086927575
2460156.5259701	15.783249206648565	0.0520983598165037
2460158.6590236	16.839988984791823	99.999
2460159.5803014	16.022525337766833	0.0583550760636655
2460163.4301507	15.39019834288039	0.0434390619569434
2460164.4401006	15.536392622517214	0.0275093306554107
2460168.2449147	16.316520081582865	0.0497679216261342
2460169.389276	15.570896790267808	0.0229430414029496
2460180.2152693	15.918493925459448	0.0495953318607406
2460189.3747392	16.118395293036684	0.0964192878597285
2460194.3360201	16.029231016873748	0.030119352367714
2460214.3265212	16.483291251406527	99.999
2460217.5144172	15.62988888452254	0.0488998338705631
2460218.5371557	15.79052607796292	0.0525388527203406
2460219.5000899	15.565764433822409	0.024443777961026
2460220.501413	15.55903963765029	0.0300885673627484
2460221.5293827	15.787783886854594	0.0299016295884325
2460223.5187405	15.826874046409191	0.0287642115951103
2460225.4957145	15.93185866184922	0.0352472839954979
2460227.5078673	15.943490079955126	0.0288300475950532
2460229.4862863	15.887003905257677	0.0775137276698766
2460231.4873215	15.926573853830812	0.0732279519329654
2460338.6186515	15.770350340870031	0.0723451375982452
2460339.8704606	16.43358977975678	0.0984437523701839
2460340.6156023	15.76630314915952	0.054119054248288
2460340.874398	16.32446202465379	0.1049449558959105
2460341.8620288	16.266145939489057	0.130502920706344
2460349.6063734	16.018935422400077	0.0292860313880136
2460352.6004582	16.052242657947698	0.0374482387505438
2460357.5717503	16.060281040051454	0.0342957571672263
2460358.5709775	16.211452776647256	0.0440052867464803
2460361.5684249	16.133762909408357	0.0461089257487021
2460369.8075383	15.511461239322283	0.0608220752918676
2460370.8521657	15.665165696696995	0.0457695673021538
2460375.8870276	16.010219809105113	0.0289061719939059
2460378.628236	16.30383205246341	0.0464763612553393
2460379.6195519	16.228964489501575	0.044139261225464
2460379.8983189	16.2208060737662	0.0293076925920408
2460380.8087042	16.03720858024708	0.0222129299313662
2460381.8964778	16.33209627704606	0.0395652712295205
2460382.8994083	16.28093052040866	0.0381744785446169
2460386.7769429	15.982160920830346	0.0261961675604455
2460388.528818	16.350082601057604	0.051774813923366
2460388.7739056	16.07610522899868	0.0283379566795765
2460389.8685766	16.174454344870245	0.0250733739563802
2460390.5562917	15.701173256711131	0.0283938788968182
2460391.5218628	16.508729635124013	0.1180341115777436
2460402.8468278	16.266968533637456	0.0479801686043036
2460403.7490548	16.24059281898397	0.037498316942641
2460403.9146233	16.43275668104131	0.0742168993749024
2460404.9001031	16.19743168941237	0.0372593359366003
2460405.8992396	16.202820618957507	0.0430539202337646
2460408.9119306	15.735805849828994	0.0304710223164159
2460410.7063082	16.26491132890068	0.0441636964024077
2460410.9143234	15.184058352878544	0.0243666363006964
2460411.8870022	15.754808186313705	0.0255142437884689
2460412.5270855	15.913390129844116	0.0257850477477443
2460413.5292782	15.873197522921616	0.0316128309638285
2460414.5295337	16.013229641712876	0.0321810184853191
2460416.8017573	16.34417809314145	0.0322055211240245
2460417.4891137	15.80319240386391	0.0308217093550129
2460418.7512512	16.141565145633592	0.0361969628691445
2460419.4338891	15.680584660367169	0.0348947426502351
2460419.8224212	15.796741529329408	0.0229921034051355
2460420.422556	15.647659793053617	0.0472379044313148
2460429.9530922	15.999994623481122	0.0771757658817637
2460434.6066429	16.192143796931035	0.0408083231878499
2460436.846478	15.880610805249134	0.0270280258293107
2460437.6010359	16.45087036333352	0.0657920736424643
2460438.9099369	16.167709176920646	0.0327628553422603
2460439.8169604	15.882805051710804	0.0350714057184577
2460440.8168512	15.88035366606497	0.0220987374284382
2460443.4441164	16.199610179010435	0.0467057919839463
2460447.5724376	16.124186041856078	0.0496234839464775
2460448.7531774	16.06151086519969	0.0302907703842411
2460449.6767229	15.596337524370243	0.0330777696548251
2460450.5806081	15.557813991364608	0.0307918354191795
