2458029.5312861	14.028973962302372	0.0092499705564993
2458032.5166819	13.760681229107718	0.0077609475022177
2458034.5841246	13.857174694376122	0.0045544335274335
2458035.6104461	13.706321409583266	0.0062332899475496
2458056.5078946	13.660367970242968	0.0066670819255067
2458057.5721399	13.973336363939609	0.0071380291083178
2458058.5840745	14.0032832775717	0.0085666809828364
2458182.6484922	13.634969176272582	0.0123814177279907
2458182.9015873	14.056339039962303	0.0125706722348257
2458194.8947875	13.705930102490743	0.0056416095690551
2458195.6300609	13.929431423800503	0.005189818958816
2458195.8976358	13.82722338200968	0.003950509871202
2458200.6096189	13.9444418826261	0.0053512936260699
2458203.6106113	13.771760890003906	0.0035071225587145
2458204.5987567	13.91918139000832	0.0049537378983321
2458207.8494618	14.022045535894607	0.0113623785666243
2458208.8999112	13.78493957307815	0.0085438987001635
2458215.5852997	13.926145611795988	0.0073642880661219
2458216.5991425	13.766974964045218	0.0047173471778386
2458223.8554677	13.80353148288836	0.0046448122598261
2458227.8184663	14.044556273203558	0.0078280355526531
2458230.5464894	13.959479131874469	0.0057720305313734
2458231.5422852	13.773567953413398	0.0036591365338876
2458236.7674965	13.902902516990896	0.0086084823056492
2458237.7741687	14.056394687720884	0.0236379113196302
2458241.8595082	14.037426492929312	0.0087754215620143
2458243.5015086	13.725486176478414	0.0086428449934438
2458244.5267373	13.911371893051705	0.0072459485607926
2458248.5318444	13.74197683738966	0.0047864020874997
2458248.8524345	13.74692827823065	0.0073253092740668
2458250.8161593	13.890648068705955	0.0053221939525423
2458252.8091572	13.9938062177286	0.0068513310297262
2458254.7372809	13.730134369496591	0.0051501832310757
2458255.7481305	13.703864262310008	0.0057278103364627
2458258.7087959	13.984416977599125	0.0062729654867884
2458261.7016548	13.85963044940496	0.0050777843047107
2458263.6933679	13.770438364023969	0.0046778262490159
2458264.6931784	13.804473399292824	0.0046538162255684
2458265.6853327	13.686409003853042	0.0088879637851863
2458270.9236627	14.015228989644974	0.0106025849502697
2458274.4235925	13.82040688929016	0.0036344436758685
2458282.6908268	13.9857395314059	0.006195340880919
2458283.545451	13.904022748581744	0.0046821126583131
2458286.804481	14.029587469456017	0.0069835774532527
2458288.7440107	13.784754063027322	0.0042537251250791
2458290.3604532	13.926212765267634	0.0066144740219151
2458291.6490554	13.8624049755021	0.0051272483117281
2458294.903907	14.043881095664265	0.0075267199153491
2458296.6119538	13.789290897637336	0.0085797548350937
2458297.522811	13.712914584229578	0.0089175959073712
2458298.6906631	13.8662038668648	0.0077266248496268
2458300.8937671	13.98943826841805	0.0106006649323606
2458301.7655877	14.0630652901186	0.0111552456165164
2458303.6411714	13.977083411134888	0.0063133543043087
2458304.4132713	13.87735741400228	0.0044049056247781
2458305.4100433	13.944658112962216	0.0053034331222954
2458306.4032153	13.792337347070012	0.003041418961501
2458306.8042573	14.026285813126949	0.0075677843624436
2458307.3919598	13.690872453158304	0.0048735464819729
2458308.389191	13.668406975664428	0.0053661218240772
2458309.7961144	13.829791769997692	0.0032334701308376
2458310.3977245	13.946159794467588	0.0056732920732961
2458310.6683296	13.734937308410071	0.0055083648745766
2458313.5976282	13.990136491134846	0.0064281364977998
2458314.5629068	13.861708438856184	0.0029153559587302
2458317.2834076	13.833393443905592	0.0039408487213417
2458319.2775791	13.632660187948376	0.0069103859193965
2458324.7802917	13.848298790495816	0.0077455735202372
2458328.3184985	13.6333489088296	0.0081585410864571
2458328.6640394	13.78196896531096	0.007906365542918
2458329.7436323	13.783987941230915	0.0067457782707314
2458331.5926666	13.87989941481134	0.0049379055310162
2458332.6563873	13.919854382528712	0.0055249240803499
2458333.3173273	13.64118859847726	0.0053620734308101
2458334.3113179	13.805311097150252	0.0033470640285493
2458334.6046205	13.83748200127136	0.003280801002371
2458336.6318763	13.974626968107248	0.0058955445603951
2458338.7961597	13.710133981309966	0.005565961267649
2458339.3049347	13.792688233900334	0.003191187955562
2458340.3016749	13.965269294285964	0.0060207615513954
2458342.2962766	13.731693901756888	0.0045642236743149
2458344.2700935	13.727110449435555	0.0046955679458387
2458344.7625331	13.89872957847494	0.0038490960603921
2458346.2417332	13.955054923568682	0.0055954325944578
2458347.6552729	14.019475622791925	0.0068991254104243
2458351.548501	13.794925324567712	0.0057054505059221
2458353.4030216	13.883004468747844	0.0075455868257355
2458354.4180366	13.937131955269956	0.0103443167041986
2458354.5855666	13.714088873024394	0.0082986041159853
2458355.2453135	13.875488318174495	0.0084285356216486
2458356.5825806	13.911777909264227	0.0107522423316781
2458358.6614522	13.74408126252204	0.0081476858929667
2458359.2321713	13.675465837445234	0.0052576951894658
2458359.576898	13.726956339854295	0.0070928849777443
2458360.2580543	13.943364572020815	0.0054827463504827
2458360.4950333	13.872482820496629	0.0031620652449223
2458363.7045484	13.653310891081194	0.006470747084104
2458371.6587072	14.023497560277873	0.0073021345778097
2458373.6038026	13.832455373193318	0.0039136866016679
2458375.2424584	13.947753270234095	0.0056618949133981
2458377.5236105	14.026377019520336	0.0076139358617866
2458378.6910135	13.691133655386796	0.0062130510423172
2458383.5443401	13.86833770635777	0.0078950437548295
2458389.2743208	13.85606135266838	0.0037718550917851
2458392.6867884	13.747516636513907	0.0052072065978584
2458393.68679	13.693139842737152	0.0056758378634189
2458394.6840409	13.883958171729276	0.0033046413943388
2458395.4129429	13.725273463062695	0.0044540719457987
2458396.2299651	13.734208393954823	0.004712926550284
2458396.677398	13.967696951281017	0.0055674931203341
2458397.677002	13.767013564256656	0.0047204829761528
2458398.6748149	13.690587485341949	0.0057535958231651
2458399.2353134	13.835661034345176	0.0043214925736238
2458400.2903099	13.916411372430662	0.0059390726793209
2458401.2404235	13.815689856603557	0.0044248894636676
2458401.5537017	14.009777555095065	0.0065158660332375
2458402.2444606	13.659676692718657	0.0052734492556866
2458404.6484976	13.824260012342258	0.0042961002164395
2458406.6483633	13.989722655598198	0.0067359252545516
2458407.6455592	13.782722141971153	0.005752134922258
2458408.2816656	13.79400386624192	0.004900722919071
2458408.6415446	13.6726399913959	0.0065733589758237
2458409.6270948	13.84168810569374	0.0055036324434297
2458410.6391992	14.01431947737197	0.0099066288143265
2458411.6287458	13.999764508858426	0.0102499314560176
2458412.5765856	13.855712441795664	0.0068196681274812
2458413.5399516	13.789113551336923	0.0073219694332753
2458414.6156395	13.789107892867056	0.0094895251313375
2458415.3297128	13.749558397832647	0.0081900641341853
2458415.6167686	13.965604644539052	0.0114979110726991
2458416.2527272	13.723642461831972	0.0069875487791249
2458416.6138251	13.983478435160656	0.0114642144793509
2458417.2720886	13.61843435852511	0.0084519414388098
2458417.6100983	13.835935340058754	0.0090610217770826
2458419.3615489	13.87655423301396	0.0081609859602447
2458419.6077831	13.782406412906784	0.0064844495688912
2458423.5953898	13.68470467725526	0.0058354116872299
2458424.5895279	13.794765930226491	0.0052684504641755
2458425.5844453	13.989666964185204	0.006116776194226
2458426.5854878	14.024340753654847	0.0074000946486592
2458427.5790353	13.809913816162478	0.0042817595501324
2458428.5791202	13.6892000501976	0.0054233555521787
2458429.572577	13.769236504523514	0.0050920365836153
2458430.2992053	13.775059989688096	0.003688298233395
2458430.5729414	13.98251598582692	0.0057385125236109
2458431.5649495	14.05830416434407	0.008030500255549
2458432.5658221	13.854516796200514	0.004399640076902
2458433.5625895	13.71678439027454	0.0051342672346686
2458434.5572548	13.742829557368266	0.0054301013884803
2458435.5720466	13.990651056436617	0.0065485034087991
2458436.5531877	14.023259165974562	0.0077004251061335
2458437.2902307	13.693933005600972	0.0053062090176889
2458437.5502035	13.829482048142673	0.0062457364985303
2458438.2928518	13.881828080442787	0.0056898638306315
2458438.5427878	13.726045139041146	0.0060453789485972
2458439.5419714	13.735207184390866	0.0070403581573321
2458440.5403213	13.929515433919526	0.0073137515748287
2458441.5360971	14.001380555372204	0.0080605499617173
2458442.5329494	13.833231135580242	0.0079965017214413
2458443.526737	13.73319138630599	0.0073861555829296
2458444.5231874	13.722384979115386	0.0091563007333825
2458445.5241532	13.92773543573934	0.0119466999269817
2458446.5207054	14.05277014851678	0.0187052450689705
2458447.5214575	13.878765400179876	0.0053294378484471
2458546.6476081	13.745094884143064	0.0120822125380077
2458547.9002441	13.693798938334949	0.0073001584233328
2458548.8945959	13.738073417546314	0.0061676408869933
2458549.8947104	13.977094879625492	0.0062523035096947
2458550.8891924	14.061769626303178	0.008616378856767
2458553.8831956	13.752956937426625	0.0054163758407844
2458554.8859067	13.967716236692372	0.0062084321794622
2458555.8777243	14.047295661183233	0.0083563784241519
2458557.8722061	13.742410017062095	0.0055175294877927
2458562.8821406	13.712227731027244	0.0083191220008426
2458563.8771448	13.783225919480376	0.0088023041857852
2458564.8748784	13.982185544473436	0.0104785705269475
2458565.8755339	14.019878596780618	0.0099445747231352
2458566.8853844	13.835328939055508	0.0065671230029415
2458568.8640535	13.7325862641127	0.0065628076126977
2458569.8529586	13.911422298638753	0.0085774356456957
2458570.8564892	14.053362164188998	0.0088954686532071
2458571.8495275	13.856252117092252	0.0053797879121777
2458572.6024489	13.899328934455603	0.0046691568581207
2458575.5868199	13.659349408573917	0.0057044498952504
2458575.850957	14.049166102712745	0.0078484465783274
2458576.8399093	13.849434748107509	0.0036453055534989
2458579.8262998	13.957109100158563	0.0054764581915373
2458580.8217063	14.05477060056324	0.0077812017711626
2458581.820582	13.89427119627791	0.0039536271542467
2458582.5771742	13.882185126022431	0.0043542819668652
2458584.5529442	13.793900357339956	0.0032748062360913
2458585.810189	14.015905970539242	0.006824855763117
2458586.7943341	13.955076010106229	0.0053532529826176
2458588.7984735	13.701662933912608	0.0058149533388444
2458589.7954878	13.889562049098894	0.0063258357243056
2458590.8658137	14.011533145418788	0.0074738672636417
2458592.5432536	13.845691536375028	0.0089998544996978
2458594.7842701	13.87213725447948	0.0093074798765461
2458595.7940962	14.065178238289755	0.0122890973382213
2458596.7906412	13.922441405400471	0.006411760474877
2458599.6297622	13.64924517486932	0.006052591384667
2458600.7660609	13.996811725294444	0.0066280570752276
2458601.7968558	13.880359922779544	0.0043674520258692
2458602.6091859	13.972119927780708	0.0065902462407689
2458602.8826645	13.723872469076188	0.0057187964537056
2458604.7559112	13.805916763970735	0.0049706239553622
2458605.7516213	13.991413173522425	0.006832481097604
2458606.8560497	13.769544777149854	0.0047266494089656
2458607.7987973	13.72901868686508	0.0058138081628771
2458609.7492114	13.853723157428451	0.0052865728271753
2458612.735438	13.821513603441677	0.0045135999903046
2458614.4747258	13.863467098070329	0.0038031611631656
2458616.4679852	13.62763532757067	0.0057017558572715
2458617.917047	13.87552251947456	0.0047113454862938
2458618.7788316	13.735420979297086	0.0081460411063121
2458620.7410025	13.976523429399094	0.0082952594130472
2458621.7442526	13.944009821730855	0.0102357988022616
2458622.7534673	13.739291465040306	0.0105581056270687
2458624.8292291	14.057933869579127	0.0108990526795091
2458625.6886587	14.00404807428819	0.0123666276332256
2458626.6968917	13.973216366949934	0.008697050952106
2458631.6843644	14.014311078138338	0.0063583888474095
2458635.6731366	13.877371379141485	0.0027951917135879
2458636.8907208	13.67546299713595	0.0064929293122491
2458637.8799333	13.872174410299332	0.0026307340853318
2458641.6469527	14.04446161952599	0.0085864852994897
2458642.6560481	13.830346768232374	0.0035166098264369
2458643.6656543	13.685187196461692	0.0056987442002723
2458644.6705951	13.813924299559222	0.0045019720855996
2458645.6589427	13.990971117402708	0.0075036517553282
2458646.6821989	13.97770582775452	0.0088830502824102
2458647.6793785	13.812237676728024	0.0057327030718928
2458648.6473726	13.699802042120446	0.0081830658480973
2458648.7900177	13.89640655275982	0.0058102425885989
2458650.6236508	13.948626819593748	0.0131644887579573
2458651.6632486	14.033060695000302	0.0137453447115794
2458652.7211003	13.871534092371649	0.009781927122148
2458655.3613738	13.719643110631845	0.0158365874875196
2458658.3414151	13.792930392875071	0.0034611591278032
2458659.843577	13.973118683329208	0.0065827510932118
2458660.8593759	13.7471529152262	0.0055297302029532
2458661.5487398	13.904022264009663	0.0054449814882594
2458662.8170918	13.805632592689292	0.0043614825586136
2458668.3236812	13.861668865039228	0.0030162594263355
2458668.7548777	13.908013423297543	0.0040059609544669
2458674.3804381	13.829599786247185	0.0045857977707482
2458674.6357711	13.96492783029445	0.0063752685670663
2458675.334326	13.670849359898252	0.005593405343835
2458676.4466752	13.73502159320383	0.0085012044229722
2458676.6599809	13.892214549588124	0.0047412265085645
2458676.7092162	13.828832047788111	0.0050691017065536
2458677.4784881	13.942339248807627	0.007798987133374
2458678.6974045	13.92711010557582	0.0070412559641295
2458679.3693685	13.749407953042097	0.0069853335269434
2458679.6866342	13.958244941744752	0.0123805891337622
2458680.5918163	13.98540417314485	0.0123958552991941
2458683.7218188	13.914567083344078	0.0089320502453453
2458684.7267705	14.033927986525692	0.0107689573947272
2458685.5371568	13.842247760937134	0.0050186641360154
2458690.507518	13.837354021565186	0.0035749167941995
2458691.5536293	13.848830922267188	0.002601065507751
2458692.6487411	13.701410568314524	0.0054821472641516
2458693.2704909	13.867342687805865	0.004648033531868
2458693.7416775	13.95979088792722	0.0055443013048209
2458694.8039567	13.94512753581201	0.0058722397322062
2458697.5074383	13.891687284729244	0.004243298907618
2458697.7611114	13.792731821029902	0.0049179800357799
2458699.7017623	14.050500456999336	0.0079798559498114
2458700.8350295	13.671179440957816	0.0058949432659721
2458702.4945663	13.983551469854994	0.0068103518139128
2458702.7969517	13.913647390133088	0.004488782745126
2458703.691288	13.88321708924096	0.0039477367137169
2458704.6014492	13.872444792702565	0.0055187525789952
2458704.8200191	13.794652816999667	0.0049417999929974
2458705.7181979	13.820649711690187	0.0046708286750246
2458705.7982533	13.719239983610654	0.0069446437860439
2458707.613281	13.742141607569412	0.0090150454613535
2458711.4163672	13.84188620934155	0.0102520686926872
2458711.6052043	13.869761238468794	0.011202058715923
2458712.5670642	13.78045732448199	0.0115446920184746
2458712.7106083	13.71766153414736	0.0073760793769251
2458714.5075813	13.617416139605886	0.0066285954048041
2458716.5420899	13.910394893289284	0.0046037051373545
2458717.2987179	13.789764443353878	0.0041834582563852
2458717.5529635	13.815738857800453	0.0038809594683981
2458717.7603641	13.910747304171508	0.0060668008352366
2458718.539783	13.611015923035907	0.0064250003518924
2458718.6063948	13.745574908135325	0.0049791955904007
2458719.2990063	13.798051945253675	0.002369496384415
2458719.6135631	13.961092718192356	0.0057825264826096
2458720.5995702	14.052456980926532	0.0078192136765037
2458722.7017874	13.744409770223154	0.0049619364810572
2458724.3129752	13.819661606792296	0.0028601999262859
2458724.7140287	14.03097443828415	0.0077931466846336
2458725.7378919	13.778618841582167	0.0046518273670194
2458725.7688512	13.729672781059088	0.005030419949628
2458726.7465974	13.678120593713532	0.0057096681365157
2458727.7404637	13.865833162628483	0.0042918001504377
2458728.7612368	14.04148062539564	0.0077726917613088
2458729.7312858	13.96449668078997	0.005480119862857
2458730.7480596	13.764008900166193	0.0049965537086711
2458734.7398263	13.935235164338373	0.0088772426953936
2458738.6611361	13.928513045572393	0.0132727172865106
2458740.5116295	14.011278687950488	0.012133621429723
2458740.7374158	13.723672687546902	0.0101234580545426
2458741.3366724	13.789723003287746	0.0065918323866787
2458742.5123277	13.849721024204031	0.0044437033195093
2458743.5501069	13.694082331913094	0.0070121813086069
2458744.5384332	13.907209296828237	0.0044171540533595
2458745.5396352	13.875392967562384	0.0038761981932761
2458746.5473159	13.84908862111842	0.0034231278982274
2458747.5178111	13.789382724941206	0.0045044167491161
2458748.7156215	14.069942142695933	0.0079097400699844
2458750.7088682	13.75151308691072	0.0052350712072596
2458751.6899874	13.69093985242568	0.0058922448500639
2458752.6248641	13.69125345595361	0.0070504138398705
2458752.6903827	13.894821511620655	0.0041202832556351
2458754.5251562	13.923468294500084	0.0048017848982621
2458755.6630668	13.842554783402932	0.0034256156990986
2458757.6934929	13.896109919544276	0.0060579788024504
2458758.6897783	14.044360022948783	0.0082313545637804
2458761.6795943	13.647916208526066	0.0070733522563101
2458764.5677428	14.02373565016682	0.0093936030367807
2458765.3487417	13.675193102378046	0.0076849530134152
2458769.3614333	13.573992386766754	0.0080581294711605
2458770.4041467	13.892016992492591	0.0113322187487484
2458772.3980216	13.84303042342539	0.0093125074589636
2458773.6439435	14.04740853334718	0.0118614541483727
2458775.3849042	13.83859822655266	0.004158376927056
2458775.6429455	13.781658278677618	0.0047361628926261
2458776.3279225	13.87107922075488	0.004450311111055
2458776.642496	13.676798102073226	0.0060894794262654
2458777.5519797	13.648786303410832	0.0065267146633042
2458782.6266359	13.8179252152668	0.0080275068921891
2458783.5504864	13.891015030825216	0.0042516323799929
2458785.6168581	13.80634757685749	0.0042064961769054
2458786.3538142	13.923246711578104	0.0061026847270025
2458786.6124788	13.671405290387968	0.0059026130579627
2458787.3307192	13.950939139153434	0.0059187034032971
2458788.272337	13.896762272418282	0.0048601043913623
2458791.3521327	13.939643680412138	0.0132710777911386
2458791.5405077	13.75603480205668	0.0066349880662854
2458792.5960669	13.790886374424618	0.0068450929983845
2458793.2743207	13.809827177268703	0.0049606850946382
2458793.5951103	14.019314938836107	0.0113928293149191
2458794.560034	14.034802428424369	0.0109119152195508
2458794.5918078	14.058032474658358	0.0150330901202712
2458795.2919528	13.678560545878348	0.0065659879877115
2458795.5889355	13.807345625292422	0.007740644292551
2458796.325933	13.95521898507264	0.010259248281013
2458797.5815894	13.78055338470578	0.0076884885786343
2458798.5793759	14.056542689592716	0.0135267221951966
2458799.5612806	14.082877152246589	0.0171389673311411
2458802.5590388	13.762914374467476	0.0059605177598274
2458803.5464907	13.964410241809311	0.0057406498383225
2458804.5433879	14.04676486624176	0.0076968210018555
2458805.5401454	13.8176281701662	0.0040361266170248
2458806.535725	13.738280434827608	0.0054411891557478
2458807.5326212	13.714620726229295	0.0057290076254113
2458808.5297637	13.950179524651778	0.006777990307367
2458810.5278995	13.871130140764423	0.0035473567892839
2458811.5248698	13.72589758999821	0.0057285792884642
2458812.5335343	13.717285519233684	0.0055705157022086
2458813.5183405	13.96006859827042	0.0094659227153761
2458908.9038601	14.069346062684575	0.0191268652820519
2458910.8974707	13.742649546935686	0.0066191952451882
2458911.8968602	13.728013489970277	0.0069530863487444
2458912.6396604	13.77050121217647	0.0063046346378445
2458913.8912531	14.029250603393312	0.0082251540925692
2458914.8872456	13.896233148810303	0.0046981657749122
2458915.8971151	13.723503870587315	0.0062834784522667
2458920.8740021	13.74050455240332	0.0105332751099114
2458927.6222514	13.74249812177592	0.0055442062187099
2458930.6098038	13.90899520648456	0.0050937076332032
2458932.604043	13.752026656050957	0.004631153332851
2458983.4613462	13.712524431123	0.0061315634611334
2458991.5035043	13.953429322488605	0.0059762594550351
2459001.4281005	13.907935500448044	0.0081443734619522
2459008.43636	13.606671076987846	0.0203351384463559
2459009.4837435	13.768751364519556	0.0083651977889926
2459016.3805472	13.908561245969898	0.0048175299342562
2459018.3639627	13.764011403297587	0.0045248919964079
2459023.436449	13.660828774701312	0.0063890499506673
2459024.345616	13.641611213777018	0.0056173844250156
2459031.3658689	13.898872274609982	0.0083547745961265
2459032.3958546	13.799830099780426	0.00866502236324
2459036.305577	13.87054595955201	0.0146054292931337
2459038.3843751	13.68086962108979	0.0084187793824686
2459039.3288985	13.66893767265254	0.0068527909746522
2459046.2832962	13.91874098212611	0.0046782465512591
2459048.2728008	13.867808545622529	0.0040676909598542
2459049.2763698	13.684244517287764	0.0054849853955961
2459051.2618269	13.825831788234227	0.0026746912259528
2459053.448709	13.576340911183037	0.0059670943128487
2459054.2642076	13.66734236912256	0.0059197036590433
2459056.2487611	13.823301272974955	0.0052872174447658
2459058.5970569	13.933706280423864	0.0054207907634281
2459059.3063554	13.60479858650293	0.0084228051569432
2459060.2540411	13.683709546911784	0.0079060466983817
2459062.4564462	13.627393424711403	0.008905861951791
2459069.4295526	13.838941630600807	0.0081995691029124
2459083.2445811	13.731887365737323	0.0046330734470881
2459101.4766633	13.6438187291019	0.0065015040496735
2459108.4730101	13.868459544376329	0.0043510080496918
2459110.4103928	13.936487540647612	0.0057866340849476
2459121.3001298	13.889394605829716	0.0119708017898308
2459129.3206963	13.82046767830851	0.0033517712710077
2459144.2666931	13.725319497835022	0.0050631877936441
2459144.4959102	13.893655647370622	0.0074113662349545
2459146.5649768	13.891536336255552	0.0073126788244638
2459146.6221191	14.008369239672868	0.009545000309895
2459148.5400664	13.99881965046501	0.0094026197047957
2459148.5992836	13.845863548625328	0.0084111565243049
2459153.2542751	13.64177059326189	0.0117951420312818
2459153.5908747	13.819010325768922	0.0136760228477456
2459155.5887083	13.753697675295324	0.008421938576893
2459156.5818895	13.96430109782628	0.0118386236979808
2459159.5723781	13.731094703076408	0.005545607221775
2459163.325784	13.739174291277568	0.0048271928949367
2459165.5128205	13.686501257775232	0.008144389597734
2459166.561302	13.935298958266593	0.0058581559027477
2459169.5270194	13.799608598128748	0.0050243600147674
2459172.5519645	14.017302238398164	0.0077760877149893
2459174.5341352	13.73436940387949	0.0067642805366295
2459175.5440428	13.738728280240416	0.0067641711283482
2459176.5409355	13.942567579791048	0.0074482440126655
2459178.5334595	13.855896414393548	0.0079725890288572
2459181.5241825	13.885303707994964	0.0103673880710901
2459183.2791574	13.713122971427095	0.0135301388641609
2459271.898459	14.074601787808408	0.0140648822196262
2459273.8980701	13.745678314538225	0.0145133467163017
2459274.8930725	13.693738112971626	0.0080400085934393
2459276.8821974	14.040805660483882	0.0111796386451351
2459277.8852832	13.87664566578538	0.008160501183597
2459279.8757611	13.670598841438046	0.0097085460108752
2459287.8689212	13.914049680905604	0.0041565158924181
2459290.8741373	13.934022157818296	0.006054597620749
2459291.8533559	14.05317581834264	0.0095529595161333
2459292.5928664	13.665100879307351	0.0054201880099858
2459293.8707919	13.733484347545737	0.0053014290136542
2459294.85267	13.685689362276625	0.0060417292680563
2459295.8530075	13.913047432752402	0.0044612986714416
2459296.8386847	14.02543609409344	0.0074035417602615
2459297.8732859	13.82882571138174	0.0041863954121253
2459299.8255103	13.670076085645238	0.0079564642426903
2459301.8326463	14.01884609444712	0.0108671508762436
2459302.833091	13.838709229683504	0.0061154165114307
2459305.8075938	13.885585078156256	0.0112569861254964
2459305.829956	13.949136976189717	0.0100904927900877
2459308.8827545	13.673816646434087	0.0071701990695134
2459309.5540475	13.971032504140666	0.0062363349809935
2459309.8105143	13.747521744127724	0.0048787367462588
2459309.9105429	13.944648728147968	0.0074049848191933
2459310.8111122	13.899179089603113	0.0046052197177121
2459311.8263831	14.041990330820797	0.0078791392271024
2459311.8574335	14.092072805508618	0.0097772540475286
2459315.792386	13.940587725467395	0.0051194281886478
2459315.8713161	13.993078296328608	0.0068408347095678
2459316.6381802	13.635219885140517	0.0061182200198421
2459316.7940291	14.030002464018184	0.0073213211723263
2459316.8416802	13.996430024693606	0.0067038329798507
2459317.8522563	13.821558730531454	0.0039430771645657
2459318.9112116	13.689630022833503	0.0064853468111891
2459320.7990339	13.91858929241888	0.0044280679860998
2459321.8110348	14.016408413251158	0.0071504369300186
2459321.8203138	14.04372349994048	0.0078777986589233
2459322.8421452	13.81186628977648	0.0037234612580576
2459323.5183544	13.87371458242071	0.0045832340313371
2459323.770616	13.799371367748934	0.0064464520668523
2459323.8163487	13.690209062959726	0.0058391472573576
2459325.8950917	14.071477209895509	0.0089592472856667
2459327.5095316	13.66151022413409	0.0070026041833976
2459328.7579118	13.818354346222195	0.0076219697765475
2459329.7976556	13.838200360350946	0.0062457590095463
2459330.7462248	13.89648015038352	0.005893531092368
2459330.9260019	14.02699934706861	0.0142943167523056
2459332.7874683	13.875138679001678	0.0114803920350564
2459332.8210095	13.813226865475558	0.0101339667438363
2459337.4686123	13.633326250094251	0.007778856267705
2459337.7356785	13.86373872528294	0.0037620204893005
2459337.7807925	13.868942630035486	0.0047504263492597
2459339.9133682	13.98444983840826	0.008049131259737
2459345.4773023	13.891350416162735	0.0045403579312196
2459346.7021559	13.983438242119988	0.006129261082921
2459348.4417747	13.763215041199889	0.0041001178715762
2459349.7270981	13.684539936420176	0.0056400603736178
2459351.4528827	13.7308146267472	0.0048247041922596
2459351.6945363	13.955605833115651	0.0059435307383894
2459351.7544694	13.9859719238954	0.0060883956854497
2459352.8435534	13.743454678558209	0.0050967601350962
2459356.6887343	14.027946974768373	0.0111964465281025
2459356.7299017	14.038318582371732	0.0095212214869579
2459357.7343644	13.79631407639577	0.0047596089757146
2459357.7648591	13.83027831739485	0.0067327246206434
2459358.4282545	13.78171505060003	0.0086542784869586
2459358.6708283	13.776365326248008	0.0057399244095061
2459358.7385103	13.846094752590544	0.0054907067537014
2459360.9360109	13.861559842863864	0.0103406460228275
2459363.6857655	13.857450299347407	0.0124696227995413
2459364.6786098	13.67969863257181	0.0090109697291166
2459365.6598996	13.775533170152796	0.0061894869544345
2459365.7462991	13.940334778493352	0.0060046822150715
2459367.8410016	13.709923663067809	0.0058632882254993
2459368.7788429	13.677838665211135	0.0056349874703876
2459369.7819676	13.924514711195492	0.0048356034292967
2459369.8163074	13.93627392786838	0.0050097394087784
2459370.9215977	13.839721099813032	0.0044398089053485
2459371.8795551	13.789212393311129	0.005165388745252
2459372.386044	13.607131922156256	0.005746599472526
2459372.6370842	13.81825741697405	0.0032373058731714
2459374.633696	13.734825704883589	0.0052986432750189
2459375.4898142	13.731762487632784	0.0050888977138109
2459376.6283606	13.92559931172578	0.005522723356405
2459377.6302881	14.002337741914356	0.0061952247876333
2459378.66493	13.869695566385795	0.0022865889566456
2459379.6148543	13.821914887351758	0.0031025282919706
2459380.712823	13.924681563191436	0.0046929503709111
2459383.6090809	13.85455001637344	0.0046723183348566
2459384.6574065	13.67338967799718	0.0065044606988215
2459384.7472865	13.810506757948673	0.0043537005773433
2459385.7397766	14.00777317946617	0.0074154342215413
2459386.5920933	13.873866572488607	0.0031784219544547
2459386.6842796	13.944936121602186	0.0052792692000648
2459387.8253061	13.696207507104196	0.0071694582084315
2459389.7499039	13.83811563285638	0.0114139539236367
2459392.7285948	13.764201844425488	0.0066552449537666
2459393.5749717	13.835364899306075	0.0049334766321784
2459393.7177338	13.888350270807331	0.0057435102574623
2459397.803202	13.66594556453952	0.0071555299668161
2459399.7604803	13.98129011200492	0.0092794742475343
2459401.6509657	13.98750642453643	0.0067346542064481
2459402.6404794	13.96734680133703	0.0062768538701652
2459403.616219	13.794424191107664	0.0043151152272737
2459403.6336858	13.797154255337263	0.0044662364840274
2459404.8179353	14.010985602849084	0.0066267204991239
2459405.8387622	13.943202671758335	0.0060013275483891
2459407.5362569	13.88146640405102	0.0024895779080015
2459407.8603236	13.740708213724716	0.0054434600458394
2459408.6122306	13.826936066801396	0.0042416086261976
2459409.7181728	13.830753754492653	0.004432219713605
2459410.7877269	14.021776182507177	0.007004777359707
2459411.8018287	13.788070493397008	0.0039794319743055
2459412.7072093	13.76267467001206	0.0045678017164751
2459412.7822132	13.675801470247514	0.006010148889882
2459414.3913233	13.935119216981038	0.0082742913620674
2459414.5254705	13.909038269141975	0.0049295804921905
2459414.6739879	13.773406340831489	0.0065568159933716
2459415.8434989	13.85457781526024	0.0035290730252724
2459417.5011728	13.988815799721928	0.0121176007975809
2459418.563237	13.8318462256375	0.0125726276003598
2459419.718803	13.891574092901966	0.0220950789281001
2459420.5298585	13.607874325594766	0.0119319145986855
2459421.4870607	13.883219742810075	0.0044431399841723
2459421.8528294	13.69742451531102	0.0095939377462783
2459422.6365509	13.958799510020588	0.0089950023284431
2459423.5752506	13.846706689574102	0.0040207208948065
2459426.3238351	13.742127232826572	0.0047060162573325
2459426.7712014	13.805353149157852	0.005917050823141
2459427.8212851	13.7067927478216	0.0060939738536184
2459428.5853454	13.792511728301896	0.004061925870422
2459428.6419645	13.786040569652917	0.004404740098585
2459430.5056835	13.741813947690602	0.0048493044988781
2459431.8110268	13.74383031774839	0.0061735296817193
2459433.366641	13.884094266301448	0.0040284844114839
2459434.493475	13.80489379412908	0.0044484967104516
2459435.5412094	13.920560479585982	0.0039199962996127
2459435.8015798	13.919439925024326	0.0052158435028408
2459437.3590653	13.684165507853717	0.0051793741867898
2459437.8169933	13.744187078267377	0.0057831108597895
2459439.5853809	13.691615003068245	0.0063467884375546
2459440.4673537	13.70734330372972	0.0077741502970648
2459444.5279276	13.727193999343694	0.0076917490070943
2459447.596783	13.856580145722774	0.0107839065231039
2459449.555422	13.798975697183383	0.0107462416884513
2459451.3958024	13.608259812272864	0.0092254339658073
2459452.7710219	13.649573884843573	0.0087187810925132
2459453.648076	13.659943037421986	0.0072328634615146
2459455.6609947	14.056101405289189	0.0076718841075049
2459456.5224223	13.944721057821916	0.0052660980230519
2459456.6785354	13.877455624324073	0.0036594946410147
2459459.7359724	13.99288016406074	0.0068375837076164
2459461.4989814	13.936007056651803	0.0053325580928526
2459462.2321164	13.637197626440116	0.0055027322002753
2459462.4965475	14.063172759330296	0.0077944635002652
2459463.5060921	13.84544393689172	0.0034903444952674
2459463.6429184	13.69378654593011	0.0054368296722051
2459464.2632825	13.893760307058098	0.0048575328472625
2459465.53399	13.832839503276784	0.0038625536887236
2459466.5165905	13.928339974740265	0.0051513306815646
2459467.5185155	14.016799731345248	0.0077630687821505
2459470.3588631	13.696494622531151	0.007124765320034
2459470.4860123	13.860897273580065	0.0029681336940288
2459470.6224801	14.02677591826513	0.0087456849753217
2459472.5317644	14.0144189073993	0.0119623827377888
2459473.5327225	13.801273383112134	0.0070952155130195
2459474.5935664	13.794054881460498	0.007698700511174
2459475.5854123	14.008376268482689	0.0082990670083902
2459476.5863266	14.04197729369349	0.0119730345998157
2459477.4348114	13.96290386849646	0.0177618525083027
2459477.4768094	13.829577973347313	0.0080580204349204
2459477.5298802	14.027194784427683	0.0141149250809274
2459479.4553535	13.700531084335566	0.0130308593498281
2459480.5274927	13.872650266880244	0.0057686518107013
2459481.5050669	13.983942192986197	0.0062988249954664
2459484.4364309	13.70902835301745	0.0063144031097701
2459484.5902211	13.790874379070882	0.00482445071031
2459484.6127178	13.84730893612688	0.0044733788806105
2459485.6730015	14.03325855495824	0.007403539886256
2459486.6358362	13.898246273666231	0.0040234290061342
2459488.6241013	13.684048557883974	0.0061388865587793
2459489.6834974	14.019669613561332	0.0085023783041646
2459490.4982509	13.832282512062823	0.0035153304889784
2459491.5779127	13.909745070317506	0.0044734052633949
2459492.6433228	13.711094618014144	0.0063614887770368
2459493.5454833	13.718629102813669	0.0053807215557764
2459497.4896467	13.989365346378928	0.010551989544629
2459498.5390682	13.733796046677275	0.0072806446423264
2459500.5525767	13.987776013298792	0.0070247456904125
2459501.6330672	13.854601662745235	0.0079798201587408
2459502.6487172	13.68989374582064	0.0155962457419231
2459503.5997586	13.687433428177677	0.0113057652074546
2459505.4936502	13.8021128433232	0.0083903577259106
2459506.6350322	13.779310110386351	0.0113456128145601
2459507.6061683	13.743549372846024	0.0102977614794216
2459509.6365761	14.011571671460688	0.0201808905681151
2459510.6215355	14.058224710388131	0.0118592676227646
2459513.5542497	13.669954845993033	0.0063955829479316
2459514.5406318	13.754381708197933	0.0052756450833561
2459515.5978593	14.04830766295397	0.0088176836333598
2459517.6118192	13.717745374070953	0.0053118803006831
2459518.5092369	13.711471587372742	0.0060228835240198
2459519.2813566	13.85063284324488	0.0042818069817063
2459521.5603799	13.985090752696753	0.0076821702792316
2459522.5907729	13.74628743575828	0.0063488921918698
2459524.3196209	13.749229914134393	0.0049607292611768
2459525.5022447	13.932097420787445	0.0106790060348497
2459525.5035433	13.87852428233346	0.0115119036895113
2459526.529003	13.9659208434135	0.0076985082332934
2459528.5159692	13.671383987741637	0.0068625210939232
2459529.5690899	13.931912467959028	0.0067965896999761
2459531.3067267	13.6481307319349	0.0140347342565494
2459531.5246622	13.996334451083015	0.0100675329133692
2459533.5666874	13.701360392448922	0.0079880996294018
2459535.2785762	13.752507515305131	0.0100494795678301
2459537.5370424	13.816592911874704	0.0123247025235228
2459541.5282441	14.008340915370496	0.0087979111269078
2459543.2925877	13.971480972071252	0.0065245436841536
2459544.5268395	13.853075659834523	0.0050063385943245
2459545.5305648	14.06949465785422	0.011901404989854
2459547.5287154	13.77254168784442	0.0061691938920217
2459548.2797317	13.964039671999762	0.0076503669493274
2459551.2747836	13.608473423735507	0.0148586725399578
2459636.8983564	13.859033533112592	0.0113600879045233
2459638.8968367	13.822253405793862	0.0082171507188887
2459640.8871277	14.030415888515826	0.0076768622830806
2459642.885582	13.706043564318112	0.0056570073897407
2459657.863803	13.72368884461731	0.0080889696237379
2459659.6000428	13.740661067594749	0.0119567208952794
2459661.8315729	13.842336044706691	0.0073558323859896
2459661.8328133	13.853063474254231	0.0096661487877802
2459663.8708326	13.878918176035455	0.005294879698629
2459665.8780561	13.876671950306838	0.003372360641058
2459666.8676664	13.784361886367192	0.0049139957494354
2459668.8188383	13.771368173031494	0.0046519587030907
2459670.826884	14.018379263632122	0.0071128136128191
2459671.8287596	13.830968935478545	0.0049872992762594
2459672.8227135	13.69352418866704	0.0061148410403346
2459674.815608	13.947767897925385	0.0052498283906542
2459676.8045276	13.806096912189345	0.0042948921862759
2459677.8576355	13.735736438131712	0.0050253803846024
2459679.8000668	13.97635817660816	0.0063194357767936
2459680.8060598	14.038709034969465	0.0078026194480912
2459681.7962776	13.829066419257064	0.0034389244368479
2459682.7966715	13.696550481399408	0.0064308520812823
2459683.8347412	13.896738350022783	0.0063377580800044
2459684.9232223	13.968415313197738	0.0113456213959526
2459686.8481001	13.722055846596952	0.0089873376763082
2459690.5134245	13.63024213013018	0.0205832988377123
2459695.5027654	13.66769238738286	0.0062261559835548
2459695.923345	13.709498499869529	0.0068000112401623
2459697.81227	13.686395070921511	0.0057223145504542
2459698.8202071	13.919510992033077	0.0041486051355543
2459698.8658042	13.98563508781294	0.0063783305124955
2459700.9326814	13.716563500427874	0.0131274031618758
2459701.5742975	13.922455368463565	0.0048903165182616
2459702.8096468	13.690040616566607	0.0053805316437199
2459703.514752	13.866558387886911	0.0043904510798545
2459706.7691919	13.78324283126738	0.0047507001475098
2459708.6772268	13.6041500721025	0.0103827361198629
2459708.6784787	13.638524282850383	0.0107151143938733
2459708.6797307	13.610066574741246	0.0085314329946233
2459709.4751808	13.733100692346342	0.0076307693646998
2459709.476421	13.765274452461808	0.0046150966618873
2459709.7183553	13.95400545462046	0.0060896324825075
2459710.4907775	13.62367176654052	0.0067418763174616
2459712.4588074	13.86307355876774	0.0100488434020165
2459712.4600476	13.867658331460673	0.0116143278979664
2459713.8053954	13.980642019223994	0.0068403471756328
2459713.8066768	13.840824544864052	0.012197551234799
2459713.8079731	13.83015010994181	0.0100558247537962
2459714.8129456	14.05238993167642	0.0122855879999825
2459715.8542254	13.775844233474768	0.0106237203277457
2459717.6952157	13.755415390687666	0.0096024359870561
2459718.8747461	14.007507476456842	0.0098531594389149
2459721.8027392	13.701192694591745	0.0063939469523343
2459723.4282058	13.941869639094378	0.0068866981539128
2459724.6614875	13.847877863863497	0.0051037030781499
2459726.4077039	13.644422127328788	0.0056545808469595
2459727.6607788	13.763608074620803	0.0047108370767483
2459737.3839807	13.828462110441162	0.0049168354902874
2459738.6323661	13.676513054417526	0.0062278818657926
2459739.3843648	13.8322414322832	0.0064215231927773
2459740.4333747	13.630154166836522	0.0073092703192775
2459741.6401141	13.903023283888968	0.0075656184548893
2459742.7046161	13.6156971133323	0.0073183131990999
2459743.7395461	13.933787131824923	0.0112442687981619
2459743.76291	13.95338479358398	0.0109590041992823
2459743.7655034	13.849675400044392	0.015993044195332
2459748.8425424	14.00570321171376	0.0139739620369421
2459751.7463352	13.697123960998658	0.0060014289474214
2459758.3864873	13.957425545917232	0.006537843176137
2459759.9346855	13.656114482314845	0.0059435055899751
2459760.8188348	13.698425948213435	0.005549090911998
2459761.8449638	13.819591729788996	0.0038963761450033
2459763.5736555	13.61745740389236	0.0053390506587151
2459763.5764011	13.652983186116616	0.0062303662354164
2459767.460077	13.954454497198077	0.0069473586848686
2459767.5474179	13.83354371909871	0.0053648329566999
2459769.5693637	13.867189036960005	0.0057659372110527
2459772.7621401	13.9038960576015	0.0108067794529433
2459777.5598801	13.7151391525289	0.0114124553369507
2459782.6232958	13.568179505538076	0.007162208468991
2459783.7169717	14.031193936708505	0.0074421363014903
2459785.4971014	13.839292197526468	0.0036035525373591
2459785.5119874	13.966722642589213	0.006008081506659
2459786.6730632	13.70726721978809	0.005718025470256
2459787.6836011	13.77044205919198	0.0047729331522604
2459791.2404463	13.607152865243146	0.0061614945004218
2459792.5112655	13.75192668496897	0.0048052951435998
2459793.5012863	13.714449517825646	0.0056756613316927
2459794.5544668	13.914313906926814	0.0050535072845771
2459796.4193561	13.910948549287848	0.0054352645928455
2459798.2883787	13.926532369977249	0.0080318913335862
2459799.7551426	13.791108049826896	0.008308024619564
2459799.7576465	13.767180979171217	0.0118469893495855
2459800.8011752	13.654772688434235	0.010163141852038
2459800.8024291	13.623333228458463	0.0123892907432826
2459801.7127041	13.704526019307009	0.010830802186504
2459804.6888074	13.788851997805615	0.0086919215753817
2459805.8041002	13.702221758522072	0.0084114270881909
2459805.806676	13.658444384408526	0.013529380761057
2459809.7643315	13.794331739704456	0.0061512451899069
2459810.7747568	13.70548440589027	0.0062890919769819
2459811.7941977	13.904029466326788	0.0048097032112693
2459813.5650063	13.787162210691964	0.0046589361919267
2459814.6450708	14.016731950169758	0.0066649989608847
2459815.6485982	13.796976779088157	0.0042219661521385
2459815.649899	13.726972829676036	0.0054313271165189
2459816.673788	13.652558025366876	0.0074630119084148
2459816.6750406	13.688318204920352	0.0107645992542772
2459817.7502171	14.043198519204152	0.0090668199355288
2459818.7585103	13.998229903855815	0.0068956910146032
2459819.7015055	13.85054956389148	0.0031034387370943
2459820.6807682	13.73617967843803	0.0050396035042876
2459821.7088137	13.778043075995257	0.0050409856830898
2459822.7365433	14.016231208411096	0.0081188098276746
2459823.529193	13.771860041843176	0.0048423045895958
2459824.5727334	14.017783372336318	0.0075444854803499
2459825.7492675	13.705298792099526	0.0054908079404978
2459826.7615584	13.907138477999366	0.0042683819718758
2459828.4986519	13.685051858976218	0.0070803219001343
2459829.5700711	14.029032791784708	0.011898435694792
2459831.296408	13.822328000547168	0.0145240680010928
2459833.6039698	14.0033672770016	0.0128018704855345
2459834.6795221	13.826285741957072	0.0087997188729884
2459835.6264809	13.79363947992507	0.0061242946854645
2459836.581574	13.726810498722378	0.005498079860177
2459837.5718506	13.696549503517016	0.0063073389515778
2459838.5836492	13.934620088076242	0.0060275603074342
2459840.6244792	13.792834001182182	0.0041282485426505
2459841.5406071	13.77434035639372	0.0051938243037151
2459842.5818942	13.747561833010018	0.0051686202371394
2459843.5306528	13.834827259304516	0.0039918980056766
2459844.5230873	13.993221290248629	0.0063823333658375
2459845.5884833	13.824715640500848	0.0036771994646127
2459846.5582637	13.707213782631804	0.0057793158884205
2459847.547313	13.689548363886638	0.0058001919501507
2459848.5326024	13.842843747946842	0.0040930967736044
2459849.5370857	13.98819503368475	0.0066919286337938
2459852.4997048	13.692095185492516	0.0059941437319307
2459853.5761055	13.962905484787406	0.0065129418780627
2459854.5362588	14.016120303313173	0.008172114387213
2459855.5314469	13.914986940002844	0.006221233850111
2459856.5626918	13.715830702875266	0.0073106433650868
2459857.5470909	13.725011555187294	0.0081622286692297
2459858.6412545	14.056816646624831	0.0137265497399392
2459863.5101462	13.849074916360882	0.0058702557551561
2459865.6195543	13.75048292036447	0.008757217517757
2459866.5714463	13.685701337322875	0.0063594751305484
2459867.5334051	13.737133845003736	0.0055579819407023
2459868.564687	13.98059891777827	0.0068469986567088
2459869.5494919	14.01617585572123	0.006991424402844
2459870.5191236	13.899882915558068	0.0048010879451802
2459871.5806368	13.684693418904864	0.005756750727825
2459872.5588786	13.834153631331152	0.0032248998025846
2459873.5165847	13.912014971106071	0.0048277317710554
2459874.5379796	13.99279316559658	0.006804522258626
2459875.5454017	13.837002848717177	0.0036245758007919
2459876.5421757	13.720250483036436	0.0058621068367077
2459879.3149746	13.627687922281346	0.0064527620056806
2459880.510485	13.865491256954297	0.0038370872515995
2459881.6018731	13.715734587104851	0.0061812508387004
2459882.5725356	13.872694914306594	0.0040327577682965
2459884.5970557	13.847203504956092	0.0081893461679751
2459885.5939498	13.720706625124237	0.0075726046649208
2459886.5870116	13.716333436203064	0.0088201016799241
2459886.5882539	13.75180998453063	0.0110838741059267
2459887.5840345	13.89905146490323	0.0079815691849605
2459888.5810604	14.049310432193185	0.0140298004328857
2459889.577201	13.880438195295572	0.0131123962283277
2459892.3391373	13.782597392700076	0.0148625957013268
2459894.5543761	13.984348962165358	0.0067390941855463
2459898.539296	13.985830364837462	0.0063165918305502
2459904.3065187	13.663342198415144	0.0060531185410114
2459908.5379118	13.986669997871635	0.0068258992352654
2459909.5338705	13.959903149628946	0.0071901067856805
2459910.5354735	13.804948493526542	0.0051689659443454
2459913.5212579	14.039495110220336	0.0127116541435988
2459916.2695611	13.981323304067592	0.019218511702933
2460001.8984124	13.761287128750093	0.0105273087501834
2460003.8929396	14.055923048985658	0.0086310310989136
2460005.8871009	13.724542423826412	0.0063311874648047
2460007.8969664	13.9734003983346	0.0086465437529681
2460009.8798332	13.830392701163888	0.0096267865648917
2460019.8794072	13.806704535875744	0.0045288490165647
2460020.6555172	13.960638535738989	0.0130775336272844
2460023.5969938	13.638775221311212	0.0064069672517426
2460023.8589987	14.062646636002036	0.0081102850186461
2460025.8435464	13.722627738903068	0.0058114026148727
2460027.839095	13.91918006644013	0.0050596264702022
2460029.8348659	13.933536979409292	0.0049103975546765
2460030.8511745	13.729479080073348	0.0052359520164513
2460031.8633364	13.747782236760106	0.0055913274534167
2460033.8223535	14.015224225341374	0.0071636257294177
2460034.8224556	13.89258363992684	0.0042905502006656
2460034.849432	13.824582289707596	0.0032925299204133
2460035.8643178	13.659051885101366	0.0060934075215588
2460036.8287538	13.679150435872366	0.0058833870109273
2460036.8300297	13.671043671991018	0.0070705516789336
2460037.818499	13.935559432539376	0.006622954303726
2460038.8524299	14.028060719341166	0.0126850552121237
2460039.8062649	13.891336122267964	0.0074579806886732
2460040.8512317	13.628089138164007	0.009541234688045
2460042.8050359	13.892522102273617	0.0072413242665523
2460044.7984479	13.93664363447784	0.0100892181102793
2460044.809648	13.938031029444746	0.010715257549763
2460047.8396774	13.975899736622726	0.0076654867677174
2460047.8817222	14.060205455584068	0.0097369806116989
2460049.6244816	13.85469291108272	0.0056443362328267
2460050.8468805	13.669613936173269	0.0061960711216321
2460050.8914262	13.67486074931377	0.0062403669894422
2460052.5650011	13.690885869641322	0.0048414578879477
2460053.7774736	14.001149013804442	0.0067600986614546
2460054.8093418	13.872091355153168	0.0058393640521818
2460054.8413913	13.78730182292428	0.0049725337811238
2460056.7700148	13.64607710539682	0.0060725420140078
2460056.8211183	13.76169320403613	0.0052816417985318
2460057.8442649	14.0311260074317	0.0074725127883685
2460059.7759475	13.99592320909643	0.006868101475257
2460060.7580962	13.812437392456893	0.0045132134731243
2460061.7453697	13.688971890519	0.0061748182533218
2460062.7542777	13.894628371918555	0.0031569699124287
2460062.8151958	13.98109597483564	0.0071661591494563
2460063.7884597	14.018506422033072	0.0067352878465177
2460064.8393941	13.82125372126897	0.0045882904226636
2460065.8249382	13.67335006027652	0.006017361030152
2460067.7361336	13.79777767446308	0.0082253060870614
2460068.7485159	14.01805618519251	0.0084659646950473
2460069.8227003	13.826357412461569	0.0115279129405217
2460069.8481249	13.78277364476318	0.0079518249944409
2460071.7555667	13.65720756177205	0.01148538855066
2460071.7776592	13.678767777490926	0.0103867228724398
2460072.8426069	14.007795475123864	0.0118527356620944
2460073.7923032	14.000539547561502	0.009519866851102
2460075.7449938	13.779569309342529	0.0100538669793499
2460077.8401058	14.017192754437971	0.008359106041572
2460078.8371054	14.005851539743288	0.0065029293689784
2460079.8279241	13.824555635813134	0.0042923156908402
2460080.8352122	13.658119662684111	0.0065175958598274
2460086.8068076	13.778540870145951	0.0080450830666851
2460088.8337747	13.928448899141031	0.005874982844125
2460089.851341	13.732541992607842	0.0065773819632043
2460090.8513469	13.672102242712596	0.0059436679286339
2460094.8330111	13.704107524027744	0.0057407065029557
2460095.8352183	13.70075673532778	0.0065692750479696
2460096.8388563	13.928611636161287	0.0109393049633445
2460097.6943906	13.797593839524849	0.0130771433138505
2460097.8780183	14.010875639112356	0.0085593884223774
2460098.7054227	14.040575244354624	0.0148479776744215
2460098.9048423	13.793075856240424	0.0109557371544266
2460103.7740164	13.990610614215434	0.0106629107078645
2460104.7854543	13.775585027965882	0.006801980230665
2460107.8005109	13.996503282850693	0.0071205333401034
2460108.7966838	13.989871145170753	0.0087971423486982
2460109.6781447	13.975826648545954	0.0077255580302927
2460110.8587634	13.77775509452599	0.0052313450109426
2460113.6322409	13.919743852418076	0.0045175824433166
2460121.5960669	13.825299294027232	0.0055984990615813
2460123.9265021	13.685983021061226	0.0058426954911457
2460125.9270542	13.979590366420345	0.0074843798373155
2460127.557852	13.692884359191272	0.0170649823566884
2460128.3072419	13.987362700220691	0.0272714676038723
2460128.7531368	13.963301840768349	0.0322433541103809
2460130.597951	13.95101513617449	0.0122086575714949
2460131.5028803	13.88463876635926	0.010962085255993
2460132.7324761	13.975368772971905	0.0145106311641471
2460136.5451892	13.828331402886798	0.0046398402875474
2460138.2828592	13.887782862152749	0.0039500465572385
2460138.6439106	13.98595709504657	0.0063557018973915
2460139.3154316	13.709910853015986	0.0047795303956091
2460139.7235712	13.806354458766494	0.0047118014054836
2460140.5743613	13.992160082285965	0.0063084641351153
2460142.3094768	13.96818085936049	0.0062339146047786
2460142.5571849	13.644991758100891	0.0063353344551472
2460144.5524997	14.02988255982149	0.0076611845897023
2460147.5032895	13.6620898779356	0.0055165744118613
2460148.499898	13.809410565852849	0.0042561593040253
2460149.4976905	13.900323653748842	0.0056384567350446
2460150.4966942	14.055124131315477	0.0084719279725565
2460151.2496653	13.685008091173918	0.008029336040222
2460153.5706625	13.886791896102848	0.0077998594889704
2460154.517579	13.981760256383833	0.0111324389239054
2460155.7612248	13.678699178229284	0.0082651397624507
2460158.580178	14.000891169911334	0.0243477339847153
2460159.7050071	13.799216773862373	0.0097029767627336
2460163.5530906	13.813621259569771	0.0042172326978958
2460168.2524841	13.90350627872185	0.0067543738208325
2460172.56592	13.652534188265385	0.0062045758098206
2460194.3435317	13.65086203103848	0.0053744884475351
2460196.452714	13.762585354935393	0.0057436355360205
2460205.4604436	13.981220221219557	0.0065226695277629
2460218.6478878	13.993169051314728	0.0103477952481511
2460219.5409627	14.020241958755502	0.0069649221105047
2460220.5333492	13.829862002359882	0.0042124061359228
2460221.6604419	13.876257693803195	0.0050952721613592
2460222.650418	14.024452057146664	0.007479216603346
2460223.6575453	14.041568547182866	0.0078849982548193
2460226.5091985	13.742669377181748	0.0053621173838693
2460227.5406508	13.824873240552606	0.0038872247224645
2460228.54038	14.004677488708356	0.0066952857014306
2460229.5363837	14.025690991426782	0.0073282583643934
2460230.5358927	13.80387332241487	0.0044226424207809
2460231.6321759	13.862361189284783	0.0030750039560171
2460234.2857416	13.614309272735907	0.0058155414322007
2460235.6002258	13.689003581810988	0.0056587396538774
2460237.4932658	13.696953524078497	0.0075532948054804
2460238.53274	13.991925822968811	0.0072028555489284
2460239.5850571	13.806975464532298	0.0050327137946729
2460245.5225834	13.818325071589	0.0096536188089775
2460248.3673933	13.62631933604106	0.0187293153489972
2460249.3408658	13.76096315705307	0.0052803198150034
2460251.5340054	13.627534914799549	0.0064401534835724
2460252.5787006	13.984276310826107	0.0065425944638493
2460253.5683121	14.006851914285296	0.0071641835535213
2460256.2589329	13.942156122429685	0.0066743261611738
2460257.5216669	13.844178804119432	0.003644233590405
2460260.3109727	13.9080767763458	0.0056550328294101
2460263.2864489	13.645789901276377	0.0057603909253434
2460264.560645	13.825998897551234	0.0048179888295984
2460266.3028475	13.935815198374948	0.0072368879104988
2460266.5444191	13.714598668119791	0.005976115699848
2460269.5149591	13.902093112398346	0.0113381056340308
2460270.5432037	13.72624496670661	0.0072639765407039
2460271.5476619	13.722004281599627	0.0081643242813158
2460273.2903075	13.622395111472924	0.0089899187403961
2460274.5381225	13.837071045572351	0.0114368587809065
2460275.5387577	13.755431028573865	0.0142267456682833
2460277.5242407	13.936065537895	0.0074575357599684
2460278.5183972	14.021127092725312	0.0173379336701758
2460377.9018531	14.017986730581203	0.0113653530188556
2460380.6345936	13.936318996712384	0.0064974650664608
2460380.886133	13.646401358128085	0.0063997342088888
2460382.6283464	13.70746371834928	0.005199768010744
2460384.6226383	13.841272805517802	0.0029480057902949
2460384.8714278	13.800999497027854	0.0043938807756304
2460387.6231468	13.747883415318183	0.0050599393057117
2460388.614642	13.60805524525354	0.0063744302110426
2460388.8810262	13.983474352207786	0.0069260400104205
2460389.8767619	13.805064876887938	0.0046212301878021
2460391.6006072	13.86043742758198	0.0042072958308562
2460395.8632114	13.597553120130184	0.0250491508952108
2460396.8594396	13.820777476406573	0.0110212640306441
2460400.8522601	13.630866934310587	0.0085148377303477
2460404.903867	13.695972988942373	0.0058068947208803
2460405.8954446	13.732850081367513	0.0055498355858426
2460406.9133685	13.988514260826111	0.0070146773678219
2460407.9051225	14.023861641690209	0.0070066034535587
2460409.8885175	13.726819983881771	0.0055173873399206
2460411.9057896	13.964806768539171	0.0063079929774814
2460412.549674	13.750164254575408	0.005184959785889
2460413.5557718	13.63833686326864	0.0058653237333528
2460416.8092691	13.774314049785016	0.0049648397724603
2460417.5605209	13.728378818433862	0.0060951768784684
2460417.8392715	14.02184302246061	0.006457522037708
2460418.5506737	13.63420333711744	0.0058081026369814
2460418.7966378	14.00312996903353	0.0066855140422219
2460419.8299789	13.798712767273235	0.0046070901735478
2460421.5482172	13.908099831235452	0.0125959614170146
2460424.7814057	13.842870612201835	0.010584604154935
2460425.5198634	13.912561174289236	0.0114297533462454
2460425.7807384	13.6742435679643	0.0104190473859061
2460428.8539648	13.902609809765424	0.0089957777264134
2460433.7329397	14.026657567178574	0.0103596113717966
2460434.7208242	13.97217993483385	0.0057044563953393
2460436.7222153	13.676539235572044	0.0069819833494113
2460438.9118523	13.744551331688212	0.0050546197370353
2460439.7220313	13.891759635825414	0.0078978760411912
2460440.7179096	13.75393730788675	0.0050459681458907
2460442.466404	13.894787195919406	0.0075465411485366
2460443.8472193	13.78207318937798	0.0070615791708575
2460445.4582178	13.813580776294598	0.0048301339457712
2460447.4324805	13.839762635237348	0.0083543879124917
2460448.6853161	13.981271848814044	0.0076149695153808
2460449.6882802	13.96890937936451	0.0087516818986283
2460452.4416604	13.89107612780587	0.0126938592728368
2460456.7445074	13.77638963251884	0.0112500246429069
