2458283.4538322	14.68661680230923	0.0134525600015632
2458350.9313404	14.370450747536056	0.0387112832579849
2458350.9313463	14.38322183065063	0.0430954122331786
2458358.9111376	14.582292271580355	0.0205771036746292
2458358.9123443	14.495169840168929	0.0273472834648108
2458365.8874647	14.493433378012702	0.011732884040147
2458365.887473	14.494155167357636	0.0120217990725256
2458375.881558	14.686660174851887	0.0121890808979557
2458375.8815613	14.649354940124258	0.0105793013680704
2458377.8858591	14.567649049041908	0.0082233280238469
2458397.8853632	14.646194082512896	0.0109760423180434
2458397.8853657	14.697661735138078	0.0129393913014238
2458398.8860194	14.49619575516815	0.0118476532689293
2458404.8774061	14.696432687412354	0.0103408883507511
2458404.8774112	14.70366814674746	0.0101710758331325
2458405.8570903	14.56969476105242	0.008832013953145
2458406.8498556	14.471482350769184	0.0089466762315541
2458406.8498574	14.465666708123193	0.0087907589637866
2458407.8750047	14.691583215875784	0.0115087417053803
2458407.8750047	14.646257648579969	0.0097723506059704
2458408.8717736	14.69565655892482	0.0105838957663079
2458409.7916604	14.600069615073906	0.0072862304970746
2458409.7916634	14.619376154328634	0.0064250225412642
2458410.8338105	14.512012582179556	0.0080906852302948
2458410.8338105	14.536599524372406	0.0080947489362885
2458411.8487077	14.624003378958232	0.0094306113029183
2458412.7815416	14.632633421368396	0.0139676017052959
2458412.7815446	14.670874773788194	0.0171514028609878
2458413.8079422	14.486636108922902	0.0133097706443461
2458413.8079491	14.538312664458148	0.0154718900720095
2458415.7711695	14.66914472461908	0.0269944727473821
2458419.7634256	14.634321874670896	0.0171326929218977
2458425.8396715	14.573357421676397	0.0072715941006118
2458425.8396751	14.56200570464018	0.008067353448309
2458427.8062562	14.675349375194951	0.0087186265238234
2458427.8062676	14.66089250659354	0.0127516976140393
2458429.8074053	14.563630503468447	0.0069935965618992
2458429.8074062	14.58645570649082	0.0067323661446501
2458431.8089213	14.580199717815852	0.0074381794827044
2458431.8089221	14.57376248381509	0.0074716382736641
2458437.8553234	14.67304345067017	0.0116966661493009
2458437.8553291	14.668757123424705	0.0113034417475468
2458438.8359447	14.61469999906355	0.0075380597417771
2458438.8359464	14.590496758341764	0.0059324750168924
2458440.7331211	14.453165984045352	0.0141216279104783
2458440.733124	14.48282300261113	0.0133554024090317
2458441.846915	14.7004425400004	0.0136656908885626
2458441.846915	14.70715941610271	0.0111124427948078
2458442.7765681	14.615990387120236	0.0094895435834549
2458444.7799405	14.58284038798076	0.0179194054411383
2458444.7799405	14.637981216131164	0.0210441930190146
2458446.7886125	14.467634460371087	0.0254374547248084
2458446.7898272	14.545512661919677	0.0214010129673583
2458447.7670038	14.409265637292744	0.0219835767505925
2458447.7670038	14.478251146654056	0.0274142334223773
2458448.7864521	14.629559840325287	0.0160460352164586
2458448.7864521	14.662810041616446	0.01465950974251
2458449.7214721	14.653158112138913	0.0166885405266182
2458449.7214721	14.685278831054642	0.0173924401322049
2458450.7460282	14.54192834229223	0.0117810254001978
2458450.7460283	14.515543223562998	0.0114452547691339
2458451.755227	14.53669310730576	0.0124258685589919
2458451.755227	14.472673933002874	0.0101404750315755
2458452.7553174	14.623601719651235	0.0125033781027415
2458453.7740996	14.65630900249468	0.0102114782352794
2458453.7741074	14.643638726374697	0.0087752264954089
2458454.7532984	14.461092305644796	0.0093207308291023
2458458.6960219	14.455626821770387	0.0097253963151585
2458458.6960228	14.454988002207385	0.009207455989804
2458461.7310329	14.577563352827706	0.0073321451406696
2458461.7310329	14.531339604918724	0.0103945955551779
2458463.7800973	14.619746639634936	0.007648952783219
2458465.7412907	14.459535408521928	0.0091649885876354
2458465.7412907	14.465634123978726	0.0088474520535923
2458467.6193103	14.515494626449644	0.0114732075906201
2458467.6193107	14.528274200533222	0.0096592047750782
2458467.8009581	14.702887486043435	0.0100623716592531
2458468.6160379	14.610677772982186	0.0084084393656158
2458468.6160413	14.680036440448136	0.0122788535535194
2458469.771293	14.47726351527667	0.0089936675237283
2458469.7712931	14.457961798583696	0.0090165896701573
2458471.7288662	14.704071069742565	0.0202550202291942
2458471.7288662	14.642587702228314	0.016188581645245
2458472.6135771	14.607131175132356	0.0199349805430366
2458472.6135877	14.727484641493207	0.0229700270589661
2458474.743784	14.622280485292588	0.0250228911865506
2458474.7437952	14.616270348435553	0.0231460791912641
2458476.7778874	14.372918152843544	0.0135984475107538
2458476.7778926	14.432244906667336	0.0147427456838731
2458477.6811138	14.454450934636125	0.0151387331414074
2458478.7044582	14.633778428267677	0.018540659713517
2458478.7056688	14.58157301749722	0.0168588222092868
2458479.7340815	14.65742890808559	0.0139338755031856
2458479.7340881	14.665760758368917	0.0131604722149301
2458480.5900302	14.633410506708316	0.0079596620577123
2458480.5900338	14.69752074539281	0.0115453758500669
2458480.7788333	14.44840776362202	0.0108306013441453
2458480.7788333	14.441435845506502	0.0102703374245993
2458482.6853066	14.631523116636878	0.0061985796443099
2458482.6853066	14.652746570972347	0.0076993213581134
2458483.6608529	14.72195961412496	0.0106541905704667
2458484.753925	14.479157316653495	0.0109591362443286
2458484.753925	14.473120883565564	0.0105804502260793
2458486.8021991	14.57312751548667	0.0070858112725016
2458486.8022091	14.590374134144303	0.0079248774354582
2458487.7241999	14.481065536480791	0.0089672177673173
2458487.7242076	14.49502681878525	0.0098297988511153
2458488.7208161	14.494857703696136	0.0082190234731293
2458488.720823	14.477073964754364	0.0084741566220804
2458489.7468032	14.668178011011593	0.0096486733934291
2458489.7468051	14.669770446908228	0.0095206128129916
2458490.7384369	14.641003173833704	0.0085164260352809
2458490.7384375	14.659402730270546	0.008911065552569
2458491.8061785	14.492960057164549	0.0080237533987339
2458491.8074651	14.47883682480833	0.0098114263880204
2458492.805935	14.666216533393746	0.009601478496073
2458492.8059392	14.643812940879306	0.0097254427049736
2458493.7793461	14.675514883388548	0.0082006282851687
2458493.779349	14.67887747692172	0.0094484828051684
2458494.8126983	14.453976840522484	0.0093990449495636
2458494.8127043	14.457752694676202	0.0093271282790738
2458495.5495958	14.572377500787349	0.0079226417598729
2458495.5495958	14.581311556865192	0.0066732775418792
2458496.6943073	14.592160147110668	0.0098648467746044
2458496.6943121	14.627443389825602	0.012822658702517
2458497.5502736	14.603654384066411	0.0067988090155097
2458497.7400844	14.666807480574173	0.0087454876575821
2458498.5380812	14.63660353582673	0.0202703441382673
2458498.5380861	14.663313974171745	0.0197502339951089
2458499.6341012	14.458071086571955	0.0123231357487169
2458499.8169177	14.63182236312491	0.0082915373960124
2458499.8169284	14.619280484263196	0.0075191532668316
2458500.6864208	14.58293911019136	0.0135439773412221
2458500.6864263	14.606084155387803	0.0125285384535033
2458501.6501146	14.723453507410984	0.0145549725312081
2458501.6501161	14.705052765972871	0.0159945189766951
2458501.8275871	14.48911671927404	0.0102190476931577
2458502.5446699	14.565552847517893	0.0127347239231189
2458503.5663285	14.476887520767896	0.0207711130395301
2458503.5663367	14.530038201006167	0.023589290764123
2458505.7477694	14.524382229864942	0.0204155060100334
2458505.7477715	14.5117959472741	0.0222242486043599
2458506.7280894	14.468880652441303	0.0193949846904411
2458506.7281013	14.429830049824544	0.0175389449673361
2458507.7651092	14.61566668546239	0.0117624080133716
2458507.7651158	14.644362381254004	0.014777826100582
2458508.6834821	14.629447551362825	0.0143644753865682
2458508.6834832	14.587612633954755	0.0149117431262564
2458509.5423444	14.606161577024752	0.0072223948894985
2458509.5423478	14.561110155912576	0.0077126732358828
2458510.5755179	14.568995898644715	0.010445804301411
2458510.7639929	14.502102056332356	0.0105376966793819
2458510.7639953	14.5356808166082	0.0106384455778394
2458511.6009464	14.580969231481376	0.0077524164943688
2458511.6009464	14.571536990636377	0.0068581151760934
2458512.6192085	14.58830833859892	0.0069194973625111
2458512.6192085	14.619512620063766	0.0073060603172336
2458513.6036762	14.669314846814313	0.0094125700623824
2458513.6036881	14.651817178308242	0.0108161736703727
2458514.7181333	14.534809468315125	0.0081610210750537
2458514.7181346	14.531250936679855	0.0088363629840437
2458515.6559738	14.595055375978944	0.0078790232955932
2458515.657234	14.601174351658631	0.0088593541988089
2458516.7100121	14.638062547500247	0.0071747363353131
2458516.710013	14.651779838952038	0.0071721317189245
2458517.6979568	14.48351657657077	0.0082993207508822
2458517.6979588	14.461979790124122	0.0091046247334282
2458518.705853	14.357035979722514	0.0110134087631344
2458518.7058611	14.350365711709202	0.0113578552570663
2458519.8090579	14.549542833477416	0.0091790103617628
2458522.6214325	14.524890625796791	0.0081840747457591
2458522.6214352	14.529863820562676	0.0078452440826219
2458523.5945874	14.65925287703628	0.0104008733519175
2458524.6386709	14.601099371015684	0.0099021859237598
2458525.6941764	14.49405063799745	0.0111739955975851
2458525.6941764	14.495462307757863	0.0099602773047919
2458528.5979817	14.59658564335614	0.0101848925579262
2458528.597983	14.570481913646972	0.0080482601196766
2458528.7742569	14.500201505725222	0.0087322595742426
2458528.7742574	14.488506849500611	0.0104662148321958
2458529.6057491	14.47941026780478	0.0135387520523422
2458529.6057491	14.438873637183368	0.0114557060296683
2458530.5153122	14.547532185186068	0.0132812975937997
2458531.7938873	14.483678783708791	0.0198691675953619
2458531.7938873	14.48187062787496	0.0207394253814849
2458532.6548851	14.447733610326434	0.019981388617894
2458532.6548851	14.44729382386275	0.0205096348055584
2458533.5205733	14.516663356069104	0.0209724591592226
2458533.520576	14.51465212156802	0.0222836405703168
2458534.6199451	14.653076174751153	0.0234877426983995
2458535.5710317	14.55068031746797	0.0148539074251951
2458536.5922597	14.534694108753412	0.0114983522047239
2458536.5922597	14.557094877558852	0.0122184852389344
2458537.5993887	14.578485638648926	0.0087646710089697
2458537.5993916	14.543516696877584	0.0102831412727334
2458538.5871592	14.68490088796127	0.0102161328017409
2458538.5871595	14.727369881751958	0.0109151840970687
2458538.7701805	14.469299808854773	0.0149806067951875
2458539.5904193	14.559076128603516	0.0096503240705
2458539.59042	14.59157555206221	0.0062701583478765
2458540.585373	14.556127881893726	0.007375828972292
2458540.5853736	14.559988412041282	0.0070580921795042
2458541.5805824	14.612624976307067	0.0067381273703994
2458541.5805954	14.621098715474538	0.0056383161052719
2458542.5760327	14.568490134679692	0.0074937381377929
2458542.5760327	14.55849076823277	0.0067016309251038
2458543.7651807	14.570958838915525	0.00814803644588
2458543.7651819	14.555243856615958	0.0094254513161471
2458544.7609162	14.684137506055094	0.0092324292447903
2458544.7609194	14.684095454185826	0.0085036550997331
2458546.7554842	14.454452023980904	0.0096776903825889
2458546.7554924	14.472559989760928	0.0087010509773704
2458547.7543072	14.583900020404236	0.0088647063582116
2458547.7543081	14.59603176015892	0.0081263529169225
2458548.74988	14.680406182897109	0.0091636034438512
2458548.7498863	14.691119663540457	0.0096195534339672
2458549.7279621	14.617276238907571	0.0072918913771589
2458549.7279685	14.59100704212504	0.0087150821511395
2458550.7402727	14.476120165470972	0.0084683334782379
2458550.7402755	14.451147906250652	0.0096049749251261
2458551.7395318	14.628279775712231	0.0082311561466407
2458551.7395338	14.625001153296536	0.0080809206139718
2458552.7346408	14.70714588462119	0.0106946228100773
2458552.7346418	14.65624390167878	0.0089966131235517
2458553.5745131	14.67784765066236	0.008146975145731
2458553.5745131	14.6844848205454	0.0080527927597836
2458555.5730841	14.473509308261914	0.009043960660375
2458556.7273789	14.618902017183764	0.0081395420000388
2458558.6338015	14.464029545184276	0.0126520927517957
2458558.6338018	14.439295554139196	0.011898028318832
2458560.6217696	14.688145064489902	0.0175413580137948
2458560.6217727	14.667146619908548	0.0206827530897399
2458561.6235286	14.495483442570468	0.0235821848272277
2458561.6235286	14.582187042010386	0.0161513252085492
2458563.6399837	14.632749214671826	0.0293311876045265
2458563.6399953	14.641631111425015	0.0219240051058411
2458564.6424725	14.711982773110776	0.019526976875329
2458565.5116106	14.66046570667886	0.0108150282872409
2458565.7045992	14.48256006439452	0.016277346587377
2458566.5128906	14.55177476390377	0.0098895042833342
2458567.5118488	14.60592214221084	0.0075101101197657
2458567.5118583	14.5981272840623	0.0074364420395437
2458568.5034933	14.581675242701596	0.0084389813128826
2458568.5034981	14.58632327602139	0.0073323137432
2458569.4988116	14.568582470371538	0.0078379148121574
2458569.4988124	14.566092135061457	0.0078596817826313
2458570.6157937	14.590720764566935	0.0095097219159321
2458573.3582538	14.683233000827036	0.0093375071929726
2458575.5789469	14.677962686577365	0.0102194555183895
2458575.5789469	14.685706427010729	0.0119885645726045
2458576.5549277	14.630816655405114	0.005120767264017
2458576.5549277	14.58446876926979	0.0065304891475156
2458577.6159712	14.54301999387126	0.0072022740961413
2458577.6159735	14.535942349996375	0.0092141419691014
2458578.6488518	14.682087120896044	0.0111833312044614
2458578.6488526	14.68184033239789	0.0083285715195483
2458579.6759748	14.490248631889806	0.0108550967013815
2458579.6759824	14.523738847411192	0.0095552218570145
2458580.5185044	14.20425008889341	0.0112084015775853
2458580.5185084	14.218759263222518	0.0111631910469631
2458581.5197457	14.503201116374528	0.007406397282152
2458581.5197475	14.475096165499874	0.0090797553968989
2458582.5303609	14.619920780350904	0.0088835561010249
2458583.5379409	14.66181611970491	0.0071649489392728
2458583.5379435	14.65600431775137	0.0086469550138033
2458584.5156807	14.568312179510452	0.0087688079856711
2458584.5156807	14.53616286413074	0.0098984410333256
2458585.5483695	14.54637359651077	0.009150945658523
2458586.5365425	14.657764137271707	0.0143289598846496
2458586.5365425	14.643230449191108	0.0114078904537362
2458587.5914679	14.57095250063782	0.0130831369372373
2458588.6415857	14.60559303522188	0.0151941610406924
2458589.6085756	14.673677336971052	0.0176386915878219
2458589.6085862	14.60789278185398	0.0220300162429902
2458591.5625473	14.490843547408785	0.0164503021010539
2458594.6210917	14.461712943409866	0.0198286624657972
2458599.3621832	14.70315160722891	0.0117088748325568
2458600.5159034	14.579702455702323	0.0088943968138428
2458600.51591	14.55054845997503	0.0102503105848539
2458601.5877631	14.659815293103888	0.0079458233113043
2458602.5327756	14.545550581467186	0.0092226935375582
2458602.5327767	14.616549720013428	0.0090438443959363
2458604.4686758	14.543935455325862	0.009320053777848
2458604.4686783	14.512652091946066	0.0100922829665459
2458605.5573445	14.676572124016516	0.0102386043974123
2458605.5573445	14.706900936975025	0.0117302536698484
2458611.5095305	14.48775795213703	0.0089747484382926
2458613.3078589	14.579618395075498	0.0092180063753407
2458619.5507228	14.758927469859971	0.0311542920072772
2458619.5507275	14.61092045392988	0.0234455871707136
2458621.3012944	14.695855630073485	0.0301352203870428
2458622.5312889	14.4861100162266	0.0254901609976521
2458625.2472431	14.626279159222094	0.007817614098903
2458626.4891358	14.53316165447398	0.0095003793278532
2458626.4891398	14.554960294666216	0.0112078886455985
2458627.5025695	14.649023821418549	0.0093291344646845
2458627.5025714	14.693294367280792	0.0096722600910023
2458637.2190661	14.72125779573695	0.0095431699761651
2458638.4890778	14.66664759831519	0.0082797788072221
2458638.4903476	14.664505255704434	0.0109787930339079
2458643.487105	14.543772169361027	0.0099411076641762
2458644.4839396	14.49544188393195	0.0150655309450639
2458644.4839396	14.47137368259196	0.0134935140096661
2458646.4735068	14.635313110773351	0.0136947422258369
2458648.4685482	14.503907606907962	0.0270289864021588
2458649.4538409	14.664496653365209	0.022477076566753
2458650.4612779	14.619492851484765	0.0273325560916046
2458650.4612859	14.645048216311324	0.0213395747310603
2458651.469926	14.443335213531888	0.019772419960481
2458653.4610264	14.648431031574718	0.0097910197269703
2458653.4610292	14.64076603806225	0.0103229996996344
2458658.1915195	14.546557521136712	0.0314582577014561
2458720.9100732	14.608491450282449	0.0096078613598652
2458720.9100781	14.575087972389264	0.0109571153358339
2458734.9027595	14.711156113026409	0.0123858898901634
2458734.9027595	14.727954620878274	0.0156690552669391
2458741.8754701	14.736056335198928	0.0199337945198637
2458741.8754714	14.725829467396164	0.0245780835661912
2458742.8793955	14.62584955808622	0.0209623529786795
2458742.8806126	14.643158942810054	0.0255536188203655
2458747.6040192	14.67610367569636	0.0246337984022896
2458748.8746158	14.68934889450481	0.0101476846427663
2458748.8746194	14.63206544540303	0.0108537455473379
2458749.8749681	14.68571502701388	0.0112897500738523
2458749.8749681	14.71433811845115	0.0132366816081802
2458750.9049105	14.328204755479783	0.0521536235494247
2458751.8873832	14.577993138697876	0.0135044193060758
2458752.8680769	14.687122732831654	0.0122147783621669
2458752.8680874	14.704194892584878	0.011753081787818
2458754.5892987	14.683266555029252	0.0090950894511452
2458754.8956022	14.48473110714347	0.0199139583434679
2458755.8613155	14.568721549439502	0.0106251227411507
2458755.8613179	14.590619996613048	0.0064900526457119
2458758.6095843	14.699664016953736	0.0101084542448768
2458761.8318117	14.599904017776186	0.0077153942427511
2458764.8242198	14.703664479848143	0.0139919041561057
2458764.8242272	14.722748735248476	0.0119228234136616
2458765.8174231	14.575441072577458	0.0118289145391923
2458765.8174241	14.583448466233088	0.0107916965130196
2458767.8114468	14.661987174265656	0.0152941965363145
2458767.8127296	14.69811235652391	0.0211965749081257
2458771.7953135	14.670858555727817	0.0233909120231562
2458772.8008471	14.606936970281277	0.0319129683097938
2458772.8008471	14.596663490433814	0.0294965160125939
2458773.843042	14.508835727974157	0.0173588906788482
2458773.8430498	14.539195246506688	0.0183233116987607
2458775.8455696	14.73648710884336	0.0172570291595512
2458775.8455696	14.687044087876933	0.0150443886455726
2458776.8749433	14.141983361974582	0.0135233345676742
2458782.8611341	14.682715272803676	0.0093764694651069
2458782.8611367	14.729521777031213	0.0102046381974293
2458783.5848114	14.620811977287005	0.0081992697259559
2458783.8577934	14.538029928585372	0.0083354604427598
2458783.8577958	14.569564823068731	0.0074195378133006
2458785.8668555	14.689802096260271	0.0157667016033386
2458785.8668569	14.680129531428395	0.0088790599886865
2458790.4939902	14.524428567826204	0.0101921768974049
2458791.4900463	14.60732984854728	0.0085698945060972
2458792.4870957	14.68598733174117	0.0124952490420977
2458793.4858896	14.707726912776348	0.0231252504050718
2458794.7924805	14.66272976048723	0.0124954499497064
2458794.7924805	14.685343044562783	0.0131283149396022
2458795.7475139	14.545811000920194	0.0173334338079507
2458795.7475213	14.523760343258736	0.0165454765246061
2458796.8511607	14.66906768623171	0.0116088580351616
2458796.8511637	14.666295235175523	0.0080177232065272
2458797.5850897	14.514222191290113	0.0128026116687752
2458797.8544454	14.735068299109672	0.0224214847771968
2458797.8544559	14.59036026979252	0.0174497236788079
2458798.7279218	14.71023531070055	0.0189131477187552
2458798.7279287	14.695704529392131	0.0232391476031566
2458799.7513441	14.533245729737583	0.0251945367887542
2458801.8238203	14.7620220161963	0.0217125422324855
2458801.8238232	14.687081958541482	0.0232154674231128
2458802.7790306	14.509866069967796	0.0202075489942035
2458802.7790306	14.584648228470542	0.0229284855217555
2458803.7748816	14.548503725575312	0.0139429582760983
2458803.7748891	14.527699214314838	0.0165711667787302
2458804.8337557	14.657685403803011	0.0157338954819121
2458804.8337593	14.675410812702076	0.0181953959286078
2458805.7696896	14.676939690797973	0.0147194535271213
2458805.7696896	14.676067458458236	0.0145050010244354
2458806.8093096	14.530732507187984	0.0098397394060006
2458806.8093156	14.481754267363216	0.0128281951184485
2458807.7564905	14.568385420061002	0.0092285688533441
2458807.7564928	14.567644535441977	0.0084822479632819
2458808.7728925	14.670329008637571	0.0090825127898755
2458808.7728983	14.697941442718118	0.0094042765402617
2458810.7603399	14.52901221138944	0.0088098525522228
2458810.7603513	14.506310738852108	0.0089015145687709
2458811.7736871	14.650133401453294	0.0091111295325237
2458811.7736876	14.633083779772813	0.0067613621302718
2458812.7127999	14.685450149293196	0.0092378710321614
2458813.7749454	14.576917538580757	0.0094502881042477
2458813.7749518	14.541823955139346	0.012897536218024
2458814.6679412	14.566836237264418	0.0097494922576177
2458814.6679412	14.525100632653148	0.0123981662863692
2458815.7919703	14.68551932194826	0.0111841654705003
2458816.8237157	14.582015913897637	0.0084127930548569
2458816.8237209	14.652330014941516	0.007477520836077
2458817.8048259	14.484104622707427	0.0087916397402935
2458819.738344	14.699181074865068	0.01053513459051
2458820.7949284	14.5496470639681	0.0128439147194458
2458821.7813126	14.499028126529476	0.0126007121535476
2458821.7813186	14.513102792686222	0.012172712019418
2458822.792447	14.652440324411817	0.0093381565878461
2458823.6580151	14.67220201789412	0.0173753428911751
2458823.6580156	14.667224396324183	0.0133454552513745
2458823.8302041	14.625797645676446	0.0146760069412894
2458823.8302061	14.687138100901942	0.0125473449100558
2458823.8314233	14.684200950401085	0.0139144733772283
2458824.8091446	14.500436948815956	0.0080711766624195
2458824.8091506	14.517538422367169	0.0080694369402174
2458825.5254565	14.651010041072288	0.0117161149034625
2458825.8175254	14.6339493012886	0.0089877861750875
2458825.8175259	14.584622888950584	0.0080238435584895
2458826.7754444	14.665164145001697	0.0160545932847651
2458826.7754524	14.723002706911297	0.0164035529735425
2458827.7510331	14.767487027100804	0.0309526578895419
2458827.7510377	14.557817488576736	0.0322065414070813
2458828.7491485	14.55451397141788	0.0171905664511366
2458828.7491485	14.554875908154186	0.0192963261629998
2458829.7533594	14.569195785169049	0.0186119489161117
2458830.7171941	14.712887525821092	0.0262970713879112
2458830.7539338	14.677864583756453	0.0358810399525424
2458830.7539453	14.574968681514315	0.0319626716430154
2458831.775221	14.67466891711888	0.0161807982629255
2458831.7752246	14.633255247145971	0.0158895312460254
2458832.751902	14.5149102029332	0.0235554259133439
2458832.7519054	14.568427006188646	0.0151248956020207
2458832.7966733	14.50963159069656	0.025725775463698
2458832.7966736	14.538367652738096	0.0211176874134382
2458834.7141348	14.65322104456418	0.0246261972865668
2458834.7141461	14.694267311673276	0.0223465647646308
2458834.7833376	14.677288625278248	0.0122671914826049
2458835.7145281	14.634973186034673	0.0112994191899657
2458835.7145281	14.602900440836606	0.0096681068850524
2458835.7761673	14.62720403214087	0.0094207265501963
2458836.7995833	14.573741160928044	0.0096646071391823
2458836.7995916	14.582758043525017	0.0101141329800755
2458837.8310966	14.655056210021591	0.0092895524514238
2458837.8310994	14.713051898708391	0.0169798052759542
2458838.7521085	14.665761215056234	0.0094664731713991
2458838.7521105	14.648307094661975	0.0071735852244129
2458839.7458612	14.563611783366923	0.008479392196701
2458839.7458638	14.56765083455558	0.0086104241804728
2458840.7622366	14.5934036641906	0.0094129965856967
2458840.7622444	14.573237542700364	0.0091345213583649
2458841.7782626	14.689562665321787	0.0111170081826516
2458842.7348765	14.702020641403012	0.0128500710378277
2458843.7606191	14.528031261349314	0.0107629337148578
2458843.7618316	14.521818137830396	0.0110247915266608
2458844.7873787	14.658729188549549	0.0079665751811022
2458844.7873818	14.707325442650912	0.0090515295882259
2458846.8221179	14.517665658123583	0.0076946760632826
2458846.8221216	14.559321176904657	0.0082666783526556
2458847.8106647	14.650206785804745	0.0083513592369862
2458847.8106653	14.632444361121518	0.0062457630555295
2458848.7809033	14.668432934213389	0.0105541385467389
2458848.7809137	14.71141185287443	0.012986950770732
2458849.5382583	14.59718602174097	0.0093652128187812
2458849.8559747	14.544335643126493	0.012532838887701
2458849.8559757	14.544127020406137	0.0151395214422173
2458850.6279502	14.603544098208284	0.0063987478108461
2458850.6279559	14.606176024299897	0.0073281504580436
2458851.7023044	14.527443864293517	0.0081836602974635
2458852.6448689	14.647061855076448	0.0074187459997555
2458852.6448698	14.661834748139617	0.0082227369894325
2458853.3080745	14.697097425458368	0.0144540125435902
2458854.6405808	14.605661083580692	0.0204284006165775
2458855.7521218	14.683020031050871	0.0193303896409479
2458856.7929417	14.656019543970134	0.0188139012265353
2458857.6903348	14.79020353244714	0.0223044908625538
2458857.6903399	14.641505634723126	0.0232385248724812
2458857.871177	14.5286001681151	0.0552675657968936
2458857.8711778	14.460085973444947	0.0364814117300842
2458858.8111756	14.649864215872825	0.0236147673705359
2458858.8111861	14.571403743478342	0.0243422991738018
2458860.5268864	14.598162832164816	0.0212033990105229
2458860.7914488	14.68570894483186	0.0323602183208178
2458860.7914488	14.602932308451944	0.0312657069240017
2458861.6055968	14.61251895315607	0.0132640972205769
2458861.6055982	14.615311957263977	0.0127190823027434
2458862.6335335	14.668086710212716	0.0201512012374509
2458862.6335369	14.662629743214136	0.0219480113709533
2458863.5484617	14.532061405715668	0.0195549558843356
2458864.668243	14.585473812101805	0.0115132056391104
2458866.6661834	14.517534312696744	0.0098010299320491
2458866.6661836	14.519092772581976	0.0089107274273419
2458868.6345909	14.558048948073177	0.0104990859804298
2458868.6345934	14.580670601357966	0.0114817618109034
2458869.8358972	14.636963092454964	0.0112046995202865
2458869.8359022	14.61769659562156	0.0210226362581368
2458870.8342674	14.656119270775292	0.0166965558713995
2458871.8310479	14.649146564964743	0.0119853569561857
2458871.8323199	14.637492666643412	0.0141905409374707
2458871.8323235	14.585683033461446	0.0134569451175372
2458872.8330211	14.547997961002205	0.0103158939180376
2458872.8330211	14.525252893882756	0.0166538177474585
2458875.8441443	14.574206725466208	0.0110904574885922
2458875.8441443	14.519128458381363	0.0100003875203234
2458880.8416956	14.674901169878549	0.0142962124613579
2458880.8416999	14.64798773199766	0.0123655738390169
2458883.564427	14.707661380409242	0.0204212718850928
2458883.564427	14.73300400783273	0.0186704862314749
2458883.833841	14.501647701999934	0.0128278378164802
2458883.8338432	14.551857837951708	0.0111913502543997
2458884.642407	14.55752115853006	0.014774225979923
2458884.6424161	14.517030590243474	0.013033851232904
2458884.8326085	14.64055236115338	0.0108957233500264
2458885.6415002	14.56680036514369	0.018105606602766
2458885.6415077	14.620348070782336	0.018655487697497
2458885.8281125	14.758476545958052	0.0167132322648821
2458885.8281179	14.657113507498906	0.0087317163288778
2458886.8239241	14.54471661876154	0.0159390791802547
2458886.8239241	14.552735599373271	0.0160485149570003
2458887.8208387	14.517578513908848	0.0313757887326265
2458888.6286697	14.373312388488744	0.0289272411027551
2458888.628671	14.434972013049029	0.0269162753575568
2458889.6242383	14.636125120555889	0.0236750713338845
2458889.6254626	14.748617509070217	0.0302219247281007
2458890.6279407	14.592669049094614	0.0131253210371376
2458891.6004077	14.620434350036726	0.0188981041539932
2458891.600414	14.659723361141506	0.0158806870025105
2458893.6215583	14.692484729119224	0.0136848289379398
2458894.6175327	14.702055736699329	0.0119972759196333
2458894.6175327	14.681566066450335	0.0117629822292478
2458894.802705	14.470492570042856	0.0143020522541133
2458897.6117346	14.635692643748186	0.0067409023373381
2458897.6117361	14.647465394181827	0.0070978009108073
2458898.5329902	14.702132523630617	0.0105916598306567
2458898.5329941	14.674154436500686	0.0096292706631625
2458899.6176168	14.51482877393902	0.009301856962255
2458899.6176169	14.5293668961574	0.0093219467093631
2458900.5846408	14.615684696685792	0.0081858919165319
2458900.5846408	14.631270346277423	0.0120565954757483
2458901.5301637	14.711877214561165	0.0112611841627622
2458903.6998261	14.639135145192029	0.0144845913401439
2458903.6998347	14.675110562224026	0.0132619112765352
2458905.3160292	14.508496989629746	0.0101968424062
2458907.7772003	14.67146792848099	0.0087214504463566
2458907.7772003	14.744315402564332	0.0140049443657141
2458911.2655768	14.746426255845694	0.0132558680510174
2458911.7026233	14.65148926197214	0.0126149480800375
2458911.7026236	14.739555497340591	0.0130151666822143
2458912.6333864	14.722751980203846	0.0166256100338131
2458912.6333982	14.736023848931609	0.0130973592478473
2458913.6728748	14.529738288728067	0.014076336718885
2458913.6728748	14.51149998757912	0.0153715531681616
2458917.6268619	14.555677412910564	0.0203942170361086
2458917.6268648	14.548263422537094	0.0240523218904302
2458918.5801595	14.547585113231651	0.0342858655932333
2458918.5801595	14.535323607979524	0.0249869179768541
2458919.6605949	14.668162192805102	0.0225745324008094
2458919.6618678	14.639958378170151	0.017897190562741
2458920.7272239	14.514140011781665	0.0213177459820736
2458921.5802703	14.544314994081263	0.0143113301674169
2458923.4668487	14.631308504336143	0.0162484655569094
2458924.7177426	14.503808214600522	0.0137662629170456
2458925.6403428	14.584550740491244	0.0104269561880942
2458925.6403439	14.553892572859375	0.0109160074242627
2458927.4753271	14.665985107657256	0.0116990940848051
2458930.2629474	14.71282873704049	0.0095282636360202
2458983.3145536	14.597860161067748	0.0108817581011352
2458986.3077169	14.557218510791191	0.0105511995375778
2458992.2876526	14.707756823595846	0.0125052692322937
2458994.2749335	14.580525976697684	0.0111264867366788
2459009.2374481	14.572597599490775	0.0099424163784861
2459017.2043974	14.630284852806506	0.0096858196281331
2459023.1902925	14.59013286382997	0.0347967610403501
2459083.6693015	14.670933625700556	0.0175923482086434
2459086.6664011	14.568903685040327	0.0155365286513851
2459096.6645617	14.602458089052302	0.0503469963270772
2459111.6068207	14.624396221015576	0.0092531513245561
2459120.5809334	14.645556735020346	0.0190274974944799
2459127.555907	14.634329359272298	0.0187768410922956
2459129.5622915	14.684281725889486	0.0206149766125554
2459134.5687812	14.600896852752834	0.0109404054030012
2459137.5701116	14.599360724008738	0.0108269384457754
2459143.7813536	14.638609769535275	0.0093122197222042
2459143.7813536	14.594635620632854	0.0088360309244785
2459146.7462449	14.62830656700956	0.014122150541288
2459147.7629566	14.571608921622587	0.0117321793359217
2459147.7629566	14.571148058776176	0.0115980319722288
2459147.8008214	14.602539307433071	0.0085441434928727
2459147.8008277	14.629984625981631	0.0093059192929574
2459148.7943477	14.648640218085095	0.0097268213549047
2459148.7943536	14.633716363447348	0.0123830939035058
2459149.8596976	14.60150350540225	0.0094758166037507
2459149.859706	14.658748296069843	0.0109437355772229
2459151.7856654	14.608540889820365	0.0174514707243533
2459153.7496535	14.478024533408028	0.0284168427825751
2459153.7496548	14.592302332419242	0.028992175732076
2459156.811748	14.557391458310365	0.0251501802682997
2459156.8117524	14.688065479815434	0.029008983516991
2459157.8062528	14.658708106717537	0.0184057057290818
2459159.7585973	14.62406489747821	0.0166898575503271
2459159.7586044	14.658480752434812	0.0172214709087216
2459163.5200404	14.580153630721442	0.0119542615846125
2459165.7827221	14.553270023060588	0.0088207822467874
2459165.782724	14.556562071025084	0.0102934628801756
2459166.8032204	14.601537798420567	0.014208369031492
2459166.803223	14.64357188216754	0.0231381393846965
2459170.7907669	14.61003383454634	0.0073773718985628
2459170.7907677	14.683096136653118	0.0105730078488429
2459172.6659279	14.628064912656557	0.0087747712336629
2459172.6659331	14.616487899891968	0.007189692898706
2459174.680713	14.612387984751392	0.0136271847392894
2459174.6807173	14.651234662133607	0.0137400063728647
2459177.6707559	14.577751175437012	0.0129002679025057
2459177.6707571	14.598601579825877	0.012830468213948
2459178.7625168	14.65083981745176	0.0087809428887872
2459178.7625168	14.63046299363974	0.0067434694819377
2459179.7518123	14.644619258650645	0.0142896514707823
2459179.7518151	14.640770500791405	0.0139333483274864
2459179.7986608	14.620099704145462	0.0098106393795834
2459179.7986645	14.61010559831438	0.0085145078492362
2459181.6407123	14.664774410434047	0.0186363870434607
2459181.6407123	14.595243600934722	0.0193279660474242
2459186.4470223	14.632519426030983	0.0203742932674843
2459189.5696313	14.602733744987535	0.0244292072397767
2459189.7929589	14.64653518664937	0.0148693553213007
2459189.7929629	14.615432259259638	0.013192047877144
2459191.6774927	14.587721795076078	0.0131264698365951
2459191.6774965	14.628688256748532	0.0091086415587776
2459192.6973369	14.600360849959875	0.010651185605887
2459192.6973419	14.628777058658263	0.0114668764511279
2459194.8196846	14.548955819943805	0.0116350851161884
2459194.8196867	14.561421411976568	0.0074471843847492
2459198.8409578	14.591657277956749	0.0085817688507008
2459198.8409592	14.59358440971955	0.0097957801328941
2459201.4886338	14.660440225997451	0.0076835857200869
2459202.6867345	14.557670168521192	0.0100688979932024
2459202.686736	14.584006634501982	0.0089118018519213
2459206.4678599	14.655171495302069	0.0093874820714188
2459209.556629	14.65988393975666	0.0256927198593897
2459210.6057751	14.631887718432193	0.0279988943452091
2459212.5535044	14.72011997462748	0.029573301882852
2459213.7579748	14.602250789459376	0.0311900980598729
2459213.7579806	14.5210039778278	0.0254355629361835
2459214.7409916	14.662010484416893	0.0241074668408399
2459214.7682037	14.681196679756576	0.0220441017413087
2459214.7682046	14.66708970007409	0.0187111354051895
2459215.763382	14.72872953639833	0.0232910223847927
2459215.7633824	14.640472037518094	0.0196961842893786
2459215.7824617	14.617711003912486	0.0229202360131123
2459215.782469	14.632804051258	0.0264553085880334
2459216.5769021	14.675648148411554	0.0110468195366634
2459216.5769031	14.677768428843391	0.009380124348324
2459217.6625768	14.635546464128758	0.0138371083651897
2459219.8349227	14.607691548787775	0.0155946068430435
2459219.8349259	14.636618788191404	0.0156965691338974
2459220.7677088	14.578999871240825	0.0141763299401787
2459220.7677136	14.58481925786343	0.0082872305133199
2459221.7816227	14.62499099806082	0.0128848622603227
2459221.7816278	14.65486689458988	0.0121300780800521
2459222.7169733	14.646361555995426	0.0113565597218207
2459224.5537139	14.619421780870647	0.0102683508605651
2459224.5537184	14.638730081901803	0.0097802026228495
2459226.6888341	14.655685675898845	0.009359026970754
2459226.7075545	14.650966490628576	0.011616329930671
2459227.7470744	14.63873605921778	0.0118272762531106
2459227.7470807	14.597776879891386	0.0104303004840492
2459227.8230235	14.5851456339249	0.0085335317743811
2459227.8230235	14.56613919247151	0.0088210821110976
2459228.5249643	14.686663871130888	0.0096535548387441
2459229.3697496	14.631334542740856	0.006661192820886
2459229.8678962	14.601328969361829	0.0147699222997696
2459230.5566258	14.67889956744611	0.0133451607735241
2459230.5566258	14.64758815527962	0.0109893310016611
2459231.4152565	14.666026101689177	0.0070497445856725
2459232.8258988	14.664454600547304	0.0119996342443118
2459232.8259003	14.660195313568703	0.0111131438151947
2459233.4403361	14.619257513972451	0.0066598627064616
2459233.8198901	14.627062549577584	0.0124326323543736
2459233.8198937	14.659082999602331	0.0120238980966443
2459234.3174915	14.616739604096448	0.0113630538455342
2459234.5940586	14.566594622204256	0.0083511024641801
2459234.5940649	14.596682208370844	0.0114167466690094
2459235.4141025	14.659101010202406	0.0116004438685053
2459236.5302358	14.663992052210723	0.00970248483165
2459240.2896707	14.666339165098124	0.0206396801593224
2459240.5807484	14.629836534930284	0.0122816076030875
2459240.5807509	14.636527057845685	0.0135937763899819
2459241.3097438	14.614649411510763	0.0295664906529059
2459241.5953522	14.63862903428022	0.0246138826547617
2459241.595355	14.648302522477	0.0272680841096231
2459242.3999201	14.61603690385332	0.0170759524432456
2459243.2943204	14.5817746381476	0.0232905705073338
2459244.4175267	14.632856575701592	0.0208632443806763
2459245.3353852	14.689500366545824	0.0201175788997718
2459245.6528772	14.65474694294738	0.0128753489257646
2459246.8214681	14.671096201068226	0.0187272103435033
2459247.4689507	14.710435886033936	0.0185487405577073
2459248.5945773	14.682565883183454	0.0105888317889719
2459248.5945834	14.68210073993195	0.0131389382081513
2459249.3460674	14.606620155415742	0.007204026070767
2459249.6093715	14.653188040199634	0.0104828425766612
2459249.6093793	14.637904090897653	0.0133680707825747
2459249.6717506	14.670145417215217	0.0113933293108886
2459249.6717537	14.65492558233695	0.0085047349808005
2459251.5721059	14.603960961896869	0.0143257031621002
2459251.6798068	14.612934740181789	0.0089696455019964
2459251.6798147	14.684422299423977	0.0110493035456682
2459252.3486756	14.641819598003138	0.0081780279293719
2459252.5846852	14.647450718462723	0.0087151818164874
2459253.8196201	14.595361157345108	0.0123099706786614
2459253.8196201	14.61112222877944	0.0128988969070091
2459254.3964007	14.671677379131625	0.0103616625157038
2459255.6103612	14.611732940675273	0.0073724949694599
2459255.6103612	14.5984174228921	0.0070252368167647
2459256.609414	14.6341738168168	0.0110402975143017
2459256.6094195	14.65596238657702	0.0119602866182607
2459256.6712019	14.638917791790506	0.0098455794353566
2459256.6712031	14.654043589588388	0.0081285844444175
2459257.6785044	14.594294316242904	0.0065009880226651
2459257.6785074	14.628548597214534	0.0060383365978991
2459258.6721563	14.651615053186593	0.0083530185220958
2459258.6721602	14.642231446789667	0.0085304926342988
2459259.7268483	14.633194963729984	0.0084670869872419
2459261.8044844	14.689077522973712	0.0108156616041894
2459261.8044909	14.62441663373629	0.0096576686334048
2459262.6616989	14.629693364608416	0.0094981454132346
2459262.6617075	14.608528895628805	0.0111377289637583
2459263.6408567	14.644143569625689	0.0070440630114141
2459263.64086	14.682221879579734	0.0077312504754351
2459264.7027219	14.593147258857009	0.0112239518181713
2459264.7027328	14.569331001752728	0.0124011621434356
2459265.7530089	14.616163665322578	0.0077437658174748
2459265.7804996	14.632966612197793	0.0116603404151456
2459265.7805021	14.647062461984522	0.013561877966581
2459266.6309967	14.668577983379354	0.0156530075959391
2459269.4823358	14.622141932235074	0.0184354829472312
2459271.6002197	14.65155411203986	0.029109466744302
2459272.6019897	14.70136818032346	0.0276109637601108
2459277.496612	14.558650187515616	0.0196055879415852
2459279.7368833	14.594824567315392	0.0115264300921202
2459279.7368844	14.58775112284608	0.0156413264285521
2459280.7423457	14.652825771848892	0.0120082995975756
2459280.7423485	14.62430041408436	0.0104193353364428
2459282.6602938	14.63523414435468	0.0083257591177818
2459282.6602982	14.64591249778094	0.0102220368125601
2459283.7074008	14.568228892915538	0.0127580836773897
2459283.7074008	14.608067906226667	0.0114560766514344
2459285.5650436	14.62039559984648	0.0078117548306067
2459285.5650466	14.624791618617174	0.0086246241004099
2459285.5990142	14.643737175327391	0.0100129696675128
2459285.5990142	14.630437686364369	0.0089299402863918
2459286.7264868	14.56443965451239	0.0095387961298563
2459288.708568	14.570450793288838	0.0143637867046396
2459288.7085695	14.60463670528492	0.0113513290962382
2459290.6570652	14.573633232354638	0.0086891712631428
2459290.6683586	14.601148395167012	0.0100062282698989
2459291.6845451	14.622436638383776	0.0107341113191779
2459291.6845451	14.577729783447497	0.0129755084556051
2459291.7009228	14.61413305259078	0.0078660884279383
2459291.7009266	14.629053293553122	0.011262571693392
2459293.5971124	14.648508174953577	0.0160485397261777
2459294.618616	14.605203365836823	0.0075569856372464
2459294.6186257	14.614577525291004	99.99
2459294.6193464	14.566127925167116	0.0128243315275547
2459294.619358	14.571580640506443	0.0145587838885356
2459296.5456577	14.648231826028097	0.0125026402323262
2459296.5456596	14.631546707508914	0.0086989433330143
2459297.636892	14.612191956052431	0.0176275346480256
2459297.6368985	14.723868297458594	0.0179901084670635
2459297.6725303	14.590196720908787	0.015167929254216
2459297.6725348	14.615838236073548	0.0147550315699602
2459298.6355889	14.5197346160342	0.0160009709137165
2459298.6355907	14.653848833509404	0.0168733074268272
2459298.6688639	14.592995894849626	0.0199088299371655
2459298.6688639	14.580416519186066	0.025667855072213
2459299.6668872	14.778385467498742	0.0352250915579793
2459299.666888	14.663682836762248	0.0248387886531121
2459300.6955377	14.69831872253051	0.0222815370310436
2459305.4090816	14.728056166271427	0.0236164654995168
2459306.6690814	14.571074408192272	0.0138248626005975
2459309.4271518	14.634024051679766	0.0127334935348529
2459311.3774775	14.6107592684831	0.0065309335644834
2459311.3787063	14.63916455372795	0.0073489767457265
2459312.5980221	14.627848831254113	0.0114561626031099
2459312.5980222	14.61725066176814	0.0135896361647275
2459313.5467458	14.595099801534596	0.0080584377752624
2459313.5467458	14.58248192222712	0.0074421643650617
2459314.6048754	14.634550740402624	0.0088732864007743
2459314.6048808	14.664343704147043	0.0096293581327383
2459315.5938711	14.658512189857907	0.0092217808454666
2459317.516872	14.569183924081877	0.0103512147392428
2459317.5168732	14.610616731516656	0.0080470872815786
2459319.5161628	14.649627460326943	0.0100303628339007
2459320.5245102	14.627607800802505	0.0074396267952392
2459320.5245102	14.64757046486688	0.0082701562160655
2459320.5654878	14.585058721511896	0.0100478873798266
2459321.6289245	14.654968326805353	0.0096457396571182
2459321.6289249	14.650569790868346	0.009222625394145
2459325.3324894	14.653281537305974	0.0174399236562095
2459328.3354379	14.739837555877845	0.026642667858607
2459329.5562796	14.593619409966422	0.0215001614577976
2459329.5562843	14.646234712114722	0.0249257208819674
2459332.5461597	14.587299481063454	0.0190342326088122
2459333.5960267	14.675414154575378	0.0320178987220804
2459333.5960336	14.63076930706	0.0192298131963866
2459339.5790934	14.559232293604914	0.0104791588169993
2459339.5790952	14.566307969742294	0.0092510067402911
2459342.5319569	14.5887009627525	0.0080326725047577
2459342.5319569	14.63729537530016	0.0106970994545591
2459343.5739853	14.624535534872336	0.0117857922967142
2459343.573992	14.571134814547534	0.0116335493844354
2459344.3279631	14.58978940668815	0.0096799691498485
2459345.5622102	14.693293366601448	0.0139024406834368
2459345.5622173	14.649115638600014	0.0143255738959484
2459346.5524297	14.56647757174025	0.0089992945675623
2459346.5524314	14.57562297716651	0.0087713669713277
2459349.5452005	14.626027677019277	0.0084323393800018
2459349.5452044	14.650186574501944	0.0105849123724994
2459353.5444845	14.689048128370034	0.01132098118765
2459353.5444874	14.609340611445596	0.0151394668676967
2459357.2294666	14.64255715319702	0.0205190095989596
2459359.5236966	14.778916273072351	0.0283253992591737
2459360.5263594	14.66271701182772	0.0385203066068921
2459360.5263594	14.638367051204613	0.0451519844053516
2459363.5231256	14.620542275109614	0.0198642041503883
2459363.5231295	14.545529825779877	0.0189162713899986
2459365.2729689	14.681937048573948	0.0103101446850831
2459366.5107327	14.65732544318456	0.0122529783220706
2459366.5107327	14.646337526375056	0.0110197311423465
2459367.5105084	14.657497502076811	0.0134715770023843
2459367.5105113	14.617868174682204	0.0139063343961859
2459368.4780189	14.60713024332484	0.007515681742076
2459368.478019	14.634122853785833	0.0094805187754673
2459369.50146	14.631547068765832	0.0107075687732013
2459369.501462	14.615753954274975	0.008436550549716
2459371.2302182	14.61468539079434	0.0122114430652375
2459373.4842661	14.620172162598546	0.0094821188109095
2459373.4842714	14.622194445701703	0.0126190541642905
2459374.4857193	14.649192063741763	0.009932651786878
2459375.472554	14.656591842787584	0.0114572921136573
2459375.4725602	14.706865247282725	0.0153219224375835
2459376.4800917	14.573102146393698	0.0130997105801804
2459377.47537	14.633407181523005	0.0091506496606935
2459377.4753719	14.666063154647055	0.010177999118656
2459378.4747008	14.679153837166524	0.0114265698308265
2459378.4747011	14.665777249688244	0.0121363422309232
2459385.4507676	14.582632146664116	0.0305762947306422
2459385.4507756	14.725628018339629	0.0392227959103513
2459388.4489793	14.662523747991465	0.0497803381899678
2459388.4502934	14.667415814209296	0.060190258099375
2459439.9321645	14.741107196861806	0.0358350108730163
2459439.9321645	14.578590238247983	0.0262239818393613
2459448.9061059	14.68420706226824	0.0339573907914544
2459450.6667477	14.675815099293068	0.0328739397109152
2459451.6589199	14.62855093965622	0.0295165560377767
2459452.9010399	14.657586183586844	0.0181988180500254
2459452.9010399	14.732085907623	0.0205261138638812
2459453.8928163	14.5532831746824	0.0150903177465539
2459453.8928216	14.581343344013062	0.0143288446642257
2459461.6637516	14.610623170187452	0.0332898665373698
2459461.8796685	14.578206870202736	0.0164671553657808
2459461.8796685	14.616211687021616	0.0144477231835234
2459467.8767829	14.684170932918352	0.0115919402023213
2459467.8767899	14.662927753135133	0.010671999623849
2459471.860743	14.624687542233625	0.0175343554206799
2459471.860743	14.57889329482902	0.0114010763575828
2459475.8541198	14.570779922313015	0.0153863773448322
2459475.8541213	14.63825393637755	0.0206667735152759
2459478.8360286	14.685447300715182	0.0354063690620934
2459479.8556143	14.6129016622858	0.0257094123234522
2459479.8556167	14.623165578084006	0.0253155411381535
2459481.5772914	14.559487845156657	0.0254234940087428
2459482.8367904	14.65020593417346	0.0165351021291619
2459482.9022273	14.635743266937816	0.0518462767162288
2459482.9022287	14.636656351765566	0.0477468806736126
2459487.8679768	14.622439522870009	0.0085047541858745
2459489.8061071	14.670701394976058	0.0106644698251169
2459489.8061102	14.676825092507016	0.01007400723211
2459492.8076085	14.659121289144483	0.010812686128826
2459492.8076097	14.630899665808377	0.0106933618560833
2459493.8176211	14.679694746071132	0.0094288270214904
2459493.817622	14.66718853899771	0.0084565576129755
2459495.6144326	14.718445795451894	0.0123816920350327
2459497.7926794	14.72475681363232	0.0120554545079365
2459497.792681	14.701586727694664	0.0121037794626046
2459499.7892234	14.619605177953265	0.0138275399768498
2459499.7892266	14.683335457706775	0.0117322831759808
2459500.8072475	14.67521505803379	0.0121019594624863
2459500.8072508	14.6653643268319	0.0120597855304286
2459501.801035	14.62659828007634	0.0121585134847381
2459501.801035	14.661791588526905	0.012959329434883
2459502.7934908	14.596961689204145	0.0104895026920756
2459502.7934935	14.60718738999666	0.0097340338196521
2459503.7778272	14.701431157716804	0.021473989819963
2459503.7778294	14.683484629752124	0.0221045627081583
2459503.813094	14.666820968354775	0.0132829457450114
2459503.8130987	14.667668190144273	0.0142204001830942
2459506.5802076	14.721396545557038	0.0277438938530834
2459507.7568528	14.687761697241214	0.0362211754837598
2459508.8172444	14.681375917184432	0.0269687096343607
2459508.8172458	14.623171723454684	0.0211505059628338
2459508.8361071	14.613137744483424	0.0187833316883319
2459508.8361118	14.664512374041529	0.0163150250478369
2459511.737992	14.597876724666204	0.0284775464348366
2459511.737992	14.556608979545176	0.020446177892998
2459513.7455982	14.599601055100116	0.0192116845677085
2459513.7455993	14.53506272411671	0.0122770680459656
2459514.7438394	14.651395328303437	0.0136812281437589
2459514.7438398	14.664243961994574	0.0113592694090368
2459515.7363746	14.646401674313264	0.0097172702506484
2459515.7363766	14.73660916419086	0.0113319811293579
2459518.7226364	14.626490979525457	0.012390118324635
2459520.8319503	14.58267084718225	0.0072024205030595
2459521.7233206	14.590553133878776	0.0114057923753163
2459521.7233264	14.598113645243007	0.0103379404733408
2459522.738851	14.68310278244918	0.0125433041478392
2459523.71233	14.664909158682775	0.0098308678678271
2459523.71233	14.686071606964427	0.0097939042018308
2459524.7140344	14.568025094892509	0.0101722007931932
2459524.7140405	14.567639145609665	0.0118083057671956
2459525.7061854	14.65746201255942	0.0131853446491536
2459525.7061854	14.573427739326984	0.0142671514904693
2459525.7401738	14.62434654158316	0.0098898656995494
2459525.7401738	14.613651258206936	0.0119185254776418
2459527.7074566	14.695182796492873	0.0104141865157794
2459527.8573758	14.614577525291004	99.99
2459527.8573809	14.604806232005604	0.0097266762960035
2459528.7195009	14.613658983410202	0.0108768846892972
2459528.7195078	14.554392587704497	0.013532332173531
2459529.7893761	14.654794288996332	0.007871033431437
2459530.854154	14.580387316996635	0.0129758109421587
2459530.8541591	14.605313296962509	0.0134304791317363
2459532.6853413	14.569579716442522	0.0128204190419943
2459534.6915771	14.6775972205689	0.0217480167793629
2459534.6915794	14.681266690199926	0.0173721997574245
2459534.6994008	14.713853023027337	0.0283450022783721
2459534.6994008	14.709806990081145	0.0277387128053094
2459535.6798327	14.71273478701858	0.0271289796107935
2459535.6798327	14.58049725008664	0.033507973861346
2459535.6949424	14.64515022925278	0.022713130217856
2459535.6949486	14.517462677977612	0.0211151047305899
2459536.7663099	14.60709104011243	0.0171727692001421
2459536.766322	14.60972191554804	0.0178381357626093
2459537.7682019	14.673340622000977	0.0212906364049188
2459537.7928668	14.758740008563375	0.0238870642741546
2459537.7928697	14.676279711827988	0.0280182544465601
2459538.7655173	14.624333988796982	0.0245348962068757
2459538.7668147	14.641622420619091	0.030003885104098
2459538.7807434	14.611056836462584	0.0260349274837111
2459539.7624597	14.636257323527772	0.0160904351899283
2459539.8112281	14.650682485105229	0.0162022749205292
2459542.7958666	14.6031526378911	0.0193125438088346
2459542.7958666	14.539461863976332	0.0183345379581632
2459543.820152	14.628007873584682	0.0169659580615196
2459543.820152	14.550414285338466	0.0140232559685287
2459544.7569917	14.655250038998036	0.0124567073730822
2459544.7569917	14.624333460687026	0.0118109766646523
2459545.7142447	14.683216465721443	0.0097506223132669
2459545.7142521	14.679120750702106	0.0096872305550787
2459546.7027586	14.623912262743405	0.0092956219997706
2459546.7027602	14.581406097100588	0.0099570187871011
2459548.6406269	14.614996748152656	0.0055705393064124
2459548.6406271	14.62277504006295	0.0077010992773354
2459549.6815713	14.67769428047517	0.0091263865464683
2459549.6815713	14.70110717928997	0.0080284478517278
2459550.7800363	14.594758343327566	0.0078419451772586
2459550.7800416	14.608451469861548	0.0097614123411596
2459551.7658042	14.61805639684819	0.0124304046555281
2459551.7658096	14.615029387913712	0.0132672672187654
2459553.6873026	14.717561388150152	0.0132034747530599
2459553.6873026	14.638165273842032	0.0127607246451088
2459554.7117703	14.581963772456987	0.0104054445720456
2459554.7117703	14.623581180040311	0.0135054811725504
2459555.7127102	14.668083782528676	0.0155162408146833
2459555.7127183	14.6085506888617	0.0131268338248889
2459556.757307	14.668648868261611	0.0093351310710904
2459557.6101314	14.706556717710171	0.0129240212238157
2459557.6101386	14.661205775608773	0.012574597694112
2459558.7260784	14.610509685875783	0.0095007167947229
2459558.7260889	14.622577052167252	0.0090649251321367
2459559.6425298	14.636079991332071	0.0084779278733626
2459559.642532	14.64872128017972	0.0085068058030903
2459560.718948	14.718769276573717	0.0141435746783156
2459560.718948	14.739910553100508	0.017160335716376
2459562.7024764	14.633932049423755	0.0106270294870497
2459562.7024814	14.630137129252429	0.0097706152126867
2459563.5957079	14.58286245262433	0.0197390367661896
2459563.5957079	14.67144769237388	0.0213763310403351
2459564.6025663	14.641626663900183	0.0214397849735986
2459564.6025674	14.593705232689988	0.0206251997850713
2459565.6682478	14.6440432797224	0.0215614757423684
2459566.7053758	14.609740974197758	0.0236101969773158
2459566.7053816	14.67635384977621	0.0226689945454646
2459567.6844063	14.712606269800943	0.032310567890354
2459567.6844063	14.679544479912606	0.0283177899622467
2459569.8315927	14.602148714009504	0.0294556655856077
2459569.8316011	14.577078225692508	0.0262886115996843
2459571.5982609	14.69555527058481	0.0131540526568939
2459571.5982609	14.67974964964571	0.013039862116637
2459576.8220996	14.627479206045402	0.0133532166772404
2459576.8221068	14.638780358046535	0.0102301331833215
2459578.5990029	14.640289417127825	0.006670382162076
2459579.3770013	14.70880459894122	0.0123097879859317
2459580.5807283	14.631953089778992	0.0112699375378336
2459580.5807376	14.597824819116749	0.0089157853870048
2459581.8017576	14.718483523946745	0.0095073788614754
2459583.7700999	14.613278047613315	0.0139916055722724
2459584.7861616	14.629888958794474	0.011451901548721
2459584.7861616	14.669714774046223	0.0142484188625506
2459585.8460699	14.614502563658837	0.0112722875727869
2459585.8460699	14.621802906739656	0.0106792290618963
2459587.8707763	14.64020237417575	0.0611055597399711
2459588.547063	14.602811697031647	0.0132727557730224
2459591.3309138	14.537916751791606	0.024374107008923
2459592.62256	14.664989344659109	0.020363323633664
2459595.8714924	14.692925079725343	0.0425338542110221
2459595.8739847	14.5521240176801	0.068869079140429
2459596.3066097	14.602996378433764	0.0240768651818338
2459597.7808312	14.588125715593003	0.0235859809141053
2459597.7808312	14.582204802436523	0.0271997130175556
2459598.2960058	14.700214316627015	0.0243446255565683
2459599.5664359	14.590134589217104	0.0211389135805381
2459599.5664359	14.597285125485849	0.0231351709438255
2459607.5662744	14.673382797676766	0.011112508257772
2459608.5882501	14.6692756301955	0.0109085172357101
2459608.5882547	14.603667761754846	0.0118525677411687
2459613.8179405	14.613878656272936	0.0133780614153421
2459613.8179405	14.615841025933909	0.0088107885648265
2459614.4546194	14.658043162612556	0.0102553137029306
2459614.8013377	14.6690594629443	0.0147058128145596
2459614.8013377	14.698726067657317	0.014064791289848
2459616.6423051	14.64723506568629	0.0134259590325434
2459616.6423051	14.606229181454776	0.0131211929764683
2459616.66312	14.591908786982705	0.0079015430865729
2459616.6631247	14.683727221814925	0.0147483517520531
2459617.5287877	14.581775090344852	0.0153400062802582
2459618.703218	14.606463407232924	0.0152077449316842
2459619.5877375	14.648756891600115	0.0153977637801183
2459619.5877448	14.613675016059792	0.0107236604131752
2459619.6157709	14.721651611488786	0.023029371025304
2459619.6157799	14.682960784750414	0.0145197959211511
2459619.6170228	14.642886211747248	0.0219748256508704
2459620.5848808	14.70111012484297	0.012780498440647
2459620.5848833	14.6467897373564	0.0178415931725181
2459621.5995401	14.626671018311082	0.0178280763757297
2459621.5995459	14.621266230489676	0.0143174804104427
2459621.6008552	14.644568082785227	0.0210417331021468
2459622.6279464	14.590840975138963	0.0176929338197353
2459622.6279465	14.592399017741428	0.0141239853488939
2459623.5480619	14.65271625047495	0.0144825583989204
2459624.6249076	14.562889544624944	0.0298760241478582
2459624.6249092	14.67141245317617	0.0202201794688472
2459625.5514533	14.717404887720884	0.0277298055221543
2459625.5514533	14.606527358731302	0.0289908219884764
2459626.6817935	14.708973182818417	0.0325897379988283
2459626.6817996	14.867504891005108	0.0461779169441951
2459627.8023465	14.624232478476326	0.0273232667135788
2459628.3417233	14.633210489088802	0.0199302338019187
2459629.6727874	14.618193773823425	0.0226827148559476
2459629.6727874	14.640774755249865	0.0206646463479362
2459630.5922713	14.606553328935927	0.0111158070671053
2459630.5922777	14.621829415779766	0.01404124132415
2459631.5986171	14.62992704174836	0.0139933969739703
2459631.5986171	14.619391660636474	0.0116879543575039
2459633.5248975	14.641128856727876	0.0178446135774077
2459634.7750992	14.615364470959893	0.0134232871459522
2459634.7751017	14.55828764044566	0.018158287519178
2459635.7080823	14.66138755248246	0.0106853506858587
2459635.7080938	14.61309294456158	0.010520062766025
2459636.606213	14.618295350073058	0.0118495886423048
2459636.606213	14.586091155159966	0.0118346162934526
2459637.5492928	14.58353903734479	0.0093465077349481
2459637.5493033	14.59330019375309	0.0132813961133139
2459638.692755	14.57316528859778	0.0145889899538961
2459638.6927666	14.616376364533988	0.0127737878996199
2459640.5761385	14.626816672784033	0.0109307817768854
2459640.5761385	14.621551840701793	0.0098432453753487
2459640.5786077	14.64341723381393	0.0249034767659332
2459643.4029898	14.705518757092602	0.0106409182420812
2459645.5617982	14.657287113894531	0.0068995990831071
2459645.5618004	14.642109741241748	0.0111692252460931
2459645.5630832	14.632686153557035	0.0089671275420653
2459646.7047652	14.617542865044008	0.0092930709261789
2459647.7138228	14.60341453031721	0.0054219327705062
2459648.6540385	14.653898122569162	0.0094293388324291
2459648.6540398	14.632588989043818	0.0078438668025716
2459648.6954336	14.675141788297092	0.0114702320625451
2459649.5422052	14.649179018699686	0.0111336033659009
2459649.5422121	14.680361252860427	0.0098466112597927
2459649.5435036	14.663804858178407	0.0163503225910585
2459650.5865611	14.578435143769289	0.0137126122731615
2459650.5865727	14.596530563832763	0.0118641183404409
2459650.6257008	14.607907417353518	0.0113909132865209
2459650.6257098	14.62826021184832	0.0098958070908947
2459651.59592	14.654480587269186	0.0159664495873698
2459651.5959238	14.627662490640386	0.0093739418325227
2459651.6277286	14.63312996958626	0.0121481522025704
2459651.6289645	14.602396721915076	0.0160363894388653
2459652.5991561	14.629655439096467	0.0156189750217734
2459652.5991649	14.627913274036931	0.0112811124010565
2459653.7263168	14.604640092476952	0.0260772069192157
2459653.7263173	14.64367565667315	0.0198813456531408
2459653.7276118	14.691812955774846	0.0379844122398512
2459654.6102651	14.631193221445432	0.0120250195389714
2459655.540752	14.638046468454828	0.0174228839452652
2459657.5927538	14.636350304058196	0.0206572485407343
2459657.5927538	14.61057400707125	0.0171627700015954
2459659.4533683	14.558196200980682	0.0258441628085289
2459660.6808139	14.655202454782374	0.0226197238223359
2459662.6938263	14.640811008558869	0.0112124779172985
2459662.6950552	14.659978794283102	0.0151493202820701
2459663.7023948	14.668603217237976	0.0109772943899828
2459663.7024047	14.67440887942682	0.0139602448556895
2459665.6043549	14.600387106225732	0.006920840606075
2459665.6240203	14.65688308570176	0.00991158755396
2459665.6240211	14.631307800800196	0.0086403427698043
2459667.6334109	14.706013193535863	0.0132815207663166
2459668.6870489	14.607230626716769	0.0100519245199286
2459668.6870541	14.597210118457928	0.0084805322375492
2459670.2895692	14.666572298569395	0.0094261663065437
2459671.676536	14.65122463183787	0.0089585006051021
2459671.676536	14.608379459105317	0.0092377670244017
2459672.6413549	14.646890054367462	0.0084184051405192
2459672.6413623	14.6154715394036	0.0073813013707035
2459672.6590567	14.623269236692666	0.0095618725629973
2459672.6590619	14.621142614229331	0.0104049976024863
2459673.597797	14.66226715318536	0.0081103132448721
2459674.6237849	14.676670041135155	0.0120768774112829
2459674.6237899	14.702255376707438	0.010137257926992
2459675.5541164	14.6911328853742	0.0102693731812684
2459675.5541164	14.656963925823025	0.0109438981323831
2459675.5916069	14.700068975785074	0.0101370609586346
2459675.5916096	14.674945461352868	0.0079326651577637
2459676.5456832	14.626112863388474	0.006046462739566
2459676.5456854	14.615092845164073	0.0047628388976893
2459678.290708	14.66387712211242	0.0139913821547348
2459681.5285281	14.638272205124093	0.014219831269741
2459681.5285281	14.613248422338737	0.0115246257972345
2459681.5297568	14.633378546903833	0.0185238149592706
2459683.6205922	14.572656777255776	0.017789287557836
2459685.5997511	14.67474818339258	0.0237234938705671
2459685.5997511	14.657306977741428	0.0178373821941756
2459686.3082746	14.882854396993338	99.999
2459687.5985644	14.601637393188682	0.0188189202673973
2459687.5985722	14.618083565272874	0.0234914115053753
2459690.6236922	14.607028238990836	0.0204623788219917
2459690.623693	14.540454252372008	0.0145689422405502
2459691.6279394	14.652891009609412	0.0202561607552383
2459691.6279433	14.622632703909852	0.0185800016413138
2459692.6103438	14.612470144356422	0.0086438339499715
2459693.6142697	14.663211499979209	0.0088443129054607
2459693.6142703	14.654532527589852	0.0126354788552015
2459694.6171785	14.575851207889496	0.0108676357127127
2459694.6171832	14.618008264546807	0.0088277262397617
2459696.3546473	14.611162257376096	0.0109252765192064
2459697.60327	14.6619284169073	0.0095540302295017
2459697.60327	14.62166334776346	0.0108414790616137
2459698.5002275	14.627664470959004	0.008824603838295
2459698.5002275	14.626013473992812	0.0084864410837871
2459701.3242566	14.66455724789574	0.008452303652288
2459702.5822312	14.625322361993572	0.0087294152160602
2459702.5822312	14.566161157610251	0.0104287937681218
2459708.5646002	14.676692779592592	0.0190975108522887
2459710.4878275	14.620777971550048	0.0124098980254142
2459710.4878301	14.557523833714644	0.0111588585994543
2459711.5632873	14.712510543093009	0.0213637812403374
2459711.5632882	14.64188660149713	0.0185988715868115
2459711.5645739	14.76127759143866	0.0247101591587869
2459711.564574	14.642930898087355	0.0280750335880443
2459711.5658743	14.639142663522746	0.0307893035559188
2459712.2662966	14.586205886468075	0.0204025047769156
2459714.3126271	14.472881438700789	0.0411559141730521
2459714.3138558	14.396789483225314	0.0502775158349717
2459714.315096	14.41460576469781	0.0701523484732155
2459716.2948344	14.56386139107055	0.044294676199187
2459717.5395236	14.623612338325351	0.0204365610058017
2459717.5395307	14.58746515288052	0.0163652722209824
2459717.5408236	14.70933024127666	0.0339930795158146
2459717.5420991	14.594149321994902	0.0341443969135371
2459719.5372769	14.580823121260302	0.0103333299453564
2459719.5372871	14.604508663185287	0.010570451007652
2459721.540207	14.638213266537203	0.0113838905817787
2459721.5402174	14.610644488855105	0.0096390616757032
2459723.5356981	14.668431153144663	0.0104638966145926
2459723.5357011	14.640613787706728	0.0084641099946157
2459724.4833098	14.60676493660524	0.0100984502660549
2459724.4833136	14.57680580316643	0.008512504097458
2459725.4970472	14.6527055104591	0.0106568973326185
2459725.4970484	14.6400169757186	0.0092254941585469
2459725.4982944	14.65973206089632	0.0148905523203927
2459726.5150517	14.603841161622451	0.0065116539301732
2459726.5150525	14.566884556662188	0.0110337232456291
2459726.5163397	14.602522646662736	0.0088812360846985
2459727.5192509	14.638097722896957	0.0095107848862835
2459727.5192509	14.608548269839424	0.0089328597207581
2459727.520491	14.642499121556703	0.011213502359568
2459734.2512219	14.604943645158242	0.0131714490925447
2459736.4918763	14.5829325480575	0.0119976689186435
2459736.4918763	14.576538124726971	0.0096653549736389
2459738.4725123	14.607591983049051	0.0156625153773663
2459738.4725221	14.659146308277906	0.0123437061878411
2459740.477953	14.635519838112836	0.0135445114468795
2459742.4691793	14.637720855485254	0.0209636567131836
2459742.4691856	14.6592870883325	0.0197891294554369
2459743.4713757	14.576138653190718	0.0240379381741234
2459743.4713763	14.525641804610718	0.0158044329547199
2459746.4798387	14.613232282031271	0.0147925520206291
2459746.4798463	14.542212778482796	0.0151312198251837
2459747.464542	14.59314996588266	0.0098953689142223
2459747.465823	14.604530191559228	0.0091183767066446
2459748.458061	14.595375314917405	0.0142121036486106
2459748.4580671	14.589722692125072	0.0107597308907272
2459751.4550223	14.66086678619832	0.0350921108544532
2459751.4550312	14.649456660384352	0.0112622008133881
2459814.9063685	14.577779502827733	0.0088956658175285
2459814.9063737	14.600901825378967	0.0112036384521865
2459814.9076242	14.578009784784967	0.0175044289423878
2459818.8927106	14.576577724153845	0.0085747905286177
2459818.8927117	14.604890586277008	0.0108004716331577
2459819.8890401	14.57032284995918	0.01105147607651
2459819.889046	14.577163662574854	0.0101833072420063
2459821.922402	14.589076989192872	0.0306571307937984
2459821.9224028	14.657109860539014	0.0312289675486592
2459825.6568784	14.58603356421902	0.0155066542135104
2459829.6282539	14.5469551587181	0.0119326028587064
2459830.6248697	14.646172707839105	0.0181293176754984
2459831.6434331	14.618743455614863	0.0330531728946226
2459832.625769	14.7254240490913	0.0435830102071368
2459834.8647556	14.56178659526942	0.0151472161259305
2459834.8647566	14.64305664593822	0.022492302027151
2459836.608285	14.63841837089171	0.0216717279176859
2459837.860903	14.653169986049493	0.0125152648815004
2459837.8609055	14.595904179179096	0.0133751026220196
2459840.853039	14.546589540890178	0.0116842211961526
2459840.853048	14.615023399203082	0.0139129238428997
2459842.8598886	14.550377034514902	0.0107233656203171
2459842.8598991	14.558600376502088	0.0102553525586037
2459843.8432743	14.625246208573756	0.0080172171736749
2459843.8432743	14.619489417981528	0.0090382174140235
2459847.8367634	14.622958846484796	0.0107490474213725
2459847.8367634	14.5897366057404	0.0097862427519881
2459849.6087784	14.603985106838348	0.0100795427755421
2459853.8206659	14.567273860994728	0.0094807050470001
2459853.8206659	14.532971787338305	0.0115725573369786
2459854.8139955	14.553591054832369	0.0087411619223465
2459854.8139977	14.590776727155164	0.0086860981483576
2459858.551256	14.605342847731857	0.0172104508710923
2459858.552589	14.610989022330717	0.0214475310956203
2459859.8004118	14.603965754250876	0.0141937135915226
2459859.8004142	14.598676983943824	0.0159177798667997
2459861.5315069	14.509027071512596	0.0586942161650512
2459862.7871477	14.592661928740206	0.0334172628020472
2459863.7820208	14.564614301668056	0.0236876485309036
2459863.7820208	14.610426738218178	0.0222281883864776
2459865.7828327	14.532339958292235	0.0139130859471485
2459866.7820578	14.589271999922248	0.0182586360884007
2459866.7820624	14.584527202156512	0.0134233545025962
2459868.771264	14.508527252572172	0.0114395727803306
2459868.7712654	14.568125161521284	0.0119709056829165
2459869.7859963	14.557667254577035	0.012855960219991
2459869.7859963	14.585562068341815	0.0112464872154513
2459870.7719244	14.596045155427452	0.0087097447759947
2459870.7719331	14.609610653830366	0.008721319337459
2459871.8326836	14.61017841373658	0.0117219293146523
2459871.8326886	14.595705780463632	0.009445314700092
2459872.8270587	14.553781674928274	0.0089329796769524
2459872.8270587	14.534482728899626	0.0089333701015152
2459874.7570718	14.579369193870129	0.0075642173244135
2459874.7570744	14.560172580731429	0.0076017315101412
2459876.5044858	14.662240643564813	0.0145636588025759
2459877.7543654	14.577005652292137	0.007588517899971
2459877.7543685	14.592351932515514	0.0079967487565579
2459879.747563	14.617676197379163	0.0069190487542839
2459879.7475645	14.60302003385994	0.0067477231075452
2459880.8523541	14.593393899555402	0.0076478431649869
2459880.8523558	14.574115260756056	0.0091343975610491
2459882.757344	14.602693244096365	0.0078092701979236
2459882.7573461	14.620063556565226	0.0090832714401343
2459883.7539039	14.550345215077872	0.0083802871777867
2459883.7539144	14.550918915772504	0.0087703731570997
2459893.4479911	14.53633968041457	0.0311926370928726
2459897.43698	14.56044594843499	0.0134348651056039
2459898.684472	14.579256800195182	0.0082813983012256
2459898.6844777	14.573043101774122	0.0067675531364318
2459898.8275388	14.558372214064883	0.0105027641696182
2459898.8275488	14.59103757935648	0.0096591434165375
2459900.8134259	14.655795452997856	0.0141285481670485
2459900.813437	14.67476062717776	0.0105357647991301
2459901.8079439	14.55084133483765	0.0100965850993958
2459901.8079439	14.573563445145371	0.0096830869753546
2459901.8104363	14.574204058399005	0.0121959113500854
2459903.843896	14.598639338657986	0.0087993444245262
2459903.843896	14.643112914489157	0.0079819365793549
2459905.7220937	14.594838064363795	0.0105497467156254
2459905.7221021	14.619925306977724	0.0095941703932363
2459907.411983	14.640035676951015	0.010270561607775
2459908.6584976	14.601683021531208	0.0071721454955821
2459908.6584983	14.614015984699469	0.0056403332771165
2459908.6597844	14.586970405188923	0.0117415955224955
2459910.7239801	14.628720648255564	0.0056204910142273
2459910.7239838	14.585150768254431	0.0059224753220291
2459911.8107984	14.667797205359872	0.0096669132882087
2459911.8107995	14.629552520437985	0.0057378778784374
2459914.6428229	14.559651840617256	0.0131559257401564
2459914.6428265	14.610523645408218	0.0137485622496548
2459917.8421195	14.611371123948825	0.0076377821189751
2459917.8421195	14.608563743488505	0.0097608151619794
2459919.7107103	14.594806088998563	0.0182169471467209
2459920.6352537	14.648826563266304	0.0183171897623482
2459923.7360531	14.638732393607894	0.0191022030564743
2459923.736057	14.606240952211898	0.0127711519547227
2459925.6850601	14.549909913668726	0.0179508020760976
2459925.6850601	14.621627781571034	0.0142448774050485
2459927.8250603	14.579458960828529	0.0111294499745044
2459927.825063	14.601164946037466	0.0112951063022049
2459927.8276368	14.58498158132813	0.023183639503179
2459927.8276372	14.514191181537914	0.0163082020914699
2459928.6937308	14.572757298597228	0.0079541622261084
2459928.6937405	14.577934607395612	0.0069216822394535
2459929.7211125	14.609441944693431	0.0102282193073444
2459929.7211125	14.577433786927465	0.0069520430172909
2459930.750385	14.608426757761729	0.0108945175352164
2459930.7503851	14.64776145326757	0.0104655866610061
2459932.7594976	14.62135255046718	0.0102208052565912
2459932.7595003	14.60249010750634	0.0068185686750325
2459934.8161775	14.571015264132734	0.0085858857598153
2459934.816183	14.596696270343369	0.0064673067617341
2459934.8174834	14.595881947783187	0.0083659726078222
2459934.8187824	14.59178949299672	0.0126899368890832
2459936.6575437	14.57365348840134	0.008532981307046
2459936.6575502	14.597975180808673	0.0056512392897559
2459936.6588378	14.591050226946564	0.0131357673280683
2459936.6588389	14.612001808646228	0.01196481980067
2459936.73811	14.587946223293258	0.0079323184045989
2459936.73811	14.597018492634788	0.0082440005758427
2459936.7406158	14.593901967184843	0.0123168085472204
2459938.6888274	14.629293319187514	0.0069225341435724
2459938.6888301	14.63736565778113	0.005751889257616
2459939.5828923	14.584892584088172	0.0055494741963097
2459939.5828957	14.613216009456764	0.0045355147227324
2459940.6486799	14.62034223206816	0.0072054127474403
2459940.6486803	14.588812935460576	0.0100887902468628
2459940.6499218	14.588192069467144	0.0123349007687226
2459941.6519556	14.63277069279677	0.0061355709663907
2459941.6519556	14.630392766790418	0.0046342461580479
2459941.6531967	14.629339874025597	0.0049376822174801
2459941.6851059	14.627369435445106	0.006196218637597
2459941.6851059	14.646944519362346	0.0084951509469178
2459942.6910854	14.624036264310543	0.0093797643199402
2459942.6910944	14.610034917120718	0.0089633864910788
2459944.5993111	14.613265268192794	0.0101238944716718
2459944.5993111	14.674504764754335	0.0231734416806672
2459945.8529345	14.557223623916247	0.0108379718264736
2459945.8529418	14.584520231948854	0.0098411689880211
2459946.5378253	14.667005309976863	0.0115064306052341
2459948.6681358	14.664043400184894	0.0223168050685291
2459948.6681423	14.68068041688304	0.0213854045449856
2459950.6225332	14.58788369318757	0.0296071630184785
2459950.6225332	14.673474995924089	0.0249402578530758
2459950.6250255	14.67958612331354	0.0501151895815326
2459952.3340909	14.64860589427336	0.0305916047950053
2459953.8344341	14.55498749928556	0.0179305676757812
2459953.8344341	14.659390680341936	0.0219977052957643
2459954.6460291	14.537986144678513	0.0203908244210916
2459954.6460372	14.589168730281006	0.0155118969193565
2459955.6447731	14.648363485564992	0.0127310928423179
2459962.5453911	14.575702346902936	0.0080297241308875
2459962.5453949	14.631260624719358	0.0069232376416985
2459962.7624596	14.59741405580723	0.0089086574326155
2459962.7624642	14.653706314332274	0.0096810053929103
2459962.7637164	14.63488152628232	0.0114971476320329
2459962.8712202	14.593682109844163	0.0254337944806868
2459962.8712202	14.622097009587344	0.0158188191630091
2459962.8725191	14.573308884983788	0.031368011081433
2459962.8738251	14.54438170225041	0.0457184427251844
2459964.8208726	14.568480674223697	0.0118063459488463
2459964.8208726	14.601292250958096	0.0093795870645289
2459965.8232695	14.58216524772453	0.0098482034063387
2459965.8232695	14.526894549407269	0.0106393963867086
2459966.3434272	14.645053364340468	0.0073885400006203
2459966.8196498	14.496398363691087	0.0121822255051164
2459966.8196498	14.651716448080322	0.0098844468946914
2459967.8359227	14.59321704020434	0.0128105233752915
2459967.8359253	14.566453621199951	0.0096638947860129
2459967.8702659	14.527217120766188	0.0215292186327527
2459969.3201992	14.55733353814119	0.0080493944640801
2459970.6191699	14.656514393691689	0.0321282960405826
2459971.3417437	14.49824264217913	0.0101791653275829
2459972.426567	14.616071366380163	0.0052496015419803
2459972.4278421	14.52014730332547	0.0110519196553085
2459973.5579331	14.595458764614488	0.0108562320597496
2459973.5579342	14.568289449800773	0.0087138831250929
2459973.5592223	14.585142285839767	0.0121570627610797
2459973.5605246	14.570883362546274	0.0227532565311107
2459974.396154	14.603178147659674	0.007575477374602
2459974.8336211	14.564692555100898	0.013452174081286
2459974.8336211	14.58372640574484	0.0102443783552823
2459975.3594746	14.637980266962776	0.0095765835491876
2459975.695712	14.612620895936876	0.0121103658972843
2459975.6957146	14.631934615173671	0.0122785554657734
2459976.3543805	14.657940513307937	0.0137877035925588
2459977.2929879	14.603602185961982	0.0169039643545119
2459977.5734898	14.628381014754073	0.0174861181986551
2459977.5734898	14.608480714100114	0.0158853341082297
2459978.3676751	14.569049265449758	0.0114582996765671
2459978.7652822	14.641062408915545	0.0194019690814159
2459978.7652889	14.59625478242247	0.0133800859644235
2459979.376833	14.664926453166029	0.0167986528696611
2459979.756092	14.635696037077118	0.0305928831339084
2459979.7561036	14.5752465174129	0.0179017517372712
2459979.7573222	14.542475572803466	0.0333539496553384
2459980.3236187	14.626603483336488	0.0239362410044116
2459981.835395	14.68719282351846	0.0374179085500209
2459982.4013293	14.63012423504328	0.0215803950000298
2459982.7035591	14.577627614709662	0.0242372546934914
2459982.7035591	14.56601491942448	0.0245988716797421
2459983.6838421	14.618821893885803	0.0221678923644707
2459983.6838487	14.585395346777974	0.017250013476074
2459984.6909764	14.600852637052668	0.0174257760081064
2459984.690983	14.603943345062936	0.0140563690198549
2459985.7442713	14.662149690389656	0.0202212169194317
2459985.7442713	14.627682893835052	0.0155174233055373
2459986.622858	14.6332547013595	0.0146810567100442
2459986.6228625	14.660343812401518	0.0163780761663311
2459987.3539287	14.614689273273282	0.0084218961464638
2459988.7681821	14.672766125674212	0.0168287215246942
2459988.7681821	14.602174329858844	0.0112952713428591
2459990.6677626	14.578955714677186	0.0077409201005607
2459990.667772	14.606382086748006	0.0077518546398803
2459991.7409804	14.55909937552556	0.0103924578098598
2459991.7409851	14.604005550687646	0.0102821237136057
2459991.7422843	14.586115409060918	0.0163731102497533
2459993.7962441	14.598569256039571	0.0097395856228202
2459993.7962445	14.58209557853241	0.0104783047866214
2459995.5442256	14.577885016179373	0.006759893769948
2459995.5442256	14.576667485059186	0.0069918572760556
2459996.7898459	14.578002508482976	0.026399174826723
2459996.7898558	14.62710068366233	0.0119573499938836
2459998.4292206	14.613137967051715	0.0070316544760094
2459999.6271957	14.591693981079445	0.0079167586619155
2459999.6272053	14.6416645130325	0.0104672249339511
2459999.6296824	14.695061515175976	0.0180635767216458
2460000.6375601	14.665436363974893	0.0075931486876583
2460000.637561	14.632395075449672	0.0059902983186707
2460001.6859982	14.589979028526972	0.011164716510224
2460001.6860095	14.56973812011686	0.0090558983330344
2460002.6354988	14.588257823611167	0.0071380500665192
2460002.635507	14.609471457061725	0.0058799415210547
2460002.636739	14.606533067954164	0.0097087803340263
2460003.7089172	14.616138935896412	0.007981531673814
2460003.7089198	14.665627011415182	0.0119578808960881
2460004.7500447	14.586127544766011	0.0116593361531734
2460004.7500491	14.61752497856196	0.0117428041499304
2460004.7757647	14.622863069980005	0.0160414657728145
2460004.7757651	14.578598337691703	0.0119827984858012
2460007.7566337	14.690690991626877	0.0194922862071838
2460007.7566345	14.680960237512688	0.0218823063508268
2460009.7153461	14.669157126024148	0.0282187650848213
2460009.7153529	14.673550507446096	0.0227445193764051
2460012.7003722	14.5476847706631	0.0323993753763723
2460012.7003837	14.669277158050216	0.0218559477371142
2460014.6790898	14.614710162406109	0.0216858870291887
2460014.6790987	14.638980363955936	0.0168633106776313
2460015.7432195	14.52016678656828	0.0230853817255106
2460015.7432238	14.58996087544156	0.0168992715422581
2460016.6861212	14.579672499675652	0.0180529823912525
2460016.686123	14.560433974020263	0.0114229138302477
2460016.7148113	14.57098120832566	0.0175088691642651
2460016.7148141	14.578798981906708	0.0158232270290881
2460017.7220529	14.609226169946275	0.0132252794082303
2460017.7220529	14.581003777819236	0.0142376146914053
2460018.7250548	14.702655090074677	0.016493579024222
2460018.7250548	14.691663814038073	0.014603559833116
2460019.716612	14.569095680427546	0.0134362207003748
2460019.7166171	14.565797507227716	0.0114756110863185
2460020.7187046	14.59181523228246	0.0104374628291873
2460020.7187127	14.62163686070233	0.0093540081773648
2460022.5959586	14.673423743958814	0.0112379879322217
2460022.595968	14.596011505936117	0.0087231293886069
2460024.6233463	14.598936384792422	0.008323306467129
2460024.6233469	14.552289709080014	0.0074585479372632
2460026.663195	14.63029934483446	0.0079169052224878
2460026.6631956	14.60577154456806	0.0074059938068183
2460026.6644859	14.625390701819336	0.0100911628750614
2460027.6998971	14.583596755362215	0.0093955870491566
2460027.6999084	14.571165240390188	0.0084316185785104
2460028.683383	14.581144692853414	0.0098305643359784
2460028.6833927	14.59833832008944	0.0092796221827637
2460029.6549151	14.67024024474692	0.010582621101779
2460029.6549151	14.661034481418003	0.0078137821716288
2460030.5983264	14.64278666080611	0.0122709156692525
2460030.5983299	14.645544445969191	0.0084562651969136
2460030.6501223	14.6419338460511	0.0096755183073458
2460030.6501279	14.65624000341893	0.0114612985132671
2460032.6118786	14.63801056113274	0.0067717375825212
2460032.611881	14.614183566520564	0.0050306340229005
2460032.6131653	14.643660773803209	0.0071946914464359
2460036.3771607	14.634854876136664	0.0134116045295259
2460037.5834064	14.641959441358797	0.0178254084620143
2460039.6349493	14.632409997204238	0.0229748982817224
2460039.6349611	14.612738541285166	0.0205095583935808
2460042.6580204	14.619062009843226	0.0186524938729334
2460043.5945563	14.570383858907686	0.0175524713423007
2460045.645127	14.548581366624816	0.0191747841863678
2460045.6451371	14.61810245200104	0.0151863451108072
2460046.6470251	14.58904944463015	0.0180877890358028
2460046.6470326	14.568966076165427	0.0158517365220034
2460047.6485437	14.641181105792036	0.0122792995034264
2460047.6485437	14.609425678879813	0.0111734129906837
2460048.5859315	14.606246607120232	0.0112628203351327
2460048.5859315	14.64935034162915	0.0112599624150012
2460048.6005904	14.641239462629924	0.0117486688903003
2460048.6005946	14.665684947997494	0.0091373083652239
2460049.6431241	14.55236794011731	0.0110628910018677
2460049.6431241	14.585046560133296	0.0107406510796954
2460050.6039709	14.561732057498876	0.0088943617451368
2460050.6039709	14.569613327408812	0.0104778237185819
2460051.604256	14.684941946656531	0.007030311299704
2460051.604256	14.631224833184053	0.0062098262143319
2460051.6068424	14.64005259887391	0.007837724129364
2460052.5648927	14.599602512998676	0.0090838114126897
2460052.5648927	14.670509975453818	0.0084206669867567
2460053.621857	14.56460743706299	0.0083942775851624
2460053.6218675	14.511655512392236	0.0100026726185757
2460056.4849704	14.61928322056407	0.0078206316107391
2460056.4849704	14.646879239840562	0.0102311747413948
2460056.5061778	14.63230505306178	0.0102783277628926
2460056.5061778	14.660478607989766	0.009369000243495
2460058.6038558	14.646217472520966	0.012693334092732
2460058.6038674	14.625982424446956	0.0169187202861474
2460059.6171495	14.680593552786526	0.0109569800039349
2460059.617159	14.643610303358756	0.0081568390636947
2460060.6123674	14.58402424477425	0.0090823970769658
2460060.6123674	14.613372319430546	0.0085833378655289
2460061.6147832	14.568909822523498	0.0111571712300264
2460061.6147882	14.586521872269332	0.0100758215518641
2460063.5384701	14.683022433818593	0.0170624257481747
2460063.5384701	14.628880205416992	0.0099427785080915
2460063.5470363	14.606193010519938	0.0105982861169383
2460063.5470363	14.677788703225485	0.0135424510362314
2460065.5864427	14.593410941569086	0.0141851923707456
2460067.5726368	14.697247792915642	0.021388908614748
2460069.573277	14.691687403945965	0.0292470217521719
2460069.573277	14.596742083397569	0.0288955650091444
2460069.5866536	14.475710414792673	0.0221787129706514
2460071.5862976	14.714359933409185	0.0352169540209442
2460071.5862976	14.595200985887535	0.0324842838533422
2460072.5797495	14.518339456774028	0.0210521309037564
2460072.5797495	14.600379458701587	0.0233443927986537
2460073.568188	14.62259816707842	0.0159152135786812
2460073.568188	14.61523641798274	0.0190729012544711
2460074.5692731	14.68888293431306	0.0136010041484668
2460074.5692731	14.670971596723671	0.0147904953374612
2460075.2954463	14.603438092063064	0.0092225388432361
2460076.5583993	14.588106493273385	0.0072634997514299
2460076.5583993	14.633543638732364	0.012340713221514
2460077.554007	14.6477188579323	0.009890116380176
2460077.554007	14.62095898887955	0.0112863299648663
2460078.5538961	14.769075139873149	0.0142207706520673
2460078.5539027	14.717651868289332	0.0093675750846119
2460079.5712946	14.562098819599976	0.0233875749575747
2460079.5713063	14.576444665596355	0.0121604489092154
2460080.1941575	14.586595075956286	0.0410963275420761
2460080.5410675	14.567153186450296	0.0112342540402739
2460080.5410705	14.629910718215047	0.009186657371559
2460081.5449782	14.621817487860817	0.0160302547557173
2460081.5449871	14.625882064293544	0.0109332356376185
2460082.5364552	14.66926693783302	0.0112071257980623
2460082.5364668	14.677987921122696	0.0107108297314721
2460088.519171	14.610102920053048	0.0084985523669799
2460088.5191751	14.666041948737751	0.0145644660305758
2460089.5191912	14.66704169477991	0.0159488266233447
2460089.519197	14.630432730316013	0.014950276622793
2460091.5109034	14.602469315003653	0.0149010941581231
2460091.5109034	14.56141318736836	0.0124573453003364
2460092.5106346	14.6778720793507	0.0131934536522031
2460094.5022966	14.59129202426875	0.0130535004947555
2460096.4981038	14.61140461091179	0.0196108713427558
2460097.4943285	14.589801813743357	0.0358181068530358
2460097.4943431	14.68706087063363	0.035211602474265
2460098.4899993	14.576769831210497	0.0224744398872601
2460101.4779832	14.65459477911587	0.0161875807603263
2460101.4779886	14.674785491714117	0.0195567518990212
2460103.4739331	14.611134130468551	0.0067220901759972
2460103.4739337	14.591903767428391	0.0104319410429355
2460104.4698158	14.65257691487627	0.0117400478817891
2460108.4719272	14.72655037221783	0.0148224565941808
2460108.473179	14.668591812718535	0.0171187207388846
2460111.4623548	14.638790144225952	0.0099711931595404
2460111.4623548	14.617134594734669	0.0076011961663483
2460114.4547564	14.569670390149607	0.0185379322936468
2460114.4560546	14.578668976094525	0.0203038474648379
2460115.4469734	14.719825139653384	0.0655592559337703
2460115.4482019	14.5659800108627	0.0709986257657257
2460184.6638406	14.66546713660122	0.0174960193445913
2460199.6226674	14.725281430770863	0.0105339985353349
2460200.6227082	14.575755773103126	0.0094626114958646
2460206.6048526	14.678490921563668	0.0114940389997586
2460210.5836116	14.68525031804737	0.0107917546456082
2460216.8281457	14.500288025724815	0.0279559331876815
2460217.8223141	14.571199027550923	0.0185993304006116
2460217.8223254	14.63730002413268	0.0236794978111786
2460219.564694	14.663256710042532	0.0264817446798438
2460222.5500694	14.52870932357414	0.0236752976877321
2460222.8841964	14.693756998761089	0.0154927771591785
2460222.8841964	14.700580541132188	0.0117056824565642
2460224.8042042	14.475329838346696	0.0144703077565283
2460224.8042062	14.552033342222916	0.0099900746954345
2460225.8271542	14.59302781238064	0.0092243861238604
2460225.8271542	14.603302570764503	0.0087000132985169
2460228.7810189	14.533627124813362	0.0097909360034574
2460228.7810189	14.519140901764146	0.0104196311732572
2460230.7834794	14.728020950324703	0.0132916320230733
2460230.7834794	14.67857869018646	0.010791636470892
2460235.7661497	14.566082619511045	0.0108360574776382
2460235.7661497	14.566030414911069	0.0111177598073985
2460237.5223147	14.570716731344213	0.0111836389953181
2460239.7781893	14.521705338316323	0.0103852431710765
2460239.7781974	14.55530715848939	0.009657513584842
2460242.5016709	14.593307284224489	0.0168587950840056
2460244.7462419	14.663870644278589	0.0265463072913049
2460244.7462425	14.584059127735788	0.0228706441765617
2460249.4684589	14.59117201319284	0.0212943444285685
2460250.7351559	14.539605521603212	0.0203541950993876
2460250.7351559	14.580657097571288	0.0165192032434394
2460251.7529869	14.55028227720078	0.0161668308739751
2460251.7529869	14.563482759720271	0.0130888622524004
2460252.7431063	14.677911069654057	0.0129222458686282
2460252.7431063	14.59007691433946	0.0146257279626837
2460258.5064437	14.736901167347252	0.0112425886046478
2460260.4505737	14.58661573535496	0.0111203598833497
2460261.711762	14.563619733852503	0.0107232930248642
2460262.4345677	14.687556927942907	0.0102777861248028
2460264.6761626	14.698485092111916	0.0133050658171075
2460264.6761626	14.703624731575983	0.0104083531924029
2460265.7777097	14.61098012909186	0.0091362172002724
2460265.7777108	14.53208532510672	0.0089032658936808
2460266.7020381	14.581278207521978	0.0094094687919357
2460266.7020395	14.600832250431132	0.0078916958301321
2460267.7115946	14.668444991512546	0.0118699360208404
2460267.7115946	14.641162334453297	0.0102859629022613
2460268.7302715	14.632650738640775	0.0083654937240392
2460268.7302731	14.618742527094412	0.0082169470485174
2460269.7419517	14.595563709526225	0.0110608835253291
2460269.7419517	14.531241710929264	0.0091838392991745
2460270.6669042	14.609918595357623	0.0154916603041836
2460270.6669042	14.58181423567968	0.0145312052242912
2460271.6625556	14.636079626428092	0.0179955051247485
2460271.6625556	14.634381982493352	0.0188544007475651
2460272.6640763	14.676005106562185	0.0219424478138967
2460272.6640763	14.72031562382143	0.0189817931824543
2460274.4595715	14.721772788066971	0.0353653141666002
2460276.4100591	14.547768766928142	0.0294298157547646
2460277.7794824	14.64976199666358	0.0165698514492389
2460278.750863	14.692516451275154	0.0188591251357178
2460286.3667379	14.555330254016193	0.0123737485667156
2460287.6727936	14.58302734627356	0.0088360200289776
2460288.6330847	14.575540321788193	0.0117704516177025
2460288.8423894	14.742429677824331	0.0115359962498317
2460290.5048718	14.624643868233797	0.0091887192514483
2460291.7406178	14.567469823136616	0.008352897120118
2460293.6014315	14.607506672289862	0.0122142443381612
2460295.3459916	14.652333630987906	0.0096647455213265
2460296.5847521	14.601106616583976	0.0122951056155888
2460297.7351593	14.699732091631564	0.009985798683641
2460298.7013451	14.53197995949232	0.0094384177654189
2460299.8274351	14.657634084114529	0.0099697056073836
2460300.7283555	14.680665729310196	0.012621253129154
2460301.7252384	14.606774263274296	0.0152078252159043
2460302.7355102	14.583780073693973	0.0176151053039819
2460310.7571024	14.564819085834714	0.0131499464769439
2460313.8397296	14.602622476310858	0.0096961469281018
2460313.8397305	14.62127961101966	0.0101468442928938
2460314.2895809	14.642589681032137	0.0143543843853539
2460315.6171267	14.616744568746384	0.0068066969609634
2460315.6171284	14.633082661512343	0.0052239095944195
2460316.5428119	14.667432644991436	0.0120461845504069
2460319.6576728	14.691687004017997	0.012041648573331
2460322.4421534	14.64891937535661	0.0073896461618742
2460322.8213088	14.645159187653135	0.0117306172234282
2460322.8213126	14.669828688694304	0.0071821989920697
2460323.434412	14.59784722752255	0.0093999281728723
2460323.8232397	14.55417157065584	0.007932894394964
2460324.4377898	14.663764318951966	0.0079914502381986
2460324.5307653	14.635049706939602	0.0144814569832439
2460324.5307727	14.669015960823714	0.0098542436959414
2460325.4275341	14.74281784772273	0.0110571637645357
2460325.5381313	14.61165776889465	0.0121143157005863
2460325.8327856	14.705554605394491	0.0114818437010135
2460325.8327862	14.762279522171028	0.0115684783320643
2460326.5420318	14.574392064128348	0.0107967812704995
2460326.5420391	14.57150414008591	0.0109447065318902
2460326.8350633	14.628977644630597	0.0093158573231752
2460327.3756172	14.642919945931682	0.009567619188745
2460327.5713099	14.614124613802986	0.0069150888089456
2460328.397389	14.656015673573055	0.0095937689851111
2460328.6422976	14.6029954920877	0.0126576124776598
2460328.8314619	14.625029932957837	0.0088148594964864
2460328.8314667	14.658481797564072	0.0084616661665953
2460329.3898502	14.744751808482706	0.0187249406688063
2460329.6421975	14.61736493069462	0.009845724101575
2460329.8277633	14.723130107991471	0.0094215259151198
2460329.8277633	14.759443258727057	0.0114446501865998
2460330.4024323	14.638833209594486	0.0122886853870374
2460330.6268763	14.636122140626949	0.0092733047819665
2460331.3956923	14.616888108266073	0.0198400377356355
2460331.6152469	14.591109295702273	0.0095660181146211
2460333.818741	14.643768525478173	0.0238458995550669
2460333.8187413	14.641146423635492	0.0168045715624823
2460334.3550736	14.63446215694258	0.025508630271639
2460334.8334161	14.571430859063607	0.0277205458301762
2460334.8334167	14.673764617532214	0.0213384602438347
2460336.8056897	14.675073727060692	0.0228867845777872
2460337.8208681	14.61423209266126	0.0233450346027879
2460337.8208703	14.612356026664337	0.0191823433565169
2460338.5687486	14.68185607147391	0.0179613718246283
2460338.5687502	14.725116861246324	0.0100999367568472
2460338.7769808	14.54958166083588	0.0192621828027159
2460339.6115695	14.569322104890546	0.0136007438019779
2460339.8082349	14.654646617610068	0.0219272789227445
2460339.808237	14.654789113960389	0.0132521956982398
2460340.6143538	14.597161855940271	0.0102480213217698
2460340.6143543	14.636856710598645	0.0082307473580194
2460341.8344526	14.548842867970809	0.0152060896512816
2460369.5520788	14.61507838487204	0.0078009205437065
2460370.5933356	14.602869375397624	0.0098741603696155
2460370.7610206	14.61835972875466	0.016388193637175
2460370.7610281	14.692493821695834	0.0175201877910678
2460371.5713291	14.664675892137495	0.0102178073108488
2460371.7602927	14.59296848768915	0.0143413054140784
2460371.760298	14.60013386200382	0.0121379693067535
2460372.5690408	14.602692854244747	0.0112270531695505
2460372.5690438	14.649103117084582	0.0070894459338548
2460373.565746	14.558835460834104	0.0092588686467595
2460373.7546764	14.652458914703264	0.0122782757859616
2460373.7546778	14.649541890770234	0.0168658889600502
2460374.5636442	14.68464718948546	0.0061080966095865
2460374.5636468	14.63829325712416	0.0074363382426025
2460375.7490311	14.590571900261216	0.0087566918926464
2460375.7490323	14.574852506882808	0.010122703907956
2460386.6933528	14.58025463531813	0.0096716374310474
2460388.7029527	14.662287824328796	0.0182338589545863
2460390.7053816	14.63254922287197	0.0212061743008201
2460390.7053883	14.608460460587224	0.0186373606465253
2460392.5107822	14.57104731520313	0.0146950146592288
2460395.6252815	14.58498615119818	0.0214532898679647
2460396.635946	14.624876274217922	0.0207775518733856
2460400.4844053	14.62078466405433	0.0131085079695195
2460400.6725927	14.68802420587526	0.0116981919366496
2460400.6725927	14.75029556821531	0.0147879220492665
2460401.6715789	14.575093657836756	0.0110754139138265
2460401.6715853	14.614272472464227	0.009502569018993
2460402.6667648	14.555239039761965	0.0096225670088132
2460402.666766	14.55621122192614	0.0083331501065759
2460403.6658341	14.676424426683132	0.0089461864004234
2460403.6658341	14.679217543900144	0.0094657586001037
2460404.6612683	14.63426606602458	0.009480746408626
2460404.6612795	14.661796052430493	0.007074678802949
2460405.6607554	14.543872725166834	0.0098004506359813
2460405.6607561	14.594684803311242	0.0100744469356035
2460406.655964	14.590829057309014	0.0110463256342417
2460406.655964	14.605723537129895	0.0084897391596758
2460409.6462199	14.546707839058858	0.0091525913977949
2460409.6462208	14.54331623862075	0.0084978009169718
2460410.6416114	14.621057753813618	0.0072530711736142
2460410.6428639	14.632003583467911	0.0100479961929355
2460411.6393835	14.761745543288074	0.0130852461271868
2460411.639395	14.739162570670834	0.0097104635181513
2460417.6346237	14.562910749877824	0.0136102298569539
2460417.6346237	14.55168726096062	0.0126379805789905
2460418.6193842	14.659774700247436	0.0135103121379381
2460418.6193842	14.62427094566732	0.0154621494863684
2460419.6199515	14.720211732570164	0.0093596924281812
2460420.6248955	14.58135303706797	0.0153155813319255
2460423.6153164	14.662086407289198	0.0203083683056727
2460423.6153189	14.650029587394895	0.0237201417868737
2460424.5851345	14.601560169512576	0.0310483508461964
2460428.5305794	14.59657367536872	0.0124978386965946
2460428.5305794	14.572264019161544	0.0102620322655611
2460434.5684714	13.823604888799572	0.010910999185926
2460434.5684714	13.804798050410907	0.0102792487243479
2460436.5474563	14.563548311061504	0.0084789484342074
2460436.5474636	14.608639829968746	0.0084782090711197
2460437.5331988	14.625619035643098	0.0083180815023575
2460437.5331988	14.657529442757273	0.0118761711806563
2460439.5667356	14.556138786894978	0.0097334008845506
2460439.5667356	14.553221059672552	0.0091451575626405
2460440.534893	14.603040019430466	0.0087660592708299
2460440.534893	14.588727389984824	0.008926312555742
2460446.5414499	14.49934855990643	0.0138056663781409
2460447.54719	14.598740230068088	0.0173056276212686
2460447.54719	14.535190278024825	0.0181011412787258
2460450.4800228	14.753907148588375	0.0296560963176845
2460450.4800228	14.567519816886453	0.0207414366739985
2460454.5166281	14.621077308721208	0.0172923171328074
2460454.5166281	14.632580090988732	0.021082069384461
2460455.5275145	14.69510802812544	0.0212328439921101
2460455.5275145	14.593712840146136	0.0232512801675421
2460457.5026183	14.657227173859797	0.0080291517108432
