2458014.4797005	14.178894213933372	0.0063777856044827
2458015.4898469	14.258093105956434	0.0048619441242004
2458016.4841417	14.334111175092795	0.0059728743084602
2458018.4775189	14.25516046232586	0.0085207139638924
2458020.4783503	14.20181908166683	0.0100917057651298
2458029.4821899	14.232085160540048	0.0107438026084875
2458167.8961805	14.248699723253797	0.0232442071371721
2458168.894286	14.17392142086362	0.0159042800094409
2458170.8864647	14.288817044891656	0.0064944049605243
2458180.8766799	14.23672405247558	0.0222594295869404
2458181.6196016	14.265132602554653	0.0093796963290861
2458181.8721364	14.296540142491134	0.0115504690109541
2458191.8972247	14.311175318470282	0.0056312143647067
2458192.8807774	14.364894601114012	0.0067874186663655
2458193.8539747	14.3185422464832	0.0056511601866545
2458194.8456332	14.263230468748633	0.0051549708527392
2458195.6337594	14.284488325344784	0.0051769758830983
2458197.6430967	14.285484926866342	0.0047448113785085
2458198.8304038	14.353666138135768	0.0076242007841516
2458199.8451197	14.289673219147062	0.0050793373088956
2458200.5677044	14.19196942062756	0.0052068119583947
2458200.8478986	14.19351045560568	0.0060746762297676
2458201.5631665	14.246259243985197	0.0040880810706668
2458201.8582671	14.21391433732322	0.0056211978744886
2458203.5577433	14.315331439249944	0.0061952919391721
2458203.8490624	14.35701899151768	0.0066094945675501
2458204.5640499	14.23662653763607	0.004499901480356
2458205.5551096	14.175714380165632	0.0053501245447719
2458206.8085636	14.19260518100134	0.0108008460621305
2458207.8077252	14.224309037859626	0.0117722465926668
2458208.8032266	14.307947960441629	0.0147968234488972
2458210.8275703	14.249296396328466	0.0127465118487432
2458223.8367326	14.306962046974643	0.0048964790483532
2458226.8077635	14.237739402020273	0.0050787213060917
2458227.8034486	14.194797715948926	0.0109921369622976
2458230.7710246	14.322551444489095	0.0057927088916524
2458233.5564375	14.30126911555269	0.0049579389927635
2458235.8972191	14.232819464459936	0.0050245228811196
2458245.8478084	14.344756232598934	0.0111046411504338
2458246.8454143	14.240481412772594	0.0083410430364056
2458253.7599752	14.283216222324072	99.99
2458254.5254668	14.291009453645229	0.0047200119421652
2458254.7335934	14.199282417422978	0.0054167897111228
2458255.5249502	14.34826127959884	0.0070836003627053
2458256.5173759	14.314232594803975	0.005182424158857
2458257.5132033	14.226801536477463	0.0040124337811236
2458259.6832201	14.241792535653763	0.0052881582064904
2458261.6942748	14.255379892557064	0.0049692532911971
2458262.847607	14.214195675212247	0.0062769369859829
2458265.7412128	14.21334653625297	0.0099541750498442
2458274.7012094	14.31219302036364	0.0069852306422569
2458276.4572678	14.295972767479055	0.005709086500786
2458277.5022766	14.304481860503593	0.0074401201580168
2458280.449536	14.200983864087547	0.0045689091532178
2458281.4504639	14.24585632286086	0.0041429161336976
2458282.4491478	14.322764466490804	0.0058373155982507
2458283.5307147	14.184901834586602	0.0054573302890104
2458283.8229373	14.22195698594908	0.0056331635281206
2458287.6256239	14.192017018515262	0.0069076687932391
2458288.7305759	14.283216222324072	99.99
2458290.464827	14.1859840860028	0.0053905725049074
2458294.6941454	14.297530177073732	0.009862547240036
2458295.5559467	14.293518916917334	0.0116290430397404
2458304.4059304	14.323604786608296	0.0070805292192241
2458305.3657993	14.34242695993191	0.0058660571745984
2458305.5729901	14.267318425697496	0.0047695211636414
2458306.3773716	14.20263941139664	0.0042983937028403
2458306.789332	14.22841873256813	0.0058234259903832
2458307.3557695	14.170908424329	0.0056322748420759
2458308.3522974	14.208038724833148	0.0046184362774631
2458308.789753	14.345039986571251	0.0060214944964361
2458309.3559459	14.276678949304571	0.0048536451966646
2458310.3598335	14.35078739184361	0.0062400848889233
2458314.6970062	14.341200508262894	0.0056676490514135
2458316.7257835	14.20363885978614	0.0056180105178018
2458322.2259772	14.333622552940843	0.012084979312369
2458323.2512377	14.274417012793425	0.0116311978777438
2458328.6980622	14.283216222324072	99.99
2458331.7154959	14.311258375149407	0.0110638239286476
2458332.3527961	14.24604367609114	0.0057391901160624
2458332.5671161	14.264227610441278	0.0050795848642318
2458334.2789642	14.205168722697824	0.0054837493144791
2458334.7236677	14.301662879787871	0.007094980868229
2458336.6133565	14.32248696427376	0.005219288534418
2458338.6066021	14.283654786690075	0.0050169472118082
2458339.2755626	14.21623888945836	0.0041616890505861
2458340.264804	14.255497263337457	99.99
2458341.272974	14.234107337344833	0.0042283675974267
2458342.2549972	14.29129010715859	0.0068592966809335
2458345.2374787	14.20471483545268	0.0048875758659007
2458346.2380706	14.188683297463664	0.0054683719892661
2458349.734405	14.260237474461558	0.006493307618373
2458355.4668862	14.321429415252378	0.0164986140811192
2458356.6793114	14.313250185350874	0.0157959724751575
2458359.2468463	14.33362645090121	0.0066194551574104
2458359.625109	14.238086949922142	0.0086175037877285
2458360.2507518	14.224530629590364	0.0037694099022321
2458363.5258464	14.262435840789188	0.0044774264016681
2458368.6593737	14.29808354869439	0.0047946222706982
2458371.5916635	14.171463686766575	0.0064641464915836
2458373.5107469	14.218326128467542	0.0050181479705072
2458376.6684119	14.248598360099294	0.006079820761975
2458383.6226926	14.352435525223587	0.011731660036688
2458385.5264717	14.30360544927372	0.0103490133245495
2458390.2491134	14.345003113934816	0.0062804529878589
2458392.6329937	14.219263268595988	0.006279949014963
2458393.6285204	14.27663336980338	0.0046536086375977
2458396.6229148	14.210302566049233	0.006158944296928
2458397.616193	14.179480840060712	0.0056750610381256
2458398.3048414	14.27346998670075	0.0054300825458575
2458398.6167248	14.28668783309934	0.0052332496876941
2458401.2673	14.294413713192704	0.0060231719251497
2458404.2796161	14.284832115233142	0.0057395003260798
2458404.5942152	14.309547567315644	0.0058706677232377
2458405.5148758	14.2744206277556	0.0052198288407952
2458409.5556716	14.251611334213552	0.0093107119668824
2458410.5753321	14.331174556582004	0.0089392861856506
2458411.5727078	14.29104038710828	0.0127257953551387
2458411.574001	14.2974821652981	0.0149557097034468
2458416.5594993	14.31527811553571	0.0132383013804782
2458417.5517776	14.276128889039338	0.0118191962741894
2458424.2656702	14.21941674759796	0.0046637884901748
2458425.5301377	14.224638951782618	0.0055100733158185
2458426.5296244	14.301061908239005	0.0078811505520526
2458427.522752	14.353109869614611	0.0071078920039146
2458428.2847412	14.209026125995978	0.0064382520082633
2458428.5197238	14.304253287366231	0.0056769664383871
2458429.294652	14.23017758962015	0.0063847005853812
2458533.6354934	14.293971943428254	0.0218161767442872
2458535.8903579	14.31892780764231	0.0127984542502509
2458536.8896849	14.3077226782418	0.0131283556494816
2458539.8835978	14.251756474726848	0.0082705683081438
2458546.629153	14.253961008539935	0.0038267822914983
2458546.9074095	14.33594067193562	0.0311899897303304
2458547.8917774	14.233894022301603	0.0060244190678364
2458548.6014516	14.178555909400243	0.0055324515595681
2458548.8761062	14.21943408468954	0.0067359686195557
2458549.6130069	14.236299454721916	0.0048508173012073
2458549.8700627	14.176027082343442	0.0059466521358705
2458550.8855158	14.30154875385459	0.0052651798400265
2458551.8809819	14.340664617440064	0.0067130912341391
2458554.5932053	14.19567209675871	0.0054013575883408
2458554.8581062	14.179707779452029	0.0055752351299825
2458555.5818453	14.301984506107637	0.005848016473115
2458556.8563599	14.323150083857252	0.0057546809069291
2458557.5885406	14.256953169980529	0.0044450061763638
2458561.8738563	14.34148002307953	0.0066566310335924
2458563.6331887	14.175444392765645	0.0120306213000963
2458564.8307623	14.226795489079782	0.0129715198645561
2458567.8428758	14.368697436792758	0.0100554688343716
2458575.5399246	14.20646203709611	0.0054579596010896
2458575.8036321	14.20088463937982	0.0061468161764724
2458576.5349552	14.23951929195014	0.0044921146946498
2458576.8885109	14.283216222324072	99.99
2458577.8344012	14.337554106981216	0.0069784653296512
2458578.8296428	14.391324842375594	0.009295166793494
2458579.8302754	14.268443368087969	0.004835625244662
2458581.7973306	14.197742355116352	0.0055271857572381
2458582.7799111	14.247656971546018	0.0054247025743186
2458583.9111665	14.254246711933762	0.0059799580039297
2458585.5125731	14.211025257137118	0.0046245807855721
2458586.7451406	14.257996086884228	0.0054277467192288
2458588.7608513	14.274901283225592	0.0098377686608938
2458591.503637	14.139345735581646	0.0274593496887218
2458593.8888	14.317264800633575	0.0159865408424244
2458596.7372459	14.310601401516134	0.0093397225240971
2458600.5538327	14.176921324346594	0.0072435954560388
2458601.6780239	14.328683044567969	0.0219660177444413
2458602.7052824	14.254357331559032	0.0048806282852408
2458603.9040354	14.314748240918505	0.0059491072040783
2458604.7053692	14.235168770424952	0.0072502147771677
2458606.8185114	14.203907327473468	0.0052920404023977
2458607.7656606	14.195977162411022	0.0063480373700572
2458607.870499	14.263160068414866	0.00647721782825
2458613.4306198	14.197136961099224	0.00536967611299
2458614.5126128	14.319911981240985	0.0056971461263839
2458618.6631062	14.30726849053417	0.0131461004792327
2458619.6695193	14.200289624377149	0.0097267414037108
2458620.4410545	14.342873963145522	0.0128231262002821
2458620.6925083	14.20863582084936	0.0124600481006659
2458620.8191368	14.320963747489968	0.0101726261969511
2458621.6986598	14.295902456940905	0.0170111245415516
2458627.4931833	14.178823974173548	0.0104714473207375
2458628.4192872	14.218440495051778	0.0101694690364459
2458631.6649437	14.246692134364515	0.0049642238529059
2458635.6314058	14.200998122168048	0.006188388999508
2458635.8424854	14.36396722634198	0.006511182157878
2458636.8920378	14.173561887901824	0.0059474239874841
2458641.7476317	14.337605102469531	0.0057837776993869
2458642.7248573	14.361833076565242	0.0064490516548945
2458643.7249666	14.297333413939574	0.0046369051600083
2458644.7706936	14.177904979739589	0.0061992466098057
2458645.7105134	14.183103964421653	0.0065727205931214
2458646.7558428	14.32570150171678	0.0076951639580475
2458647.6018009	14.182916772064402	0.009074223856173
2458648.5840093	14.22607668268329	0.009298163227085
2458650.5766619	14.346642696986798	0.0140344452596952
2458658.4116611	14.256032932016582	0.0043662251289722
2458659.8293704	14.21020842634352	0.0057905126515286
2458660.7114189	14.258134080635193	0.0037393132250571
2458662.8405299	14.260566785866612	0.0048732603811722
2458666.8487883	14.337569970227918	0.0061914444948307
2458667.7843325	14.362212129505057	0.0070710823176523
2458668.5237375	14.251164700778578	0.0032141547856378
2458669.3743038	14.344527867138678	0.005960751616577
2458669.3755074	14.344176578723836	0.0061608889931262
2458669.6297487	14.324111770275142	0.0053905080891885
2458673.4197304	14.335125050728372	0.0074771651964334
2458674.3760218	14.344209832093052	0.0081086933366961
2458674.5634296	14.208820693669272	0.0057852000270367
2458674.8580171	14.204745501568466	0.0057007510291347
2458675.3605536	14.277635200255007	0.00797336918923
2458676.5516876	14.32199116792303	0.0060169666252273
2458676.6484215	14.23630966176282	0.0089631802598819
2458678.6713032	14.313627261711993	0.0124540696081381
2458683.642082	14.19652221724403	0.010423321476329
2458688.7348203	14.309562010732437	0.0066389936276533
2458689.6438714	14.304594191925847	0.0059416212069998
2458690.4185123	14.23854009226665	0.0045354270124349
2458691.4257066	14.17095892483886	0.0064677845147536
2458691.8237546	14.26050256531658	0.0052885444755134
2458692.7173264	14.246050465935614	0.0052662790724151
2458693.5134193	14.364763466245392	0.0096019546936789
2458694.5502858	14.313359729742796	0.0056572715261782
2458695.75397	14.245470297210872	0.0037200800837582
2458698.5428613	14.27900841407961	0.0053785621113236
2458698.8033898	14.353130790153552	0.0066952118799385
2458699.4793896	14.303263362384527	0.0054271878422849
2458699.7999765	14.2997606412443	0.0053640722965496
2458702.2809742	14.317578900372554	0.0069460912940129
2458702.7815315	14.237201586794066	0.004803864200943
2458703.75282	14.310959964575474	0.0056057639381788
2458704.4765709	14.325593677884072	0.012686972835233
2458704.7859968	14.341098999616015	0.0060694677777551
2458705.3899871	14.314570555584003	0.0102680128718624
2458705.7831351	14.228069991098756	0.0095702328703709
2458712.6261658	14.321456381469806	0.0100110258308205
2458713.5682943	14.2064589191667	0.0092755919075773
2458716.3126985	14.31373889782624	0.0072724802613833
2458716.5457786	14.21481891575444	0.0061578150847452
2458717.5690699	14.340802721706424	0.0058821258685735
2458717.7542027	14.169734028635595	0.008547827427563
2458719.6892452	14.236862885725202	0.0049938998145712
2458719.7424527	14.309324345496153	0.005630748036532
2458721.7342995	14.301700444289835	0.0057844879561865
2458722.6643068	14.316860743763272	0.006472191963308
2458723.7156119	14.192983762962438	0.0057767585017598
2458727.466155	14.152606376746853	0.0061845557551732
2458727.7236048	14.226980768557777	0.0052081375538402
2458728.4646485	14.218928272372498	0.004792368486421
2458728.7025415	14.172271409451948	0.0061081115491477
2458729.4117748	14.24847828985282	0.0037555714219443
2458730.3214449	14.177726290778104	0.0061131503509757
2458738.6918951	14.18634813576504	0.0227489320045099
2458741.5488644	14.19360322999709	0.0089019014399526
2458742.6797773	14.361567074869187	0.0123195153324472
2458743.4247787	14.124789278446803	0.012525698984557
2458743.4829313	14.222537950937902	0.0069221010419229
2458743.6787967	14.295599350556747	0.0100831429761218
2458744.6803278	14.186542924163216	0.0110074256600739
2458745.6760916	14.26188879020146	0.0094526552751885
2458746.669419	14.282824597912343	0.0086088743545844
2458747.4061546	14.32529052520768	0.0112497099985153
2458747.6698397	14.352057436560706	0.0062582603385099
2458750.6619203	14.184636629827883	0.0064620701051561
2458751.6586546	14.22675964853994	0.0057847676249404
2458752.6563331	14.348091037194257	0.0074022921606835
2458753.6501841	14.3338572341995	0.0073304881408099
2458754.3845619	14.104376091151504	0.0070885649022814
2458754.6467083	14.260049675265568	0.0042287789039393
2458755.5396145	14.316083874926102	0.0057431860556586
2458756.6451614	14.199883880933053	0.0056810651351456
2458757.6423636	14.329170196975268	0.007498947944744
2458760.3109101	14.200003396221398	0.0064420063573122
2458764.4920794	14.24746549923978	0.0072205521311607
2458765.345073	14.180945853229511	0.0137937849022198
2458766.6144948	14.168805005672612	0.0129538637443663
2458768.4905099	14.187910548925098	0.0102551783102554
2458769.3340167	14.3059586654412	0.0153747245331716
2458771.3410053	14.148285182074927	0.0149631312286432
2458773.2550752	14.2048683381328	0.0058466165131706
2458773.5983208	14.274731490251098	0.0096621094421247
2458775.2636515	14.306525652892322	0.0058912116599274
2458775.264877	14.323292891929707	0.0071392894692069
2458776.3352504	14.159215699520797	0.0066257012299846
2458777.5888758	14.18478424829712	0.0067119781537558
2458781.5726104	14.287690601231509	0.0050187319391923
2458783.5677887	14.182519341818928	0.0067231394003824
2458786.2862542	14.238507270336797	0.0048718576875762
2458786.5640116	14.332076629429922	0.0064533581671833
2458787.2822667	14.171122465619412	0.0055652645545472
2458792.5276881	14.306010345199276	0.0091624228743908
2458793.5247156	14.213835767290838	0.0098728886388868
2458794.5212311	14.168634701316993	0.0106644898921197
2458795.2623606	14.35765370146993	0.0182840460478317
2458795.5139212	14.265488261679897	0.0110204099597714
2458797.5112559	14.346387835666706	0.0121864035890076
2458798.508063	14.26868311371587	99.99
2458908.8785691	14.200977585235655	0.0088306669243326
2458909.8782387	14.25960638424055	0.0064096809193503
2458923.8385915	14.203120267989696	0.0102261198423584
2458928.60407	14.169240342615426	0.0073234293292105
2458931.5633057	14.31312972743164	0.0078781484543146
2458932.5966592	14.22501658777977	0.0047836867580502
2458983.4171605	14.216832263929527	0.0104881108552849
2458985.6522336	14.208873719163106	0.0063172107783833
2458989.4093658	14.200626279262124	0.0055060621029073
2458991.5110914	14.178912170578831	0.0055057958274533
2458997.4042106	14.259154850254257	0.0054085782371337
2459000.5024662	14.28644633829327	0.0051534643142734
2459014.5267563	14.287375697874303	0.0057745080853228
2459017.3878895	14.309443909153757	0.0060932396274548
2459022.4380356	14.294619706429607	0.0053830621651556
2459031.2942107	14.19878844752634	0.0094284499457835
2459047.4348896	14.302085561171136	0.0049530664647895
2459049.5039857	14.18150270410484	0.0055145810144975
2459052.5072086	14.308780016574868	0.0055746185262087
2459058.3357942	14.211628601854464	0.0079420359428938
2459061.2952015	14.225001416571324	0.0090854677780603
2459083.3303549	14.239909236791744	0.0034805579561319
2459088.2741267	14.224310277216183	0.0074647798573675
2459097.4272579	14.182927121711716	0.0298969928540365
2459100.4333844	14.318065534999889	0.010344497262639
2459114.2350395	14.27294376281747	0.0069473112792432
2459127.3763569	14.304951092080431	0.0147084665109887
2459146.4971661	14.354371906404566	0.0128326969922358
2459148.5062092	14.19915503163284	0.0084374502203158
2459149.561887	14.314349046457457	0.0138695654121516
2459151.5477589	14.256148562242812	0.0096096852101943
2459153.2808337	14.333277282330831	0.0170483095988905
2459153.5371145	14.218930454049104	0.0128252448985645
2459154.2657063	14.24498229579022	0.0148632829337736
2459155.5340801	14.336589380018571	0.0120738952654944
2459157.5277099	14.2206405371727	0.0063397148951064
2459159.5213075	14.243605487220298	0.0060254783694047
2459164.265064	14.26915950393199	0.0107280916149157
2459168.5081127	14.170818723476229	0.0279440400873527
2459169.5094806	14.15726153168027	0.0336714612744064
2459258.8880695	14.314985351481656	0.0147936923847007
2459259.8834781	14.3552711914969	0.0110242954983251
2459260.8842019	14.265937947542376	0.0084915522867762
2459265.6395274	14.110616352152984	0.0211790058765392
2459266.8746167	14.21078851184108	0.0086708283655653
2459268.8710898	14.283216222324072	99.99
2459269.8623387	14.327451673570428	0.0068391274406685
2459273.8709932	14.274848278782963	0.0170107547214019
2459276.6259663	14.16470119625295	0.0093680352739883
2459283.824834	14.188411906643434	0.0065388802802991
2459287.8192237	14.25109150795178	0.005032354939799
2459289.8211812	14.221615438890574	0.0053065324935504
2459291.8015657	14.312294943081396	0.007267443271563
2459293.8110465	14.20767703191853	0.0073482522837585
2459295.7949747	14.283453678472792	0.0069718125596223
2459297.8097722	14.319690227614196	0.0079566622219755
2459297.8552184	14.21997024080076	0.0061108169387242
2459299.7854943	14.20429650300699	0.0089415963637992
2459300.7816525	14.23313228383978	0.0114647287541839
2459301.8292732	14.317529001614586	0.017544168057973
2459303.9194274	14.26874991553948	0.032383018312197
2459310.7582313	14.19139403544432	0.0060757527903705
2459311.8902965	14.358931948492014	0.0082120147358241
2459313.4944703	14.237434971255883	0.0045133059662362
2459314.757186	14.251769293774531	0.0061697910343495
2459315.7441599	14.22674987327214	0.0066560489215525
2459317.8072091	14.33840537484446	0.0067311907186757
2459317.8271142	14.33902411095431	0.0061496298972244
2459320.7379949	14.1922596522185	0.0060536920089975
2459320.7877333	14.174317844925024	0.0075375083308073
2459321.7993159	14.250849583689662	0.005391365609735
2459322.8010699	14.329711614939992	0.006927838986572
2459324.7326903	14.354371779796232	0.0074294719277528
2459325.8263659	14.193320118917354	0.0077225355132238
2459326.8427642	14.30125896303004	0.0067242167218412
2459326.9222044	14.325429496183265	0.0124979190767514
2459327.8578986	14.344413424499066	0.0075394109772976
2459328.8155679	14.32911644075286	0.0096693188602443
2459330.7018446	14.289073207353413	0.0121592142133632
2459332.7907202	14.287840625800204	0.0180434264816497
2459332.8307663	14.26868311371587	99.99
2459337.688768	14.182045750383775	0.0076154914338097
2459339.9170909	14.231720780586064	0.0080629624436156
2459344.8286404	14.171709155597815	0.0177792856649947
2459345.5338233	14.177024807934258	0.0057190453993941
2459346.6555602	14.339145492150632	0.0093214084227967
2459346.6784656	14.300682857556543	0.0061025966774816
2459348.418946	14.231502501153276	0.0054896821164698
2459349.7138394	14.306378446604423	0.0075582380009505
2459351.6477131	14.34287667590774	0.0080890342739005
2459351.9198427	14.354928695389082	0.0082092183665936
2459352.82758	14.275113819441824	0.0045131600861927
2459356.6435522	14.32454532163488	0.0115713220805457
2459357.7120491	14.2214968042462	0.0084956845374088
2459357.7157792	14.232807432901424	0.0125790652130712
2459358.3890206	14.191827481932949	0.0106846750649845
2459358.6403506	14.230354869940523	0.0091581454336136
2459359.8376384	14.295926113483215	0.0138614339797869
2459361.6361744	14.345166288643949	0.0247815864988606
2459365.612039	14.173001658937494	0.0091885501798899
2459366.5944214	14.261526546328952	0.0072481390119071
2459367.7583014	14.18616545542774	0.0056815287535425
2459369.5958123	14.23804881482114	0.0052452003005625
2459371.9046288	14.247518486545212	0.0076209589091843
2459373.8309935	14.32509823223726	0.0067681354800312
2459375.7003024	14.271365374519071	0.0048379321212907
2459375.7015219	14.299451302664242	0.0077525224807672
2459376.3457719	14.28753570620998	0.0074633198218333
2459378.3193564	14.317135155045504	0.0117359604385031
2459378.7739545	14.26769553170294	0.003999246757179
2459379.5626561	14.261601059175163	0.0066004014566862
2459383.5534032	14.327721890092544	0.0076284043635916
2459385.653274	14.181935714839824	0.0077532968313113
2459385.6636157	14.204821866589295	0.009677582027834
2459386.5541183	14.237971189386894	0.0065200309057248
2459386.7291369	14.368348589719409	0.0101182326078161
2459388.6753866	14.286704341998163	0.0167453529805198
2459392.6515237	14.286913907063097	0.0156653569609751
2459393.5270175	14.259504888050529	0.0056656165461454
2459401.6816437	14.28736419212715	0.006192934296716
2459402.5795989	14.250958162637737	0.0044777736324666
2459403.6002425	14.32199271744918	0.006271562347537
2459403.6238943	14.283216222324072	99.99
2459405.6103948	14.226205169953769	0.0054375388204043
2459406.7341769	14.316181383399956	0.0070179329286294
2459407.5127217	14.200997392173848	0.0065083869256026
2459409.6690604	14.23686020511764	0.0073805179119546
2459410.7521635	14.23868493265064	0.0057952688484651
2459411.7320328	14.301332240182209	0.0055782778394186
2459411.766033	14.328669030439984	0.0058346166935001
2459412.6502858	14.246891904803435	0.0066253646921689
2459413.6016026	14.27399037041701	0.0056952266747556
2459420.5624574	14.31224784532305	0.0257365243371578
2459422.2239795	14.196042203422586	0.0060894505648642
2459422.5265519	14.222359023126344	0.0056497969081693
2459423.5221941	14.189079755767962	0.0078962761132255
2459424.8122267	14.173820947099257	0.0122190745545616
2459426.2859045	14.234343587027386	0.0044298431817577
2459428.7164286	14.330240053556988	0.0063866777941724
2459431.7810496	14.310736372520074	0.0056531133213022
2459432.6965465	14.276040820447546	0.0069116667917701
2459436.7591581	14.193093722960562	0.0075024607921563
2459437.634166	14.185472833713328	0.0068938989815524
2459439.6371545	14.332989347272695	0.0057075664652907
2459443.5921421	14.215782241513724	0.0127816491286591
2459447.4852373	14.341271755173643	0.0140102836323508
2459448.6466461	14.191570931313146	0.0210198954782624
2459451.358139	14.210820614285671	0.0109123513467476
2459462.445743	14.236089430017852	0.0069031242257785
2459463.6460175	14.180758910655127	0.0074210145796026
2459465.6458207	14.313396496272246	0.0062050660115083
2459466.5982548	14.333911756070751	0.0072618608797374
2459467.6001101	14.280174953334887	0.0050096167796249
2459467.6209542	14.283216222324072	99.99
2459475.2797682	14.195125762700798	0.0113966165202368
2459476.5107873	14.18741072563902	0.0127283892038734
2459478.5000998	14.301625017778562	0.0098351273051691
2459479.6606355	14.19121062280438	0.0218348284089688
2459480.5539551	14.178064002729885	0.009724008484326
2459481.5240444	14.189966373155968	0.0059217650795505
2459481.5735061	14.25728054773954	0.0102350326097961
2459482.5476691	14.32857977356363	0.0059240304971433
2459483.5285267	14.336852528734898	0.0060292756827647
2459489.4975995	14.353618081279508	0.0076622701941656
2459490.5712917	14.183204451508828	0.0062564640690274
2459492.4846373	14.17977048022066	0.0124700071108579
2459493.6226597	14.27592821734246	0.0063183922076699
2459494.5295595	14.293605274904182	0.0069158399818335
2459496.6225374	14.300187292469058	0.0083034541259235
2459497.5424127	14.248398117861818	0.0077491836442872
2459498.5295942	14.311170315695383	0.0076995907737468
2459503.5976644	14.378063046410098	0.0182474874398485
2459504.5466386	14.322111096716704	0.0156326614711729
2459506.3348083	14.26749986218521	0.0176601622835314
2459507.5861139	14.249022791101444	0.0146889982423715
2459508.5864836	14.323878447120002	0.0258778829887958
2459509.5795733	14.309551811634858	0.0192123362032245
2459511.5765282	14.191100155627463	0.0066792853687014
2459513.5058198	14.25080597546084	0.0070376799958374
2459515.548597	14.305575509084852	0.0066763430749183
2459516.5643586	14.17377473138172	0.0079133611070114
2459517.562017	14.208330758340368	0.0074040986304431
2459518.5542785	14.310099891070305	0.0073619700320343
2459520.5650644	14.293550697962605	0.0099409497975987
2459522.2967422	14.249633464091437	0.0077303945294049
2459524.263018	14.34446564477768	0.00974753406557
2459525.5301236	14.325103334865616	0.0076345180095145
2459529.2538522	14.697882715399384	0.0670982038797623
2459529.5246757	14.30817769709423	0.0153040352206468
2459530.5052943	14.266987904089945	0.0172386649810788
2459532.51696	14.223115687590235	0.0136571532081025
2459533.5173091	14.19766488419078	0.0175157849783458
2459535.2608869	14.214473497091053	0.0302378223258742
2459624.8879544	14.261818732544668	0.0237299279873738
2459633.6235335	14.3723793042623	0.0145336161192243
2459634.8652948	14.33532457461888	0.011478439086643
2459634.8665902	14.331426708638515	0.0127882980746995
2459638.8719215	14.31658774543801	0.0070928011884224
2459644.6003177	14.321795375561065	0.0106655000785018
2459644.6015594	14.326270343664875	0.0160145029280567
2459646.8480765	14.216475401353124	0.0059620881611295
2459648.8419482	14.234952944991084	0.0056378062512539
2459649.8478425	14.345704406537685	0.0063346869929229
2459650.8896662	14.290072865575308	0.0042798201122875
2459654.5744714	14.3207321572969	0.0172831600310306
2459654.8672691	14.32437808219238	0.0074754533396144
2459655.878432	14.319496920171776	0.0102894899386892
2459657.8180446	14.238963578931248	0.0135838351390089
2459659.5887466	14.347496086389317	0.0186414619761992
2459659.8044162	14.255441462350786	0.0137642639944546
2459660.8032416	14.311754247435523	0.0118786106487313
2459660.841041	14.348702591641969	0.0115233238832096
2459665.8362149	14.318256387184595	0.0068366759439091
2459666.7808268	14.34481010317566	0.0058408594307045
2459667.8010704	14.274541216198635	0.0060338028028004
2459668.778005	14.236587628296569	0.0065246401711423
2459669.7899598	14.195587434999275	0.0058686958289888
2459670.8190337	14.295538859695773	0.0051623235766278
2459670.8596417	14.354753545880794	0.0060243713117372
2459672.7795903	14.307918554875862	0.0060827637729456
2459673.7747803	14.217481700944688	0.0047266707502949
2459673.8607004	14.19898003532047	0.0060887267812609
2459675.7655751	14.219644149154968	0.0058066415099137
2459676.7626399	14.321946387016345	0.0045494850154964
2459677.7638504	14.34723687925041	0.0064367078711542
2459677.793122	14.339428259287333	0.0058403109170536
2459678.7629704	14.277100602021845	0.0040100135485736
2459678.7923092	14.24358076555792	0.0052964321259987
2459679.7610006	14.220876843152295	0.0057772312308062
2459679.8078825	14.202417274572811	0.0052758255438955
2459679.8091697	14.191853731723864	0.0061459484980016
2459680.8098172	14.30925269993114	0.0059191920567058
2459680.8248947	14.301228408891664	0.0053712693709127
2459681.5769581	14.242228262223165	0.0089180425999556
2459681.5781751	14.211057147405612	0.010249289633591
2459682.7458789	14.333829260403434	0.0132009524316541
2459682.7471998	14.358279902532002	0.0180285486525324
2459684.7961162	14.188520667441455	0.0085136976452203
2459686.759056	14.30650257718512	0.0117918711272533
2459689.8130904	14.225255833144416	0.0151104158290731
2459693.8643545	14.170702533595378	0.0097763280533978
2459695.7120616	14.208204770603016	0.0065396612684052
2459696.7960129	14.276691636744683	0.0054047345894396
2459700.9275053	14.313279063315022	0.0079607114839092
2459702.4328399	14.270919027911438	0.0065003313195594
2459703.6776063	14.294522882103708	0.0057048062058748
2459704.4571131	14.243622596071791	0.0041407764190777
2459708.6646453	14.23364860958047	0.0076108715235604
2459708.6659717	14.193759744048815	0.0115172670098554
2459708.6672679	14.252796250372954	0.0092595261384543
2459709.7705357	14.301002010036829	0.0051879775612162
2459711.4121669	14.16780970702836	0.0140672060314318
2459713.657116	14.225440607255798	0.0104304454532677
2459715.4019036	14.236079880086134	0.0341103867031718
2459716.9161085	14.337195886318977	0.0161972558117098
2459716.9186013	14.396534127538716	0.0275462242553846
2459721.8292896	14.260887189399613	0.0062516401485278
2459721.8305273	14.265582437651744	0.0068481981616868
2459722.7399734	14.208049573609106	0.0065249669286254
2459722.7578942	14.246853324491576	0.0053364845626716
2459723.4362242	14.282138156374732	0.0077279781504362
2459724.6654035	14.266414284106771	0.0040860579070085
2459725.8697503	14.203619331241129	0.0058248983948534
2459727.432789	14.20877935072021	0.00512945829638
2459737.3378936	14.264746413216516	0.0088389897955325
2459737.5964565	14.311231685027447	0.0066089278923929
2459738.6090223	14.25687835599662	0.005646788826593
2459739.643916	14.195730809270884	0.0075819096080391
2459740.6698564	14.299876566815248	0.0077317190551689
2459741.6989408	14.28470886583207	0.0080072803928887
2459741.7085647	14.289900962449234	0.00989011425531
2459742.7266976	14.211521708984234	0.0107476132907864
2459742.7615723	14.141562699697278	0.0109741930793076
2459743.7789227	14.309051392456007	0.0229067681427104
2459747.7241422	14.199873569912542	0.0106848646808442
2459747.7267298	14.144098997011994	0.016327673733097
2459747.7507286	14.189709517418503	0.01324300769492
2459749.6650431	14.187920624679114	0.0066203134777808
2459751.7347273	14.28578374609447	0.0068496326180678
2459756.5918187	14.225122890781734	0.0115373446779425
2459757.5069794	14.155972564355856	0.0068786159980482
2459758.7428372	14.178807630259646	0.0063436382806088
2459758.7454131	14.18222607809516	0.0066709587468013
2459758.8119289	14.29397056828167	0.0047854371730786
2459759.7763638	14.298061965399423	0.0064809118884438
2459759.8345544	14.320916744383878	0.0052306377329438
2459760.853134	14.23934604158343	0.0054503966199831
2459761.8792569	14.195812575914903	0.0058506337114043
2459765.4064048	14.263324695234116	0.0056155737781094
2459767.4963662	14.21170126841658	0.0073933009849728
2459769.4969	14.29896300774345	0.009617969907897
2459776.4250542	14.2455620266328	0.010073142526942
2459777.2514147	14.204383438971496	0.0081133398853358
2459782.5917572	14.221206396020776	0.0077111443949784
2459783.60388	14.353154719415572	0.0059072421009454
2459784.6720259	14.24981057125888	0.0047111392317256
2459785.6274082	14.174989250845888	0.0059890439153883
2459786.6810684	14.253133508479914	0.0038148496455899
2459786.6823609	14.255406091888869	0.0066632130844868
2459787.6875109	14.326586893711095	0.0052189835151951
2459788.7614543	14.212304413594604	0.0060527865324518
2459789.8168441	14.263482806235698	0.0037987551592058
2459789.8181318	14.252877087634277	0.0068737111604986
2459791.7891545	14.35395129270695	0.0070126054589686
2459792.715934	14.331580568298907	0.0056858921850112
2459793.7231344	14.276904572017228	0.0046237081965991
2459794.7219177	14.221642862220277	0.0056203439622898
2459796.502055	14.34250026799428	0.0067477039610477
2459797.5176219	14.221580522790028	0.0070622787454364
2459804.6584305	14.3213845046982	0.013193189496635
2459805.5980966	14.336398666656986	0.0104708968808275
2459806.7215541	14.231239941225144	0.0094930398135296
2459807.7238602	14.337924987498631	0.0089815859629545
2459808.6140554	14.285752292139076	0.0047633931024757
2459810.5534111	14.3512377120481	0.0062985731755666
2459811.6969425	14.18562737974078	0.0057549996874941
2459813.4629832	14.232406321216352	0.0051514460996434
2459814.6059398	14.332362166754551	0.0051145165017535
2459814.607192	14.347149258424071	0.0076904358967512
2459815.6248273	14.321096464592031	0.0054529673335203
2459815.6273816	14.318349533929036	0.0075409979359793
2459817.6772113	14.230649422857772	0.005897640902187
2459818.7159719	14.3499134532213	0.0064833871440137
2459819.659988	14.339946291185916	0.0065859209523894
2459820.7018106	14.205869668785336	0.0060777276648394
2459821.7369891	14.203771677556064	0.0061370179751326
2459822.5702784	14.248082452861317	0.0049526567492446
2459823.5887214	14.198959072785708	0.0058033818602885
2459823.706692	14.356367459832043	0.0069166294084163
2459824.6759205	14.338769676018302	0.0051422987030648
2459825.6874323	14.24964526676836	0.0062835885467147
2459826.6550195	14.242980232712682	0.0107928023698252
2459830.3064023	14.353391942126263	0.019878860153569
2459831.5419375	14.283281413749794	0.0121336720540135
2459833.5111067	14.270677736055683	0.0109519291414493
2459834.6688054	14.352088265961848	0.011666895474983
2459835.5157615	14.221244436089894	0.0056836035737872
2459836.5022074	14.272223379481025	0.0046592290966184
2459837.5165278	14.349601664752928	0.0072842102137754
2459838.5285625	14.25992571420598	0.0076541288266826
2459840.5414508	14.221914492239351	0.004896119663316
2459841.6242336	14.33613890874316	0.0063720370359242
2459842.6476751	14.2013020828413	0.006589584941647
2459843.6453477	14.21212150581298	0.0053196838164961
2459844.6339066	14.235796552105388	0.0065582738703373
2459845.6609915	14.36822990650604	0.0070496258524461
2459846.634316	14.361477468629664	0.0072568710018217
2459851.2640795	14.308522183732824	0.0081929318641487
2459852.5265989	14.31286748622172	0.0063233831380838
2459853.5946638	14.206717546184056	0.0063012649260063
2459857.3262695	14.24629628712288	0.0143459319478854
2459858.5538623	14.295841490757002	0.0124762218864861
2459859.5971474	14.151528588579868	0.0120543483575118
2459863.5926107	14.260444610322	0.0115387252979763
2459864.5430947	14.22472432042554	0.0068246534181427
2459866.300144	14.318048676395518	0.014770443074049
2459868.5115802	14.347575163970568	0.0058509578340946
2459874.584066	14.213041430175709	0.0059701791726837
2459875.5153277	14.255780550315	0.005495956189774
2459876.5170515	14.189968700843744	0.0055857985051243
2459878.5406533	14.333856003337315	0.0061674172778979
2459879.5278863	14.32858158600717	0.0064265634869442
2459880.5191805	14.249987440958083	0.0045576398320626
2459885.5343117	14.251907447878676	0.0080628272136683
2459886.525973	14.207678685367526	0.0092173403602274
2459886.5272321	14.186763435417218	0.0145435142559343
2459887.5276	14.192371500345857	0.0113068196707305
2459888.5241649	14.278674633770583	0.0120445281092564
2459889.5200018	14.360632405776956	0.0159473058017605
2459894.2711007	14.242307043318412	0.0243433936162577
2459895.2573489	14.191853844303624	0.0164685615926024
2459897.5151346	14.162550447336146	0.007848234207604
2459898.5114345	14.27447515618313	0.0097852318471926
2459901.5117033	14.254575394451267	0.0290808099045356
2459989.8898503	14.205217546316122	0.0169226894806937
2459990.8802228	14.189267784775629	0.0085542287901392
2459997.6378926	14.255237054272992	0.0139961877357362
2459999.6263602	14.161653421407095	0.0073318174842814
2460001.8777639	14.234245656979642	0.0057976596267301
2460002.6306856	14.29359407131918	0.0065713181444206
2460002.6319209	14.2727173155632	0.0072419456366926
2460003.8753858	14.343428135554287	0.0069743498416699
2460005.8601237	14.150638147591271	0.007526217758804
2460006.6339524	14.307786833073134	0.0073602338975566
2460010.8458307	14.251122217254633	0.0108015116861904
2460013.5884319	14.295318437368508	0.0109001323616938
2460016.8106696	14.235409936305103	0.0127815877621004
2460017.812749	14.200902860131425	0.0102044097186837
2460021.8101043	14.24446496338199	0.0057643221451954
2460023.8162787	14.252841607930362	0.0048931719836776
2460025.5714802	14.21171589766008	0.0050839615869801
2460027.8039362	14.197479965810071	0.0079347710903596
2460029.7910233	14.288414570401784	0.0059383081417594
2460032.5357461	14.173594284498709	0.0067245185503037
2460034.7919071	14.296317311943104	0.0042058668230399
2460035.9106574	14.23137672429876	0.0068874148130978
2460037.771314	14.239898252928953	0.0123929774199991
2460038.8029141	14.157519710207485	0.010234854730597
2460040.5176189	14.3194078027187	0.0195057898447063
2460043.787853	14.21065591027994	0.0120292877696078
2460049.4955598	14.237543516027593	0.0053391400146737
2460051.5146309	14.29981820917364	0.005113470778588
2460052.6592884	14.24730846643637	0.0042481699710459
2460053.7369926	14.251381401429764	0.0057595878082453
2460056.7258502	14.28716769826809	0.005397411284207
2460057.7174306	14.338913723494144	0.007154509087021
2460057.7743938	14.332220050807372	0.0061291318677459
2460058.7338499	14.311485473827394	0.005752503469025
2460059.8161557	14.210400184388044	0.0055173949666313
2460060.7476632	14.225781057727584	0.0060331656636535
2460061.7108511	14.268334540732594	0.0040467975777866
2460061.8115642	14.323109837024958	0.007484487821796
2460062.7508909	14.301790180590231	0.0039772622137632
2460063.7395666	14.252202462141534	0.005049366523299
2460063.7721758	14.22824312752302	0.0050518925070456
2460064.8314033	14.208915212666964	0.0065031897311292
2460064.8673445	14.288599038291247	0.0046132194816967
2460065.848571	14.324814611776835	0.0060183339991363
2460065.8614274	14.336338368177293	0.0063289033979603
2460067.4551349	14.305236145869122	0.0127544323584681
2460068.6821585	14.34401267875719	0.0138281967427514
2460069.6997301	14.282835949107692	0.0155925712484953
2460069.7169868	14.246736450781224	0.0155187767833875
2460070.8217945	14.33608068531573	0.0161568802806432
2460070.8578951	14.354684148256782	0.0139064674359548
2460072.584039	14.138700812389532	0.0096495892705737
2460077.7422091	14.319145560091622	0.0059774326035593
2460077.9252047	14.193245279626767	0.0080996837108086
2460080.5589406	14.27018081754542	0.0046800733617061
2460081.5775197	14.312790082252809	0.0062890650035356
2460082.839495	14.292046854040612	0.0075179959331707
2460085.8333593	14.246692535349666	0.0056965870918328
2460088.4175527	14.3037198155125	0.0067825101975736
2460088.8440185	14.206406106620664	0.0076104410075914
2460089.8296803	14.180029740533566	0.0069319456415419
2460091.6707591	14.213682893736763	0.0055238508198264
2460091.8433304	14.356534946166615	0.0064985423531491
2460092.4037204	14.21418394117686	0.0147290689741844
2460092.6667397	14.186616030094385	0.0070036796384093
2460093.4101935	14.274872673854798	0.0069226257934141
2460094.7143122	14.345379935252556	0.0113303737701788
2460096.7480092	14.165143459276091	0.0087148230467603
2460097.8122546	14.39525412292034	0.0143064659591528
2460103.8382855	14.296204831424522	0.0084390125903239
2460104.8535209	14.18048224395971	0.0088823253668842
2460107.5771058	14.330529888541108	0.0069685342221094
2460107.9160288	14.294084227501408	0.0069823156774659
2460108.8545319	14.334314893921746	0.0080253215227597
2460110.5784291	14.243299042929468	0.006331555700425
2460112.5624873	14.361721505986448	0.0084356606109941
2460112.9277579	14.254398477601374	0.0088269063789553
2460113.7129798	14.252670395497075	0.0043366223367912
2460114.6721233	14.280423724908635	0.0064762450492297
2460119.8399979	14.226520860095528	0.0057449498572848
2460120.5766387	14.238093235849174	0.004885773539893
2460121.5351208	14.23512270238994	0.0097441699556366
2460122.5390929	14.324115235804	0.0087957206826592
2460126.7332563	14.268376945803263	0.0105412884983308
2460130.5092513	14.235402668844031	0.0147290210915799
2460131.2579988	14.210667439896948	0.0095856390726858
2460132.2558948	14.312314671419276	0.0095121349096757
2460133.8300352	14.315282607675544	0.0062075523709003
2460134.5850331	14.212531674124431	0.0073573197418748
2460137.2594955	14.30070349785252	0.0064000401757506
2460138.5913028	14.308225260912575	0.008416334663039
2460139.28219	14.194170178891012	0.0051206097058345
2460139.6946044	14.199346354794596	0.0058649100689128
2460139.7287036	14.261724262569489	0.0053543466369038
2460140.6854137	14.305110144221397	0.0066365789392118
2460141.4875044	14.200851217815122	0.0062066159774475
2460141.7164717	14.29055320535529	0.0038866129179216
2460142.7110548	14.21393668464674	0.0048290433180752
2460143.3308584	14.24009019235816	0.004776145510473
2460149.2258659	14.31371685302394	0.0076943154289241
2460151.8202993	14.194730679380829	0.0054486039515842
2460153.6215922	14.320503485834198	0.0100631126738273
2460154.5213	14.366019953452652	0.0119418321401429
2460159.5269165	14.387055211520916	0.0476216754152172
2460159.6710542	14.14872558128769	0.013263912766878
2460162.3855732	14.333653021169946	0.0099137965887239
2460163.4745351	14.194181850434918	0.00857511277631
2460167.437079	14.278068821081416	0.0056711542623092
2460180.22272	14.328149434201116	0.0077645461079559
2460208.2348262	14.181783140726598	0.0064508878938334
2460209.3934639	14.301389590796065	0.0088536179186356
2460216.262785	14.292070177389355	0.0128631074041633
2460217.5299738	14.322239391393136	0.0139797956172342
2460218.5491883	14.231996130205552	0.0088446681089015
2460219.6160085	14.279096867872738	0.0103597583788462
2460220.5649973	14.305985679396665	0.0058548791779785
2460221.6346612	14.298384926726795	0.0053410860299265
2460222.5960729	14.253695386163018	0.0048970908227151
2460224.5121059	14.198126178610949	0.005945877318484
2460225.5575616	14.244198288092363	0.0047296122427733
2460226.6106584	14.349598486349146	0.0075482482859883
2460227.6057251	14.269643398731873	0.0039258668761967
2460233.3326981	14.19064776806761	0.005315840848062
2460235.3131836	14.316993545771783	0.0079269252298097
2460236.5017851	14.22698310091306	0.0061238154004228
2460240.2929266	14.196535742649466	0.0169629306314359
2460241.5342066	14.228155187243214	0.012099319285166
2460243.5056222	14.343435582335676	0.0109532617823465
2460248.2729864	14.285594210911643	0.0058290785765523
2460255.5017117	14.229923093704953	0.0146970282153357
2460258.2714061	14.306043640336274	0.0074960504305976
2460260.5094842	14.24877397631024	0.0121012887426112
2460380.8824122	14.169454752752983	0.0069202702404013
2460385.840035	14.207958185977647	0.0073318954504407
2460386.8410105	14.228714145810727	0.0062624121337129
2460387.9067633	14.262933587582896	0.0114272306632053
2460388.8357946	14.36379285774314	0.0074431914201091
2460391.9070723	14.25859508425214	0.00529853863654
2460396.8139403	14.256604718771246	0.0118845790927291
2460404.8453636	14.342399352731611	0.0060055191551983
2460405.8532084	14.252864395481703	0.0061582060624398
2460407.8600138	14.235557981817664	0.0051015938043726
2460416.8435891	14.242729318317677	0.0049209080677052
2460417.9092773	14.239118560433043	0.0051677228766925
2460418.8178281	14.213605414053124	0.0086321732969426
2460419.8414082	14.332037058030858	0.0056076233941077
2460423.8500358	14.23674677356376	0.0087231976693343
2460425.7351838	14.255366542363335	0.0115549469276981
2460434.7283819	14.18484753243242	0.0068882724884788
2460436.677065	14.208390072251298	0.006305596847497
2460439.4362195	14.188116024889563	0.0066641579079124
2460439.4374366	14.183122044338896	0.009539973505324
2460440.4198833	14.19431279009016	0.0088817827005649
2460440.7558745	14.24144071650934	0.0060607643406548
2460443.4065025	14.271356781103536	0.005362724861026
2460447.3892087	14.33061379791483	0.0162887697657441
2460448.6886197	14.3265407379538	0.0097342951681605
2460449.6577813	14.36003869436285	0.0134303849793152
2460452.4265025	14.385976477649663	0.0227839366932369
