2458141.8618616	15.911056389073265	0.0226575728187166
2458150.8524046	16.083251356205743	0.1010164185210028
2458151.6012622	16.28915431799505	0.0656240928600748
2458154.6159213	16.043648295900972	0.0465623835752435
2458155.6117143	15.859266539360506	0.0324335489067871
2458156.6036717	16.14254040722448	0.0551323299087238
2458162.8228062	16.158816192685684	0.0313951000804956
2458165.8577903	16.03040016307212	0.0263122947242767
2458172.5474772	15.857793819404597	0.0217818519271904
2458173.7879068	15.856219745226682	0.0176814538876745
2458173.9971255	15.988951985103704	0.0299476735677526
2458174.9975802	15.680617347619757	0.0195874104585873
2458176.0017337	16.06935317600746	0.027240317154755
2458176.5258552	16.008519257049908	0.0497461846096708
2458177.5251599	15.700950654126476	0.0417802289348805
2458178.5206445	16.036940481630758	0.0721500005540574
2458178.7800785	15.970856222960713	0.0615748567887949
2458182.0047697	15.879809799111488	0.0506811665755491
2458184.0129243	15.951130902518354	0.0783069284293816
2458189.7553359	16.022971175085814	0.0329330175473958
2458190.5892482	15.67188607919293	0.01954376395064
2458190.7574289	15.837059181440946	0.0212680029740182
2458192.831744	15.990738540071094	0.0223645829699022
2458195.574925	15.835082373420937	0.0208220433958153
2458195.8672159	15.93942106781406	0.0182460751139651
2458196.5679565	16.05938622484552	0.0286308844782342
2458197.9383488	15.99156759211949	0.025919496080288
2458198.8117375	15.68226526534959	0.0199936092555297
2458201.5411068	15.98170900909109	0.0187600343640138
2458203.5465738	16.077113065419763	0.0289032694201198
2458203.725753	15.863161514796154	0.0282969217893183
2458204.5603627	15.828385582134883	0.022487683241362
2458204.7305902	15.921107752733498	0.0363925570907018
2458205.5878196	16.096199989708357	0.028682528145989
2458205.8510902	15.870288353373018	0.0181426624837304
2458206.7034207	16.12829594035096	0.068957427108991
2458210.4460785	16.03803497009227	0.075663361303078
2458215.8881608	15.890818879323358	0.0545998705434154
2458216.9233319	15.756180792341288	0.0836797017428757
2458217.9001964	15.99508193403058	0.0243731740856353
2458218.5334509	15.949029643701303	0.0215966359989376
2458220.5773023	16.14717811452407	0.0292283007888041
2458223.7459775	16.13189049116919	0.0296720332595658
2458226.7401621	16.03539379751955	0.0242005804026387
2458228.563577	15.954532324527207	0.0180804530310515
2458229.5594037	15.602618425715264	0.0184270005331321
2458231.4694741	15.650395743800855	0.0235672060791703
2458233.6326529	16.09113892971249	0.0288906148316913
2458243.4169536	15.624327752222712	0.0303208141449191
2458244.6780352	15.653240655147757	0.0303339904677329
2458245.7288081	16.185974929434156	0.0522355729941698
2458246.7299828	15.915407080051184	0.0201472079070859
2458248.5218614	15.800469962729755	0.0239765835627347
2458249.6685459	15.589182422918189	0.0191853625500719
2458251.508179	15.702066952445456	0.0260035881361473
2458252.5040472	16.05273131337124	0.0252867595351567
2458254.5144165	16.162710481111567	0.0307136825151573
2458255.5029019	15.948694031220828	0.0170359028577003
2458255.7294938	16.024914705411003	0.0249868376013449
2458256.4645073	16.049441149574648	0.021652500473629
2458258.6641422	15.970847110271238	0.0184516615559994
2458259.6869311	15.62219411468789	0.0201140445701481
2458263.8663863	15.996596396837862	0.0639725150276432
2458264.6259656	16.063668674821812	0.0491899173555716
2458265.301671	15.685657250372454	0.0446675148911238
2458271.7063387	15.671576238735238	0.029817005711965
2458274.768206	15.570003468724412	0.0248907200968554
2458275.4114291	15.61832963855605	0.0225120591398915
2458275.7356772	16.045971668919698	0.0338121257099329
2458276.6727476	15.581836551735444	0.0206698285787278
2458277.4805489	15.941704757377952	0.0225379446111742
2458280.4238763	15.62452916842977	0.0203427913681276
2458281.417115	15.9955338649795	0.0193068128244481
2458282.4151486	15.795402081574728	0.0204257240932303
2458283.7202816	15.78203442357128	0.0191856120802699
2458287.7223551	16.029044067616564	0.0259065876966726
2458288.4992901	15.917504575190886	0.0149404027941403
2458292.2102828	16.161525975957083	0.0565087280994231
2458297.5939024	15.75471290634922	0.0590095738422048
2458300.589673	15.769196093945448	0.0284513199108308
2458303.3609004	16.01858526707853	0.0288806133167121
2458304.3949097	15.832723323132136	0.0190264833221025
2458305.3363046	16.094587599717627	0.0239107125002567
2458305.6775202	15.820843438786737	0.0219409450924508
2458306.3441659	15.884705778893826	0.0175730811405865
2458306.7035063	16.009638409918246	0.0229169333427133
2458307.3408764	16.103382144357553	0.0255612240126665
2458308.337515	15.990743053009393	0.0194368994830185
2458308.7175754	15.678460312010689	0.0208573994845705
2458309.3338825	15.642339481225262	0.0209637558341066
2458310.3304691	16.031825956626392	0.0198223031277707
2458311.7351701	16.102477374118493	0.0309416725326302
2458316.6588408	16.071618727098418	0.028183402929456
2458317.234095	16.14769398631447	0.0323102692135755
2458319.6953095	16.030889210123107	0.0567021642330411
2458320.6751732	15.790512341872107	0.070777892866912
2458328.6608747	16.05332327213546	0.103104018899274
2458329.6679625	15.91569454840474	0.0772194738663427
2458330.2570878	15.952012902604428	0.0195331127865666
2458331.4775599	15.947968314245486	0.0208437577843448
2458332.4889717	15.891832818508757	0.0191828931182398
2458333.2659828	15.716319522792793	0.0196665612160042
2458334.2551512	16.086845440021065	0.0268914851553065
2458335.5122696	16.066021033408976	0.0294147170798981
2458338.2308582	15.619179596290405	0.0178995851165404
2458338.6473862	16.019715701052554	0.0298679738372818
2458339.2461364	16.04190698233822	0.0212643107409554
2458340.2501437	15.8798536290611	0.0151942249884911
2458344.2371356	15.989076067760523	0.0219122108369788
2458352.3505825	16.118305457853978	0.0639620784766198
2458355.6053965	16.140429551132815	0.0740966429274946
2458358.5910887	15.816613561185552	0.0480030584117758
2458364.5786924	15.645432019650958	0.0215760978308865
2458371.510062	15.52718331811576	0.021772790966318
2458382.5228042	16.045771060951733	0.0507783699526696
2458383.5219948	15.750458950243909	0.0427160136494687
2458385.4968874	15.892053948579164	0.0571480435416364
2458393.4931674	15.60909327629438	0.023558836658244
2458394.4898494	15.983056022982094	0.0388766328718742
2458397.4847667	15.961858231125747	0.0654041592481924
2458501.8745893	15.610220853919245	0.0921173870446162
2458503.6157458	16.074690966930604	0.1025617132823993
2458503.8706498	16.08657505585559	0.0754378823130249
2458506.6070608	15.921892631242628	0.0602939905258519
2458510.8603925	16.12396406475552	0.0715644582837854
2458511.874647	15.923646406990535	0.0560143237184443
2458516.8807074	16.063444934589562	0.0673328294191335
2458517.6039872	16.124085785604862	0.0396834543601569
2458517.8643185	15.59083181589299	0.0220315851773223
2458518.8679123	15.988222082340712	0.0292520544458825
2458519.5931545	16.143156572787674	0.0350563458707466
2458519.8635958	15.765946670000346	0.0244323559523236
2458520.5894734	15.996626865193988	0.0246479304576364
2458520.8456976	16.059044752127807	0.0316207906744838
2458521.5728397	15.7730622256494	0.0218732564105576
2458521.8416277	15.91058444779793	0.0207491529426677
2458522.5848057	16.00451121741231	0.0273260536301131
2458522.8439422	15.647032326269816	0.0263361832300045
2458523.8365981	15.924888936045129	0.0281672634879334
2458524.5776109	16.04748239512738	0.0313242172603714
2458524.8396738	15.677238536713944	0.0243192823677797
2458526.8344919	15.823321691374506	0.0254724691211338
2458527.8271835	15.817504318049004	0.028185653130619
2458528.8226597	15.951489562704827	0.0243225127534728
2458529.8434495	15.70335358667842	0.0203113713390982
2458532.8122499	16.099685335249664	0.082259692410973
2458533.594958	15.69902684439754	0.0554114150879134
2458533.8097636	15.988596750538395	0.0876880810136042
2458534.8020141	15.392190983192886	0.053901555506268
2458536.8858352	15.88674987228021	0.0364565250532386
2458543.5973757	15.61868031499932	0.0242426874881982
2458543.9035009	16.02108195263267	0.0544687781031481
2458544.6251858	16.102407366307858	0.0397667083940952
2458545.6411325	15.835178282583932	0.0271182670499437
2458545.9891566	16.00279750325013	0.0263525117172874
2458546.599514	16.09990975698323	0.0266815081627959
2458546.8486585	15.821188697279007	0.0199960061788594
2458547.8634226	16.16076235267799	0.0389547437883142
2458548.494508	16.141737107647888	0.0294899503568352
2458548.8663	15.94203334503888	0.0241260309712949
2458549.5042564	15.976712910917428	0.0221304946863748
2458551.8110579	15.64833834803049	0.0206059444090978
2458553.7788809	15.814660963629676	0.0191883065079637
2458554.486104	15.872465438543893	0.0219106484405984
2458554.7523188	15.98203490878423	0.0238033961090736
2458555.5521176	15.621646913715656	0.0184590680487966
2458555.7659674	15.914029348403702	0.0221621363745043
2458556.8067283	15.56170267965351	0.0223062452097033
2458557.5439888	15.821641474516046	0.0204612361025651
2458558.8162562	15.893150707881269	0.019925071573544
2458564.7911181	16.088458894185408	0.0809848590053286
2458565.8518255	16.070483482818915	0.0676887575230631
2458571.9048594	15.63286657634466	0.0258552794942449
2458572.5117687	15.634691387596	0.0222758106582126
2458573.8264993	15.59095086915386	0.0239548933268121
2458575.6851066	15.697794258777495	0.0176582766636754
2458576.6838468	16.042946062954464	0.0241103540992976
2458577.6881266	15.825135892988376	0.0178823943253928
2458578.7189852	15.730752592143808	0.0173212413009906
2458579.7224927	15.96302790517822	0.0283451448465879
2458580.6672993	15.635751181376632	0.0247481757567764
2458581.6701031	16.040145620848158	0.0274300885832951
2458582.8687827	15.978883915590274	0.029398718949416
2458584.4094269	15.677183709182778	0.0206654297011991
2458586.7676202	16.092329812984723	0.0320841559659191
2458587.722998	15.872564867609908	0.028416294453407
2458588.7051073	16.00383059189409	0.045978558637566
2458592.4097006	15.98765365388719	0.0947215988293218
2458598.3711725	15.780820019506503	0.0289327245818044
2458600.6113516	16.085394353568045	0.0351767937599055
2458601.6457882	15.89396138008306	0.0205976593303007
2458602.6409957	15.588100787436478	0.0193451314869625
2458605.8076551	15.62373262765049	0.0246459071787549
2458608.6106826	15.93691694035874	0.0236581210184343
2458612.7925852	15.7635284122881	0.0248196153657093
2458613.810955	15.968935548239376	0.0242627232590799
2458614.6683039	15.782424934983222	0.0229955123665173
2458621.6051947	15.515605326929274	0.0611927449887238
2458625.4347924	15.857460404250538	0.0409474380829432
2458625.6705647	15.973922753296048	0.0427477630430952
2458626.2772121	16.054397210824213	0.0256032408768187
2458626.5495884	15.604333759885964	0.0214525665373804
2458628.2731323	16.134960844072857	0.034366541292707
2458629.2871767	16.04219915743758	0.0284417946476256
2458630.8643719	15.627360564667043	0.0296855166368268
2458631.555722	15.625793992183208	0.0221407676302196
2458633.3422351	15.832606167243132	0.0202502697273846
2458633.8046403	15.988794298545375	0.0332269608830237
2458635.6342544	15.980979926245457	0.0237330324258141
2458636.6181288	15.766650986383944	0.0216149349649921
2458638.2455161	16.013952679804127	0.0235306621377959
2458641.8130311	15.943916456658272	0.0282259675047737
2458642.808532	15.636680240175076	0.0339166855220747
2458643.2413198	16.129334956591286	0.0352642414960155
2458643.5437218	15.665001288218836	0.0238677220063102
2458644.7589305	15.615856164468262	0.0200978683189206
2458645.7300445	16.07140573360236	0.0296871654062872
2458646.5066487	15.959938410464066	0.0314273703150386
2458648.2262872	16.019106957676673	0.0443619174164856
2458648.7027106	15.883544138328968	0.0630645693332647
2458652.7749325	15.881241558106831	0.082607852857024
2458654.6409163	16.041047167364944	0.0510756882274736
2458657.5677318	15.960911216914536	0.0217258895498869
2458660.7790596	16.013331827034722	0.0347113022587754
2458667.7092744	16.01504842012036	0.0262426679489447
2458668.6683298	15.714237590727429	0.0214867062982185
2458669.7039371	16.082467092965423	0.0314731924848525
2458670.5834361	15.788868116033958	0.0225939943038888
2458674.7076944	16.09127467422662	0.0692539646491435
2458674.756971	16.077665113989458	0.0355168389855523
2458680.5068106	15.735604600146784	0.0470521411099796
2458681.5485404	15.824228368260568	0.068529003303254
2458682.5497231	15.759847191147404	0.0482612669352578
2458683.7091124	15.58996270543473	0.0721842419370666
2458684.700078	15.791043248557305	0.0532461176155601
2458689.6725846	15.98951036355196	0.030223498501302
2458690.3711047	16.017114991459827	0.0224374518380029
2458691.3849454	15.927599327551816	0.0254333610305104
2458691.6864653	16.149699840656186	0.038139175984402
2458692.6815688	15.953009660651382	0.0302964322448585
2458694.5887341	15.944786646044074	0.0189453366722496
2458695.6654957	15.690110899134751	0.0301308930981065
2458697.6674997	15.761979178233236	0.0309138054344302
2458698.6776077	15.792991767136224	0.0183904175111273
2458699.2720629	15.99976555262093	0.0196522321824327
2458699.4863461	15.780193504706109	0.0209135461257142
2458700.2541309	15.976853350376356	0.0263155276718866
2458700.4834303	16.080562816053025	0.0303980911289873
2458700.6493467	15.61734464350945	0.0380717817421896
2458708.6386763	16.05306892804455	0.0757765646126055
2458709.5960932	16.04718454678567	0.0972383867300643
2458712.3817126	15.99564647940888	0.0753710265451138
2458712.6222962	15.617485001089197	0.040962352363024
2458713.560249	16.016802870095965	0.0526786556486981
2458717.6281396	15.61737534424603	0.0226716046471563
2458718.2798687	15.768104640904667	0.0300002477758626
2458718.6243272	15.944137653065935	0.0227936806425886
2458719.366045	16.109525486903276	0.0378073961006496
2458721.6185264	15.867173469801148	0.0204914687430187
2458723.3548414	15.88203892080615	0.0268194816012559
2458724.3512056	16.11308860179304	0.0378521835140424
2458724.6016117	15.773207443410222	0.0182716965490075
2458725.606883	16.19264953243233	0.0398399471012314
2458727.5154013	16.103833735165075	0.0561770802738263
2458727.6014994	15.621886889524038	0.0221386857811956
2458728.324023	15.677349374591923	0.024103144339608
2458728.5979118	15.939981763579604	0.0250381749187392
2458729.2731286	16.082530817008323	0.0302853959683932
2458729.5951145	15.672850203909825	0.0221003824386203
2458730.2639863	15.805080936136498	0.0258503655367093
2458730.5426916	15.91180071617767	0.0295948305753882
2458734.5815842	15.666114235980364	0.0443190784896158
2458740.5632074	15.77215015264947	0.0764980155024794
2458741.4984696	15.7231805615089	0.0443026292127636
2458742.5602529	16.22104758108043	0.0939844900974518
2458743.2843028	15.809703394706084	0.0419255597276677
2458744.5496876	15.699208073497966	0.0274077864856397
2458745.5465245	16.102830114090786	0.0385742592441368
2458746.5470424	15.670391805170432	0.0213150242046241
2458747.5405465	16.046395086308266	0.0289020341119933
2458748.5401376	15.813339685718631	0.024530623716309
2458750.5133626	15.906151079717016	0.0247685386882362
2458752.2879186	15.903473923797629	0.0482170662018489
2458752.5076348	16.04962978555644	0.0497886153830955
2458753.5090972	15.811424814599292	0.0245386906260395
2458754.2411425	15.92051978323962	0.0250240845554855
2458754.5031821	16.000889728869037	0.0313509781889278
2458755.5188813	15.91420727920809	0.0267032596621398
2458756.4991911	15.70800484460528	0.0279646804693993
2458757.4966705	15.937242796635678	0.0309997337223374
2458762.2828146	16.056738877340642	0.0732907359331071
2458880.6106807	15.993332674098063	0.038129709861248
2458881.8821049	16.022411676896986	0.0891473296013349
2458882.5826801	16.069776528287434	0.0387443130899005
2458882.8816792	15.99426389687915	0.0768175670125229
2458883.6009207	15.903483047172848	0.0271615378420489
2458884.5974325	15.778465673626114	0.0283481471761965
2458893.5885741	15.841035410702297	0.0716802082122643
2458899.7980837	15.64561760058214	0.0282282224800499
2458900.7981757	15.989393743344928	0.0304511327973284
2458901.7968236	15.877725359177566	0.0248021506330047
2458903.5397179	15.70746216630275	0.0248028660214757
2458904.5351568	16.10612711078078	0.0297974424267103
2458904.7950678	15.600683044224224	0.0225003585859536
2458905.7864987	16.03579247195985	0.0345285782819232
2458906.8271418	15.921353983920865	0.0342062428458221
2458907.8123472	15.915602524212083	0.0222244522292096
2458908.8634315	16.04151973713843	0.0323332061520547
2458909.5284126	16.103279716037772	0.03304232728552
2458911.7710536	15.861852450498384	0.0260096709077205
2458912.7574116	16.04782145265304	0.0420070014867339
2458913.7798415	15.95338208271856	0.0237190778833916
2458915.7600534	16.115694538232553	0.0706356412215542
2458915.761336	16.105821989005918	0.0781736578698874
2458925.6242288	15.86696627678398	0.0323104208716015
2458926.9564247	15.975372421256944	0.0326812279955943
2458928.4739916	16.145580603431043	0.0308731523803666
2458930.4564979	15.758766751220517	0.0225988077120436
2458932.9193862	15.874662925425916	0.0196602125282936
2458955.858418	15.945037021960324	0.0237208278146976
2458958.8428611	15.695846355614156	0.0219579792140953
2458960.8517573	15.72609034496776	0.0396675625097726
2458962.8371294	15.901020536348296	0.0212541004630974
2458968.8159423	15.596221911683251	0.0237338009509031
2458980.4490331	16.01299616379523	0.0955272618189453
2458989.5616302	15.571706196140711	0.0241806279049124
2458991.3490698	15.89706400313279	0.0193832528205564
2458998.7392809	15.96280722532314	0.0394398377191181
2459002.2575813	15.842258928569	0.0610023663964601
2459009.3597141	16.08892534445222	0.0641483640701273
2459011.7138592	15.803012161454062	0.0263121685462476
2459016.4105044	16.137694209582186	0.0334677567049242
2459017.3432147	15.816608190238888	0.0230304723391608
2459019.765697	15.673873499567035	0.0256330612430227
2459025.3946379	15.740410849166988	0.025004761813636
2459035.3610617	15.789397644327728	0.122026188473655
2459038.4817755	15.68172501487066	0.052639334188456
2459044.6561394	16.09377205065169	0.0320480555036253
2459045.7286247	15.97186532879628	0.0354307481252323
2459046.7228242	15.674066404969548	0.0282826435702902
2459049.4037424	15.894741989918588	0.0260616528638982
2459057.2417253	16.06891481529001	0.0398247217869821
2459057.6209364	16.144531771994046	0.0778442754040325
2459057.6221465	16.157737605872807	0.0907820156199911
2459068.6438146	15.717184121868122	0.0236885585648112
2459073.6327355	15.74851601501865	0.0220809859175243
2459074.6467186	16.067416256126737	0.0410763222466432
2459080.6161409	15.559011954672568	0.0296291124115084
2459081.6228053	15.876487881434343	0.0339869776878141
2459095.5911772	15.847819497711228	0.0824350060735923
2459103.2303878	15.738094613206645	0.0303303181475655
2459109.2978084	16.094679725196286	0.0382850488342616
2459238.611349	15.9321781548315	0.054847065605915
2459238.8731854	15.608124468725212	0.0380403107421269
2459240.8358056	15.664011701122256	0.0247518444620934
2459243.6221966	16.29701129199047	0.1620639733729914
2459246.5842546	15.768521991633374	0.0754321107199383
2459249.5650181	15.644688353840056	0.0290635885216157
2459254.8531078	15.971766405308667	0.0289445664237059
2459260.7879506	15.976528565828747	0.0318289801337298
2459262.7920342	15.58628688965054	0.0239786288757723
2459263.8042834	16.108692092189564	0.036532653962248
2459264.7853808	15.874264400966869	0.0290087935312771
2459264.7865979	15.836396744814476	0.0332882182638101
2459265.8368424	15.735619842898409	0.0253481024963294
2459266.783736	15.885370785380804	99.99
2459267.799123	15.587093650222371	0.0243677075801265
2459269.5500185	16.05463184295189	0.0380235093209109
2459272.5043823	16.234718308959142	0.1377988885836124
2459277.4927867	16.047116556081956	0.062388134311234
2459281.7252707	15.75782513561422	0.023560767542266
2459282.0069429	16.157326860111013	0.052776050169248
2459292.9427073	15.645135874766993	0.0200139140822449
2459294.9271127	15.74046291323022	0.0206366746356307
2459295.6982337	15.96915635377741	0.0342830579633868
2459295.8397795	16.05235926398665	0.0329993059067627
2459296.7537263	15.665620045652432	0.0255812732307016
2459297.8097045	15.992165632727858	0.0321528287536183
2459308.5765955	15.775437968515387	0.0330304089276423
2459309.399038	15.807610413249504	0.0511804719964758
2459309.9723305	15.6466647177512	0.0419490438651089
2459310.7342752	15.94688811810669	0.0236987332993276
2459313.8771335	15.92870377671071	0.0266628692877319
2459315.8755396	16.02754953591176	0.0287743101557903
2459316.6325599	16.082886586885216	0.0324406685430101
2459316.7782642	15.653030737328082	0.0271341705981537
2459317.6756361	15.951237087071627	0.0288449075090374
2459319.4142259	15.889628912649918	0.0443139967242676
2459323.3656733	16.045607914780806	0.0316839526205443
2459323.6502826	15.736088057285	0.0254833958496983
2459324.8946478	15.762697168517716	0.021724859466694
2459330.5889193	15.764370002273898	0.0455327599223035
2459337.7242967	16.00748571766532	0.0409389919872425
2459338.6993159	15.751912280442967	0.0200552809792188
2459339.846386	16.03370001951237	0.0293811160388066
2459340.8236646	15.842471019440213	0.0322217294610341
2459343.8540717	15.789963360756731	0.0167042192509085
2459344.4198685	15.665960018691912	0.0235151105739548
2459344.8430323	16.078770861183408	0.0361635518091805
2459351.3755656	15.729759477650196	0.0261766284113033
2459351.570758	16.02345031420811	0.0242491350579664
2459355.7491137	15.51658731844455	0.0393321254228691
2459357.5571982	15.570776993071558	0.0510789711266506
2459358.2672931	15.341353085375026	0.0604664536076565
2459358.5463897	16.034332742460304	0.0721573931158532
2459363.7049665	16.069552355840212	0.0659259251766265
2459365.246416	15.904205097465669	0.0285157459355499
2459368.8541639	15.731182120254312	0.0293611812280602
2459370.8165192	15.651362987024742	0.0220566829647808
2459371.6819091	15.936361669431063	0.0230543887256762
2459371.752469	16.018913704162973	0.0295415186434955
2459372.2277805	15.866022221267922	0.0319868759463788
2459372.5003131	16.12959742916779	0.0339031537434478
2459372.785389	15.839502211995445	0.0420404590690004
2459374.735838	15.850228080975036	0.0141337912808531
2459375.7808566	15.677718277426964	0.0274787928299794
2459375.7904786	15.64965622592884	0.0261273094361069
2459376.7297333	15.952047143098511	0.0277926471602191
2459376.8106888	16.016649367249066	0.0406819508260566
2459377.8259315	15.755281449275966	0.0263916065935341
2459379.4654377	16.094642282563253	0.0327528664239737
2459379.6266313	15.62231748393044	0.0236940054634408
2459380.7213475	16.151749399641982	0.0392821667625618
2459383.5813564	15.95794090907839	0.031670764803944
2459384.6214397	15.661559203405972	0.0344604310757738
2459384.6734558	15.510714948303878	0.0453765667851469
2459385.6596378	16.040609570552178	0.0452144613268111
2459386.4561828	15.534285388308856	0.0866910603863357
2459393.491536	15.701268221895324	0.0203266356309002
2459393.7793495	16.14476964903712	0.0871319354992959
2459394.6654475	15.67950700003392	0.0316042958063183
2459397.7492775	15.757208946619183	0.0211121278695318
2459400.4540806	15.953957526958275	0.0525199531764009
2459401.7196645	15.789569383527846	0.0270245764791171
2459401.7657963	15.755978968808687	0.0206316020600183
2459402.6207121	16.08833677357839	0.028000228017851
2459405.6929645	15.978839086344912	0.0270203288274073
2459407.4522116	16.215195722307612	0.0983643625926717
2459408.7179941	15.937717350141318	0.0289763897860712
2459410.7000547	16.057249594982537	0.0343303174381177
2459411.7209091	15.645730797927824	0.0410593259378168
2459412.6856489	16.04298214297762	0.0615801168366335
2459413.6803183	15.887936625325672	0.0431616087715957
2459419.6154208	16.34623250174689	0.1274341236780629
2459421.5082655	15.973150062969454	0.045913947249734
2459421.6840318	15.690004512337127	0.0618754738183228
2459422.670859	16.019297481312268	0.0585645145447238
2459426.2454563	15.910324698850651	0.018120212166167
2459433.5646233	15.633622697838735	0.025817516293408
2459435.6473743	15.854747917578337	0.0342079736873546
2459449.5172748	15.963528565236524	0.0754108075565425
2459453.5554325	16.06287480195182	0.0379396709123325
2459455.6015474	15.584531372587607	0.0272978916098599
2459455.6028344	15.614884042174475	0.0314268275607251
2459457.594995	15.734106781669157	0.0302558584231421
2459458.5788566	15.997555365863256	0.0355688171195336
2459459.5654256	15.91338675722752	0.0311898979280232
2459460.3151706	16.00187507509261	0.0334588899448114
2459461.5735554	16.028761707942184	0.0312337061854907
2459463.5777808	16.007039088378583	0.0439504316458998
2459464.4719769	15.706154928384864	0.0533694444829404
2459464.4732172	15.776082984091822	0.0530277469592269
2459465.5293462	16.094011399536253	0.0429444828137439
2459467.2681788	16.12030234484822	0.0424488868881139
2459472.4894175	15.653546268321332	0.0387523480682281
2459473.5169573	15.98735309915636	0.0614651179770681
2459476.303913	15.77194676634318	0.0844914709358008
2459478.5306288	15.998245249812976	0.1120679947753124
2459480.5086879	15.989899678787376	0.0390431700074945
2459481.5279823	15.827351321594795	0.025195416620977
2459482.5284817	15.825538161822635	0.0300829076406793
2459483.5057316	16.052032181672434	0.0391422508325084
2459485.2677281	15.697689292388825	0.0301607855196828
2459488.505341	15.844193025808956	0.0260844502754598
2459490.5022192	15.969834694634372	0.0334835234363455
2459491.5017166	15.727147363363436	0.0367865393545925
2459492.2452789	15.9411436139325	0.0392635033425563
2459494.4922105	15.685213274605156	0.0341469211178919
2459597.8672249	15.970582565635867	0.1224579334005234
2459598.8630928	15.645323285027692	0.0811061403923988
2459599.6170437	15.435906299955436	0.2013208537052394
2459609.838732	16.01020990699616	0.03833881748808
2459616.8243406	16.058912978076236	0.0410358236591595
2459619.5765631	15.744800125702982	0.0302723830997448
2459619.8153435	15.997211894018331	0.038827419834718
2459620.8178747	15.576026119028342	0.0297471131687723
2459621.8077248	15.994272562299477	0.0315237353926292
2459622.8627571	15.964141943561348	0.0397560215173172
2459623.8696148	15.70704289608994	0.0385805711252798
2459626.7868135	15.938728617212076	0.1091222816314551
2459627.5413641	16.252820610783637	0.1086221693631284
2459628.7882792	15.9747034655312	0.0823265154711056
2459628.7895808	16.210307110646838	0.1371294946544165
2459630.0058829	16.124621745642415	0.0875617920296209
2459631.5382105	15.709230567232154	0.0576223755234599
2459632.7751823	15.71014458389024	0.0595160982570146
2459636.8939356	16.17990696499989	0.0596600830507591
2459637.8733781	15.727530343442131	0.0332284586786266
2459639.7632957	15.888195142768836	0.0363674569090788
2459640.7488641	15.881302916805051	0.0189215244669441
2459643.7509945	16.04502329925371	0.0317204071496639
2459644.7554703	15.723593725402598	0.0238186196577052
2459644.757952	15.637015354827478	0.0374927700801752
2459644.7836249	15.751849803187769	0.0253348195300456
2459644.784936	15.778980844965616	0.0286644594373529
2459646.7534407	15.853287264609657	0.0165081943223273
2459647.7375927	15.736636387209392	0.0285025551349175
2459650.9593971	15.64154545959922	0.0222528924724898
2459654.4614848	16.26996601187853	0.0902516224630663
2459655.7065747	16.166389650918347	0.1100593850318036
2459657.7321751	15.65889464438228	0.0516640049091996
2459658.8669091	15.806723605191737	0.0554125803552924
2459659.9391671	15.760474679957504	0.1594368749410177
2459664.9093129	15.82709946191171	0.0333591918018601
2459666.8557568	15.84450822687814	0.0170417328771056
2459666.9100435	16.084300165900277	0.041965921471201
2459668.8275242	16.030098490506887	0.0307782371682607
2459670.8893876	15.978292265514677	0.0291024776505495
2459672.7975623	16.098705476015517	0.0328121414884117
2459674.8685672	15.836768893832383	0.0271768433081542
2459674.8793399	15.820104069489163	0.0278920058566741
2459676.8880486	15.889141948245047	0.0204177246197306
2459678.8685663	15.979017353233164	0.0271065709841699
2459681.4634327	16.250265326028966	0.1099030040451012
2459684.6468669	16.238395413692302	0.1069448226170674
2459685.8367315	16.184463217433834	0.0921967339734077
2459691.7709202	15.671222190555792	0.0298500386906579
2459694.8284459	15.651333132458054	0.0224813613298077
2459697.8221205	15.98639314640474	0.0377976134382549
2459698.8498856	15.932068210625516	0.0181243406296017
2459701.5135671	16.02436407378595	0.0269388963070163
2459703.8745564	15.797229587149852	0.0257945402916976
2459706.7912737	15.602900285918686	0.0274780210239874
2459708.8031844	15.797728283775204	0.0231744575277308
2459711.5553323	15.88100594037619	0.0527228514241234
2459712.7680538	16.399687812897568	99.999
2459713.8285853	15.6434786841532	0.0607465629656507
2459713.8298372	15.615904270442218	0.0831717128008362
2459713.8310891	15.630212342386637	0.0971015573180587
2459713.9042532	16.004880151537336	99.999
2459714.828346	16.19019298094169	0.1249994022328399
2459718.8833191	16.256772058386154	0.1828476908792221
2459720.821736	15.893970877013532	0.0479593927981201
2459721.7545321	16.247334093520397	0.1581504018572793
2459722.8640256	16.059827535301295	0.0328366482239053
2459724.3336505	15.803561019370536	0.0307121617449195
2459725.7902892	15.87325111223449	0.0389776213175302
2459727.8582342	16.001659294525755	0.0294049422089029
2459730.3724431	16.056765386898423	0.0338846582969218
2459730.764896	15.778989106634384	0.0171109310538391
2459730.810232	16.00546887451317	0.0381061342019111
2459732.8258306	15.913214409385905	0.0409655530301059
2459736.2310564	16.115955275828004	0.0480886197387766
2459738.2555603	15.617763863549358	0.0423320970249531
2459740.8205385	15.70439710294722	0.026079710294923
2459741.7964312	16.170631129025423	0.0721667080118418
2459741.839911	16.05681730472913	0.0692024690386265
2459749.6605859	15.773660750626846	0.0289799096077362
2459754.7805385	16.00681601086847	0.034111354177391
2459756.2286423	16.09406517623677	0.0381125663275711
2459758.7678675	15.98771720794053	0.0379444288096611
2459759.7434912	15.838166282574624	0.014762014946651
2459760.7196823	16.09490685210703	0.033416316298921
2459761.7125823	15.920174284857422	0.0246994881789177
2459761.7278801	15.971510848978554	0.0235631541908909
2459762.7536331	15.59784833900698	0.0202008496021902
2459763.7476911	16.001629517837873	0.0236730079653674
2459764.769	15.767792768268691	0.0209616581494963
2459768.2936615	15.857605389943055	0.0468024916341958
2459769.7419615	15.853199750207734	0.0619201014864526
2459776.7211015	15.917411703282989	0.0821183557748555
2459780.7117183	16.140626079328296	0.0452891891072456
2459780.7129585	16.406765894698538	0.08989054732906
2459782.5144048	15.961839319516557	0.026832025218523
2459784.69466	15.596359072163402	0.0291340808182153
2459785.6503498	16.005892414645754	0.0238616805634546
2459786.5690656	15.662414567213576	0.0183248408594509
2459787.6760298	16.028086090960144	0.034936323003616
2459788.5276932	15.686525481283962	0.0204086214372485
2459788.6252354	15.84698608287539	0.0287205272026126
2459789.6925345	15.676509561537198	0.0255113882016115
2459791.6713696	15.65281329953027	0.0239945227235403
2459792.6142113	16.008367048504308	0.0272219589571653
2459793.6644733	15.907609251331202	0.0293524049948251
2459794.6727435	15.955389014018678	0.0291176942628063
2459795.6706186	15.960414833444243	0.0276738248326964
2459796.6442042	15.56830859813939	0.0274784798364679
2459800.6336201	16.249082824549678	0.0895630780147088
2459800.6348951	16.28158112808379	0.1577600956517792
2459802.6115041	15.577369590882856	0.1149339673052709
2459808.3497578	15.97899514837895	0.0349914644520457
2459809.6319765	16.04748245966093	0.0271780295415344
2459810.629792	15.775103209189618	0.0229070366481439
2459814.5193971	15.966975679859887	0.0248365814459448
2459815.5650643	15.658643749913724	0.0221488793227487
2459817.4906806	15.785609481495047	0.0238620508870372
2459818.6160759	15.59511736258262	0.0248175298691752
2459819.6202305	16.036959028742054	0.0295315544070473
2459821.5059464	16.057345975966918	0.0303737912120387
2459822.5821927	15.843995774590075	0.0201656902264732
2459829.5160358	15.887934018875209	0.0450726545073625
2459830.5298913	15.533002529093338	0.0476648867182776
2459832.5593448	15.309626580032711	0.0565568727883434
2459835.56702	15.619279122507493	0.0323122941198098
2459836.5316991	15.994512261828412	0.0309679674573015
2459838.5403602	16.011974281253288	0.0441354328343413
2459840.5119256	16.011206643695644	0.0268466054702572
2459841.5292669	16.008976994458244	0.0351846017282278
2459842.5410887	15.652638391478131	0.0272400506714569
2459843.509946	15.95445460524678	0.0269963901078618
2459844.5119255	15.819290676696813	0.0276622899467378
2459845.5195651	15.94694374464862	0.0243394849416129
2459846.5201158	15.91378621562846	0.023183145302918
2459849.2411755	16.037450575675905	0.0421050329902835
2459850.5118231	15.991607729190164	0.0316188615373058
2459855.497766	16.12422279163071	0.0591988142842595
2459857.4830836	15.888781327413096	0.1374847381170242
2459958.8681837	15.946057874042282	0.08330476443155
2459967.8770358	15.840930997242207	0.0819574698904812
2459967.8782877	15.499817926579952	0.1604762448901576
2459968.8734356	15.732450137799384	0.0479473423098999
2459970.860736	16.05826123550846	0.0412239138268446
2459974.8253941	15.928640097297553	0.0260517564988708
2459976.580955	16.016676224276075	0.028276469167613
2459977.8366967	16.044386885452752	0.045622942801032
2459980.6243612	15.962484533649384	0.0816976813784507
2459985.8319949	15.848918392738414	0.0692071906426779
2459987.6230831	15.941362727519913	0.0441536019657132
2459994.781409	16.022034086049516	0.0306743182209055
2459999.5282399	15.706287443590178	0.0198119899897581
2460002.5142781	16.142498200436343	0.0334708476101342
2460003.8556625	15.68195577761136	0.0228203404231961
2460010.7493676	15.956057113002728	0.0855402779334649
2460010.7519766	16.222950050146395	0.2026447871353667
2460013.9677244	15.39265738193507	0.060581827634826
2460020.6516568	16.035375966663217	0.0525618849577672
2460026.7247738	15.927417282789945	0.0237789355279184
2460027.6898573	15.959605479061718	0.0321955243092269
2460028.8128279	16.06107593325233	0.0415702434018602
2460029.8704538	15.964010354459894	0.021408930069613
2460030.8635756	15.635310601324754	0.0273235763192884
2460032.7696174	15.638322084994275	0.0228750383876708
2460034.7456606	15.669814028015736	0.0215616989297597
2460034.7469472	15.646807127542711	0.0214311804192701
2460039.4737864	15.696403978310926	0.0498977905136347
2460046.5675648	15.654423934301905	0.050898994455883
2460047.8897954	15.703559146142451	0.0366643734513272
2460048.7149594	15.925832534488144	0.0279393162724734
2460049.8299358	15.677729777877722	0.0286377893629072
2460052.848751	15.68268296012468	0.0266465124364302
2460053.8864319	16.015026246638	0.0323023483498842
2460055.8372266	16.037877363559016	0.0280682004507524
2460058.7070304	15.81915274171668	0.0250447122387437
2460059.7921793	15.609667518114776	0.0211087063620836
2460060.824057	16.1192739157281	0.0450752972899865
2460061.8289312	15.82143437044509	0.0277001396724067
2460061.8544048	15.848749763355752	0.0210185222537194
2460062.8305997	16.037674393571365	0.0305190392908269
2460063.8012633	15.918859987757768	0.0204490449356402
2460065.8116947	16.039412130081836	0.0789897577317825
2460066.8507891	15.851640003174662	0.0285043269980223
2460067.8608982	15.90119442046069	0.0407182129168611
2460073.8484798	15.904873765778522	0.0514550871718149
2460074.8563966	15.680385716014682	0.0446159323419011
2460077.6986107	16.018903233458126	0.0307688482027436
2460078.8470873	15.88833647871876	0.0313600620837423
2460079.835529	15.757201126714254	0.0588562620814658
2460080.8390034	16.078127907773435	0.0361111572566594
2460081.8245224	15.5909456648298	0.0615914348685986
2460082.8078453	15.99448218144225	0.0400266487081196
2460086.8143039	15.55988088911396	0.0314799079185118
2460087.8149635	15.900577489466874	0.0279984736256923
2460088.5356803	16.067614518250785	0.0461364519612991
2460088.8379364	15.775005671307213	0.0348920360605713
2460089.8437814	15.949596386652996	0.0397233544403832
2460091.5307871	15.950860172910096	0.0475900160145392
2460092.6222344	15.8379874171582	0.0357152097860656
2460094.8210932	16.110947661727625	0.0400001490744878
2460095.5682783	15.590319704528564	0.0797278389138849
2460095.8088806	15.870326886526575	0.0442883967298912
2460096.5265377	16.047481741072186	0.1936663836301011
2460101.8307827	15.565813902562574	0.0742948270907133
2460102.8117682	15.885111898354214	0.0679895692834012
2460103.5883224	16.03042706607522	0.0397640380079043
2460103.8231206	15.864791134519198	0.0576427325054987
2460104.6337439	15.871992533823754	0.0233910734696464
2460107.7535055	15.908595471346052	0.0284756948753383
2460108.8112816	15.562346641278284	0.0379199420561911
2460110.8075247	15.729738559006003	0.0238310591119759
2460111.7421871	15.93584817965566	0.0323009604187489
2460113.7286998	15.89442488100021	0.0226337983300682
2460116.7807998	15.985704235228669	0.0605367433012205
2460119.7677456	16.084885705816987	0.0444371410675016
2460122.5272749	15.855420075541325	0.0254215372089919
2460122.5438398	15.670575597122705	0.0249032475361519
2460123.7565386	15.851508581543229	0.05946033752377
2460124.5304342	15.628244955276374	0.0411735428848885
2460124.5624714	15.69998066146916	0.0488676158718526
2460130.7309078	15.957793935475536	0.1412592110817393
2460131.6221616	15.92737381957786	0.0618143283319376
2460133.7425208	15.975769494897245	0.0487996364644504
2460135.7375009	15.622636184793349	0.0277045436851067
2460138.7489878	16.04891550588396	0.0382008521370103
2460148.6881926	15.719537964042551	0.0318855197013282
2460149.4796823	15.999770381724376	0.0489013781296272
2460151.7102506	15.961585801608956	0.0407426187473864
2460156.5299345	15.666858670920943	0.0527901421292241
2460157.6713297	15.749116474840424	0.0742043597353606
2460158.496791	15.69167385676581	0.0542460083710167
2460161.415985	16.18246780114302	0.1170656034514156
2460166.4027568	16.006585671892285	0.0306667252577985
2460169.4317259	16.06686157186948	0.0385882224051117
2460184.3331794	15.950056785930297	0.0880264279954089
2460194.328519	15.751650603320211	0.024309274760386
2460199.2532836	15.63206378985658	0.0269232666488695
2460200.2570934	16.011142603923144	0.0309447271658625
2460215.2682784	15.799731836003716	0.0771606749006312
2460217.5161441	15.657856380403985	0.063827735112577
2460219.4890082	15.71751438220338	0.0337014340721012
2460220.4936976	16.059342410915967	0.0405262412239499
2460221.4861887	15.998045221263611	0.0579831700539252
2460222.5017984	15.535376146223058	0.0274699382405035
2460224.4965278	15.769983147735925	0.0329608015178541
2460377.6292353	15.57101003363373	0.0258931259433116
2460386.7543389	15.99157958491876	0.0238473066199523
2460388.5175971	15.84024607272802	0.028541473744843
2460388.773952	16.1286048244893	0.0320716418324217
2460389.8691945	15.988952467494784	0.0227126613722587
2460390.5337915	16.102109258769893	0.050867690667626
2460391.5069094	15.771097389372946	0.0850566099707544
2460410.8877645	15.631971919366732	0.0197483205974838
2460412.5195508	15.963434836035235	0.0343441583257172
2460413.5141622	15.711551931528463	0.0223859844868739
2460416.8118671	15.928718092515934	0.0236194615155791
2460417.4854041	16.030151780630717	0.0353119177243741
2460417.6673486	16.010249686301226	0.0328391933667248
2460418.449538	15.655406858131036	0.0331189573015159
2460418.7360767	15.944972025318132	0.0271255876134954
2460419.4114471	15.89631338807784	0.0471699248497397
2460419.8872033	15.825964365062465	0.0557494740376636
2460420.4038242	15.699595948426987	0.0480104676546566
2460432.4277471	15.76246484594494	0.0386071509139033
2460434.6295723	16.01743418597374	0.0289168357365616
2460437.3130288	15.624046753308049	0.0283488894848028
2460438.8947989	15.994719084636795	0.0316444350171386
2460439.8018456	15.650488076348577	0.0247434208097902
2460440.7709323	16.01182278428868	0.0242980428550024
2460440.7721614	16.02799735199178	0.027177712459655
2460442.5619674	15.965886778368962	0.0229189800263672
2460443.8891696	16.215837932172164	0.078848193618912
2460446.3511746	16.000348699701387	0.0410613882658309
2460447.7984302	16.30416043534089	0.0929959180520407
2460448.8550348	15.91814423488325	0.0235425536643058
2460449.8332083	15.482015287221	0.0571018030416906
2460456.648446	15.885025499316692	0.057452886257706
