2458272.24870310  11.4883
2458525.73870220  11.4391
2458551.61407770  11.3989
2458575.82486010  11.4313
2458636.41490090  11.4005
2458693.23879260  11.5892
2458699.51326580  11.3892
2458871.79464390  11.3909
2458880.78299720  11.4245
2459068.26096280  11.4712
2459184.57618320  11.3879
2459231.68858480  11.4340
2459237.39196380  11.5671
2459237.44962800  11.3943
2459245.61521980  11.4729
2459282.39500950  11.4634
2459291.26735550  11.4207
2459292.28178040  11.4378
2459293.85411380  11.4327
2459312.25393480  11.4051
2459317.45017690  11.3774
2459327.33844070  11.3859
2459339.62349300  11.5569
2459350.68665240  11.3871
2459356.67745860  11.4290
2459378.28295510  11.4599
2459403.54998620  11.4196
2459415.28577920  11.4106
2459426.26439790  11.4552
2459433.24244210  11.3904
2459443.20896560  11.6138
2459521.85925920  11.5054
2459537.57983520  11.4126
2459545.80413300  11.5344
2459559.56621370  11.3967
2459560.85419370  11.3874
2459571.75164100  11.4314
2459573.75355340  11.5705
2459578.74303190  11.4280
2459580.74070110  11.6833
2459583.79674340  11.4788
2459586.71752810  11.5294
2459587.68358830  11.5489
2459588.68353650  11.6192
2459592.68888240  11.7651
2459593.70898130  11.9588
2459595.71806520  11.6451
2459610.72267270  11.4444
2459611.70706000  11.3811
2459613.76315700  11.4412
2459614.53053090  11.4774
2459616.81685880  11.3914
2459619.76687610  11.4257
2459620.67871590  11.6286
2459621.64537810  11.6845
2459622.66576310  11.3886
2459624.64910740  11.4053
2459625.65619410  11.6358
2459632.48465630  11.4605
2459634.85025280  11.3803
2459636.31210770  11.7467
2459639.72531600  11.3778
2459640.72981500  11.4415
2459643.33410660  11.4961
2459644.42113810  11.4523
2459655.29639880  11.4841
2459656.33698170  11.5987
2459661.58701470  11.6875
2459661.58951290  11.6830
2459670.32069440  11.4488
2459671.33947200  11.5346
2459678.34507430  11.4961
2459683.23352470  11.4045
2459694.25507670  11.4397
2459700.21677680  11.5805
2459705.74652870  11.7067
2459712.38739830  11.5996
2459712.38888210  11.5481
2459712.39014550  11.6342
2459723.35592160  12.2049
2459725.35567900  11.5712
2459726.28955870  11.6274
2459726.29204980  11.6682
2459736.32174690  11.5801
2459738.30439180  11.6562
2459739.27019640  11.5526
2459740.56408050  11.5503
2459750.26934340  11.4015
2459757.32808930  11.9395
2459758.33070440  11.5565
2459760.34517490  11.7642
2459761.30371680  11.3999
2459765.22715500  11.7912
2459769.24573250  11.4157
2459774.29358160  11.5238
2459779.20528580  11.5906
2459782.23298580  11.8356
2459786.26529600  11.8230
2459788.23614810  11.6961
2459789.25184450  11.7480
2459792.25581340  11.9645
2459792.47067300  11.4392
2459796.23818550  11.5759
2459796.24569710  11.9929
2459800.23221250  11.8282
2459899.57887940  12.1294
2459903.81123310  11.4055
2459906.56635820  11.9585
2459913.57182580  11.6206
2459914.59348080  11.6399
2459915.59885030  11.5606
2459916.78855240  11.4442
2459919.59764040  11.5845
2459924.55023240  11.5096
2459939.74201840  11.3862
2459954.60204460  11.8671
2459955.51522980  11.6103
2459986.68160470  11.4107
2460119.54661370  11.3947
2460134.59291560  11.5105
2460138.58741730  11.4307
2460167.22900710  11.3829
2460404.25901350  11.4395
2460428.48936950  11.5291
2460432.63468470  11.4529
2460433.43441650  11.4025
2460434.35307900  11.4452
2460449.60842210  11.3915
