2458014.5020775	15.814478400259722	0.021805976988783
2458015.5010352	15.568976218679095	0.0156155040999501
2458018.4987047	15.814010997922246	0.0216924471985001
2458019.492668	15.620524498443103	0.017353724566733
2458032.4872279	15.44894093509166	0.032657986293687
2458032.5899763	15.746913359869136	0.0681940843414696
2458060.5141002	16.047784221184983	0.0704391129046477
2458174.900567	15.243966463981298	0.0822765337605157
2458175.9000832	15.94969638460344	0.1176620453832293
2458176.8957002	15.806025911969044	0.0392385288028531
2458179.890332	15.929966310018086	0.1143254515049569
2458180.8821979	15.915331068378356	0.0930224025442774
2458181.6288562	15.90633197103404	0.0734218668265837
2458181.8812959	15.780696766804908	0.0541325012538845
2458182.6447743	15.736700361709572	0.0676496022346862
2458183.6430622	15.620517798396447	0.0523395216293415
2458192.9076248	15.977472730524376	0.0868159549162301
2458194.8984897	15.584661510983215	0.0207614115320912
2458195.6412042	15.887229876179097	0.0338573720263
2458195.8820842	15.337826972710513	0.0209731678436782
2458196.8893504	15.933472627186788	0.0270357936729407
2458197.628152	15.261160173937952	0.0182100805241235
2458197.8692663	15.850460393731732	0.0317334842778562
2458198.6188414	15.920766175138406	0.0300922192586339
2458198.8794674	15.616214397947877	0.021859932196836
2458200.594826	15.625975684059004	0.0226845856417337
2458200.8933874	15.901126632616313	0.0307456796425806
2458201.5865076	15.208414099635236	0.018533219467174
2458201.8545652	15.745459320125796	0.0259327585008297
2458203.5994993	15.76484062839006	0.0242315102825252
2458206.8391567	15.479337213387067	0.0396387649312764
2458211.9697171	15.629741309246716	0.0590456353810299
2458220.59583	15.761098312508963	0.0228992999406457
2458220.8915438	15.219322783417525	0.0218466715534859
2458221.8458657	15.850957252100743	0.0253335371623357
2458224.8286428	15.319095587056676	0.0199568261337648
2458226.8207124	15.802837814097492	0.0288931001949891
2458230.8244116	15.81651326977569	0.0241192387550033
2458236.9125444	15.531710247456454	0.0540314445369847
2458249.8326057	15.210127069836476	0.0220372299140633
2458250.7508449	15.930897500164724	0.0313800620029158
2458257.5095159	15.821340595590678	0.0224259089532318
2458258.7310513	15.854444327059108	0.0289519980193059
2458263.6671193	15.789452601991735	0.0322016258737814
2458264.8558034	15.754836747055483	0.0387861699861593
2458274.4804382	15.775080742785049	0.0290192680904459
2458275.4299127	15.382995440238506	0.0221088786121541
2458277.7244207	15.46750969639758	0.01575311974144
2458280.445868	15.370484507101503	0.0176065078975884
2458281.4431389	15.802996994640155	0.0246064787554028
2458282.4466893	15.794557861008558	0.0264410918466751
2458283.5606773	15.721315605477242	0.0226473162043186
2458283.7128781	15.890988874832155	0.0268016666447996
2458286.4682901	15.778858566176485	0.0215856390155169
2458286.7867482	15.408150687078944	0.0195763270837043
2458287.7851594	15.819614296103964	0.0351943695704617
2458288.815911	15.863424730016895	0.0277831666704674
2458289.7427686	15.65887495350191	0.0157246490425194
2458290.3382778	15.725446058637122	0.0413209609467089
2458291.796928	15.42514395637156	0.0186577135011413
2458294.6079446	15.739581628089994	0.0514738730543297
2458295.8170078	15.23350063808965	0.0294610324838115
2458301.9257891	15.808945344590594	0.0777422148252655
2458305.4063641	15.49578040303452	0.0202687324280107
2458306.410676	15.81252193504659	0.0250668748312215
2458307.4073283	15.755552131945528	0.0212760652218028
2458308.4039366	15.499601027031304	0.0156718807510808
2458308.7748745	15.938836563279947	0.0292908481913182
2458310.4014395	15.853627686990995	0.0292897907669638
2458319.8739444	15.80033220109268	0.0319234683757904
2458322.8591243	15.870716051370302	0.0631155674586587
2458323.2623855	15.807774108247424	0.0725082923901491
2458323.5975403	15.37602919102471	0.0363608303111236
2458328.5215984	15.869988822584432	0.0797220237385839
2458329.7176477	15.914044217464722	0.0506778136860306
2458333.3283167	15.335770672397585	0.0164633521075201
2458334.4636407	15.334925306958633	0.0326267740174076
2458335.7353514	15.670382850626122	0.0212852070018363
2458336.6188281	15.752487387452804	0.0461952040103468
2458337.3119657	15.379525830191344	0.0164862806594519
2458337.7184366	15.946533401734053	0.0387455596002943
2458339.3195614	15.846135958000954	0.0271376925115833
2458340.316327	15.76487039537804	0.0249562608414757
2458344.3031256	15.683712417332409	0.0234620503879348
2458344.7550719	15.57342587444751	0.0177885698832716
2458345.3075577	15.566206996852014	0.0194357345088005
2458345.7126409	15.608145018516415	0.0340613919519896
2458346.3408702	15.214729119465115	0.0185806546314306
2458346.6244659	15.85712302657645	0.0316139744427367
2458349.5809033	15.876494869938725	0.036621655627372
2458358.5130796	15.787462937671046	0.042052809300293
2458360.2873117	15.762933106861087	0.0265551755972442
2458360.5211073	15.202465075790226	0.0180512533923037
2458361.5590878	15.93642569611092	0.0325568908906652
2458364.6870228	15.681321443888002	0.0180145720315432
2458365.2821454	15.678098070443331	0.0199100956580576
2458365.6979811	15.417957684026875	0.0173700391620038
2458367.5311558	15.677623036234948	0.0161135385989957
2458368.5615782	15.492883493629536	0.0196660405273296
2458370.23284	15.346568000305837	0.0196925514896489
2458371.347757	15.2654265148314	0.0173981439266212
2458373.721509	15.595543346102854	0.0283636101777696
2458386.6838548	15.49208782367441	0.106068701868817
2458389.2414611	15.794335957991157	0.032445557708484
2458391.6683718	16.05561806850063	0.0487971050778585
2458394.6693378	15.382835713961612	0.026998404288725
2458396.6526653	15.902161635228929	0.0344981111795993
2458397.6026065	15.697953954909512	0.0215985904212283
2458399.2834521	15.629020514653156	0.0213975642803903
2458404.5786774	15.914070333698708	0.0296611225715558
2458405.6236223	15.695719436827783	0.0358207295199896
2458417.5439911	15.66250008231443	0.0464239598701899
2458424.2619855	15.551356817149372	0.0225800396476704
2458424.5218841	16.00021071407835	0.0368132069205603
2458425.5147248	15.756510205870518	0.0257898883363014
2458426.5146558	15.567788601978814	0.0236202883067064
2458427.2777158	15.9410437197727	0.0412162943102901
2458427.5120493	15.198371661234244	0.0193363478462402
2458428.5605758	15.98493558556424	0.0417867997354173
2458429.5602201	15.75375028557306	99.99
2458431.5559012	15.35613067832016	0.0278181401312362
2458438.535969	16.09685940084425	0.2163991534183659
2458539.8983465	15.49267572347748	0.0583759205994857
2458540.8982019	15.91577998127255	0.0856851605560399
2458541.8935556	16.100342829803346	0.0803815140684259
2458546.9000139	15.62415961735121	0.0418713478734863
2458547.8886302	15.232106368513918	0.0230047819600283
2458550.882128	15.727817980725282	0.0247401094526896
2458551.8736068	15.297598886412269	0.0203571301604955
2458552.884282	15.89033061023743	0.0317002685500642
2458554.6079849	15.879266117486456	0.0366405507376788
2458555.6077609	15.81685747341778	0.0323463590131435
2458557.607381	15.496551775528498	0.0239582481088086
2458558.6123716	15.329896626706129	0.0368617238141854
2458560.8770465	15.581072730569185	0.0207579927547533
2458562.858923	15.740760361201612	0.0527911943180582
2458563.6147799	15.908146339606608	0.0886740753097187
2458563.8578101	15.547259285078136	0.0549423679589703
2458564.5996921	15.935187791844928	0.083902798012906
2458564.8530931	15.660178831498763	0.0424684215699907
2458565.8523007	15.72136537921641	0.0493700967795545
2458566.8583359	15.547184377460235	0.0430233989117651
2458567.6380776	15.838893562433425	0.0533688638713931
2458567.8505585	15.4035383126196	0.0381855303138462
2458568.8714488	15.252067644457997	0.0269860889517103
2458573.9003201	16.0067858630851	0.0374813086988702
2458575.5697023	15.915812239390451	0.035060156618656
2458575.8178288	15.650899525232546	0.0206417549990369
2458576.8171431	15.26048665314578	0.0210838888180892
2458577.8124789	15.96465059955756	0.036499621870984
2458578.8152696	15.855908505974607	0.0335401644152765
2458579.8145554	15.66894667832142	0.0245775927446642
2458580.801598	15.190886145415146	0.0226417268482391
2458581.8011845	16.0294684373186	0.0434716201722898
2458582.7967649	15.86809562136324	0.028487317028838
2458583.7959261	15.656026114848428	0.0200070446479969
2458584.7913821	15.283594871385716	0.0232333696755173
2458585.5347763	15.706472212819431	0.0243278810311758
2458585.9056917	15.17618106780782	0.0196699538055435
2458587.7789991	15.718695160827584	0.0272248076639565
2458589.1036613	15.860359721006066	0.0265697416471656
2458591.5184351	15.911155449974608	0.0688362776222672
2458593.7719839	16.237991679073417	0.1207871633295762
2458595.7648845	15.735943843721508	0.0626911340174973
2458596.1175077	15.218565692826846	0.032554535663828
2458601.7456199	15.510369925502106	0.0258543307985985
2458602.7312709	15.971000641820911	0.0329015925114844
2458604.4806942	15.883597022506237	0.0318124319467736
2458605.0862216	15.885359789307774	0.026276535586414
2458605.7326832	15.424522753817648	0.0219110043567561
2458606.7438777	15.846548561629032	0.0264364082481927
2458610.0517321	15.802068644371865	0.0243454794579189
2458611.0634957	15.65705577925879	0.0220565176878763
2458612.0544104	15.245259388392324	0.0197586156723936
2458613.0456768	15.866578574451758	0.0256433840852516
2458613.4530228	15.82673529929564	0.0332171085705724
2458615.4524678	15.232895342981546	0.0208812933939291
2458619.7075138	15.977688790074149	0.0615334001082991
2458620.9305754	15.938933137636482	0.1429028898882509
2458621.8514693	15.969850058853378	0.1905605142032281
2458628.5724463	15.481858899181187	0.0405385325033357
2458631.0073107	15.77778425248583	0.030364584911499
2458632.0654231	15.630662127002124	0.0184985448233402
2458632.9879213	15.372076689217176	0.0217969994686053
2458633.5491037	15.454725090401135	0.0234506602726465
2458633.9088664	15.818530117078453	0.030885327496619
2458635.9810419	15.513800720931314	0.019748756429085
2458636.6483978	15.764431159919235	0.0280640914704235
2458637.6835006	15.535846367554312	0.0178467435731362
2458644.6371063	15.858991096657796	0.0376831674688002
2458645.400776	15.938139134798964	0.0380732191462653
2458646.6332998	15.283645548450108	0.0288393108760218
2458647.6404457	16.042416476280042	0.06510824970062
2458648.6139067	15.67957045134056	0.0478397544898556
2458649.9428038	15.948278996031666	0.0552325675165267
2458650.3492331	15.819799158321004	0.0732569730754166
2458650.8830541	15.686227148889868	0.0571523246549335
2458650.9123341	15.819991871146044	0.0648118514511845
2458656.9204442	15.347560834029355	0.0300086482297521
2458657.9408917	15.55112744108682	0.0280262246520945
2458658.3341057	15.844041951427972	0.0265228630574867
2458660.7093059	15.944916928983533	0.0316991589995137
2458660.9057839	15.435773239964403	0.0358733858028433
2458661.5450425	15.61346721022451	0.0246075084584105
2458661.993495	15.207379330353152	0.0208102175255878
2458662.7389032	15.753396595045563	0.0277887996407583
2458667.6670948	15.280831191336333	0.0187285621794117
2458669.4230321	15.356780227245205	0.0195272059288395
2458670.9610238	15.941346046823108	0.0268476775990839
2458674.3281988	15.925477444436028	0.042444357632095
2458674.8937102	15.86261736410865	0.0499686803210379
2458678.3918485	15.461856478769802	0.0365259415209086
2458684.8159841	15.585361300325625	0.0710782001168853
2458686.3745696	15.195606259469464	0.0272386878067834
2458688.8104622	15.648716925092891	0.0302384336530324
2458688.9135227	15.873584991605664	0.0280316480702791
2458689.9093875	15.562964626828762	0.0209478510228502
2458692.7751417	15.65666495450149	0.0270432973965417
2458693.8249896	15.317707723157204	0.0178728827269948
2458694.8098384	15.930493204595786	0.03620722067607
2458695.6649938	15.69278254144185	0.0252200857404695
2458697.3983212	15.78013536711424	0.0276265042665506
2458698.5355087	15.816060250413084	0.0258195787401542
2458699.8826712	15.89461322212405	0.0306648623961042
2458700.8698471	15.756722849121072	0.0185592807324081
2458701.4916635	15.511482935780869	0.0155985596620386
2458702.7625078	15.982124366192023	0.0354054605195974
2458703.55104	15.55660821539185	0.0311870110611253
2458703.8025915	15.911543135786236	0.0506604608764316
2458705.7677524	15.41392214155081	0.0316581691279192
2458711.3041495	15.498316781572164	0.0796662491248846
2458715.4820071	15.409083424184775	0.0323409194805876
2458715.8136291	15.841214612052088	0.0305487416905514
2458716.486112	15.2132771088692	0.0230645619259969
2458716.8366573	15.756368953438088	0.0459060665052041
2458717.398202	15.94717849875121	0.0417936213141341
2458717.8315485	15.694092614653313	0.0164575208306364
2458718.4832384	15.698982568211154	0.0327549100299838
2458718.8298455	15.370739640702464	0.020829518324275
2458721.251041	15.826365007088643	0.0308893226155032
2458721.715352	15.706621611245197	0.0350718419633049
2458722.2855361	15.53881297774508	0.0201886850981184
2458722.7835872	15.361984522875716	0.0204553305286182
2458723.812639	15.408223878797902	0.0176834927223992
2458724.4170691	15.216171678655046	0.0189124412467757
2458724.8017386	15.769146803568027	0.0295069658560306
2458727.7417088	15.89190260009854	0.039573481235251
2458728.415066	15.29505225185966	0.018830672123595
2458728.804895	15.866294527945106	0.0282064334845493
2458729.233913	15.872934523532429	0.028477840903846
2458729.7934915	15.754410080961438	0.0194739578754797
2458730.2269741	15.509682620790318	0.0207778320470259
2458730.7779088	15.475156889277962	0.0217856213372119
2458738.54511	15.769508176440802	0.0760810606954464
2458740.5579052	15.889810140871544	0.0624429291663082
2458742.3636813	15.796720054733964	0.0879025064646037
2458742.5957309	15.251353572935322	0.025784340954323
2458743.4100792	15.778955061305474	0.0658865576401725
2458743.5813044	15.82994357980192	0.0418583348524315
2458744.5168371	15.762430805949814	0.0218360820856792
2458745.5187893	15.50796908099604	0.02404970276119
2458750.6501418	15.521302827768666	0.0163092298575651
2458751.6422175	15.436610125198182	0.0207631515885857
2458752.6595551	15.957102356799531	0.0452691573515289
2458753.6908118	15.793461385721365	0.0335524874915421
2458754.3645922	15.915767712959417	0.0360143398842159
2458754.6833643	15.75375028557306	99.99
2458755.597588	15.46968248721581	0.0218882577452579
2458760.2665175	15.431159840493835	0.0206147790676626
2458767.6385317	15.304370981440783	0.0604005083203684
2458769.6422803	15.85267423462102	0.1118845128175971
2458770.2532233	15.869639933215376	0.0691142269727529
2458773.2514231	15.21979907864332	0.0212343279331228
2458774.5860491	15.782288231532862	0.025634857748626
2458775.5943079	14.646293890947115	0.0216468174989697
2458775.6234604	15.516366629350106	0.0240956699675547
2458776.3205311	15.735057169895727	0.0279007010326156
2458780.6127671	15.25427565053873	0.0289359534124613
2458781.5604507	15.891122073970369	0.0305222828787159
2458782.6124226	15.717740068782946	0.0358981377594087
2458783.5600579	15.450621188896822	0.0228908400434508
2458785.6061125	15.866463971777224	0.0351724580984434
2458786.5314173	15.69238661307462	0.0209636896664478
2458787.2639125	15.810311765380616	0.0280865561684786
2458793.3021951	15.714618455424072	0.0485775451934166
2458796.5028634	15.31435381493625	0.0468776336895033
2458802.5387862	16.465422920372333	0.1332784962933371
2458904.6439853	15.361312428154369	0.114931199080401
2458904.8950568	15.73327072053339	0.0994192142253362
2458905.8979385	15.861827206567227	0.0709341548938777
2458909.6312007	15.599150870161315	0.0302694121737747
2458911.6257147	15.891562091925932	0.0414417313012101
2458912.6285114	15.811960191826396	0.0414527603671783
2458929.5921754	15.686543302191572	0.0277174679518328
2458931.5865018	15.482619973849465	0.023586091782791
2458933.9890163	15.412579165419926	0.0389604068925126
2458957.9408353	15.506616979865267	0.0350206408926814
2458964.9120228	15.78361312132948	0.0267076615656758
2458967.072795	15.697085476809182	0.017340496193549
2458968.9020887	15.810102853088583	0.0281304722225822
2458972.0543976	15.463047757631914	0.0256067248123495
2458978.4537624	15.641122477297152	0.0893817476792366
2458984.0320875	15.68893896460269	0.025214031533155
2458987.0227737	15.738527434704858	0.0219454748423496
2458988.871426	16.03454304624298	0.0365036085303958
2458995.9939847	15.687559946639348	0.0165234481658639
2458999.0008358	15.795980201827671	0.0267398893287341
2459000.9932334	15.427392638795611	0.0242272644368083
2459004.0198428	15.790542459474974	0.0556934607591944
2459011.9938019	15.861998310340596	0.0377576306021848
2459019.410135	15.863687772503631	0.0300451945904382
2459022.4565021	15.164513639029993	0.0225800819168673
2459027.9138793	15.78570354672096	0.0224774808120016
2459030.9576298	15.262063952753024	0.0276573292748231
2459033.9184201	15.57852650331813	0.0607896690049081
2459038.5113591	15.585107465209113	0.0375736509724407
2459041.8732699	15.45230387139042	0.0192560781705176
2459043.9173757	15.971450623152505	0.0377774966407615
2459046.2679385	15.388573935022963	0.0206939367424632
2459048.852386	15.742452776911488	0.0212526441434454
2459051.849587	15.893947817933132	0.0256534143701729
2459055.8522533	15.879937644153546	0.0308620294788327
2459058.8435395	15.30102634518757	0.0200848122086924
2459059.8170949	16.018607147734528	0.0391168840518501
2459073.7728862	15.634065160681622	0.0179161432726994
2459078.7586838	15.44389828443405	0.0171509980052296
2459083.8163577	15.281251524388145	0.0200523614728093
2459084.7704492	15.9578060191644	0.051064296357724
2459085.7495089	15.868473035602246	0.0606488025773303
2459086.7823199	15.67163693867657	0.0287975990885646
2459096.7308625	15.937656780982694	0.0465351460726618
2459097.7578315	15.858284860213114	0.0357425650312367
2459104.7571788	15.347537857581688	0.0207077858709846
2459108.7429814	15.250233267341166	0.0184082251330348
2459123.7104824	15.527657342817433	0.0503930214961401
2459125.6724144	15.814734664080085	0.0888671503197741
2459129.6398075	16.043579500797055	0.0599040299463856
2459132.6192135	15.304236797451829	0.0284695736461345
2459149.2545191	15.908275765569105	0.0696122006684644
2459149.2557362	16.0971880744829	0.0811905746625728
2459155.5733372	15.790501140200154	0.0586571318188848
2459266.8899383	15.84601396958684	0.062265047253416
2459277.9055865	15.49023306372173	0.1225891518764368
2459285.9035098	15.318022687292125	0.0299617071610449
2459287.8914296	16.007335786200915	0.0418802497369079
2459290.8811392	15.66139293803367	99.99
2459291.8255445	15.831912072758085	0.0352707898923947
2459295.8350282	15.85388552738417	0.0348408356179877
2459298.8177071	15.97711335825473	0.0420470715121776
2459299.8099881	15.957922549069778	0.0762932100608687
2459300.8190865	15.86950856347558	0.0788401102956116
2459302.5641731	15.520601733405623	0.1258631101676983
2459311.537731	15.561823358039684	0.025755640159452
2459312.9681197	15.99950753146446	0.0492971950617746
2459315.1290241	15.77209502575343	0.0239007448532727
2459315.9618858	15.210162862205948	0.0258030238464778
2459316.7728289	15.726883884639292	0.0280969789088136
2459318.5370991	15.803321869011851	0.0370819588161748
2459319.9031997	15.463271557471298	0.0214321807428887
2459321.4962197	15.8263922380078	0.0311853651278584
2459325.4859076	15.91950593596769	0.0442735913837399
2459328.1098799	15.7414206855743	0.0252457626850783
2459338.695398	15.299157931682547	0.0229874737477222
2459340.6524247	15.905341107102926	0.0427031311681636
2459344.5518359	15.685067147491454	0.0180266938398817
2459345.8292913	15.810668607331069	0.0363385341774769
2459347.0769866	15.977836854007474	0.0391556578776937
2459348.7050071	15.887503252425502	0.0335434619203105
2459348.7596562	15.948824971957183	0.039466933908249
2459351.4238525	15.81297655489102	0.0353730541602504
2459351.6711352	15.59548666730798	0.0229462366520427
2459351.8225347	15.542200398958563	0.0186460434491303
2459352.8654757	15.210493105158092	0.0202653850949668
2459355.009792	15.919119232841869	0.030752121383071
2459357.4026826	15.104825344359751	0.0354261073967338
2459358.4078857	15.918233444374604	0.0986530234488384
2459358.6472788	15.614007672245055	0.0723245964751023
2459358.8444009	15.807336485499397	0.0391183083310207
2459359.8438297	15.676495747992018	0.0515602261229325
2459365.798544	15.944637777865324	0.0867358230501577
2459366.6361861	15.635248837264156	0.0261486759358071
2459367.6314706	15.272080438328477	0.0200734941000188
2459369.5787569	15.712613492854452	0.0262149795270813
2459369.9148809	15.301975812351936	0.0285965705412935
2459370.8760319	15.8331115641702	0.031369662470856
2459371.7947132	15.858348828845454	0.0244725373623309
2459372.3618584	15.744594853425063	0.0282868217760365
2459372.8276245	15.57058430135216	0.0191082912953432
2459377.9608785	15.46087112236142	0.016877570205153
2459378.8347789	15.892866457887768	0.0343892054592361
2459379.5952997	15.269595480569455	0.0245171207030324
2459380.0224863	15.929828392539171	0.0304947807412251
2459383.5931463	15.508218159149331	0.0291861035636134
2459384.3455904	15.785068365500557	0.0261066601983493
2459385.364425	15.59492069978042	0.0461677954386436
2459385.866464	15.492791838456464	0.028143026821392
2459386.3766656	15.280955435440177	0.044085230959789
2459386.6073502	15.66139293803367	99.99
2459386.6346716	15.982183752048728	0.0566926964694872
2459387.8774778	15.977101024618454	0.0386528106928936
2459389.8091172	15.475216398969824	0.0625389419074306
2459394.7035698	15.910549382482351	0.0525367288446366
2459396.5465937	15.47447072252307	0.0234428287283448
2459397.9352359	15.726265415498604	0.023575292501601
2459402.2931341	15.414960150293927	0.0171780009714156
2459403.8430423	16.037360788883888	0.0416768614140486
2459405.7094084	15.369337308000862	0.0194974546752658
2459406.4874448	15.80849257565234	0.0242737078686252
2459407.5089593	15.731586456351131	0.0174478605741821
2459408.6152859	15.495954515788323	0.0245761711185106
2459409.7622958	15.57526122550513	0.0183704611342497
2459412.2650614	15.867815176692176	0.0446917016909879
2459412.8350031	15.954244141764883	0.0381639220664799
2459414.489833	16.00053282792051	0.0870757264179107
2459414.6892625	15.597918133705734	0.0326393439539423
2459416.5901906	15.733148812699609	0.0466352655737825
2459426.6727375	15.230774999032205	0.0224309273015838
2459427.6194826	15.755465252832597	0.0301274836383887
2459428.6876722	15.81457438550202	0.0267565814825094
2459428.8782475	15.543267511284212	0.0195832725948209
2459429.5702181	15.451098707268764	0.0175653350625569
2459431.5689635	15.82747774439817	0.0335501941939304
2459432.8266938	15.926334944470195	0.0261644733477426
2459434.8028616	15.695941774957388	0.0213123576422498
2459435.6550332	15.955368037579976	0.0359217003623896
2459435.7824519	15.394326813735564	0.0243342506193795
2459436.616033	15.834873324558266	0.0309242332625139
2459439.7341198	15.261031272196549	0.0210649635729767
2459440.5136717	15.751479749168212	0.0464818992757295
2459442.3298857	15.773582908960632	0.0446218248866777
2459444.4784951	15.82375017020896	0.0529050538965991
2459450.426182	15.912305235381313	0.0924974017358392
2459450.821173	15.807201400211124	0.0500389953732224
2459451.4071651	15.757472074254313	0.067469493314953
2459451.8042663	15.569104560090745	0.0258691914954514
2459453.6179123	15.811356934156793	0.029273529587762
2459454.6566787	15.650049295305848	0.0311379403924354
2459457.3525916	15.239515143367202	0.0208511455554618
2459460.5849515	15.945594753603254	0.0360833078016565
2459461.6442367	15.905625832689086	0.0320508646304909
2459465.5698408	15.66007693095966	0.0262811437077723
2459468.2799953	15.565075166428532	0.0393900575634321
2459469.7385952	15.854689127324894	0.0319729496562983
2459470.5120458	15.707419620136502	0.0156112993274925
2459475.2875141	15.889721790397331	0.087341221391605
2459477.4005566	15.879136852599	0.111555562576844
2459477.5605661	15.749504332711004	0.06480443016143
2459482.7299594	15.847022023446126	0.0298019151798724
2459484.3520337	15.843563940572963	0.0275869326096335
2459484.6394501	15.523760941424614	0.0224953805174696
2459486.6712035	15.87140532399493	0.0413082819979941
2459487.6743422	15.990350183203542	0.0598587932882074
2459489.5008403	15.84395498707166	0.0323153818412031
2459493.3331688	15.613472538017133	0.0235723187303498
2459494.6435107	15.906252150876623	0.0307953621353037
2459495.6595375	15.861606810839517	0.0500261155309354
2459496.3580746	15.907358486812496	0.0430555556778791
2459497.6123614	15.28382399276997	0.0226436725477202
2459498.5202295	15.929622220734863	0.0366652187781624
2459502.5456965	15.747466981565106	0.056894100706073
2459503.5302968	15.83613040976994	0.0462722299308332
2459504.5763778	15.576304159923282	0.0700567047459513
2459505.5094574	15.888046096597684	0.0628369133733464
2459506.3155949	15.531661726411777	0.0704503159047992
2459507.6106604	15.578074184002215	0.0767976668844037
2459508.5567641	15.65597552866353	0.0648571692355736
2459509.5540049	15.251223920420443	0.0363049387701183
2459509.6154882	15.522921303997856	0.0617026190092657
2459510.6086973	15.94692629918905	0.0823986445703586
2459511.6101917	16.130734418886213	0.0762326746831
2459512.2914618	15.981228937000196	0.0387227243525006
2459512.6089801	15.792792068353682	0.0320569401621883
2459513.2995311	15.775851382146842	0.0276040683200868
2459515.5922395	15.940879337897403	0.0462312602600288
2459516.5491142	15.648044473929708	0.0261134303133801
2459516.5954369	15.803955385107267	0.0323499339882188
2459517.5386724	15.245640166924746	0.0257557744531129
2459518.573201	15.80313772310679	0.0305422856200511
2459520.5857126	15.791567459532196	0.0296765030151867
2459522.2690002	15.67677095523992	0.0361905286226134
2459522.5161305	16.017785911652084	0.0415437917382439
2459523.5574852	15.990142672493157	0.0858969617802856
2459530.5091773	15.625463348351683	0.0567179517820611
2459532.5481639	15.696302748793764	0.0676612129002179
2459533.5501811	15.611467602824744	0.0580281822495952
2459537.5542781	15.658331071393324	0.1892392961779844
2459639.8915593	15.932123604166517	0.0739021613783593
2459658.8525859	15.263492225213636	0.0463845620971357
2459661.5910723	15.975664414615643	0.1092323308936281
2459667.5702089	15.574815614915089	0.0248605339135695
2459668.8199176	15.84958648231153	0.0353817934817574
2459668.8705627	15.778418103919998	0.0248176891104589
2459670.8990687	15.518813792662971	0.0244762008749036
2459670.9649327	15.782104123993031	0.0332454183138
2459672.803695	15.883121295979736	0.0297507004181564
2459674.9762494	15.750003481723429	0.0269187983576957
2459677.7893628	15.76666142638665	0.0193903987339963
2459681.1297752	15.616626771459565	0.0260265475122566
2459684.7482224	15.757240625544627	0.0687397742704692
2459687.9601877	15.873684440927304	0.0896505389612327
2459688.9425775	15.06839272058367	0.101273404384972
2459693.8681262	15.80680756345438	0.0333421849695578
2459694.7294716	15.636488160993418	0.0210596584144333
2459698.8973968	15.842706551778027	0.0282491868892495
2459698.9567051	15.783648279783629	0.0321920305868372
2459704.8871658	15.313489463213582	0.0270080819358875
2459709.0486233	15.788725451789931	0.0246308931892952
2459711.4425033	15.906895710053732	0.0796904327482427
2459713.450514	15.47439726750344	0.0630036909588563
2459714.6920612	15.529626637814964	0.0522421880150779
2459717.7712802	15.738631807994992	0.0596939954714356
2459722.014548	15.586575838080932	0.0209667388360752
2459722.0453284	15.646617454330515	0.0330349666994702
2459722.7120243	15.85919290435691	0.0328261854106828
2459725.6459146	15.871396136986732	0.0335282362206136
2459727.5826177	15.279408035272242	0.0220552381114096
2459727.7994234	15.754623547612422	0.0199094572254234
2459730.4316593	15.426214432706644	0.0210937134283429
2459731.5288718	15.266336153438964	0.0186384164283706
2459731.5313755	15.329408143355847	0.0294432022573713
2459731.921286	15.855854693319696	0.0354432922100999
2459733.505795	15.78915148276304	0.0297796486052276
2459737.3607245	15.610441696031035	0.0288741130061205
2459738.9202947	15.305199949670437	0.0274859544035444
2459739.8194406	15.917411716316396	0.0288709959210503
2459740.9197117	16.099217527077144	0.0408521711792323
2459741.812255	15.483744432761489	0.0287968150822729
2459741.880122	15.6279568376682	0.0230039542014398
2459743.5910794	15.594107195105195	0.0705129070383281
2459748.884138	16.126295161504046	0.1478302442553205
2459750.925662	15.484596778994195	0.0227718919113391
2459753.8018307	15.573586185434598	0.0271360075594524
2459753.8030825	15.496288877731546	0.0397599520827485
2459756.3306497	15.8053610330951	0.0343571873077481
2459756.33189	15.736290632828236	0.0513050185774251
2459758.8517264	15.439417163956254	0.0251873223098356
2459758.8542191	15.417152025825702	0.0428956228607514
2459760.5649971	15.45888627988509	0.0201288701804604
2459762.7914896	15.38249139706572	0.0252240823453037
2459763.8394942	15.513227530045878	0.0209056793404445
2459765.548411	15.42493709963971	0.022425810314225
2459766.859973	15.56130992732352	0.0179860981727364
2459769.8693271	15.910768212120418	0.050875366365927
2459778.4109608	15.724429956293184	0.044510396152459
2459781.5400931	15.436759536380896	0.0272502594919307
2459782.7342096	15.5381957251947	0.0230783758904559
2459783.6943075	15.372256467769054	0.0162394450048041
2459784.6567442	15.86354672205799	0.0269482654341693
2459787.2536576	15.475545440230846	0.0369396094117489
2459787.5933016	15.977141672755986	0.028920556513797
2459787.6317118	15.931272348350458	0.0384082915094411
2459787.6330131	15.959979380352804	0.0556078792466663
2459788.865122	15.283636488746383	0.0320851209498939
2459788.8663507	15.214907712518876	0.0480084097939715
2459789.7046255	15.835390476393876	0.021147632436432
2459791.7705866	15.51009915656862	0.0285327963796907
2459793.2751342	15.811677423338644	0.0593407232863634
2459797.4791162	15.4742876979076	0.0300578137508731
2459799.5163587	16.026734679620105	0.0726787159945672
2459804.7922555	15.367040368342405	0.0472217835075421
2459805.7652874	15.92124296966378	0.0747435285516338
2459805.7665974	16.03978110725852	0.0981367554174894
2459806.8413213	15.792108296350376	0.046470645530827
2459807.6404656	15.398783966799924	0.0254053665330766
2459812.4494122	15.809983635995472	0.0321586604837873
2459820.6651232	15.237040346707804	0.0264944414273614
2459821.693102	15.96336980125708	0.0347263408859197
2459823.2639526	15.889702432792213	0.0460713683404359
2459826.2998792	15.552266377074602	0.0349353690226085
2459830.7442593	16.00105889470815	0.073886178041282
2459832.5685235	15.32881523928462	0.0776767233938402
2459835.4097177	15.303309082631287	0.0472407948063872
2459837.7368046	15.336486160339254	0.0213593697751176
2459838.6791844	15.860713696062865	0.0395382480412421
2459840.6520528	15.630182375702002	0.0226779069337743
2459843.5759362	15.780376269518008	0.0319356615038003
2459844.5613668	15.367190597373696	0.0245914375023037
2459845.5615529	15.884331349709989	0.0281984222948217
2459846.5391863	15.939098752575564	0.0323135047213104
2459847.5997839	15.808601574767888	0.0311078827672529
2459848.5969562	15.559326188741933	0.0276197169208729
2459850.6326754	15.99410692777591	0.0397854759585337
2459851.6142638	15.87549147738809	0.029369467105576
2459852.57144	15.639112891365375	0.0226274767787934
2459853.5563382	15.282814475848689	0.0239282732698864
2459854.523654	15.774290963674868	0.0339384129931428
2459858.326349	15.933117142129554	0.0914336529650366
2459859.5407647	15.780052294135952	0.0590491100476563
2459860.5338089	15.687120975396947	0.0579939128666421
2459861.5265965	15.280449425033162	0.0346883981739933
2459864.641812	15.107262487406537	99.999
2459865.5324799	15.329804072097238	0.0197051962320498
2459870.574448	15.37299822382708	0.0247333124888416
2459871.5093317	15.761169982294764	0.0277552166837102
2459872.5029483	15.692247001982643	0.0240338372212274
2459874.2729222	15.763702527282415	0.0345595101043905
2459875.2744166	15.548275840545738	0.0237471679247818
2459876.5044311	15.843541182113237	0.0295771619242194
2459878.5526857	15.241671592942604	0.0208995639681157
2459880.5259854	15.865756387788828	0.0319965340847094
2459881.587729	15.798035856045097	0.0415317948981308
2459885.5224718	15.680207438722194	0.0311222461371384
2459886.5183612	15.260550050458573	0.0269368425311332
2459887.5117996	15.769662112142962	0.0548447554171635
2459888.5083946	15.90457347096155	0.0638529431870436
2459894.5044835	15.29947451369824	0.0802061068548153
2459896.5510562	15.95131782783068	0.0454167070712943
2459901.5381404	15.754735068430216	0.0774691269607073
2459998.8964616	15.2551051798147	0.0652281432158358
2460000.8985786	15.597890985621364	0.0584360986737559
2460002.6410048	15.792664433441876	0.0642030166453372
2460002.6422452	15.951040538792832	0.1046430206766318
2460004.6281885	15.329908118307216	0.0221605145415131
2460014.6266601	15.77815075451191	0.0504017439554133
2460014.8877856	15.673001894801686	0.0775081319115001
2460015.8908928	15.506580850477937	0.0437418745610022
2460022.8349319	15.48613101289108	0.0339228221304804
2460023.8401089	15.55845190414043	0.023753737334306
2460026.8277706	15.495457478605928	0.0215490411593798
2460028.9879774	15.36054760264123	0.0288215612212421
2460030.8216219	15.578412758763603	0.0287392958783233
2460030.8392015	15.61480503962394	0.0239905047382329
2460031.8044665	15.39166362926126	0.0223759601945645
2460031.8070629	15.329225469906469	0.0447718951162972
2460031.8595774	15.288885378858796	0.0204768450583141
2460031.8608178	15.189233288275494	0.0274354780725855
2460035.5428084	15.777852726796386	0.030638037509615
2460035.5440486	15.731865538155372	0.0335302629606662
2460036.5618177	15.669370939131795	0.0291678514883043
2460037.7989546	15.83858400185385	0.0546094522107981
2460037.8015509	15.82659060760456	0.1170252992848051
2460039.5536572	15.859299454421038	0.081129992957187
2460043.8110559	15.32992116706736	0.0459925373224897
2460045.6557789	15.682123257715848	0.0419995965646255
2460045.7642433	15.938789989781885	0.0724920127620798
2460049.8886015	15.949670055368264	0.0369516340148376
2460050.8278059	15.858494358695063	0.0275677427001463
2460051.7628119	15.432160569350772	0.0201113646592555
2460052.6709526	16.099981790760694	0.0673247234061181
2460056.7462563	15.904038414562496	0.0348666965371391
2460057.7544188	15.900826781032029	0.0278061473093946
2460060.492499	15.777029541444696	0.0400469759951751
2460065.8804395	15.242007184287283	0.0199766355228624
2460069.4498827	15.523911018850212	0.0652491775557804
2460072.7696967	15.363800840466515	0.047539327603119
2460081.0294494	15.75884611264829	0.0540360865832115
2460084.715432	15.45749403634611	0.0193114378520235
2460085.6891201	15.952377034586236	0.0396580524074057
2460086.0265731	15.79820737369722	0.0436646151093319
2460087.0192933	15.479036127681493	0.0240973213113592
2460088.0195573	15.27495234828688	0.022245514238592
2460088.413799	15.85669390533033	0.0326302685236754
2460089.0161445	15.85905467179899	0.0305608502030092
2460089.4026991	15.802851313575584	0.0535607373515003
2460089.7063647	15.440583516798496	0.0219268397818107
2460091.0032919	15.542676658619358	0.0259154406748844
2460091.4044388	15.40932121734108	0.0209511549562962
2460091.6747153	15.693049496262075	0.0331642337651158
2460091.9993924	15.287946071626434	0.0239485958287086
2460092.3998489	15.730791388424336	0.0289942725228426
2460092.6870735	15.562643328091475	0.0257938755501512
2460093.0065308	15.876052616692554	0.0302906579959666
2460093.0077711	15.875119073583695	0.0404889450288164
2460093.4026559	15.987728799362532	0.0544017498122069
2460093.9921924	15.79570162168978	0.0302815590620847
2460095.0085386	15.598766612769584	0.0291695942765827
2460104.024995	15.454582125343316	0.0320024073754533
2460105.0175871	15.463661928896135	0.0482789784599588
2460107.0270205	15.912986187055322	0.0592656686555267
2460113.6666724	15.56312422034843	0.0182777847131359
2460115.9994149	15.61746101580282	0.0175005837095224
2460118.7308226	15.427004080893912	0.052254827529092
2460121.5669668	15.348361397693642	0.0336161060449259
2460123.7460578	15.346499790787702	0.0198160301834285
2460123.8540081	15.366972868944506	0.0196743048589359
2460124.868293	15.710558088555215	0.0259327083994619
2460126.6775678	15.224668177927754	0.0387018933518413
2460131.6852822	15.596594859404336	0.0559661409832338
2460133.856783	15.848702945836925	0.0484406605954177
2460136.7963252	15.59300403314416	0.0201276112716658
2460139.5972485	15.93011856320623	0.0295417435249798
2460141.9166071	15.449134647485392	0.0179323650005319
2460148.8346796	15.33898759624871	0.0231907085469166
2460151.9111062	15.83602427703008	0.0279021847932589
2460154.5824593	15.599841357410511	0.0225106216914429
2460159.4625821	15.863713524259811	0.0862224500996758
2460159.8648758	15.789673469132833	0.0591451343825256
2460161.8712872	15.389128721534693	0.0334455362507694
2460171.7721644	15.872140792879955	0.0265773823072877
2460173.7956337	15.402281103137105	0.0304481119092984
2460180.8119574	15.710274635115583	0.0252526104031638
2460186.7738904	15.431047118964017	0.0476313611077643
2460187.7887968	15.828939725943671	0.06992531407793
2460189.7302354	15.418944649504493	0.0322687917491524
2460191.7398939	15.92887508519281	0.0583608740424014
2460192.762389	15.80739846332948	0.0295306389244757
2460194.7354526	15.372513971164366	0.024409232921461
2460195.760669	15.883351327115411	0.0338242461322338
2460198.7223815	15.262417054826692	0.0288218222326491
2460200.4047131	15.408011166047196	0.0166558063791516
2460200.773756	15.833167267175096	0.0380399707088175
2460204.767186	15.87811742714391	0.0299034395610866
2460206.7121166	15.28955869419927	0.0264514801662553
2460209.7207178	15.669647927451724	0.0308619587295155
2460218.5294008	15.93052143658694	0.0479331338162502
2460220.2889194	15.337182454575206	0.03200140047922
2460222.7046544	15.673396815375256	0.0496592896147243
2460223.5888034	16.016902356654047	0.035651980469129
2460224.5515312	15.797115320301884	0.03019032344841
2460227.2836264	15.702365930302502	0.0182248309940492
2460228.6494245	15.798219481699906	0.0379609687526561
2460230.5785331	15.379919933565604	0.0266617269017551
2460231.5798722	16.031050829426928	0.0426421420795491
2460235.5088405	15.81085007069481	0.0344627239085652
2460236.5459828	15.857067259721711	0.0426585465990223
2460237.3138318	15.3640656494965	0.0278384728836674
2460242.2906842	15.83001201383042	0.0689078801962251
2460243.5279232	15.836806466334515	0.0665958723491304
2460244.5362615	15.824956951192348	0.0671536843175409
2460245.6165863	15.621243183175396	0.1409966239693994
2460252.5320411	15.971001214959756	0.0337445493843079
2460253.2591329	15.330970061445331	0.0304048039321566
2460254.5198203	15.618503932625856	0.028888075639528
2460255.2870913	15.846575175070098	0.0390117660615577
2460261.5075964	15.780374660165414	0.0893296317194058
2460268.5375215	15.3563745714757	0.0497657011393313
2460362.8938066	15.445195164699824	0.0917143392427212
2460366.8828416	15.481527724202676	0.0654122673588339
2460369.8881794	15.884415500440909	0.0564172255658821
2460370.8873356	15.635654693208611	0.0444106818397566
2460371.6265703	15.687570908349464	0.0721629478301944
2460371.8826017	15.2955653432818	0.0420087537207198
2460372.8818634	15.946447428059026	0.0686417034191509
2460378.8841767	15.592879249823085	0.0286201223037592
2460379.8833197	15.305479654889428	0.0254270625323407
2460381.8927567	15.85626780182022	0.0282729487742977
2460382.8844452	15.768839372988506	0.0316926153928239
2460390.595763	15.32652807663128	0.0246572270464778
2460391.5894208	15.771828954569846	0.0379278033269838
2460400.1452595	16.14087237640938	0.148809312099018
2460400.609364	15.965081438244892	0.0872872229371955
2460400.8156287	15.46654148734383	0.0424717401218794
2460407.1241255	15.324948813783887	0.0199333699537107
2460409.120928	15.868600911153676	0.035526370070005
2460410.1173812	15.683055020339944	0.0194648583063144
2460411.1137722	15.331470462062828	0.0254506770232438
2460412.5233296	15.75869837130108	0.0410808507418022
2460413.5368131	15.75515902976604	0.0402094468629617
2460414.5369983	15.384920067749013	0.0281939623963141
2460416.529332	15.820912954576706	0.0364926496824847
2460417.5230674	15.697734780281872	0.0392912640331845
2460418.524567	15.445692858448217	0.0252172634788699
2460420.5012929	15.85722936891595	0.0856360550519717
2460423.7485544	15.784565471937723	0.0734841131302696
2460425.4937016	15.940901635202115	0.1297544521949996
2460428.0884643	15.145983245425104	0.0601419119899341
2460432.8860308	15.8849055695471	0.0400989951876541
2460433.8794555	15.554575238364524	0.023975563540603
2460434.8791147	15.382099320659863	0.0274704448465001
2460436.8835725	15.991930297806128	0.0514001389239913
2460437.957287	15.732943727732664	0.0477246090762488
2460440.0355455	15.330731936246575	0.0199966718017568
2460443.9190285	15.661338422910733	0.0327041844656044
2460444.8825454	15.858563765403964	0.0337496782811577
2460447.8667253	15.929563954765523	0.0381242662400925
2460448.8798923	15.912412682100648	0.033918125431438
2460450.8406481	15.499187295104264	0.0749225736661711
