2458014.5020775	16.44729543444631	0.0510114938890314
2458015.5010352	16.16938410699965	0.036304749175083
2458016.4804552	16.333868088775027	0.0497339460043126
2458018.4987047	15.86683858006194	0.0371404479469359
2458019.492668	16.282778262342347	0.0435846019554713
2458032.4872279	16.3354948509646	0.0765060158510689
2458060.5141002	16.235487732357775	0.0680672735396675
2458174.9005662	16.54020653141425	99.999
2458175.9000825	16.290833508541056	0.206971993174233
2458176.8957027	15.947915329330476	0.0502477986712476
2458178.8969534	16.169640830050337	0.1162325230397731
2458180.8821986	16.640743722475612	0.1590611564895087
2458181.6288571	15.604946956180708	0.0455631001768
2458192.9076222	15.884299362640244	0.0642129130947161
2458194.8984807	16.491496244087777	0.058624289513989
2458195.6412041	16.34882826198224	0.0549528497404318
2458195.8820922	16.52096431695731	0.0579191504636962
2458196.88935	16.127304861529225	0.0281127853024158
2458197.628152	16.28247528459372	0.0475885956996748
2458197.8692668	16.474244054028166	0.0447722997466491
2458198.6188394	16.034055096802557	0.041723621915804
2458198.8794689	16.31751233121644	0.0385551079145741
2458200.5948294	16.279941572919615	0.0469917821681445
2458200.8933809	16.40421891061401	0.0451025495929525
2458201.5865076	15.723992486467049	0.0309814053712913
2458201.854567	16.47387853357307	0.0549442668746433
2458202.8423942	16.34915281140002	0.0530909691684011
2458203.5994999	16.413472687882837	0.0523017684525043
2458203.8453727	16.126823591133103	0.03298696350336
2458205.8927453	16.355533756459963	0.0421233409772013
2458206.8391567	16.087932548553457	0.0534531404996802
2458211.9697171	16.350255525131637	0.0831024800852446
2458213.8483037	16.175651220489286	0.0720411742079096
2458220.8927632	16.55709695657189	0.0894211454706487
2458221.8458657	16.425192464945727	0.047480735403565
2458223.893543	16.415998000774913	0.0433023633493652
2458224.8286374	16.445885679935888	0.0485163071005167
2458226.8207133	16.045944048162667	0.0312312938683485
2458227.8333248	16.50440945592319	0.0524020767534057
2458229.8549408	16.132330745414745	0.0382159396179415
2458230.8244132	16.37136023333086	0.0451404510226484
2458246.8752234	16.370051098439355	0.0520252999936149
2458249.8326012	16.16626018103527	0.0351220614356834
2458250.750844	16.28510474117606	0.0404716156160385
2458257.5095168	16.297769222040884	0.0435724465843021
2458258.7310513	16.346469600484685	0.0419943926832879
2458259.8103942	16.161181627471848	0.0376249999482988
2458262.6749318	16.31611304316305	0.0432784541228319
2458263.667124	16.15945554879046	0.0391419428934353
2458264.8545768	16.496828119071182	0.0475807868195355
2458274.4804371	15.693305546221648	0.0335031782573758
2458275.4299119	16.056220782288705	0.0424267205926903
2458277.7244208	16.341800567329713	0.0422274921947408
2458280.445868	16.26380274287548	0.0438380333469945
2458281.44314	15.798607294030385	0.0305761777637143
2458282.4454687	16.202665574988842	0.0391730337399629
2458283.5606799	16.29574706871901	0.0454139532490923
2458283.7128822	16.268778152031583	0.0337779131277049
2458286.4682822	16.320629054262902	0.0415067348647931
2458286.7867482	16.284307367589307	0.0379262778525802
2458287.785159	16.43954935618717	0.0462647623513525
2458288.8159072	15.859868650723197	0.0312405698942399
2458289.7427669	16.164400180518285	0.0330377939645778
2458290.3382778	16.235402681396398	0.0569130607128508
2458291.7981411	16.41354843133676	0.0585263672114915
2458294.6079448	16.316098633465387	0.0663285088017772
2458295.8170002	16.394464552647754	0.075630467108302
2458301.9257891	16.248126591000837	0.1231782459593569
2458305.4063646	16.10401331550005	0.0323096810466756
2458306.4106779	16.402224596004892	0.050867631361197
2458306.636668	16.16644722669848	0.0262207076003241
2458307.4073292	16.270408553472613	0.0446294348230794
2458308.4039364	16.05864042136569	0.0329163634992525
2458308.7748745	15.851515928934512	0.0303960374061482
2458310.4014408	16.269534007922832	0.046561186889859
2458322.8591359	16.125968995469215	0.0660584585475578
2458323.2623871	16.25301752352329	0.0940414350372774
2458323.5975458	16.138582096229083	0.0705326014651491
2458328.5216018	16.372706089513972	0.10179749544428
2458329.7176477	16.185916113513354	0.0645902081068631
2458331.5332628	16.406375112910702	0.0470596496402134
2458333.3283139	16.411396120696097	0.05197286217184
2458334.4636394	16.229343596072102	0.0745146826119082
2458335.7353474	16.13793792651557	0.0383613477227314
2458336.6188281	16.02252820282252	0.0464889898671415
2458337.3119661	16.33784429505915	0.0452571813135709
2458337.7184366	16.074284658272965	0.0298249235930476
2458339.3195614	16.32802273412137	0.0404221458497311
2458340.3163288	16.361833318415172	0.0453896867141112
2458344.3031256	16.268451252188456	0.0392469672057173
2458344.7550747	16.21152617780611	0.0370468569071442
2458345.3075577	16.07110058696569	0.0389628972041869
2458345.7126452	15.928409197557515	0.0342613208988881
2458346.340871	16.301131550449938	0.0437585243867284
2458346.6244698	16.279494045515996	0.0338957199253719
2458347.699851	16.403678127252515	0.0416547136910097
2458349.5809033	15.900007479601822	0.0445065983706364
2458356.5232423	15.84579776982255	0.0666994648948071
2458358.5130827	16.440837626040874	0.0718363321412331
2458360.5211073	16.082807674208027	0.0318760897627967
2458361.5590944	16.367246650724315	0.0485083761202666
2458363.5519485	16.27953035348237	0.0313995878237247
2458364.6870175	16.368174458415826	0.0487691376642079
2458365.2821485	16.139624253821644	0.0350959062566022
2458365.6979814	16.207896505637343	0.0370116766913118
2458367.5311485	16.442253302664632	0.0441950381826809
2458368.5615753	16.458156572203592	0.0404103263763546
2458389.2414632	16.238550621227013	0.0416414241600103
2458391.6683718	15.792335634211105	0.0316435864225396
2458394.6693378	15.84195244741018	0.0311924810346543
2458396.6526653	16.361041959456678	0.0460167852328699
2458397.6026065	16.405845605818318	0.0536634697484294
2458399.2834521	16.353029459763214	0.0471266301153796
2458399.6478587	16.18403070289392	0.0357146494067767
2458404.5786811	16.595744818282537	0.0585442238023179
2458405.6236223	16.18610416329328	0.0388430928500369
2458415.2422481	16.333560123950527	0.1283349849523811
2458417.5439954	16.307442034014954	0.0660593802611348
2458424.2631985	16.00966039113231	0.0408408246399739
2458424.5218841	16.441240198415823	0.0441265384096675
2458425.5147378	15.863611205268167	0.0342112746580998
2458426.5146558	16.371842806268624	0.0443643570450235
2458427.2777207	15.98869833816073	0.0532606508123804
2458427.5120428	16.208388662331814	0.0439089509108413
2458428.5605758	15.823503969268856	0.0320668176225228
2458429.5602201	16.22928911775697	0.0405220167030415
2458539.8983465	16.105216018881748	0.1291952451292832
2458540.8982426	15.96412719986007	0.0932132590010159
2458541.8935547	16.138278559888615	0.0645687364393805
2458546.9000139	16.481973983441826	0.0807675230573732
2458547.8886302	15.976375531901825	0.0385563789048521
2458550.8821284	16.049259854585497	0.0394373420865062
2458551.8736068	16.241216938106295	0.0502731920743159
2458552.8842894	16.339933234333177	0.04280128612037
2458554.6079849	16.255603174156807	0.0426679311467544
2458555.6077582	16.29453192255693	0.042087831163582
2458557.607381	16.279581678925577	0.0445377209446336
2458558.6123778	16.253947427163748	0.0736198605815663
2458560.8770502	15.814350769139455	0.0280194862234688
2458563.6147871	16.101306690711557	0.1047260472638244
2458566.8583349	16.788659585436328	0.1355040345842831
2458567.6380776	16.30609863469079	0.0722722217258144
2458567.8505544	15.942732499108176	0.0562487401745973
2458568.8714372	16.22418382293519	0.0582389786021061
2458573.9003249	15.813753881362144	0.031532382506198
2458575.5697023	16.236196692052417	0.0356787031221619
2458575.8178243	16.42217439815505	0.0355230875255031
2458576.8171446	16.38690663677821	0.0315262258179509
2458577.8124764	15.805695131406203	0.0333860479269991
2458578.8152659	16.218154600886006	0.0335706748304587
2458579.8145265	16.332788803803698	0.0332248817685701
2458580.8016065	16.290701830959975	0.0449226935917019
2458581.8011845	16.243031787880515	0.0357056726584523
2458582.7967638	16.40063479702819	0.0459905774067147
2458583.7959261	16.41973402636781	0.0423687554098988
2458585.5347681	16.27712485304919	0.0465666629482197
2458585.9056917	16.257988134750594	0.0346503884692872
2458586.7825394	16.261559749968566	0.041072962348201
2458587.7789991	15.707541652910596	0.0320442638761431
2458589.1036689	15.733470844409958	0.0247380506987228
2458591.5184467	15.929503374746249	0.0589892952056292
2458595.7648861	16.079851860426565	0.0734186154123382
2458596.1175046	15.901920901742375	0.0514020926902956
2458601.745628	16.14059327372463	0.0409562409269171
2458602.7312709	16.34715803085006	0.0471635894124531
2458604.4807057	16.301853139422754	0.0384916640264761
2458605.0862181	16.21185998730414	0.03158217448723
2458605.7326832	16.332854231645552	0.0490756742112897
2458606.7438777	16.449541154076346	0.0535904556798976
2458610.0517321	16.226249912646963	0.0232577787845597
2458611.0635058	16.143479317362853	0.0282816887717366
2458612.0544104	15.92037134866722	0.0248050281363205
2458613.4530284	15.992661844821496	0.0315747966046167
2458615.4524678	16.277181605523722	0.0401973882658104
2458618.7225891	16.277483962479437	0.0587873215572517
2458620.9305754	16.17208275574203	0.1133079850817965
2458628.5724463	15.653483928559062	0.0419615982879039
2458631.0073107	16.15144114070873	0.0293966328843109
2458632.0654215	15.73854612327665	0.0274921478144074
2458632.9879213	15.907811492228328	0.0236717811249013
2458633.5491037	16.32727815439559	0.0540512060221893
2458633.9088664	16.121957758314693	0.0373395753652857
2458635.9810419	15.794498913939986	0.0239426378495476
2458636.6484002	16.32629939530408	0.0403876153287689
2458637.6835484	15.805880272184146	0.0338601621890058
2458642.0408436	15.670095651370984	0.0214520917687129
2458643.6245158	16.55797186345574	0.0558654163499265
2458644.6371044	15.787596005888636	0.0325165221926429
2458645.400768	16.22433609427911	0.0472986099338269
2458646.6333006	16.495536663708158	0.0724247183445109
2458650.3492214	15.865492807348268	0.0883541620581298
2458650.8830497	16.76944470249434	0.1476193422749803
2458650.9123341	16.42157206717883	0.103719337350134
2458656.9204472	16.094553418134268	0.0332792491943747
2458657.9408917	16.148662541602725	0.0425134509969761
2458658.3341081	16.31582977649288	0.04531047759444
2458660.7093059	15.990931173127723	0.0359864874463427
2458660.9057839	16.181952258561033	0.0589570045944707
2458661.5450425	15.70677112812993	0.0289859186371535
2458661.9934986	15.786641117393332	0.0230706597700903
2458662.7389032	16.44456028127227	0.0425428675657907
2458667.6670942	15.997413534919865	0.0363604299877194
2458686.3744416	16.110160793187383	0.0576031625729301
2458688.8104581	16.537721257698497	0.0635998943477138
2458692.77514	15.792148906028707	0.0336772840548224
2458693.8249896	16.115858120527093	0.0275996773689628
2458694.8098376	16.51470159522485	0.0641257818872778
2458695.6649924	16.455231462653693	0.0432527254540966
2458697.398314	16.17756785266548	0.0440946360513622
2458698.5355087	16.097465091294914	0.0312379401565768
2458699.882667	16.082094299478133	0.0263916207243323
2458700.8698507	16.181482883713315	0.0286275502164923
2458701.4916614	16.095080771409012	0.02931806690836
2458702.7625032	15.704134469633912	0.0299572464578192
2458703.5510358	16.41315409771986	0.0490536988896878
2458703.8025915	16.133707142409726	0.0606749354391042
2458705.7677524	16.55542976903737	0.0950251429662635
2458711.555032	16.255639027623946	0.1039249742829857
2458715.4820062	16.204791952566307	0.0608354949545856
2458715.8136308	15.743546636604853	0.0216326674627869
2458716.4861204	16.10331752069445	0.0617488921574647
2458716.8366581	16.015419756940744	0.0328555874586411
2458717.8315505	16.156543188081624	0.0275626254471316
2458721.715352	16.152686207551348	0.0568863724514163
2458722.7835882	15.871241479619083	0.0255506214140008
2458723.812639	16.184841950074315	0.0252039218169705
2458724.8017527	16.251741223014694	0.0382589448775873
2458727.7417088	16.17171547212478	0.0405051465605015
2458728.8048919	15.630106024000474	0.0209347043245487
2458729.6028617	16.580149477428606	0.052622073758549
2458730.7778965	16.249296262057545	0.0383366140436248
2458738.5451173	16.371309598776207	0.0907954081799419
2458740.5579043	15.736253395498023	0.0678372510638592
2458742.3636813	16.088611299038753	0.0956531056064764
2458742.5957305	16.29986828579876	0.0548880647813615
2458743.4100792	16.094951907365896	0.0743805110994462
2458743.5813024	15.773426801678198	0.0439858293847108
2458752.6595551	15.778647135882572	0.0403190227384637
2458754.6833643	16.372630772940294	0.058851507188961
2458755.5975833	16.46377300502335	0.0478839240593103
2458767.6385332	16.45546751039893	0.1163775740510949
2458769.6422803	15.878221711745192	0.0849685135932395
2458773.2514125	16.170109502468122	0.0379290273685258
2458773.5858628	16.160283080399218	0.0729326123258334
2458774.5860522	16.428142529137617	0.0548220099905396
2458775.5943054	16.33140412423902	0.0695228381829959
2458775.6234604	16.253087080457536	0.0464382457452253
2458777.6198742	16.28642197392175	0.0575142330219259
2458780.6127671	16.16881183334018	0.0416849473227673
2458781.5604477	16.37827427037554	0.0583759827114001
2458782.5537203	16.535929398833964	0.0635964621522156
2458782.6124235	15.713111314229703	0.0327711172368173
2458783.5600579	16.15163977641236	0.0391990910527034
2458785.6061125	16.336739994412174	0.0492088034447708
2458786.531418	15.982192861157118	0.0380215980734367
2458796.5028634	15.72469121585774	0.0866790710806596
2458798.5491212	16.24646718838957	0.125341490955706
2458800.5502168	16.488665295175508	0.1752376149343137
2458902.9002436	15.76495634969393	99.999
2458904.8950616	16.663111651139577	0.1269806236994543
2458905.8979403	16.14518020242069	0.105120012794283
2458906.8938232	16.53794535634707	0.0951212671544342
2458907.8968518	16.378520396951753	0.0909938292366017
2458909.6312027	16.33975914789479	0.05506273470075
2458911.6257255	16.33664661261261	0.0675951059435454
2458912.628509	16.277853484240552	0.0570264683365091
2458929.5921754	16.186857856272812	0.035904546085541
2458931.5864959	16.249976326003686	0.0442896772291027
2458933.9877989	16.208832557026096	0.0397326929141279
2458957.9408353	15.816329758769852	0.0322661492750472
2458959.926805	16.299930638107575	0.050201527655648
2458967.0727966	15.819024725323114	0.023710119864531
2458968.9020887	16.229868171894882	0.0421816731746817
2458972.0543948	16.18320757776582	0.0312613084039398
2458984.0320864	15.95261557439988	0.0304179804822929
2458999.0008363	16.355762691391906	0.0272210017866843
2459004.0198461	15.981071780868048	0.0638191728997845
2459014.9499364	16.24060967787983	0.0281182984494785
2459019.4101372	16.368712678124776	0.0399241026162358
2459022.4565103	16.12063294700565	0.0309913074330106
2459027.9138806	16.12002688612701	0.0241265344010343
2459030.9576298	16.311141046169805	0.0589817035758867
2459038.5113589	16.04756043953047	0.0711788052259809
2459041.8732786	16.408427887203484	0.0390333383511288
2459043.9173749	15.952822154737248	0.0268564472707855
2459046.2679383	16.163284836956283	0.0371187856239254
2459048.852386	16.45099040040023	0.0415847700690802
2459051.8495868	16.43512679765873	0.0427498098317143
2459058.8435395	16.24755301822278	0.0429246582905811
2459059.8170983	16.374237742160933	0.0688996268412966
2459073.772896	15.794185932207167	0.0237697139697035
2459075.8174394	16.264253805335425	0.0300375178810102
2459078.7586873	16.167539169241266	0.0251210899567837
2459084.7704527	16.322013088970422	0.0646866201558081
2459085.7495086	16.51547654662406	0.1757982306651561
2459104.7571788	16.10294047785658	0.0300525684875611
2459129.6398018	16.0758626966838	0.0729438670096983
2459132.6192135	16.17088145629469	0.0521203300372302
2459149.2545191	16.054147230922123	0.0784451962115299
2459149.5503273	16.32007313666338	0.0956775192336121
2459266.8899286	15.911363733259922	0.0697847242913545
2459271.8908623	16.341630528071427	0.1095209868318991
2459285.9034977	16.270929564471388	0.077370081185636
2459287.8914361	16.460587617181922	0.0537081646665192
2459290.8811406	16.252825771732226	0.0413237407027001
2459291.8255447	16.524307947589612	0.0614638492894184
2459295.835026	16.543672585124853	0.0475527821614605
2459298.8177198	16.429055062772438	0.0664133717333178
2459299.8099918	16.395696086048318	0.1018109224451909
2459300.8190846	16.74273426986592	0.1837791257652815
2459311.5377279	16.23774679851189	0.0508625678878887
2459312.9681296	16.036763270940778	0.0342603708879131
2459315.1290286	16.082966153995464	0.0317171827751216
2459316.7728289	15.784627950140656	0.040903322745186
2459318.5370988	15.854888299955135	0.0331057107553669
2459319.9031973	16.104053174018404	0.0372214725722416
2459321.496215	16.291003192044325	0.0473104844092159
2459325.4859148	15.863960438939309	0.0386424223753203
2459328.1098749	15.818218543509683	0.0239374253291302
2459338.6954032	16.54457219953669	0.0557305909247797
2459340.6524271	15.645267667269774	0.0459389234999596
2459343.9102094	16.160724727729306	0.0363820582242563
2459344.5518359	15.79829733048851	0.0268412035875613
2459344.9029503	16.229457273105144	0.0381552321577895
2459345.8292844	15.898516176347409	0.0347578110607856
2459347.0769875	16.417890959322893	0.0424893520038578
2459348.7050071	16.52069703349842	0.0593750392883853
2459348.7596556	16.457011032048914	0.0559767661063594
2459351.4238524	16.33562701350759	0.0565845879619491
2459351.6711352	16.489226307816438	0.0572482331952323
2459351.8225347	16.38235309163392	0.037505695296344
2459352.8654852	16.164032488036227	0.0444368698123384
2459352.8667033	16.03210493092409	0.0520762823634992
2459355.009792	15.995073597626918	0.0334689970394603
2459357.402678	16.31542640279391	0.1076413969260506
2459358.6472786	16.90245272643437	99.999
2459358.8443974	15.899720536156636	0.0516021541147228
2459359.8438297	16.159552426310107	0.0767571719627574
2459365.7985439	15.567558325083692	0.0648624329863664
2459366.6361798	16.37975793672068	0.0571097863726284
2459367.6314709	16.135011767984654	0.0406202997403924
2459369.5787543	16.188889761407065	0.0380907662871018
2459369.9148876	16.198390076898363	0.0486665543285789
2459370.8760319	16.292916014944296	0.0534660283182508
2459371.7947211	16.048648459108822	0.0316404831946063
2459372.3618561	15.964187122554854	0.0318726859546611
2459372.6044666	16.507475364658536	0.0722601873275164
2459372.8276227	16.13570331970403	0.0463872096811122
2459374.8128173	16.22065685647118	0.0396685474479756
2459377.9608749	15.73073802767894	0.0220467726410464
2459378.8347781	15.720568229626313	0.0310844876771595
2459379.5952963	16.42533732251959	0.0553656750164269
2459383.5931484	15.794590161105976	0.0365888676341063
2459384.3455881	16.21101061077709	0.0421809686384326
2459385.3644266	15.78685911401614	0.0452517844238958
2459385.866464	16.01845280974173	0.0372760395003161
2459386.6346803	15.688462068793552	0.0524172808493031
2459386.8090089	16.25061228849949	0.0615089603731606
2459387.8774735	16.405753164246104	0.0520329364956778
2459389.8091055	16.392465690085785	0.149218638223894
2459394.7035698	16.47248639042313	0.0835242559755324
2459396.5465935	16.471557794407325	0.0560708611107294
2459397.9352356	15.879880957558548	0.0235565767154103
2459402.2931366	15.98087250545639	0.0286564492743856
2459403.8430373	16.319343435014783	0.0670922061250582
2459405.7094089	15.873606713150432	0.0270357907830729
2459406.4874448	16.224440841113207	0.0314764049597797
2459407.5089591	16.232798111721245	0.0307735639354679
2459408.615288	16.416833345889017	0.0531747845547541
2459409.7622959	16.319000804978728	0.0549438601105718
2459412.2650537	15.85472927240666	0.0429825151685598
2459412.8349951	16.45452617423419	0.0509776898694648
2459414.4898376	16.051648419007062	0.0969457549188911
2459414.6892625	16.235068147269175	0.0678268451965991
2459420.6533619	16.249409073948126	0.1081117064860029
2459426.6727338	16.236684783226004	0.0432693841346153
2459427.6194907	16.442424328072583	0.0477780692362774
2459428.6876628	16.421691030839508	0.0508105408503644
2459428.8782503	16.230523761831186	0.0416828894743745
2459429.5702238	16.060295577297993	0.0396526071111136
2459431.5689571	16.435901944961063	0.0657698801493078
2459432.8266929	16.30068535428101	0.030646447247792
2459434.8028598	15.724127640066207	0.0234322924657961
2459435.6550404	15.64563486130263	0.0356766924807798
2459435.7824499	16.27544562731593	0.0432807462600309
2459436.6160239	16.210295564187632	0.0439932842088793
2459439.7341115	16.395421745516174	0.0452778694535068
2459442.3298857	16.078710090626384	0.0514110166961864
2459444.4784951	16.38009578323056	0.0951461159414918
2459450.426182	15.591170155369827	0.057191133062043
2459450.821173	16.10153963151064	0.0566398376730963
2459451.4071651	16.059010156552386	0.0846927664399656
2459451.8042663	16.18531956873815	0.0362343496823281
2459453.6179123	16.26844173412884	0.0419738039107641
2459454.6566787	16.504499653959552	0.0776948499386229
2459455.6368447	15.830752541481278	0.0359448100833914
2459457.3525916	15.817091261604734	0.0291917755317806
2459458.5630458	16.363625143336115	0.0736851934329536
2459460.5849515	16.28012035216382	0.0419800969890242
2459461.6442367	16.086738407847033	0.0285179138960516
2459462.5359177	16.1795223688448	0.0440129341549641
2459465.5698484	16.476703325397782	0.0614825141819044
2459466.5678647	16.178617048565556	0.0418578126703392
2459468.2799953	16.226948307555805	0.0981649648551818
2459469.7385952	16.192558906325544	0.0364988808267995
2459470.5120458	16.326108620815194	0.0436385731574069
2459475.2875141	16.406188367622427	0.1075269850205802
2459477.4005566	16.154678637688676	0.1241934287478887
2459477.5605661	16.37059093847795	0.1021538028085884
2459482.7299594	16.34891027988626	0.0394904153990209
2459484.3520337	15.98052430926205	0.0299282984593172
2459484.6394501	16.386872864825218	0.0448850508149192
2459486.6712035	16.049588993624315	0.0357836954161907
2459487.6743422	16.191631562259893	0.0562637608292266
2459489.5008403	15.955006964024015	0.032283198434684
2459493.3331688	16.331826243176575	0.0447916079006571
2459494.6435107	16.038030769260295	0.0279452453281117
2459495.6582856	15.973179702347917	0.0387040385434353
2459496.3580746	16.26978318071337	0.0487368242148104
2459497.6123614	16.181185427534743	0.0347626044492076
2459498.5202295	16.339651757338544	0.0516996239154881
2459502.5456969	15.947463807234548	0.072599910722683
2459503.5042475	16.0206870004218	0.0494779593612181
2459504.5763733	16.889444952916584	0.1844389813059667
2459505.5094598	16.046712432606512	0.0840292234771613
2459506.3155949	16.265184122601898	0.1175903150968124
2459507.6106604	16.071729358690256	0.1227817242756406
2459508.5567641	15.850800442296354	0.08051697512823
2459509.5540052	16.76470150549553	0.1400723673070688
2459509.6154882	16.349449340374807	0.1346951760288584
2459510.6086973	16.08434133605179	0.0785496873303985
2459512.2914618	16.2474853451087	0.0561358991593979
2459513.2995311	16.212267888245748	0.0459787927024523
2459515.5922449	15.953384911394178	0.0315567779428747
2459516.5491142	16.317347164374002	0.0534056250191436
2459516.5954369	16.23783926103919	0.0459195287196524
2459517.5386724	16.367875411997584	0.0526326485325397
2459518.573201	16.069831806253234	99.99
2459520.5857126	16.258183702392877	0.0542630490268269
2459522.2690002	16.293694366413046	0.0587549896355917
2459522.5161277	16.07475742194766	0.0494303351360942
2459523.5561634	16.629284715544678	0.14571752337522
2459530.5091773	16.740186915820992	0.1423559710225397
2459532.5468985	15.882420521660515	0.0650988184346124
2459533.5501811	16.170344163477846	0.0918417780500565
2459539.536003	16.151040394950456	99.999
2459631.8943421	15.95737655047362	0.1304077569536458
2459639.8915593	16.144157166688537	0.0848655796418774
2459639.8927996	16.181076899029698	0.0966590439289925
2459658.8525942	16.29511485395397	0.0727350051451819
2459661.5910723	16.109941782253088	0.068471850970023
2459661.5923357	15.98213882373466	0.0598152669123502
2459667.5702089	16.45946543316795	0.0748571302981996
2459668.8199176	16.212875584880408	0.0398328202242819
2459668.8705627	16.357558439041508	0.0408113056518351
2459670.8990648	15.90499611125827	0.0331460680270366
2459670.9649327	16.119585191898167	0.0364849185823778
2459672.803695	16.381431951975514	0.0396655597803382
2459674.9762494	16.092514415020887	0.0343222478223915
2459677.7893628	15.999533163518036	0.0269759145642276
2459684.7482224	15.925179385831074	0.0858494830585113
2459687.9601877	16.22678570716502	0.0973586544949152
2459693.8681262	15.73659526105981	0.0310020545801814
2459694.7282313	15.896972006290175	0.0322419066410777
2459696.5849235	16.068989090163544	0.026179791627052
2459697.5958082	16.49311921510973	0.0826931692113454
2459697.5970716	16.535887423701368	0.1174949482701358
2459698.897401	16.173466578451603	0.0299455105207077
2459704.8871684	16.09596879349505	0.034350860191276
2459711.4425033	16.364181180016413	0.0928753931650924
2459711.4437436	16.519823970608684	99.999
2459711.4449837	16.210396504916172	0.1524274787488757
2459713.450514	15.953477138901809	0.0941911205211664
2459714.6920612	15.948395830545024	0.0684363602619923
2459722.7120243	16.667718033959257	0.0655841454033151
2459725.6459146	16.30047938443713	0.0348645560365983
2459727.5826409	16.199765132542538	0.0448744832680054
2459727.7994234	16.162371099043064	0.0284668035634579
2459727.8079777	16.054637359771885	0.0542277683390618
2459730.4316593	16.177634331373078	0.0477871312594829
2459731.5288718	16.15157940631509	0.0290974022636612
2459731.921286	16.1335399728412	0.0570933065321104
2459733.505795	16.233607636861592	0.0436989576650489
2459737.3607245	16.06779027897618	0.0504080036194095
2459738.9202947	16.190988546666006	0.0366486622964388
2459739.8194406	16.223089332993844	0.0324329812903134
2459740.9197117	16.42293125055895	0.0674506441189118
2459741.8122645	16.22194285349116	0.053035234671806
2459741.880122	16.303911665834654	0.0437789154457715
2459743.5910794	16.176365259319358	0.1262881254079239
2459748.884138	16.54600988954611	0.1463446139210907
2459753.8018307	15.825783331553788	0.0392936382226205
2459753.8030825	15.747163407211172	0.04241910637833
2459756.3306497	15.74824798354834	0.0411131494626602
2459758.8517264	16.4413567518051	0.0505345505330193
2459760.5650025	16.54518375844432	0.0623122872409471
2459762.7914896	16.146037501232403	0.0431964125483305
2459763.8394856	16.315989196257856	0.0376224774753213
2459765.5484211	16.203380646532427	0.0452216074515887
2459766.859973	16.23988248980814	0.0406849991641868
2459778.4109608	16.280567676361947	0.0762718449916475
2459781.5400931	15.912683657846332	0.0380155559441755
2459782.7342066	16.50414717001987	0.0449128689984856
2459783.6943075	16.021265530892343	0.022026024432422
2459784.6567442	16.232116303160257	0.0398568534467322
2459787.2536576	16.177102570913394	0.0591941049217471
2459787.5933016	15.819979687306123	0.0290808535475746
2459787.6317123	16.03802121166392	0.0354360002475809
2459788.865122	15.713923061305463	0.0344093279065234
2459788.8663507	15.52754234413892	0.0539895178063324
2459789.7046255	16.023600166302753	0.0342853612673664
2459791.7705866	16.16306601727237	0.0429569309412497
2459793.2751342	15.869498740685144	0.0486297090390839
2459797.4791162	16.28676604576744	0.0479505064905137
2459799.5163587	16.657724217033586	0.1110853359426585
2459805.7652874	16.743085569893097	0.1629356218092386
2459807.6404656	16.278928649344785	0.0450632710911698
2459812.4494122	16.160678763739575	0.0452444017442655
2459820.6651232	16.123307470054538	0.0389921938381119
2459821.693093	16.323552712101904	0.0331557621088597
2459821.6943914	16.387080921043975	0.0605603454644937
2459823.2639526	16.082971760383582	0.0748319178520492
2459826.2998792	15.974108306209622	0.0525844457317072
2459832.5672361	16.533548512389046	0.1767855467311311
2459835.4097177	15.869294992861873	0.0637282214275897
2459838.6791844	16.163161350305867	0.0344264376938038
2459840.6520528	16.22051956380771	0.0426985731611245
2459843.5759362	15.795291379970037	0.0317220505108204
2459844.5613552	16.420745816969507	0.0491340330201976
2459845.5615529	16.449789296345184	0.0479553682717133
2459846.5391863	16.59862514641222	0.062324888721331
2459847.5997839	16.27059464155697	0.0367400309680201
2459848.5969562	16.484711861593432	0.0598817233762066
2459850.6326754	16.383581681619464	0.0414471594661605
2459851.6142638	16.354416561159816	0.0498287948710473
2459852.5714387	16.41054822182302	0.0422625059005745
2459853.5563515	15.79397911421953	0.0383308456202523
2459854.523654	16.28713167077069	0.0536734009264202
2459858.326349	15.61204661515392	0.0758951069469717
2459859.5407634	16.54087010516416	0.1057328433355416
2459860.5338089	15.98443576985282	0.0670674307382995
2459861.5265965	16.629663314262597	0.1067274443315735
2459865.5324799	16.469772674850184	0.0462181471569601
2459870.574448	16.33716057321009	0.0449938629874082
2459871.5093317	16.31163168867081	0.0371795196510562
2459872.5029464	16.44523865170687	0.0481271601091054
2459874.2729222	16.230465162796357	0.0516824818503718
2459875.2744166	15.93821328909427	0.0518641550273676
2459876.5044311	16.23422393243996	0.040675289785879
2459878.5526879	16.429794795325115	0.0518338871359756
2459879.533919	16.352288596538646	0.0452539223131848
2459880.5259866	16.18064985066772	0.0371163384556106
2459881.587729	16.284800782997653	0.0582962219006629
2459885.5224817	16.39480159702021	0.0682776637515888
2459886.5183612	15.90231533109751	0.0562787323507919
2459887.5117996	16.16421264699537	0.061908082524557
2459888.5083946	16.642155629774063	0.0971931874796837
2459889.5085983	16.17074243952484	0.0854148876551254
2459894.5044845	16.692173224352263	0.1626372177945402
2459896.5510446	15.944976422026215	0.0417290650952051
2459901.5381404	16.377567971166645	0.1403161888163453
2459995.8949009	15.757811977942143	0.099836651664025
2459998.8964616	15.97503515268456	0.1022925426688297
2460000.8985786	16.682466088901858	0.2170017960155705
2460002.6410048	16.04968973413003	0.0943008173451148
2460004.6281885	16.072384259122025	0.0359712945980444
2460004.6294404	16.278198854043396	0.0819286099086485
2460014.6266601	16.23238675882367	0.0656809986264298
2460014.8877856	16.76095466177819	0.120926287865091
2460015.8908928	16.31104375950819	0.0846817005287576
2460022.8349319	16.096050880103554	0.0367849688949698
2460023.8401089	16.4826775050908	0.056523661975406
2460026.8277706	16.338918809262406	0.0535152970299368
2460028.9879774	16.191353713822462	0.0369759600348074
2460030.8216219	16.484816207269578	0.063811619758828
2460030.8392015	16.447160498145646	0.0534630512411032
2460030.8404997	16.485995907201257	0.0605076810879518
2460031.8044665	16.59917790221056	0.06859495220456
2460031.8595774	16.2741761006104	0.030947022390205
2460034.5785109	16.215775935435236	0.0422542324559142
2460035.5428084	16.157228338580154	0.0484563732509434
2460036.5618177	16.22985817635194	0.040078826318352
2460039.5536572	15.85182488711726	0.0693797532948481
2460043.8110559	16.274360389550505	0.0828747785295014
2460045.6557789	16.310535180088642	0.0913966288342306
2460045.7642433	15.649714775624863	0.0565727318523612
2460049.8886015	16.578986456555814	0.0741995606295412
2460050.8278059	16.417240917047742	0.0545015502400848
2460051.7628119	16.435080445996093	0.0616615045267146
2460052.6709526	16.15125798794467	0.0980788246037246
2460056.7462563	16.252774984313767	0.0404873589182545
2460056.748854	16.386037931408183	0.0659660369361826
2460057.7544188	16.32429328241197	0.0298324395707858
2460057.755706	16.419284483168067	0.0379212560105114
2460062.9711408	16.39896606299297	0.1510059560800891
2460064.9075301	15.91033811318564	0.0394235042731128
2460065.8804395	16.25378461888108	0.040494657080451
2460069.4498827	16.500604750035098	99.999
2460070.4747044	16.62105586329584	99.999
2460072.7696967	16.421718101755232	0.1072595367463814
2460081.0294494	16.17771001590624	0.0356103295633788
2460084.715432	16.42130068312238	0.0872212400409479
2460085.6891201	15.79575940441131	0.0313979180156203
2460086.0265731	16.342997443546512	0.0520766997754603
2460087.0192933	15.800819899290556	0.0343157932785298
2460088.0195573	16.23994209730807	0.0395253072579025
2460088.413799	16.219826740000965	0.0314844937164744
2460089.0161445	16.417843733835877	0.0443761443146793
2460089.4026991	16.473074611083657	0.0935379172192958
2460089.7063647	16.165274844181457	0.0364008921607482
2460091.0032919	16.128572471040535	0.0328134508098898
2460091.4044388	16.011474197576725	0.0368558807777202
2460091.6747037	16.47314498772389	0.0749140832340306
2460091.9993924	16.267669914821987	0.0081553692921064
2460092.3998489	16.363622556286384	0.0543800412582484
2460092.6870735	16.008078077031335	0.0393880356529203
2460093.0065308	16.481056339738046	0.0856450808662415
2460093.4026559	16.16032891056627	0.0585825038309534
2460093.9921924	16.034222966156797	0.03657480224918
2460095.0085386	16.371183959299223	0.0851831956890774
2460104.024995	16.21622946333771	0.0452714869485885
2460105.0175871	16.310965103177185	0.058329137509549
2460106.0228047	16.395188430681348	0.050734909535277
2460107.0270205	16.056802584642366	0.0408273791357354
2460111.77209	15.818972198137102	0.0541761022248266
2460113.6666724	16.318971761821448	0.034387258984406
2460115.9994149	16.448852774817105	0.0488370932328111
2460121.5669668	16.418777597705553	0.0624067015410031
2460123.7460578	16.487156097284043	0.0445057968513209
2460123.8540081	15.898539974349944	0.0333244626336113
2460124.868293	16.570349566738624	0.0931266368246887
2460126.6775678	16.716091166588406	0.1357132851187518
2460131.6852822	15.719404903169837	0.0777622500244518
2460132.8134729	15.96571251628986	0.094845057504725
2460133.8567714	15.765360188464784	0.0452044634101738
2460136.7963252	16.463166687488922	0.052043834796717
2460138.8246587	16.156175561126908	0.0413116268447341
2460141.9166071	16.387926069428328	0.0466400295567359
2460144.8314564	16.019533299886554	0.0358358856913471
2460145.8400592	16.274353308867695	0.0590501542456346
2460148.8346796	16.367209288785165	0.0478165307491661
2460150.8284139	15.947117906384191	0.027458373506458
2460151.9111062	16.411321172564552	0.0540924466942516
2460154.5824593	16.22534224634428	0.0520092557358391
2460159.4625821	15.82274151987814	0.0786160321216886
2460159.8648758	15.922296178242664	0.0582113899156267
2460161.8712872	16.48734491872796	0.072491938219969
2460166.8256903	15.613442847123752	0.0362888979281085
2460171.7721644	16.222936024275725	0.0372888586214122
2460172.8283712	16.19345398602227	0.0514300333028392
2460173.7956293	15.71253582836946	0.031466856901736
2460180.8119574	16.20942703515585	0.0504512892543463
2460186.7738904	15.940227528246716	0.0989598166851842
2460187.7887968	16.291401499202333	0.1337454975645482
2460189.7302354	16.517198074640888	0.075421999506373
2460191.7398939	16.093174255860365	0.0743859324306655
2460192.762389	16.571916608853407	0.0823850026983093
2460194.7354526	15.971992966399052	0.03827965028678
2460195.760669	16.359838022380284	0.0506335682210362
2460198.7223815	16.326089198565207	0.0697385138791226
2460200.4047131	16.228795284107353	0.0320565655706871
2460204.767186	16.325697609920034	0.0488407434392321
2460206.7121166	16.117110355762286	0.0549289852829398
2460209.7207178	16.388227722501163	0.0743967174655724
2460216.5810498	16.61910288871607	99.999
2460218.5294082	15.943015619065577	0.0449359255111535
2460220.2889194	16.066091316282524	0.0489721333845911
2460222.7046544	16.28027989675871	0.0616298223450741
2460223.588815	16.4636606720611	0.0569412728401179
2460224.5515312	15.758599945420304	0.0333398196374173
2460227.2836264	16.22752609035657	0.0389326757352614
2460228.6494245	16.050338294689023	0.0428222461440986
2460230.5785331	16.047086327917697	0.0303424994093095
2460231.5798722	16.20163160045331	0.0411307995543753
2460235.5088405	16.305177480921216	0.0338964936257118
2460236.5459828	16.526702104887775	0.068437645291349
2460237.3138318	16.252953717145253	0.0619735434167096
2460242.2906842	16.319021599222616	0.0944587604770292
2460243.5279232	16.58017732157816	0.1166158570058305
2460243.530381	16.34221076064348	0.1571600717783328
2460244.5362615	15.955287367008882	0.0770560820295503
2460252.5320455	16.440728445388444	0.0531835040312595
2460253.2591329	15.890640929630267	0.0498991227487083
2460254.5198203	15.7924862602734	0.0418541854086776
2460255.2870913	16.314944956246254	0.0493929917696639
2460362.8938066	16.479591096068617	0.1121317975690992
2460366.8828402	15.807709478562796	0.0674864448292952
2460367.6313672	15.964609030021574	0.1246099170184374
2460369.6319874	16.017374385860993	0.0946791290318323
2460369.8881814	16.147510010306917	0.0691277066239865
2460370.8873356	16.21212363535006	0.0604923440770954
2460371.6265703	16.08497340851256	0.0877160487663535
2460371.8826017	16.425730044579872	0.0948220353963329
2460372.8818664	16.2796879910395	0.060487135133926
2460390.595763	16.420003228509927	0.1014985397514674
2460391.9939705	16.19257205172605	0.1033948893508402
2460395.9810142	15.10682605271744	0.140400282153635
2460397.9781245	15.89780619660642	99.999
2460398.8500652	17.10769187418087	0.1961958143302175
2460400.1452595	16.36845397507269	99.999
2460400.609364	15.775253462622432	0.0982211630473346
2460407.1241255	16.485529141480647	0.0567965869999266
2460409.120928	16.318654101293856	0.0745025849403424
2460410.1173812	16.39331471068455	0.0462413015590459
2460411.1137722	15.889488954783747	0.0352452271309654
2460412.5233296	16.042363169955095	0.0402435911494262
2460413.5368131	16.420649442787408	0.0489937840440696
2460414.5369983	16.403782014873535	0.0552542143419869
2460416.529332	16.11662632845266	0.0429599134463275
2460417.5230674	16.22520505334641	0.0488328076967016
2460418.524567	15.882668691051748	0.0402966118713995
2460420.5012929	16.64618315702785	0.1261725518335968
2460425.4937016	16.128413190393598	0.1544973251168283
2460425.8110805	16.83099637183831	99.999
2460428.0884643	16.16803576964405	0.1549475417501429
2460428.0896814	15.716863250104154	0.1150812733045016
2460432.8860308	15.783110336384174	0.0377754088050941
2460433.8794555	16.070094355761164	0.0485887354667978
2460434.8791147	16.1302437465828	0.0490961133117684
2460436.8835725	16.081749715450506	0.0406644138436785
2460437.957287	16.17636002693709	0.0875189897144013
2460440.0355455	16.36799189424553	0.0645544139863597
2460442.7095483	16.43328234377247	0.086346029636108
2460443.9190285	16.0350360675265	0.0551487350112091
2460444.8825454	16.098919668758356	0.0449348089066998
2460447.8667253	16.33928975597983	0.0697110982389847
2460448.8798896	15.704427891728816	0.0285348982311058
