2458220.8660294	13.17157945560393	0.0024321946258389
2458221.8670457	13.245419081655026	0.0033429491883582
2458223.8544734	13.161610950009228	0.0025386194700597
2458231.8634629	13.150169414349731	0.0025990500072326
2458252.7821306	13.173872315311932	0.0022721092073496
2458261.9374844	13.228861785943309	0.0028626362608342
2458264.7355252	13.220974210381428	0.0095969705363097
2458282.7795669	13.275308658140776	0.0029184279009099
2458283.4853236	13.20239908840468	0.0025393120354241
2458286.5138468	13.232297851317952	0.0012795598576332
2458287.5039413	13.262078582442347	0.0021691125802368
2458288.5554076	13.191027462027838	0.0022033881782746
2458292.7444905	13.192994963607738	0.0039837109564459
2458311.746225	13.281707106482024	0.0031197219007889
2458313.7130467	13.211855296396427	0.0023954714920281
2458318.7834695	13.148693025035	0.0028396003384841
2458328.5136213	13.183750276270152	0.004050948297937
2458329.4954405	13.244435581245096	0.0026050243538772
2458334.6902727	13.195549844449248	0.0024115351267524
2458335.6714668	13.23867991767722	0.0029605214549881
2458336.6634977	13.169284082469758	0.0024114170767492
2458338.5881504	13.233264874603435	0.0019445988412525
2458339.547064	13.257028277074811	0.0021734054840627
2458344.530437	13.191495967669669	0.0027210759228245
2458347.4986338	13.27047138544854	0.0031565783048401
2458353.6800947	13.28497400992516	0.0073653863341385
2458355.5045763	13.280303561103803	0.0049366388216603
2458356.545547	13.275860151894838	0.0049162946585891
2458359.6139717	13.257264429895638	0.0040102959465012
2458362.6645152	13.229920340820222	0.0026844612972549
2458363.5593882	13.235649158101522	0.0020011590330022
2458368.5912503	13.18139539558403	0.0029512285793801
2458369.5876178	13.26041282420406	0.0026274346777354
2458372.6148756	13.259517709035189	0.0032497815936145
2458375.6160021	13.246150868586108	0.0031276742267382
2458382.5487277	13.269903290362432	0.0044924431767191
2458392.5120322	13.165656397887629	0.0040812815598933
2458393.5125811	13.176476687802758	0.002764099866578
2458394.5092137	13.084910626121564	0.0028067667699663
2458397.5029862	13.079309585963554	0.0028392400197214
2458398.5025005	13.273482038336743	0.0030510603856368
2458517.8800812	13.155235855362497	0.0043284828259586
2458518.8676297	13.18196336313386	0.0037543973337742
2458522.8540271	13.157159111143324	0.0026029861636002
2458523.8533508	13.108612939155387	0.0025614613631183
2458530.8649655	13.267194565178777	0.0030086685188849
2458532.8496782	13.176598564817168	0.0053577507872414
2458533.8582264	13.2338066169833	0.0061239399996981
2458536.9922698	13.233096529172188	0.0054253423308785
2458559.7774827	13.27840464465841	0.0032349964319079
2458560.8658153	13.226312581965118	0.0019245951679789
2458561.8024619	13.265412204276847	0.0053258191910367
2458562.7896422	13.232488632540072	0.0051649603962803
2458564.7689114	13.269140253485585	0.0072960053160667
2458566.7876135	13.139417020324643	0.0030568971979271
2458571.7381078	13.115573975070852	0.0025721397142363
2458571.949589	13.195957978234114	0.0024748637118255
2458572.5653547	13.165232447621449	0.0023398939435328
2458574.7314345	13.18227388177652	0.0028403880301075
2458575.7204491	13.236287578587294	0.0020657361713525
2458576.7164369	13.185971568082826	0.0027260404090967
2458577.7242633	13.280593177168145	0.0033069709333258
2458578.7367428	13.208411621521485	0.0026601878120804
2458579.7575223	13.112267959492495	0.0019528847617801
2458580.7233152	13.242406658605994	0.0027402537429804
2458581.755965	13.120188046502316	0.0017731522131385
2458582.7613996	13.270840314720257	0.0027898124515421
2458583.7059799	13.238324166905668	0.0019439423577309
2458584.6975738	13.214065364155749	0.0022806357994372
2458585.4838052	13.16577131791686	0.0028242358628449
2458586.8935587	13.258797513867918	0.0026734705152288
2458588.679014	13.284678830393178	0.0049380571921196
2458592.5542888	13.226943816602796	0.0058729612622111
2458593.9014234	13.16702543418238	0.0123984797121578
2458594.7132595	13.199440694047269	0.0059832978030112
2458598.9919018	13.20452842606313	0.0033236285747656
2458599.898011	13.186617725057513	0.0031444315787721
2458600.0495214	13.241693739994997	0.0031769942085547
2458600.9963667	13.266767360404897	0.0027089451201086
2458601.6496453	13.138156146956437	0.0011785331620513
2458602.5201156	13.177882961346183	0.0020144280956487
2458604.5552532	13.17644235501479	0.0020487016541756
2458604.9054972	13.277050661133554	0.0031120580897879
2458605.8300283	13.207512516210878	0.0021465524491954
2458608.7798503	13.183374961689324	0.0029424169929413
2458609.8074389	13.25243366755695	0.0033233807695144
2458611.9608408	13.224633223491916	0.0020228070082255
2458612.616235	13.199396665818783	0.0029542005070912
2458613.9657173	13.279880552387846	0.0015411763577953
2458614.3646728	13.160027727949508	0.0026299960005601
2458614.8667266	13.178465919103605	0.002947229615884
2458615.7502085	13.230256200911532	0.001640695792141
2458616.8242134	13.190363025756492	0.0028017126767588
2458618.5961006	13.189049093669745	0.0047007728116605
2458619.9495111	13.208974664524716	0.0049095918052807
2458626.4334495	13.213531022606196	0.0035166308912911
2458627.439296	13.19035004425368	0.0030433718594923
2458628.9758602	13.259848195940362	0.0022267128421058
2458632.8986698	13.22540836098268	0.002626621142131
2458633.8948642	13.276132273089909	0.002124701220203
2458634.8922228	13.277550202006214	0.0019323805709519
2458637.8006673	13.077398514004583	0.0029236225901468
2458639.9185274	13.289869569186234	0.0023891387911666
2458640.584939	13.26254465872636	0.0031104903518711
2458641.8276778	13.251462558242364	0.0026537285490234
2458642.7866438	13.192925450191712	0.0023650942663533
2458644.8788044	13.299424519260812	0.0029573179532541
2458645.5172031	13.275604519085354	0.0046635764844139
2458646.7121153	13.290365838536427	0.0037572862462402
2458647.7111051	13.224536530474309	0.0039011160085674
2458648.6771274	13.25821360553718	0.0049183895817072
2458649.3943608	13.13313350031774	0.0054511609472714
2458690.6648393	13.078837174143418	0.0027894750719473
2458693.6974193	13.19479129942007	0.0027117804421513
2458702.7256877	13.195149278093686	0.0033925030733717
2458711.528982	13.205266932138992	0.0050295982842734
2458712.5070568	13.163291085124062	0.0029499787048964
2458727.6410444	13.177894080616625	0.0034461326047861
2458728.5727118	13.278356378138064	0.003891419461807
2458748.5670391	13.059680806871627	0.0063935999111274
2458752.5531593	13.16291422407599	0.0028460074633628
2458763.2799232	13.184601905283394	0.0054338631706799
2458763.4950424	13.222135092100151	0.0046796335788421
2458764.5414191	13.16422430963813	0.0049262202388133
2458766.2785862	13.233049443373533	0.0055776801625288
2458766.4890108	13.191212891073686	0.0055705064174224
2458899.8379436	13.17280735781899	0.0028933480218327
2458899.839228	13.263611123164464	0.0041945428015802
2458900.8438398	13.122325456381247	0.0028664786569151
2458901.8462298	13.208814504452512	0.0028189787537232
2458903.5999144	13.212095270577468	0.0026483492141247
2458904.8251706	13.171148771073902	0.0025063406126274
2458905.820444	13.133204329282336	0.0021685117680269
2458906.8428782	13.075874088483006	0.0030405607008359
2458908.7966138	13.09383545035379	0.0030087821469691
2458909.8210483	13.115451582114876	0.0026828681742016
2458910.8104358	13.286925178114757	0.0033968729119407
2458911.8073551	13.187891259393162	0.0029422006779833
2458912.5500736	13.218527871862316	0.0018687626697968
2458916.7921832	13.209854192906985	0.0056187021637214
2458920.8028227	13.27881120703318	0.0064070905202974
2458922.6454881	13.221068177794136	0.0050749989164737
2458926.6377728	13.163615917361986	0.0027040184036416
2458928.5000855	13.159056260488557	0.0026990824477773
2458930.4938371	13.205496494181292	0.0029044982030727
2458932.9157	13.238724262704666	0.0028781967853502
2458933.9220738	13.139006738920669	0.0030436801927063
2458954.875466	13.156292443212692	0.0030038075770772
2458958.0240194	13.193154050165726	0.0027988254952385
2458962.0360006	13.292556589448878	0.0022756105351465
2458964.8297293	13.18237932870542	0.0022359143992791
2458965.9623984	13.11798821905705	0.0036660971096144
2458970.0267678	13.278272600529956	0.0020590249968946
2458985.9352464	13.27771552317144	0.0018321232793284
2458988.9470697	13.255252264893684	0.0025539177392944
2458994.7493551	13.240350460948097	0.0028733503180695
2458998.9064568	13.2804145870241	0.0021772346303603
2458999.8778613	13.156434696864128	0.0026771969126786
2459009.3821575	13.201454505735722	0.0044141847200031
2459020.2421423	13.16096907138859	0.0025720690051748
2459023.2424423	13.116177105648884	0.0034951055649135
2459026.7144918	13.217009232838883	0.0028882480879457
2459036.2530481	13.165535965959288	0.0075295859909914
2459042.7732864	13.292095388259291	0.0020435835235575
2459043.7748924	13.238383192852922	0.0028589764266138
2459051.4218592	13.173620484696036	0.0023877613662659
2459052.7954253	13.163314681529572	0.0028500821694567
2459056.3252183	13.202352169378043	0.0025357155198639
2459058.7547611	13.274956645796845	0.0054088605660801
2459067.7646624	13.269967444575768	0.0013693155229259
2459068.7449699	13.265047810097322	99.99
2459071.7511872	13.265404968312035	0.0012884650343519
2459072.7002315	13.228302090093724	0.0026856308313588
2459096.5910245	13.187372302752088	0.0036379945387684
2459101.324025	13.19082538368315	0.0022430651365375
2459103.3571066	13.132734946113516	0.0036051219364967
2459110.313169	13.212158585314285	0.002895524520931
2459120.2960025	13.219987453155683	0.0052635650263501
2459121.2816156	13.149515181993694	0.0066427722510991
2459129.5590591	13.239684524298848	0.0133121358907569
2459133.2668431	13.223457386874472	0.0051667798840798
2459240.8724087	13.16476290622752	0.003439781380484
2459242.8711092	13.260736074982928	0.0085068160313915
2459250.8555528	13.274188163274887	0.005024662874032
2459254.6358876	13.23594402023761	0.0156909060420198
2459259.8340772	13.128897893046938	0.0017532938531823
2459260.8265103	13.243434243273551	0.0026230538382596
2459262.8195371	13.077705205771895	0.0030447945580943
2459263.8283064	13.189625093335437	0.0037738024013539
2459264.8253459	13.138890430632229	0.0023245899409526
2459267.8293253	13.227658624791648	0.0026897281466344
2459268.8163803	13.170786690688146	0.0026800161026724
2459272.5808791	13.153578408053306	0.0072983797234725
2459275.7766328	13.211742750762296	0.0059730358608569
2459281.7688964	13.123782545919925	0.0022940253685619
2459282.7639989	13.152716644151054	0.0027284721869402
2459288.9473657	13.22485336884596	0.00232294242434
2459291.5425241	13.196257172005591	0.0023621384986075
2459292.9351908	13.154804769056064	0.0029572965043545
2459294.8429099	13.18689223392344	0.0031805233212636
2459294.9605996	13.204506874263348	0.0019608299100081
2459295.7415589	13.158030832302172	0.0023348403853564
2459295.8434776	13.296288779089789	0.0039979948586818
2459296.76882	13.23359032095097	0.0022165783849493
2459297.8247023	13.200618810892234	0.0029112974549456
2459298.4764956	13.139209073287324	0.004814003678593
2459302.9019958	13.13620002605692	0.008452000284747
2459309.6254947	13.159239975800428	0.0035082580234964
2459309.8839167	13.244906194964594	0.0032874563779923
2459311.4547205	13.13901105840294	0.003066509938087
2459312.7624511	13.212107218823682	0.0030385692150589
2459313.8887377	13.095149312395131	0.0028526338260968
2459315.630472	13.18995972288288	0.0021542657431393
2459315.9054226	13.192091352298473	0.0022962327794095
2459316.6714685	13.142256624787944	0.0013398136492817
2459316.7671367	13.262007691487591	0.002904927720898
2459318.5936693	13.222839151925273	0.0025668275445074
2459320.408698	13.222060040689067	0.0026899930432407
2459322.7274152	13.162135030099522	0.0024630294512245
2459323.4774397	13.21102737604303	0.0022703712615444
2459324.6827532	13.274878463689936	0.0031082362050452
2459327.4898543	13.138662362795236	0.0030375854797407
2459328.4454252	13.18849665481791	0.0043654557481736
2459328.4466352	13.235210167504947	0.0056625511763917
2459336.781789	13.192180482074232	0.0047736593654188
2459338.6554021	13.113804536298234	0.0022896604506814
2459339.8388402	13.132983608057357	0.003135184595784
2459340.8161301	13.282964956386245	0.0033961222468664
2459343.8841756	13.250277976983424	0.0029299367405339
2459344.3499332	13.197129985358035	0.0017318943617528
2459344.7756197	13.162212838854632	0.0024253038082027
2459346.5864194	13.139177129018794	0.0028137466185012
2459348.9132949	13.124374235642607	0.0021379915149075
2459350.8649162	13.1865134449886	0.0033135274395648
2459351.5135984	13.142371460578104	0.0029799122146748
2459351.5699028	13.134776484206828	0.0011186185540329
2459352.8729399	13.243432277649717	0.0021220458332297
2459354.9410688	13.280688110879858	0.0030626589215569
2459358.3082975	13.16198195163549	0.0070872876373736
2459358.5577146	13.273759871793992	0.0072976836597114
2459365.5316008	13.124064068917784	0.0022090986688551
2459365.6880137	13.203962490407209	0.0027013429546687
2459367.5483903	13.190603476415548	0.0035706249445221
2459370.3307084	13.21222645378411	0.0021251466923843
2459372.2826238	13.197881246901638	0.0028729894346202
2459372.5368714	13.257131015785664	0.0021053932050196
2459372.6950385	13.16058972166289	0.0023486607648387
2459374.5171737	13.188023365056717	0.0025809999720083
2459375.4518837	13.142391189253033	0.0029458538081046
2459376.4433203	13.222220861151952	0.0031179464023636
2459377.7053897	13.243276105678152	0.0030756746410911
2459379.4936051	13.186959305730577	0.0033840251433626
2459379.6897748	13.230768845819458	0.0019671912229824
2459379.7751826	13.116052877808656	0.003560454578905
2459382.8597276	13.167713052191758	0.0029040220891478
2459384.8239559	13.222153278329705	0.00269590696431
2459385.8397399	13.19438480347408	0.0039570354412376
2459387.8200702	13.166735289204585	0.009614924047105
2459392.4920399	13.266171357065309	0.0032571644507856
2459393.4822979	13.255584209411971	0.0030817941053261
2459396.7609081	13.165379475938757	0.0031319276486651
2459396.799413	13.27317606559069	0.0047343904974269
2459397.759228	13.210117961014076	0.0032659058757973
2459401.7044685	13.276741689813727	0.0029908321179453
2459402.6786271	13.176782032707337	0.0035342141793135
2459403.7147713	13.208712608787678	0.0022850977879158
2459405.6485335	13.177156730286956	0.0029579705439926
2459405.683398	13.08538582218296	0.0025718871038944
2459407.6814354	13.137946408993308	0.0013813659029782
2459410.3642328	13.21337550375388	0.0024947594015812
2459410.83035	13.262226207262444	0.0015995891593272
2459411.7840068	13.170177602493974	0.0022993275801968
2459412.6692295	13.25076390694591	0.0030557899510402
2459413.6269272	13.18875174159442	0.0043265006653518
2459418.6150395	13.09605062419011	0.0065012888902807
2459420.5607239	13.197665399066752	0.0074407610816739
2459421.6953566	13.16274774046093	0.0052423818442096
2459422.6861104	13.282794061799324	0.0050841803861081
2459423.7364013	13.235671741681758	0.0039452867351619
2459424.7950601	13.189303760066757	0.0025783690982026
2459426.7481914	13.238034701496774	0.0027464585926672
2459428.6838711	13.267715199547617	0.0027503174987301
2459429.669801	13.162388039011654	0.0038248019865591
2459430.6512719	13.257099857434756	0.0031889523432311
2459431.6199878	13.195850169223684	0.0029230724109946
2459432.5672989	13.27041592862148	0.0033894593086155
2459433.5567867	13.130470746377185	0.0019047478846795
2459435.6513845	13.272295251699813	0.0032031348705237
2459436.5651717	13.135471106370876	0.0021987234488569
2459437.5456451	13.146406512493307	0.0019882323130654
2459442.3067916	13.193099655605998	0.004400475654697
2459448.6352147	13.262080140628624	0.008583599932309
2459449.249039	13.21399872431668	0.0065510722970163
2459453.6069555	13.108179995768657	0.0028428638947937
2459455.6051891	13.196801347382529	0.0031210252447267
2459456.3599664	13.244894532169551	0.00328912810031
2459456.5147661	13.277197789074789	0.0037911702585989
2459463.6031859	13.080738323707322	0.0031993254455539
2459466.5086298	13.143101789367249	0.0017348024105623
2459467.2635771	13.16734234434193	0.0032594287041722
2459469.6069023	13.199472767112043	0.0101524513373237
2459473.306071	13.153373152768124	0.0074095998508357
2459476.3116806	13.214028770804038	0.0082063931140852
2459479.2983851	13.230593914616495	0.00881508171102
2459480.5854271	13.252382860387195	0.0035875957513838
2459484.5426966	13.10398768129336	0.0031367097501471
2459485.5374747	13.284060584295943	0.0037841167563552
2459489.2657988	13.207065025701654	0.002592741208325
2459490.5088039	13.280521158729025	0.0038066774078683
2459491.5263283	13.164839327787396	0.0035137818387486
2459493.5665701	13.235700661264689	0.0047449876590412
2459494.503317	13.218359959134649	0.0026370085223076
2459496.5001248	13.28621639362725	0.0044871263371497
2459502.488121	13.225358230360351	0.0084804432466938
2459603.8773503	13.111964307960047	0.0117043416396669
2459609.8816703	13.30753744284748	0.008909106627338
2459614.609355	13.187811705713257	0.0026503592196418
2459620.0203069	13.136517142172394	0.0034963942638478
2459626.8263382	13.096318400235813	0.0070139749852626
2459628.8301905	13.162649039761328	0.0072735206542515
2459632.5646386	13.183765600025495	0.0065516952496409
2459633.5930842	13.128482705349512	0.0042449626347233
2459637.5522158	13.231400674827915	0.0032841757526456
2459638.7995693	13.262894531149366	0.0038480969205778
2459640.7847706	13.156127298866522	0.0025147890903782
2459644.1294681	13.234104002527454	0.0023104583068303
2459644.5279133	13.171474027677204	0.0029791368008685
2459646.7727696	13.167140143866792	0.0027012795412161
2459646.7740679	13.248804516016468	0.0028993343981998
2459647.9640211	13.208379795335029	0.0021192246475823
2459648.8442131	13.221736366742263	0.0021213148830587
2459653.1079433	13.23195884705603	0.0023848753516765
2459655.4963047	13.19388642822762	0.0073166704762492
2459657.9645447	13.250605855035833	0.0080435814019225
2459659.7968219	13.29504166178485	0.0054458449947185
2459660.8590263	13.149763913116756	0.0042119728957501
2459666.5127254	13.220202166880595	0.0032111733720992
2459667.9824044	13.164220888989258	0.0029990884762579
2459669.9210955	13.176672193032356	0.0022870613037968
2459671.8024734	13.115747742012214	0.0021968915196122
2459671.8320866	13.220795026150563	0.0022690884747616
2459673.7072366	13.140725037230393	0.0017099167464725
2459674.7179119	13.096794678930529	0.0027429276500539
2459674.7613163	13.197900075577584	0.0025470879904823
2459675.7984339	13.275120832742626	0.0029885373458307
2459676.7815542	13.236698477178772	0.0016345432857775
2459677.7818378	13.213602834943735	0.0028388397401856
2459680.9102485	13.208981902656651	0.0025839402762754
2459684.662611	13.085372343899566	0.0066936205140469
2459685.8481516	13.17880174961494	0.0056174361196169
2459691.8253785	13.249876410321804	0.0046312138954154
2459692.6752752	13.192775179686809	0.0032221083057739
2459693.8146521	13.197609589450694	0.0030320955011277
2459693.8529939	13.158000551032732	0.0026214688034806
2459694.7742528	13.238301455166036	0.0024887568950043
2459695.6529218	13.092838901669207	0.0027382121009061
2459696.8229607	13.25595113448361	0.0022967224099864
2459699.3780429	13.155922032808308	0.0030301111977313
2459701.8000367	13.17618902333884	0.0024866000774593
2459702.7801804	13.16462587191657	0.0026369145597827
2459703.8497785	13.1077600813053	0.0037330664490008
2459704.5457795	13.191820808578568	0.0022742641866383
2459705.8737575	13.17334850892697	0.0032767250552335
2459708.3454874	13.21602299043973	0.0070907527334509
2459708.3479798	13.203974508029162	0.0043322783538788
2459709.356516	13.169407144963358	0.0032714880186041
2459711.5273513	13.226012297729744	0.0033743811538334
2459711.5286034	13.271910992044033	0.0054262292359526
2459711.52989	13.221048918680774	0.0045666446288087
2459712.5422648	13.177965112210527	0.0046805433812369
2459713.8005553	13.24450364217264	0.0106334280988744
2459713.801859	13.362334156350483	0.0177171026160798
2459713.8031683	13.347532130074802	0.0208510487993766
2459714.795128	13.081672192259536	0.0055485972128674
2459724.5038285	13.207961074930148	0.0025927944967118
2459725.8180065	13.1486666436226	0.0042812464063964
2459725.8192583	13.14810669627164	0.0070859346428211
2459726.7404434	13.149260944805553	0.0014497367111145
2459726.7919857	13.224284116727285	0.003997990874283
2459727.3489176	13.168315848050373	0.0024875767994134
2459727.7809697	13.184831065441182	0.0027916235961392
2459730.4108841	13.179297740334306	0.0029344136469612
2459731.8154119	13.17064433657549	0.0026206920734295
2459733.3744413	13.169730625106968	0.0024328994604319
2459733.4226774	13.190245018524193	0.0026405136182632
2459733.8681732	13.155970146452024	0.0028018500496742
2459737.3038056	13.200913654249414	0.0021503482199659
2459741.6900053	13.236649266242736	0.0094019381988007
2459742.2931883	13.251604789248724	0.0210308311493244
2459746.6314683	13.17868293318868	0.0047776203698783
2459746.7295731	13.289626798943676	0.0458091213447714
2459747.8155782	13.270834014428788	0.0058135814536624
2459749.6658981	13.250203415601025	0.0032883128235477
2459749.7255607	13.14816325858926	0.0025476122404042
2459753.8244474	13.230030539424266	0.0027288379665751
2459756.2891617	13.192766462062862	0.0021253830361421
2459760.568382	13.240699023392754	0.0018047865707815
2459762.7725851	13.152575948876994	0.0027967286677732
2459767.6318494	13.165578003844898	0.0028823469305073
2459774.2484878	13.261904537093244	0.0172424447933863
2459776.7811653	13.228476242083648	0.0069893751604919
2459779.7724468	13.256220952591164	0.0041372814036271
2459782.7381405	13.142650124180992	0.0017527183087183
2459783.7018892	13.215010865906285	0.0022556780501548
2459784.6327814	13.159002456610082	0.0021983748951153
2459786.6714602	13.236340009978544	0.0024358193276474
2459787.7037963	13.147923063994265	0.0015506241737966
2459788.6622998	13.195224960574429	0.0027314598476352
2459789.7087174	13.172859798172736	0.0032824682049557
2459791.7288716	13.173648744085796	0.0025859961163525
2459792.6841488	13.168037514084666	0.0027116691693747
2459793.6731968	13.098500762275018	0.0024783683076523
2459794.7008034	13.15406582279316	0.002200714586068
2459795.6868469	13.137431100972323	0.0017295922427055
2459795.6881385	13.23847907184654	0.0025909232655713
2459796.6976279	13.082094209724824	0.003016409226499
2459797.6089128	13.267175892248869	0.0041071888348169
2459801.30877	13.211271066723477	0.0068639263831034
2459804.7297965	13.160145455831923	0.0203307923881695
2459805.5563055	13.261907376233026	0.0041133811430876
2459806.6282484	13.181764719582391	0.0044981228002797
2459807.6612596	13.151599718162435	0.0032599437413633
2459808.5837664	13.234190824812778	0.0019538265657236
2459808.5862248	13.24888614188943	0.0034456577803345
2459809.6326442	13.20087181053303	0.0026006017244733
2459809.6797086	13.100267459467425	0.0027848856019144
2459811.554718	13.088286751444976	0.0028507127171127
2459814.515652	13.20197963539213	0.0027201304494961
2459815.5768449	13.186196681929696	0.0028669271490557
2459818.5400494	13.25852362813896	0.0026922768786282
2459819.5845945	13.092613349053096	0.0026509543028933
2459820.5865865	13.24610836904638	0.003358061654484
2459821.6216381	13.15971457924091	0.0024351357573134
2459829.5199887	13.1178030214603	0.0043725677354995
2459835.2237244	13.206918220935382	0.0031767312621786
2459836.5620844	13.28658938527854	0.0035116903771102
2459838.5757715	13.082731958796376	0.0034742483740515
2459840.5633473	13.221307706928098	0.0024702334969179
2459841.5258039	13.166346403308056	0.0025923922375948
2459842.546155	13.153345365599344	0.0022061335667785
2459843.5138526	13.07141996447923	0.0032121281401279
2459850.5684075	13.204351097912504	0.0108052960267693
2459851.5344334	13.188344820757791	0.0032961206673943
2459856.506642	13.073595493349227	0.0041255688777382
2459858.5257574	13.24492795040003	0.0063817934903727
2459862.4929382	13.241701478750135	0.0083860039260255
2459863.4934917	13.2651013636444	0.0033819401066709
2459864.5014932	13.190060474988526	0.0031676573981988
2459865.498289	13.279388840169696	0.0039189233645401
2459866.4914973	13.2279468815348	0.0049189521562703
2459867.4879807	13.198366536131504	0.0073233744473438
2459969.8769761	13.139037221590728	0.0076549642280324
2459969.8782744	13.218753133806782	0.0107186603041887
2459969.8795497	13.24761836966108	0.0141668134541322
2459971.8721844	13.162904374697364	0.0042225301859938
2459971.873473	13.252767361505244	0.0051996031164971
2459973.8671191	13.27834992518955	0.0039570608280282
2459975.8660735	13.202594947010889	0.0032730847715273
2459987.8337198	13.15450740106814	0.0055277349956123
2459987.8363059	13.217267562032982	0.0115807834459764
2459994.8248954	13.17926361982237	0.0031560298586997
2459996.8127795	13.212048181896034	0.0030556910496963
2459999.0241822	13.226629600618338	0.0086600051412886
2459999.5727997	13.210123244586022	0.0025424686144309
2460002.5758162	13.208447929228388	0.0020240741335606
2460003.8271246	13.260659980341652	0.002440498906597
2460007.5921282	13.214436402319407	0.0024704563460991
2460012.524661	13.25579867469667	0.0091654376179715
2460020.6259976	13.2180320828406	0.002419755636667
2460020.8823857	13.080843268963138	0.0029792307768884
2460020.8849822	13.141116497148404	0.0045007276107504
2460021.7386283	13.255368329044714	0.0032675249882388
2460021.8211819	13.158034272929363	0.0024073151780361
2460022.7754765	13.206377982382056	0.0024229257351959
2460026.7286923	13.141859904187376	0.0017575764628662
2460026.7451476	13.274149159060713	0.0030816760710823
2460027.8649921	13.253414405013316	0.0028525013322214
2460031.5869817	13.186866161112818	0.0023245808602912
2460035.5701126	13.165156237168912	0.0026723306131632
2460036.5070121	13.197679380272248	0.003103854794386
2460036.5094823	13.225055214500363	0.0074012029670974
2460037.4889076	13.169363028004376	0.0033802651814792
2460047.7988281	13.178111100689115	0.0034637327169049
2460048.7989633	13.246396598842816	0.003022787992799
2460050.0785899	13.431015811080504	0.002893631088782
2460051.5604712	13.200494597460812	0.0020535586073564
2460052.8770278	13.166259914223112	0.0027798865404969
2460053.8908314	13.23341391069408	0.0027990365681242
2460057.0315356	13.480091733095469	0.0021295334716034
2460060.0081956	13.452823718627805	0.0016206499224192
2460061.9095266	13.166316701613615	0.0039063543653458
2460063.8047436	13.251394003264243	0.0050663437727865
2460065.563651	13.20078247296804	0.0033478759046335
2460066.8737662	13.275303611841116	0.003296467013086
2460068.9218159	13.165201067397788	0.0038678865816913
2460075.7259935	13.164479228643575	0.0046992126800006
2460077.8134059	13.240609704267117	0.0026052311541787
2460078.80151	13.183251153083846	0.0032412862399124
2460080.8047225	13.24225719392681	0.0026618548281909
2460085.5900381	13.199619560766312	0.002974651366923
2460086.7765089	13.185185410094723	0.0037771099383916
2460089.5846764	13.270145154941808	0.0040388657062068
2460091.6179104	13.090833386002274	0.0028418657075569
2460092.6107102	13.269585125344529	0.0037992703316257
2460095.6207959	13.155701701019549	0.0061043367981036
2460096.7908797	13.126718549512535	0.0038736250848556
2460097.7667914	13.188885005894871	0.0077080812546959
2460103.7664121	13.264731990472107	0.0047861195347439
2460107.7943214	13.111632239897324	0.0024967466433049
2460109.8595349	13.476054266423844	0.0037423701192238
2460111.8392311	13.245468566336584	0.0034985637749048
2460113.6930787	13.260175930822292	0.0029465420777386
2460114.787417	13.151643122993145	0.0018992529448735
2460119.8994037	13.442370286623094	0.0024190830546827
2460122.5707601	13.099555842100308	0.0035119948473218
2460124.6235165	13.259822978202632	0.0030712761496482
2460129.2523183	13.166409958124582	0.0059030827320664
2460129.5028286	13.243415589484307	0.0094634011109022
2460130.2345019	13.208846447462957	0.0060915515012102
2460130.8012447	13.214973687839551	0.01092703497829
2460131.3227751	13.219179417461826	0.0054304258490625
2460131.8497738	13.404531271499556	0.0039606002856318
2460133.7626691	13.157824260756508	0.0044409794387981
2460136.5031016	13.247201526783332	0.0036473769612174
2460137.4961105	13.209025553596751	0.0022496471392965
2460139.7993236	13.171175385282668	0.0032523158724823
2460140.6630974	13.221985258648225	0.0024179123700146
2460141.7718608	13.422665171593977	0.0028900558416029
2460143.8091093	13.18979092261338	0.0033336201636029
2460144.7673318	13.126084148976393	0.0036697687436978
2460145.7165878	13.217694343087418	0.0026343580219849
2460147.756241	13.03868633065613	0.0028125932490553
2460148.7813893	13.465772111049452	0.0022819197256465
2460150.7797982	13.146038375650376	0.0032599325285179
2460151.843235	13.46204257491859	0.003184891124708
2460157.7593744	13.434670274439313	0.0063144551520491
2460158.3690804	13.171587404716051	0.0086129541785617
2460158.5988812	13.163629271441666	0.0079131933485641
2460158.7628954	13.374217019241293	0.00494894121282
2460159.4431071	13.101928216484495	0.0071283361171847
2460160.7696385	13.373339390937735	0.0037925731176171
2460162.7485552	13.17556852791918	0.0102680995492175
2460169.3929739	13.156401128850366	0.0030841244053897
2460172.3787671	13.136081697762044	0.0031961175860818
2460185.3082382	13.11690178723248	0.0059632148100467
2460188.6646475	13.126060621288795	0.0095536165611395
2460189.6611494	13.038396474356606	0.0073250702159916
2460190.6554526	13.099347097291403	0.0056878976369242
2460191.651437	13.138857512290926	0.0032211516551183
2460193.6700736	13.23740347646574	0.0033977114371443
2460194.6336783	13.046101865287593	0.0030896232962776
2460195.6413004	13.250025128987918	0.0035588628450691
2460196.6373717	13.096838091659604	0.0025344269431898
2460198.6347152	13.152290315563713	0.0034092306642664
2460202.6494532	13.046910063098348	0.0038230243750859
2460207.6050083	13.100366425479413	0.003011151343481
2460212.5975761	13.216007616133682	0.0077623591746839
2460214.3188821	13.168324096894784	0.010189960991863
2460215.2799282	13.21687967168543	0.0069051313957716
2460218.517653	13.07922518315532	0.0035471667860462
2460219.5216271	13.160092093254327	0.0025296247776322
2460220.5171095	13.193169013991078	0.0031074999317957
2460221.5105679	13.22095293570406	0.0025894532661229
2460222.5118262	13.150141856508474	0.0021671156746651
2460224.5044046	13.16357380572981	0.0025102259962257
2460226.4925181	13.20937999001466	0.0031005927550907
2460228.5013674	13.101952246784911	0.0026729603263593
2460230.2410963	13.145000324034775	0.0041218344619103
2460349.0190769	13.062075544508868	0.0045146289762691
2460359.5780458	13.136329770807006	0.0038617389376449
2460360.5771766	13.219297612407464	0.0033272944499003
2460361.61027	13.190867929154052	0.0025465478441375
2460369.8492114	13.179193697299056	0.0050427677987308
2460370.8326914	13.12878577950271	0.0034622951697904
2460389.5967552	13.232933398787878	0.0040413312224511
2460390.5863965	13.190774913186454	0.0047513647291251
2460391.5593976	13.15315765284514	0.0070980615648097
2460397.7462079	13.07519174014276	0.0057030877604994
2460416.5247648	13.21438428684196	0.0026103023446317
2460416.9474748	13.047837789852942	0.0042547270694821
2460417.6003163	13.142649388328664	0.0031126770878912
2460418.5170555	13.224358399144476	0.0028287215784268
2460419.9380314	13.027444065013889	0.003250317673113
2460420.452451	13.185230079291369	0.0043848427482247
2460425.6898886	13.129205362351197	0.0064394359369545
2460433.9662634	13.11713724223133	0.0073723933124092
2460436.8625036	13.254259457091296	0.0024314836474626
2460439.8017251	13.20382078096311	0.0023513630986348
2460440.7823281	13.2143982437809	0.0020145308806649
2460440.7847857	13.223772170937028	0.0024354390353645
2460444.3753199	13.220491414845508	0.0046848741156496
2460446.6360421	13.228742863650478	0.00363926989912
