2458226.947163	14.309989731415582	0.013736357841486
2458228.9647714	14.366223335539065	0.0134133711320804
2458228.9647714	14.252813193056388	0.0098939474844922
2458264.8422597	14.328639432585495	0.0225870070707508
2458264.8422613	14.546759583249216	0.0284299900033978
2458265.8450051	14.14497802182954	0.0301599786292926
2458265.8450051	14.403015913970624	0.0395969485792418
2458282.7685204	14.316911087435402	0.0110552144641875
2458282.7832827	14.294094187991002	0.0112606878290169
2458282.9128368	14.439479161443815	0.0273805960166081
2458282.9128441	14.29911785272731	0.0260203165659207
2458283.5346525	14.464675619722724	0.0199057295668609
2458283.8192344	14.3016818583241	0.0101840953727278
2458284.6929699	14.558127896182732	0.0149737126761904
2458284.8830912	14.36946955985258	0.0119288420066209
2458284.8830929	14.174271896536784	0.0089364778526574
2458286.6365271	14.51283291894308	0.0103379213607359
2458287.8996165	14.077101331317524	0.0098543844096782
2458287.899618	14.192055189865211	0.0132167487240968
2458288.589231	14.337661445574204	0.0104049275240009
2458288.6786562	14.51656581618692	0.0122256382053193
2458288.897619	14.361751384400064	0.0139791418965582
2458289.8722304	14.488021248689112	0.0149140295557773
2458290.5850792	14.331388437844744	0.0138784155599923
2458290.8535167	14.494787909657417	0.0139089938641584
2458291.8375891	14.441039091658672	0.0134420060121736
2458291.8375942	14.260183614900686	0.0095407668374018
2458292.8470185	14.399783811008744	0.009557791510397
2458292.868532	14.45960122695356	0.0165005293428337
2458292.868532	14.266857461644731	0.0103250077598802
2458293.8692314	14.506422843691706	0.0231260052694549
2458293.8692337	14.295003206294687	0.0206453015848892
2458294.7701769	14.406828163178862	0.0276992198723332
2458294.7701769	14.303281415668344	0.0345131956544148
2458295.5785058	14.51345852868831	0.024796366874184
2458300.6733161	14.508877787170023	0.0209992593771129
2458301.5585051	14.373623951577088	0.0111874367296672
2458304.8514546	14.462433971696347	0.0194750439384159
2458306.7819395	14.463475041766678	0.0107478454051074
2458316.4948559	14.258057841614388	0.011908161593841
2458318.8132187	14.275700294801378	0.0096260031836248
2458318.8132191	14.443912482477293	0.0192341074944503
2458319.7709878	14.48661313795396	0.0100704450270582
2458320.8010924	14.513256014933209	0.0103536893668109
2458322.7996818	14.339134320873214	0.0345698933089437
2458322.7996818	14.50178512109564	0.0407844048717553
2458328.5843389	14.512425465257452	0.0246415633925074
2458329.7795333	14.40120693413308	0.0600930653517695
2458331.7864808	14.431690410581115	0.03033504412055
2458332.7691484	14.545924240180897	0.0368068858744615
2458334.5971669	14.322799919301474	0.0121070531909553
2458335.7608614	14.418767052305803	0.0134005926459708
2458337.7554699	14.218446479060631	0.0064281040118822
2458337.7566853	14.33482547715585	0.0132870849927573
2458338.5210967	14.528798171601526	0.0119753452062146
2458338.6956728	14.06764802402507	0.0123011997442225
2458338.6956784	14.285060102850284	0.0112429822514572
2458349.7042878	14.34541838059497	0.0125511723149886
2458355.5530598	14.42540235527398	0.0197482921238882
2458356.7016551	14.448856966799609	0.0299449915327035
2458358.5354028	14.418908644176158	0.0151094814545555
2458359.5358211	14.359371716794431	0.0118759512233661
2458362.6944762	14.40978638820237	0.0149827314113297
2458362.6944762	14.24108310062291	0.0145747494287765
2458368.4905977	14.45535477946316	0.0099188759220741
2458371.6695457	14.512021724465464	0.0131618716662376
2458371.6719817	14.345110097217894	0.0163578904823586
2458372.5552666	14.392738142061951	0.0099176456584826
2458372.6518535	14.462130632407108	0.0143656234205349
2458372.6518535	14.275094591782471	0.0097358721021654
2458373.647184	14.441987669912052	0.0158595387842404
2458373.647184	14.303401496615855	0.0109391042415069
2458375.6456785	14.2666584942236	0.0104160291864932
2458375.6456785	14.438921369036592	0.0165613685146594
2458382.4966953	14.444361652655724	0.0216416895740867
2458383.6151574	14.44940165406778	0.024103833351853
2458385.5560257	14.350448778224758	0.016929308737476
2458392.6102203	14.27909251047122	0.01472334260936
2458393.5929006	14.425220065599516	0.0112812646168641
2458394.590678	14.363021648987178	0.0094293483506477
2458396.588067	14.392748032425276	0.0108306746171168
2458399.579999	14.260988671385382	0.011231096737408
2458399.579999	14.484710145520484	0.0149713877775798
2458401.5442584	14.401526179663271	0.0102832583928853
2458404.5558585	14.239918846591436	0.0104763366054255
2458404.5591821	14.215788086438366	0.0108392429243038
2458410.5445843	14.401269182018172	0.01619990284064
2458411.5454875	14.353136980270005	0.0190988187685968
2458413.5343625	14.33994864524482	0.017251013808422
2458414.5274724	14.281544586512227	0.0166395909887414
2458415.5271886	14.299620258575718	0.0180241104654703
2458416.5205234	14.279288138502338	0.0169012291888659
2458417.5168774	14.212660111064686	0.0117870062984771
2458417.5238171	14.333382158639248	0.0162587333595023
2458418.5102217	14.159217727481275	0.0093917570759975
2458418.5209058	14.247777002887132	0.0100173937083388
2458419.5027237	14.43826258225406	0.0126574598236424
2458419.5146917	14.29071451623441	0.0089544784341306
2458423.5016325	14.372810192801415	0.0148268585982654
2458530.8942897	14.246511951297824	0.0529278175550194
2458532.8889649	14.454642487185584	0.0200940509424306
2458535.890497	14.39032689396466	0.0240079535852748
2458538.8843849	14.252913710693482	0.0132604608907551
2458538.8916668	14.400798551952644	0.0200636932227763
2458546.9047904	14.298278941409723	0.0285882455914994
2458547.8847825	14.350461275896327	0.010274607744125
2458547.8924673	14.384134161700644	0.0120987570538071
2458548.887586	14.35227157684042	0.0086357244502612
2458548.895307	14.329462718528596	0.0082143200967129
2458549.8622984	14.382410983514497	0.0126072107319582
2458549.8739144	14.3429212777742	0.0185294822975838
2458550.8614541	14.314522954780411	0.0111343649179244
2458550.8859551	14.368068649779191	0.0106587619687575
2458551.8775321	14.290854722136784	0.0104424518149158
2458551.89583	14.381616548854767	0.0123863488339462
2458552.8637102	14.301304392013986	0.0111875072673435
2458552.8881153	14.345307081707254	0.00857745479729
2458553.8589114	14.298573160279682	0.0091427965747085
2458554.8620269	14.215553478975806	0.011248420033364
2458555.8463779	14.13045793966078	0.0111911137898092
2458555.8533052	14.136960583929906	0.0093785461262636
2458556.8454147	14.364365565255362	0.0128027716882255
2458556.8525016	14.306271583326284	0.0101046583276336
2458557.8405451	14.37409614453195	0.0108546132443833
2458557.8476577	14.420062950034582	0.0111483311981554
2458558.8402546	14.35786273981642	0.00833559658578
2458558.8467256	14.371485700488847	0.0092812703326342
2458561.837746	14.336772808872167	0.01599219599976
2458562.8247579	14.392924722027828	0.0180796340907897
2458562.8350335	14.327479779333585	0.0228233112524711
2458564.8192643	14.261293821955078	0.0203927486996876
2458565.8285622	14.357784514279953	0.0278559130172603
2458566.8176745	14.264045069428397	0.0173709390841955
2458567.8169178	14.207795189391604	0.0164937639918168
2458568.8575787	14.2168078374635	0.0147544451274349
2458573.7923355	14.383310976772467	0.0131792896124881
2458573.8002252	14.366412144655127	0.0076681609801624
2458574.7952479	14.3694974580276	0.0081394875848823
2458575.5287445	14.203618321654725	0.0106270800865274
2458575.8435735	14.415525000104614	0.0107379241870253
2458576.7831532	14.358643387591524	0.009588923089208
2458576.8810384	14.4070846403031	0.0110590108512258
2458577.5674561	14.478226579687846	0.0096414159707209
2458577.7866068	14.341456170212476	0.0133427589518798
2458578.7814915	14.323740940696965	0.0109157351722975
2458579.7929981	14.381204625698643	0.0106634466708205
2458580.7721812	14.2081095726596	0.0105251285953464
2458580.7839959	14.21113499897327	0.0094151397774444
2458581.7783884	14.22254273078186	0.0117993752924879
2458582.7785455	14.1442880007931	0.0085379038562318
2458583.7737289	14.384045776530698	0.0087629788545324
2458583.8794229	14.190692779095103	0.0098935882551133
2458584.7575524	14.383738476948444	0.009413290880223
2458584.7611016	14.400567042803656	0.0111278689343638
2458585.5049683	14.352798716177055	0.0111983888066374
2458585.7682126	14.371729248258486	0.0071975314434483
2458585.9168379	14.227042879146644	0.0127875296055246
2458586.7475565	14.37191882071772	0.0083918367253545
2458586.797487	14.506672812528558	0.0104891076275541
2458587.8274601	14.473130743083043	0.0107023306198288
2458588.7505851	14.402165943300975	0.0162223008849424
2458588.7585133	14.367885467363871	0.0108757159445349
2458589.7644847	14.401452943442033	0.0221244939459643
2458590.8546609	14.448953779328374	0.0167055308278175
2458591.8178908	14.410775769710735	0.0342800928080943
2458591.8972278	14.46876957453085	0.0141547771514168
2458593.8185413	14.380848211894095	0.0229538110365928
2458593.8444948	14.332322630493286	0.0187465346234215
2458594.8414479	14.29988983559842	0.0152346699662619
2458594.8749672	14.35143465738732	0.017093575975168
2458595.8577198	14.434266706560503	0.0194642424208966
2458600.8674172	14.430507935187691	0.0119978362947913
2458600.8679595	14.528635417118569	0.0162191296800405
2458601.9211475	14.310460450239246	0.0133106211435254
2458601.9211475	14.456901808082552	0.0180268750162091
2458602.635232	14.336476613857991	0.0065835496139482
2458602.8901476	14.500124089726285	0.014027134698275
2458602.9131059	14.405955966246214	0.0103025352156998
2458603.8705073	14.482456359148795	0.0106725058336678
2458604.7062986	14.18912794787852	0.009994011858893
2458605.7017552	14.285975485213791	0.00872996746938
2458605.8261977	14.422677489403837	0.0121449325265986
2458606.5135043	14.378213091827526	0.0081259356025206
2458607.4552557	14.461013753070418	0.0098668867393057
2458608.6962471	14.168034970837727	0.010016176831377
2458608.7678416	14.26657964374558	0.0081760212735392
2458609.7152223	14.301427678989036	0.0110296698457267
2458609.723316	14.236709864593251	0.0127533411398812
2458611.9303192	14.247844886072926	0.0081451957093053
2458611.9303192	14.352520060083304	0.0130064732411995
2458612.8493027	14.14539824666556	0.0116192553505149
2458612.9040944	14.336275803605796	0.0134550673087322
2458613.8676236	14.251436118638408	0.0107481095705122
2458614.8103555	14.409804039343898	0.0145145987389747
2458615.4225679	14.308599201822286	0.009810773394374
2458615.6793711	14.391481997475612	0.0128549595465035
2458616.412257	14.478148710541117	0.0151191334181673
2458617.8786959	14.460690267909657	0.0164607155758467
2458618.6748211	14.356384385206011	0.0219372344078917
2458618.7334448	14.337821913698932	0.0140669909964561
2458618.8913848	14.295141636961691	0.0195224147019399
2458618.8913848	14.450303586910955	0.0162826892010704
2458619.9184681	14.478974536835294	0.0285791821516133
2458619.9184681	14.266698200239356	0.0152789343992285
2458620.6846504	14.28178549382377	0.0192787982858176
2458620.9157848	14.05129927389504	0.0272326145612309
2458620.9157848	14.294777186885026	0.0336775364968903
2458621.7210134	14.302155579342026	0.0196426746530696
2458622.5266076	14.523242850457978	0.0361335654779921
2458627.6006655	14.471113390618084	0.0213868315076447
2458628.4452951	14.264652437270495	0.0148429614464181
2458631.6259078	14.315980271130204	0.0095789241912746
2458635.6275852	14.25689929579922	0.0080463767981328
2458636.7292255	14.253110896628527	0.0086635739770016
2458637.5161342	14.4076690412786	0.0105281520638339
2458637.7337644	14.226912634387736	0.0103513055026338
2458638.6835063	14.450617989140795	0.0115581939972607
2458640.8319612	14.10027008992384	0.0091019973834472
2458640.8319612	14.270041545739907	0.0140933520204743
2458642.3388451	14.452049991596832	0.0099830853629537
2458642.4133356	14.15896096834664	0.0091201643218818
2458643.4750634	14.269178393163	0.0088303900100692
2458644.5948366	14.318530243385691	0.0113886959082143
2458644.6026471	14.334122077593545	0.0100552102364385
2458645.3673723	14.336468392659675	0.0124800314727676
2458645.5990808	14.384181874622543	0.0152037656888962
2458646.6059236	14.231235348638757	0.0117518395095867
2458646.660361	14.347270265425262	0.0139556297014212
2458648.3262502	14.361844599629327	0.0168075128854159
2458648.785242	14.470424014841273	0.0153249832621173
2458650.5713334	14.440514747208672	0.0297805084217305
2458650.67566	14.144319279357784	0.0172920166438059
2458657.5481999	14.307105663280904	0.0095504449860467
2458657.7310339	14.407711455336631	0.0122940315762311
2458657.8072842	14.457493103238564	0.0141190082155127
2458658.3967943	14.563334187636489	0.0135394152368031
2458660.8474497	14.482040128701607	0.0118016340333733
2458661.4267497	14.45621803138774	0.0101689287852684
2458661.4866952	14.419077346060474	0.0087558692641539
2458662.5607315	14.410645464648468	0.0139908046008013
2458667.7305421	14.28706193143645	0.014059972210916
2458667.730544	14.456463013418288	0.0176259611548276
2458667.7768843	14.154583676981945	0.0113573080210796
2458668.2599853	14.411060166176524	0.0068941310984852
2458669.8412309	14.21928168859099	0.010111685161097
2458670.8273461	14.328864415328129	0.013392979030537
2458670.8273461	14.495924526606434	0.0192711747624423
2458671.6617032	14.500012744444229	0.0105554398093161
2458673.2594232	14.454638933817526	0.0103957440721903
2458673.263094	14.378738833890596	0.0110971851374184
2458673.7291995	14.419409237954994	0.0196939761325572
2458673.7292082	14.238011315659598	0.0124384779259293
2458674.5546315	14.281950690083285	0.0221793386100512
2458674.829329	14.36881751944444	0.0112230526898419
2458676.5433998	14.386365427578298	0.0131229080530462
2458677.2747152	14.39596628523711	0.0126252501271263
2458677.2783909	14.34045552828589	0.0140753350378893
2458682.7722791	14.328900922143257	0.0204272798783851
2458683.7264208	14.405920253734072	0.0208532390339745
2458683.7338741	14.488293103190095	0.0198400761928776
2458684.6730424	14.507419868589173	0.019301255287944
2458684.8036315	14.359634433682803	0.0179058735105799
2458686.3306319	14.450919911965254	0.0167328800646818
2458686.8162331	14.44456515696437	0.0240366499536184
2458687.6684758	14.455888102207489	0.0125997477456558
2458689.7768154	14.254350881776894	0.0104942816020427
2458689.7768155	14.418521730146916	0.017057716271568
2458690.4036884	14.37615692932702	0.0080489356449321
2458690.4797534	14.420709622880526	0.0081570504275399
2458691.4146247	14.382476017088411	0.0082139240341082
2458692.280443	14.36765873407614	0.0151146092493431
2458692.6239791	14.347757965472193	0.0094544065106325
2458692.790029	14.245750393162114	0.0089462061428393
2458692.7900373	14.370916394865931	0.0145724530432682
2458693.4774058	14.371616474218312	0.011867104881485
2458693.6707338	14.386765727486	0.009068606668998
2458694.7282483	14.224570172770283	0.016093019315293
2458694.7282599	14.07966897708819	0.009924469075277
2458694.7697374	14.253901382282004	0.0189157629038622
2458695.7626113	14.245400007192586	0.014623179362812
2458695.7626113	14.037316273298844	0.0102354582331223
2458697.6124186	14.43328714661398	0.0114717226433487
2458697.7801007	14.449613576759726	0.0170070741362307
2458697.7801007	14.282828778781589	0.0132517631751996
2458698.459455	14.327623989828751	0.0087984940716211
2458698.4752887	14.28950454015088	0.0079259945272126
2458698.6145137	14.331874225262968	0.008655124338648
2458698.6293275	14.376791167781349	0.0094577798437064
2458698.7817742	14.4571948027226	0.0175709697020752
2458698.7817742	14.26292935662592	0.0140722523230582
2458699.29419	14.392352567788802	0.0077364838166562
2458699.3078923	14.432179964110809	0.0092979882204183
2458699.6069664	14.421666710987386	0.0100306270966726
2458699.7610134	14.350793038969044	0.0087559746006692
2458700.2726882	14.456236082215751	0.0107864878320318
2458700.7584441	14.45942530911822	0.0118017053677946
2458700.7698068	14.4894338763242	0.0249564312593893
2458700.7698068	14.293176387419814	0.0160680912261122
2458701.6790149	14.470782824848976	0.0085313856602122
2458701.747803	14.278559922286902	0.0143705044609155
2458701.747803	14.3596171444312	0.0134989192940998
2458702.2231371	14.47036701245226	0.0141699935090823
2458702.7112211	14.407728009425709	0.0125350735470956
2458702.7679302	14.42774572256698	0.0244744734943547
2458703.6892402	14.40110876332304	0.0295603546602205
2458703.7681233	14.46268437806592	0.0183995512860898
2458703.7681233	14.277907935392449	0.016613615227302
2458704.7682093	14.377348579013455	0.0114177184889225
2458705.3221782	14.359039694278216	0.0150706203946511
2458705.4768683	14.38461716444486	0.0200955468699904
2458705.5538142	14.487256563403225	0.0235712850552821
2458715.5489391	14.342411659525494	0.0111173266365255
2458715.5899263	14.33957847621799	0.008010944731201
2458716.4592615	14.396948851372862	0.0121065346643906
2458716.6765034	14.342411133296682	0.0147491905090303
2458717.5839278	14.224414616536665	0.0110115693555251
2458717.7307296	14.39549976619572	0.0227097476532015
2458717.7307296	14.266618204345464	0.0128313048662806
2458718.5050622	14.375875597424994	0.0101306746383088
2458719.457004	14.368871834525706	0.0073864420991143
2458721.5364631	14.539078799182567	0.0137624146602892
2458721.7190152	14.11969085802773	0.0116927582057432
2458721.7190152	14.242560233159129	0.0164336058745104
2458722.5467988	14.425522982185475	0.0111218500053775
2458722.7088207	14.096933445979454	0.010175139054105
2458723.2546953	14.241767869941528	0.0092988263386197
2458723.5378442	14.478195936601782	0.0138540874002828
2458724.3216812	14.261323462359794	0.0096932445878335
2458724.5233079	14.47517188104272	0.0097086209729232
2458725.4438581	14.377274649532968	0.0092252326418716
2458725.5221897	14.46344300291613	0.0124341303161555
2458726.5193893	14.416508874464178	0.0123094187111105
2458726.7033753	14.429895696638894	0.0154477289489046
2458726.7033753	14.321916157008088	0.0139776006053178
2458726.7147147	14.412463422371085	0.0125480437866941
2458727.4219065	14.192675936832227	0.0094608308682816
2458727.4328994	14.271137527821304	0.0097990546161088
2458727.5126165	14.19332724814465	0.009078675758383
2458727.6830326	14.314876228028703	0.0152473159403878
2458727.6830326	14.472770582502356	0.0181633778443612
2458728.4261725	14.131659335079732	0.009248572327409
2458728.4299206	14.185996211389416	0.0101040446690421
2458728.507302	14.378976144866453	0.0125455083192254
2458729.2524202	14.467846304017373	0.010282229452076
2458729.3426209	14.40265805443721	0.0088957967738604
2458730.2453813	14.459393798574002	0.0091806541268079
2458730.3251294	14.420012650306957	0.0088968561848779
2458730.6924689	14.245926531503766	0.0119938606847598
2458730.6924689	14.458056855503028	0.0212500872936221
2458731.6912796	14.246876101555753	0.0116599845232063
2458731.6912796	14.389496200593502	0.016870211580621
2458732.2179784	14.41839104900304	0.0196132518315105
2458738.5162211	14.380587059018636	0.0143724835973114
2458740.5384895	14.344483551692296	0.0213524488248839
2458741.6011142	14.41039828262886	0.0223601483728737
2458742.3599954	14.443575966752878	0.0295603805641101
2458742.5086182	14.32705016890254	0.0137242916553174
2458743.3908608	14.364012687395178	0.0195396768634406
2458743.5687135	14.30473590558755	0.0117265073288858
2458744.6488108	14.366702222021583	0.0177144323006484
2458747.3815062	14.450673523111211	0.0171889093470973
2458748.581595	14.378893418057777	0.0151037410967995
2458749.3679878	14.463190279728764	0.0103433703271359
2458750.3716001	14.386560792372745	0.008065333015316
2458750.3790261	14.418529722679596	0.0145812139696415
2458752.3076482	14.277738936223312	0.0112689187915049
2458752.6307013	14.522300105415608	0.0189728896607154
2458753.3610786	14.23797939093327	0.0081494984132887
2458754.3609047	14.218442681387488	0.0112874546235565
2458754.6031854	14.462541329656064	0.0172663956369019
2458754.6031969	14.287335764949852	0.0126197819166669
2458755.5350553	14.388416964197962	0.0111433318312335
2458755.5581138	14.365314914664417	0.0101832681573696
2458756.5799733	14.24208030771842	0.0096563966588717
2458756.5799733	14.455381970535557	0.0181329455212255
2458757.5370286	14.280672106979544	0.0120866826191389
2458757.5853615	14.357847509950185	0.0147904595461576
2458758.3513071	14.474402709887736	0.0121368094456044
2458760.2862335	14.43380490947511	0.0110589200911978
2458764.26864	14.181325645206456	0.0410913884348447
2458764.5761406	14.2635491260854	0.0209263637267273
2458764.5761406	14.468841283483174	0.0351223092322606
2458766.2939683	14.14124091784727	0.0229260671647494
2458768.3045829	14.326351279938503	0.0162487481529429
2458768.3155949	14.365626668011531	0.0244213273042033
2458769.3080987	14.40245935151852	0.0189976702687879
2458769.5646679	14.51486619072151	0.0371529658209376
2458769.5646679	14.248922745795456	0.0277320697942437
2458770.3168707	14.444454846065808	0.0221994331526677
2458771.3103758	14.419092359627523	0.0226954231925834
2458771.3140272	14.4006236801041	0.0249499390913423
2458772.5482757	14.240824120935503	0.0172237307159135
2458772.565512	14.25118845341551	0.015684211633793
2458772.5693413	14.292272137142229	0.0162715285703619
2458773.5621995	14.197213424440733	0.009929144152864
2458773.5699081	14.24743238939107	0.0141641782534423
2458774.5603919	14.18052887289549	0.0106617825635489
2458774.5681025	14.260197046421874	0.0153914172534084
2458775.3418766	14.405728443337807	0.018276222184968
2458775.5654887	14.266372052259644	0.0110581810798151
2458776.5583455	14.39572727802182	0.01148839410313
2458776.5622223	14.446663039024596	0.0143648858564618
2458777.5338037	14.440675906153386	0.0119797779583721
2458777.5587606	14.442597410499156	0.0132190190794274
2458781.5195367	14.406673903534797	0.0084119619645428
2458781.5281216	14.346052843190256	0.0125678043296131
2458782.5235468	14.439980347906952	0.0137241884578453
2458782.5530318	14.34823779429732	0.0136978440664358
2458783.5178904	14.297500704863534	0.011794557507261
2458783.5217703	14.317942139232358	0.0138297155551442
2458786.2566516	14.459030374478663	0.0132960415452907
2458786.5080626	14.234168532975676	0.0126362186557716
2458791.514871	14.394188246667492	0.0162087980114544
2458792.5509686	14.330649757378604	0.0155619449450062
2458906.6278282	14.45489338676978	0.0132417294743458
2458907.8800374	14.322618936586412	0.0219532351276234
2458908.8712292	14.204933925645308	0.0117423149102112
2458909.8705013	14.166923404154868	0.0113708306164662
2458917.849587	14.340505929899102	0.0433458509584525
2458918.8419856	14.421851406316147	0.0410033529475605
2458920.8702937	14.474662249842618	0.0244741505949074
2458921.5927263	14.401911465600216	0.0195216509636319
2458922.5911875	14.464120894988769	0.0206020457005622
2458928.5700391	14.307144205030315	0.0133301183456467
2458928.5736981	14.257995116299888	0.008952775652057
2458930.5606963	14.188230857477244	0.0113071206361772
2458930.5755915	14.176143504980626	0.0088438325503364
2458955.9762226	14.119061628415636	0.0135000338998105
2458957.9482918	14.423732821134976	0.0275487143652949
2458958.9393423	14.443436302259087	0.0144548461118514
2458958.9393427	14.278801957469652	0.0088339366279275
2458960.9428167	14.351809448934125	0.0166291073045557
2458962.9309004	14.321051610465748	0.0093856486067276
2458962.9309004	14.386130873307556	0.0152689458001608
2458965.9189933	14.40953575184231	0.0140794063212947
2458965.9189933	14.223643212688067	0.0076383964863808
2458968.9132726	14.052212153512226	0.0096293626887984
2458968.9132785	14.20364544057198	0.0129494930175905
2458983.408475	14.236091181471542	0.0143247861081235
2458986.9442201	14.516727448718363	0.0211896342808288
2458986.9442247	14.311890105264911	0.0120332967195794
2458990.8600019	14.245902629577149	0.0083744656796352
2458990.8600025	14.430036721133352	0.0143254088762702
2458991.9214398	14.246555990442868	0.0075530815149236
2458991.9214398	14.414075074669984	0.0130413395129411
2458993.8517119	14.191668424636878	0.0075728102989566
2458993.8517186	14.312451656775345	0.0129519397538469
2458998.8255249	14.473520579935984	0.0156480417337823
2458998.8255254	14.29901995399221	0.0131389270122489
2458999.8482117	14.489215411061256	0.0160347047980033
2459013.7803301	14.324547925161898	0.0138147010402873
2459013.7803301	14.466405496930028	0.0159180352616982
2459018.3753665	14.458901088021642	0.0124651238406571
2459019.3717367	14.439958223429889	0.0099943505412236
2459022.7737809	14.239644268750595	0.0104063847403559
2459022.7737899	14.424677618938643	0.0172219564500116
2459025.3176729	14.516034167185005	0.0142898345602682
2459031.3017832	14.457160538643146	0.0204856633933163
2459031.3619994	14.392123318760826	0.0154981385512446
2459038.492849	14.41018331595644	0.0229371924177483
2459038.5076774	14.4106024005702	0.0185785519614092
2459044.7039553	14.215419995739271	0.0082472857613744
2459044.7039673	14.410650901846331	0.018019523781605
2459045.8014053	14.269518600002083	0.0108918602711646
2459045.8014086	14.469830723144728	0.019714291644829
2459048.4873455	14.43665175760544	0.0113974593059772
2459048.5363539	14.40095923148397	0.0090186391105177
2459049.3886699	14.414201629970126	0.0080206243905791
2459052.5035187	14.38142777272632	0.0098981740711031
2459054.47614	14.248778165490652	0.0082952241859285
2459056.4985902	14.179779720441893	0.0208559486276337
2459056.5006749	14.213466393972832	0.0140655327207521
2459066.7493842	14.37813400326636	0.044025699607391
2459067.7679835	14.464680714116048	0.0359156403702056
2459068.767525	14.425365454989093	0.029344548198026
2459069.7618027	14.373859323123938	0.0251932675855462
2459069.7618027	14.28777265630071	0.0209380214242906
2459070.760937	14.43807305599064	0.0206383731720407
2459070.7609387	14.291956796277123	0.0152153339007745
2459072.4549361	14.380933857864472	0.0100710458202728
2459082.6070998	14.24826469198566	0.024200200069694
2459082.6070998	14.40599840948365	0.0306990710306738
2459088.290352	14.376135385101223	0.0128457976040952
2459097.4172972	14.339334042611227	0.0556134825972709
2459126.5936617	14.337218039164876	0.0186194529292859
2459126.5936699	14.24477647625417	0.0194392361809352
2459128.5883424	14.168147870211907	0.0113817663043771
2459128.588352	14.346093272524527	0.0187552819339958
2459129.5950275	14.2867335648302	0.0176103428381719
2459133.5672896	14.272971090032092	0.0112061765652537
2459133.5672936	14.526217279705556	0.0192246260869102
2459134.2913081	14.226749666036644	0.0083936112001004
2459140.5533829	14.275686030982031	0.0188858910708377
2459146.5088933	14.375292586802535	0.0215104749887926
2459147.5135267	14.402736760272491	0.0149485639815181
2459148.5162407	14.426800806062074	0.0252674898531953
2459151.5119906	14.410536529474882	0.0211643579136565
2459153.5094145	14.230133873806087	0.0186849952965285
2459155.5026837	14.174396429178554	0.0170079504562124
2459260.8802883	14.35457437929135	0.0160756454753188
2459265.8727847	14.208069502536304	0.0148549304099891
2459266.8834891	14.413212717566305	0.0210604879268526
2459268.8757127	14.38497968031523	0.0141439446707987
2459269.8774161	14.403380143520756	0.0108955117336571
2459271.8772628	14.365859291835948	0.0263220903722127
2459272.8712102	14.32154129424332	0.0239793624330833
2459273.871612	14.324651332059917	0.0207180073093814
2459274.8658991	14.3465374453384	0.0145830252542068
2459277.6364719	14.395566728196156	0.0175458437369391
2459277.8322174	14.183491025110827	0.0185323140704164
2459278.8953332	14.22516991675661	0.0159782397940963
2459285.8305795	14.38600171966221	0.0120482980128631
2459285.8954361	14.397788671952403	0.0132673899478205
2459287.8184227	14.36454126311899	0.0095400877771717
2459288.7996626	14.285768674626391	0.0148957202719443
2459290.8203313	14.265750586476305	0.0094677369879311
2459291.5869951	14.430446572830007	0.0092957883916452
2459291.8010616	14.277078761120867	0.0099034214573737
2459292.6234689	14.506333573999592	0.0135454067384873
2459293.8190245	14.351387630010278	0.0074851137761038
2459294.7971091	14.343787096084634	0.0134179871227066
2459294.8566646	14.411005981813709	0.010476169531064
2459295.5364414	14.345156136632358	0.0106819266571907
2459295.7994175	14.414959167598369	0.0131781510329472
2459295.8112445	14.39741042585484	0.0078640567782852
2459295.9072684	14.422584552807049	0.0134312286298804
2459296.6118244	14.45323622880644	0.0122046890729679
2459296.8103586	14.419001825953591	0.0121563288259484
2459298.5396634	14.27437121180656	0.0092668822523652
2459298.7926942	14.41820438526273	0.01343749813076
2459299.9921452	14.482669532975285	0.0232525950019558
2459301.8474608	14.366263975677263	0.0276438657359526
2459301.9064384	14.388176448205854	0.0194798635921379
2459305.7775252	14.187365086689905	0.0243921449783703
2459305.7887114	14.19947767084307	0.0207390147033196
2459306.8288218	14.136708006967677	0.0188615248364217
2459310.7542894	14.417016576547988	0.0103708024047729
2459311.8159633	14.490671293561846	0.0118642208595996
2459311.91272	14.422473278408878	0.0158690653649645
2459312.9754103	14.466603370645233	0.0154820644720806
2459312.9754116	14.293829608351876	0.0120570248567116
2459313.7498998	14.333168063616348	0.0065490577186159
2459314.7609106	14.41790492908908	0.01289518029432
2459314.7863929	14.363220644531005	0.0110679571963791
2459315.7478493	14.318199427852116	0.0090065337930838
2459315.8627112	14.3718955126534	0.0105945925342916
2459315.9000312	14.474379162872976	0.0120097681535295
2459316.5115398	14.433778942348908	0.0085073924332074
2459316.7494245	14.337286062675073	0.0057831257938477
2459316.780674	14.260054135069195	0.0148328073320616
2459316.7820197	14.303169363488664	0.0122738466100771
2459316.9756177	14.41444976001138	0.0189142550329595
2459316.9756201	14.258013594921971	0.0123627532243675
2459317.8349605	14.311595974304376	0.0076892766778674
2459318.5104405	14.366630655351894	0.0098401971739042
2459319.7284442	14.44384901653854	0.0142158016987908
2459320.7235547	14.514379298237674	0.0125090958531184
2459321.5148896	14.40492399463218	0.0087561947967064
2459321.5261574	14.437924214774029	0.0114451957468506
2459322.8766187	14.220137388192772	0.0106797114095142
2459323.4737125	14.282452197807888	0.0078920750464047
2459323.5034606	14.363606882427923	0.0098124340353195
2459323.7629188	14.40042790980643	0.0138314045389136
2459323.7856473	14.457794725773802	0.0105016886365964
2459323.8605541	14.434210229419948	0.0114200183178745
2459323.8949976	14.449070321692554	0.0114569251607357
2459326.9490022	14.420849578308331	0.0190279884974237
2459326.9490083	14.319226958360645	0.0106655462598631
2459328.543079	14.426831901798844	0.0128123964650979
2459328.9197308	14.392912168948635	0.0120671502281684
2459329.6996823	14.290384981665923	0.0250762700336486
2459330.6950288	14.233213264036335	0.0426967705552101
2459330.7029195	14.247123538540576	0.0105181789462766
2459332.7080278	14.26977708787642	0.022145255950952
2459333.7690118	14.289274874795083	0.0240521349948707
2459337.6732457	14.379119415122013	0.0202310183319538
2459338.8559407	14.447505677808206	0.0162486530398529
2459339.9522417	14.413839445811965	0.0168878414096587
2459339.9522525	14.315005180132497	0.0122554665020996
2459340.7581234	14.499322031846722	0.0168863336767375
2459340.8919415	14.433222907616148	0.0227886238414826
2459340.9289416	14.361969233926146	0.0148572507616269
2459344.4161239	14.382110641615313	0.007343712093384
2459344.4349954	14.487899957864492	0.0114759882433566
2459344.8842419	14.321664044784017	0.0112588520209022
2459344.8842419	14.479879189854138	0.0177580970227463
2459345.8031083	14.319975232043896	0.0128648271978859
2459345.8331887	14.35445229156975	0.0101789680871493
2459346.7099588	14.229451748729016	0.010300135059852
2459348.3955623	14.37484897112785	0.0140070341698948
2459349.6519616	14.404949432479931	0.0108627208028083
2459351.4164102	14.269366182809677	0.0094620443422525
2459351.6749958	14.38946358886204	0.0106859849400717
2459351.6794181	14.484101065338052	0.0126586514409434
2459351.7131997	14.38884363283774	0.0069350703590233
2459351.9440454	14.292493695609528	0.0169928133637753
2459352.7788437	14.37714200569548	0.0103728057612645
2459352.8118584	14.35110210750146	0.0126756297275799
2459355.8465202	14.312955693307137	0.0141387402382649
2459355.8465236	14.450679959654824	0.025875062194235
2459357.3989591	14.543732645177167	0.0242504102917864
2459357.4439701	14.408107775947688	0.010702937123005
2459357.8437568	14.395227518965914	0.0157577847461661
2459358.608061	14.312457131124027	0.0164666178252492
2459359.790861	14.24101635638314	0.0171635346511863
2459365.6051336	14.387269943874086	0.0114039608565829
2459365.6129211	14.364674225108484	0.0085842629676946
2459365.6618596	14.474186007379398	0.0124880800616501
2459366.7300825	14.425140042420349	0.0140961675037488
2459368.7063754	14.499030977918704	0.0128814362222094
2459369.876516	14.458990994864433	0.0110603572715601
2459370.8401744	14.378078539286223	0.0102431155497604
2459371.3881958	14.383610022418369	0.0075186325284679
2459371.6969737	14.41808854030758	0.0076552992905843
2459371.8838037	14.40871001051052	0.0093180710991273
2459372.3375211	14.379520155742693	0.0069384306753047
2459372.570651	14.464127959649735	0.0114051981659196
2459372.5900514	14.317551035560747	0.0065044851684615
2459372.7284351	14.333383034639567	0.0086157459466608
2459373.8121613	14.420159856452294	0.0136371470950948
2459374.8396567	14.433442282989123	0.0327937494586098
2459376.5080109	14.364861199952903	0.0059004038941374
2459377.6602059	14.397643762476122	0.0083832946494168
2459378.3067525	14.407842110227003	0.0134459343258699
2459378.883792	14.212230706607558	0.0134536211471734
2459379.5599955	14.350395848229292	0.0126323339413086
2459379.5678341	14.3840986271757	0.0060686734230755
2459379.7423575	14.47016473577376	0.0127777958029811
2459379.8537056	14.405756881344647	0.0137600040316995
2459381.7719686	14.452997529760191	0.0129695601974751
2459381.771973	14.277816332975933	0.0096447801268236
2459384.3223	14.460991097771574	0.0193070419034486
2459386.5312769	14.521436655784692	0.0254010568912347
2459386.7219437	14.299807245285589	0.0153074582227443
2459386.8508547	14.39200582893886	0.009369019635039
2459387.8391859	14.387254925351083	0.0260695291522527
2459392.8480039	14.136527174745934	0.0184965276331795
2459393.5230897	14.296577521973193	0.0133068486420676
2459393.5309537	14.353725121859874	0.0083117071062465
2459393.5806166	14.4478522361579	0.0127420099805196
2459394.604213	14.40827526174636	0.0125823220864077
2459396.6622212	14.347322547765696	0.0111126323834594
2459398.2519245	14.459498121853896	0.0213996145790004
2459399.8511281	14.322799779708008	0.0236849689454832
2459400.4960159	14.402428122400242	0.0174362942442106
2459400.5609636	14.298362545775284	0.0106622088232018
2459400.6363787	14.298701673899084	0.0132636442252527
2459401.6470117	14.227456646892712	0.0108935389205191
2459401.6627644	14.1303037812182	0.0088653567028309
2459401.6740251	14.22647913951199	0.0105669357166263
2459403.2589653	14.325204142350564	0.008475929276581
2459405.808229	14.183783488311756	0.012396561221567
2459407.4748418	14.383757074141291	0.0121911754655503
2459407.5006042	14.303581439936153	0.0130754308052821
2459407.5879516	14.40022918853498	0.0082655641928056
2459407.6691463	14.429434982627178	0.0095417878490878
2459408.6197887	14.43154239605471	0.0124498341190613
2459408.7754692	14.506344148323295	0.0143252255047823
2459409.7341417	14.4180563481861	0.0122371710418835
2459409.8024313	14.389520777625613	0.010738120517481
2459412.2574786	14.450815494812192	0.0114856486989451
2459412.7147883	14.373493952643685	0.0080467243122436
2459412.8022994	14.37965976243894	0.0107168381761107
2459413.7193501	14.292910156560604	0.0160206862198159
2459414.2427531	14.433791550586957	0.0159127906818713
2459414.4479625	14.42402417499636	0.0155751256466354
2459414.6095245	14.417144624773266	0.0121082794368481
2459414.651149	14.227127611826733	0.0146949289993543
2459416.4968711	14.49084251929069	0.0301449795845608
2459420.5540655	14.512921437730794	0.0458619386001677
2459421.3861307	14.24375331313955	0.0373371571557592
2459421.5437573	14.361968080704644	0.0166746238326254
2459421.5553713	14.433384525408108	0.0180507586684293
2459421.5780504	14.41020514748948	0.0113161594821658
2459421.802229	14.455524445209864	0.030765319700308
2459422.7091734	14.398804484850045	0.0172777633357462
2459423.6944987	14.400876940771417	0.0160607801652817
2459424.6923362	14.409327306824537	0.013558940179669
2459425.4843485	14.343615351398372	0.0095637543817053
2459426.6450025	14.255085597636572	0.0097193382351354
2459427.3899861	14.410959191846352	0.0120409831279426
2459427.6313329	14.235087823065475	0.01200337068564
2459428.48299	14.286404448568318	0.0097614918786617
2459428.5164718	14.374992088023092	0.0067240162768454
2459428.6325996	14.211024658246092	0.0073637052237047
2459428.7829425	14.405512547157484	0.0136968107187264
2459429.6735692	14.221269221779677	0.012456739974307
2459429.6769666	14.185224709732651	0.0095868732839183
2459430.6633164	14.297816648821708	0.0111529018507519
2459430.6672621	14.261149385086282	0.0092565379459566
2459431.6162204	14.55239833848232	0.0145074160629621
2459431.635199	14.449071973469076	0.0119258900735766
2459432.5710903	14.468804217893464	0.0130744574696463
2459432.5751708	14.346652057000078	0.0107637477809974
2459433.3741902	14.274489229440457	0.0089158081741094
2459435.4922024	14.40621583534864	0.011424956485245
2459435.5428972	14.436812275209942	0.007828292626537
2459435.6443899	14.399377320983769	0.0095625228743136
2459436.6054605	14.476446401927705	0.0135551902416512
2459437.5574457	14.32012969718752	0.0117779021199529
2459443.5728334	14.402065982226487	0.0190599260927994
2459449.2188309	14.331004611949895	0.0216336327160842
2459449.5412775	14.403328326375393	0.018100553365049
2459449.5932565	14.42354770853437	0.0361955010234907
2459452.6981529	14.293446934603878	0.0174885891358623
2459452.6981529	14.388541312177656	0.0244312545388898
2459453.6581188	14.371192304215324	0.0130561672443521
2459453.6581188	14.301349233282082	0.0145749053037944
2459454.5857485	14.107386275373248	0.0102100529010786
2459455.5737726	14.18114414426003	0.0090161862862328
2459455.6089346	14.269084924404742	0.0128931992588956
2459456.533795	14.505016137829658	0.0134479846442718
2459456.5375517	14.330433607947588	0.0091755739858416
2459456.5989023	14.134960760032486	0.0093821060363281
2459457.6716432	14.29231305098962	0.0116794097123116
2459459.2582532	14.314579891771048	0.0142261135584796
2459459.6381217	14.565831133755704	0.0148305101038387
2459460.338515	14.39840045620443	0.0113622932393976
2459460.573413	14.473065384460714	0.0121510279888895
2459460.6909493	14.33398348951977	0.0131346150122142
2459461.6041421	14.405965307313906	0.0093339446068992
2459462.5664003	14.380135051003524	0.0104825286176158
2459462.6947093	14.426225574224356	0.0212587250783479
2459462.6947093	14.233994753296573	0.0164478612735523
2459463.575169	14.396199337917576	0.0099545293363421
2459464.6927316	14.519650582036498	0.0227121236283924
2459464.6927316	14.27602090308466	0.0119766986531318
2459465.5140647	14.290520150621086	0.0084533347237343
2459465.5979942	14.46752138526172	0.0124312264772294
2459466.2870916	14.465936591957664	0.0128661970522323
2459469.2603502	14.472979794312268	0.0307791647655815
2459469.6257626	14.206475791503523	0.0153358200746228
2459469.6257626	14.38758948107066	0.0205521389725211
2459470.2311763	14.422426475256575	0.0309370980115082
2459470.4899458	14.279699936256945	0.0088449883346135
2459470.5930753	14.208821071419043	0.0124892192625984
2459470.6644284	14.315469035074504	0.0141177721591785
2459475.2335597	14.392163078200287	0.0219097605108559
2459475.4836304	14.426013089566217	0.0216863150484009
2459477.3852891	14.15391715037601	0.024058305521208
2459477.4965472	14.353341825870933	0.0117571601747269
2459478.5092942	14.29929303629634	0.0204193491690117
2459478.5846733	14.371535291387618	0.0229644168209072
2459479.618624	14.449119428347332	0.0306480245978015
2459482.603959	14.235756781228597	0.0157048673319621
2459483.3617855	14.354063417297343	0.0095344770461427
2459484.3595478	14.358200377628553	0.009389614143544
2459484.5229187	14.39400958909223	0.0110178598349842
2459485.5615806	14.405225451652315	0.0094946292149548
2459489.505432	14.366965403255168	0.0092500374928613
2459489.5172504	14.399436692774753	0.0129035847644582
2459490.5200609	14.3894784115735	0.0140272863001965
2459490.5277028	14.508716969625322	0.0106751776279194
2459491.4903679	14.382135982762447	0.0107161907541721
2459491.5904293	14.437320674237974	0.0124163190402956
2459491.5984291	14.38099578309952	0.014160140378282
2459492.5668613	14.384664761637168	0.0121369342084465
2459493.5956419	14.444218658065642	0.0183776904681202
2459493.5956419	14.265168341401848	0.0112403589963614
2459495.2923277	14.489822778075943	0.0168787728538829
2459497.3055035	14.443150272286989	0.0106516566954211
2459497.3132122	14.337985188048837	0.00916152503112
2459502.4994347	14.501639686916237	0.0204167367251743
2459503.5416228	14.509213830088504	0.0227744328801005
2459503.5566812	14.47879789111953	0.0290843759725881
2459504.549931	14.360602918131882	0.0308833104268522
2459504.5586491	14.448468577087088	0.0220110599136291
2459505.4959963	14.335746106731724	0.0182610574318363
2459505.5569123	14.375904767197053	0.0249628705374904
2459506.2764658	14.501766454199275	0.0357351542917237
2459506.2839195	14.40769627356005	0.0210349694115895
2459507.548541	14.25665347809107	0.0246331847724489
2459508.5373813	14.194315000891836	0.0244107135068855
2459508.548614	14.44365300259098	0.0280356902843078
2459509.5376794	14.251116096868452	0.0169066870129165
2459509.5453895	14.325687676530215	0.0301459153725801
2459510.5078021	14.256074149407922	0.0125137890904127
2459511.516133	14.236553092396342	0.0092966026753249
2459511.5425914	14.210092672609996	0.0150481216922051
2459512.5258431	14.37617668393214	0.0098243476765858
2459513.2766782	14.432737196001057	0.012774973951176
2459513.5063646	14.37381897443721	0.0143286095279331
2459514.5204577	14.41551016527727	0.017118295115018
2459514.5243579	14.362585468017466	0.0137922522229558
2459515.5194695	14.397973476951456	0.0107741815696008
2459515.5226121	14.506337677671953	0.016660404392192
2459516.5189242	14.385782741012928	0.0150295923496057
2459516.5264486	14.472291692289003	0.0117431477679281
2459517.5204644	14.361249181563275	0.0147870972752416
2459518.5170888	14.297608035485911	0.0120670897730758
2459519.2581018	14.379625091981035	0.0136700229841764
2459522.2489675	14.45164842779527	0.0365631445273185
2459523.5475157	14.297007955649486	0.0160580901883464
2459524.2514364	14.57209275955867	0.0397542226478435
2459621.8875581	14.369912646375251	0.0350868640285926
2459623.8811146	14.461149609411589	0.028746457065825
2459624.8848324	14.366205972495225	0.0245483952937019
2459631.8704052	14.32680966872213	0.0271458183661586
2459632.8932723	14.294392479701369	0.023212427927534
2459633.6272927	14.358930618855156	0.0156970979769612
2459633.8797278	14.136779106104571	0.0225046093406032
2459634.8616718	14.405867721773395	0.0178860934779528
2459638.8600283	14.306989042838044	0.0116302099395866
2459638.868403	14.422672717352576	0.0152133473560115
2459639.8878143	14.399033798693935	0.0152938137197765
2459641.9031811	14.35014590889242	0.019559971231538
2459642.888943	14.375370180739496	0.0072428956651847
2459644.5890035	14.41336683323046	0.0104613651942049
2459646.8402266	14.192877617235323	0.0103408746564846
2459646.8462667	14.20136205544222	0.0123553218092897
2459646.8818272	14.340850703464652	0.0106899073119892
2459648.8378591	14.40150545241906	0.0131503581796884
2459650.8260305	14.396820521471824	0.0122546915220966
2459650.8313171	14.39012726306128	0.0107194066891894
2459650.8747316	14.358744446357798	0.008518931129694
2459651.8234685	14.51239490844588	0.015794743297302
2459652.8346191	14.369620726097258	0.0079231165109756
2459653.8999998	14.504808086548788	0.0129031499251137
2459654.8286523	14.415208575674004	0.0200124662060821
2459654.8428999	14.50582328945992	0.0120543196905512
2459655.8705558	14.392563865449022	0.0168270910235157
2459656.8109612	14.260489922463153	0.022327281224202
2459657.8141145	14.25122624427724	0.019676945021417
2459659.5774691	14.411763630951729	0.0274245457213398
2459660.7914429	14.214436757225482	0.015982233576267
2459665.8400853	14.404345884040968	0.0123401642678689
2459665.9892598	14.089914634783442	0.0173854456181139
2459665.9892598	14.231858876353233	0.0200012558073747
2459666.8295572	14.460102466708015	0.0132098046162799
2459667.5398462	14.131714856176048	0.0140498168611245
2459667.8352598	14.469816508315445	0.0094681779718232
2459669.8961805	14.48012847982644	0.0118620109980123
2459671.7842801	14.299190530027722	0.0086065393834914
2459671.9058639	14.503836150075871	0.0112828969351921
2459671.9737001	14.299419544895375	0.0103721791536742
2459671.9737001	14.463231535645916	0.0144116321216013
2459673.9891639	14.402361421195138	0.0211685894731903
2459673.9891639	14.308397618123276	0.0235951902015491
2459675.8709248	14.273708681702942	0.0108962723370912
2459676.8043537	14.419031071687986	0.0103627607004524
2459677.7599216	14.37448385395408	0.009929274009864
2459677.8272819	14.481839002128975	0.0120552482022535
2459677.9090413	14.124453589507429	0.0098586915643953
2459678.8681132	14.505969190617032	0.0083794084410781
2459680.9702067	14.317099454343282	0.0117871554351086
2459680.9714471	14.431470217598443	0.0106125997515427
2459681.5199632	14.307664302575656	0.0146653396731038
2459681.5622259	14.157560625266727	0.0107379046345106
2459681.5647063	14.207809821366952	0.0149256370261075
2459682.6026163	14.290167062928866	0.0127997197863804
2459684.7280505	14.32489669284346	0.0267008387032415
2459693.8579961	14.387210917551796	0.0146353712877155
2459693.8606117	14.418650384218076	0.0111889085207796
2459694.7073355	14.323738806089906	0.0081780456799381
2459694.7092414	14.465828858816522	0.0140143867236355
2459694.7565034	14.39043063286855	0.0106444674328756
2459694.7780088	14.434746497197718	0.0110058735082828
2459697.5831155	14.259067600930218	0.0104118090825736
2459697.9216706	14.328061591433096	0.0146919651655729
2459697.9216752	14.456757656797553	0.0157190526284639
2459698.9049781	14.444085763667909	0.0131559672110656
2459698.9049887	14.286384454738638	0.0107539660097403
2459701.5666802	14.465722448256116	0.0090795745032758
2459701.6121766	14.391359517430454	0.0107010166002446
2459702.8135883	14.179056574330854	0.0097804226057183
2459702.8413016	14.323114775927545	0.0124672902355218
2459703.7886567	14.253591532269343	0.0076848445783488
2459704.5496527	14.407444733780912	0.013053957372345
2459704.7099808	14.427145116508925	0.0071771416398684
2459706.7929023	14.416092561207323	0.0112610996717361
2459706.8174366	14.407032282050022	0.0098505162444132
2459709.9226083	14.516482800235838	0.0129253040674015
2459709.9238602	14.542196878461382	0.0270280684533094
2459709.925102	14.567899380317758	0.0221725988715716
2459709.9519334	14.46627862805938	0.0163084467751291
2459709.9519382	14.288852461231452	0.0161093426114919
2459709.95322	14.547909418675257	0.0338132823637765
2459709.9545068	14.455479760344389	0.0259822859863453
2459712.4072568	14.542626988752083	0.0276143666306656
2459713.8247987	14.399306948625	0.0172915719576073
2459716.7069086	14.413451335455685	0.0224500317812562
2459716.708207	14.420337941347894	0.0371630017832536
2459716.7094952	14.444430003868025	0.0505024739940439
2459721.6611195	14.407977902033288	0.0098117736030563
2459721.7558313	14.500567255668432	0.0209045468578275
2459722.8615983	14.489079135181528	0.0129263387329325
2459723.7792897	14.345090915287562	0.0095789819948883
2459726.8738573	14.425770415257457	0.009630888208268
2459726.9133761	14.493063214730594	0.0101390339404032
2459727.7999345	14.430698890321567	0.0068000619083193
2459731.4787666	14.438209834830104	0.0135436718525889
2459731.8268073	14.114180405555262	0.0117216745437296
2459731.8268073	14.24859563769433	0.0144036893311507
2459733.8644294	14.271177599782426	0.0132733252540552
2459733.8644294	14.18217309313125	0.0106520212718052
2459736.4660477	14.145397556048918	0.0104040305375605
2459736.9233035	14.306325779661144	0.0121930958652065
2459736.9233035	14.465084195439244	0.0139886405962689
2459737.7227316	14.370420945171904	0.0093601559608537
2459738.7036628	14.382595668442946	0.0059098838758584
2459738.7471293	14.384790228488423	0.0064661908906687
2459739.3272286	14.431788288060378	0.0197417694314482
2459739.8117566	14.391154138185248	0.0094471238493482
2459740.4560622	14.457129896821098	0.0184801733927575
2459740.9134148	14.276618623246373	0.0133461580064556
2459740.9134148	14.425413493484182	0.0131788689855264
2459741.811548	14.442610374620177	0.0141935743963906
2459742.8124882	14.310645701487584	0.0139343004951178
2459743.8516592	14.277577682990586	0.0440042944859023
2459747.7288609	14.60211301049772	0.0529906027831398
2459749.6681451	14.47795530870297	0.0126030282189583
2459751.7735162	14.410935729426347	0.0104015859406653
2459754.7729116	14.409419947423252	0.0128718743304804
2459754.7729116	14.215082637796684	0.0104919381913198
2459756.7605485	14.270826587901048	0.0105880118805294
2459756.8763322	14.25041345633968	0.0097485822385733
2459756.8763322	14.404670100805513	0.0132781115406856
2459758.5840801	14.413364728931631	0.0078327879348808
2459758.6580612	14.35043512882806	0.0102106121919462
2459758.7280733	14.383696219034366	0.0098466895925001
2459759.8104394	14.178705489191747	0.0111749578316477
2459759.8643615	14.22468245519491	0.0103051178881643
2459759.8752541	14.352984536189156	0.0124775979016755
2459760.742385	14.501531266705252	0.0134109951926469
2459760.7726715	14.424698112240382	0.0104644138903473
2459761.7428313	14.491509493766117	0.0086809388080425
2459761.7884347	14.422073762124958	0.0104665802758785
2459762.8203057	14.603147046375293	0.0159187268905333
2459763.6622288	14.39894976854025	0.0092141847352446
2459764.760812	14.393962369372142	0.0069772701496007
2459765.8284053	14.36938621698368	0.0121389893667125
2459765.843078	14.38488519110123	0.011186086530625
2459765.8455817	14.425353878687286	0.0184015090088061
2459766.2502053	14.525233138725138	0.0210263892769484
2459767.5791127	14.229110168346804	0.0109408483084678
2459767.6878277	14.29446734387021	0.008014497582484
2459768.3124505	14.343946302796027	0.0152770767812948
2459769.7942448	14.364476565888502	0.0091715235035548
2459769.8032639	14.355684680326238	0.0154904836861925
2459769.81678	14.419046775187663	0.0103922885834905
2459776.3256334	14.373082356123271	0.0212634190836427
2459776.3710492	14.171813709043525	0.0224217763948817
2459777.2425722	14.325657872437883	0.0114734088443209
2459777.3643851	14.446096480880652	0.0178759106854846
2459780.8068115	14.493876388116451	0.0175705096474829
2459780.8068115	14.205701126593077	0.015155796783365
2459782.5273459	14.50999275189776	0.0097558426963999
2459782.7658321	14.343833362426682	0.0118863947338872
2459785.3061945	14.376112526776303	0.0073082951057732
2459786.6539704	14.431582224725537	0.0113372975907474
2459787.7709837	14.144873312459206	0.0100909719818612
2459788.7558417	14.323305032073732	0.0059028850097612
2459789.2162106	14.395648600024613	0.0141210835030178
2459790.7903484	14.305959514021602	0.0107977989478806
2459790.7903484	14.456796677969932	0.0177351348553607
2459792.3283376	14.474351633422636	0.0125143779945862
2459793.5542346	14.23468017507722	0.0100997657398388
2459794.5582584	14.247943742430037	0.011352818841192
2459795.75276	14.474627709975998	0.0104838096861134
2459796.6600844	14.249301649185725	0.0084908377982902
2459796.6613672	14.248320463247383	0.0109483703075209
2459796.6961776	14.381591378719737	0.0114676912571759
2459797.6051686	14.380763516017431	0.0107407554488838
2459805.7479603	14.494534143435263	0.0461922470571516
2459806.6957214	14.420705893470116	0.0271811342133104
2459806.6957214	14.241786419315094	0.0199765185190963
2459808.4222017	14.454944413080646	0.017088998962256
2459809.7263979	14.454732715748928	0.0163014593281767
2459812.3882162	14.470397812802002	0.0113185674923265
2459813.6085063	14.429554687585732	0.0098888112309649
2459814.4943397	14.406443223049038	0.0097361116673619
2459814.496922	14.429275646884577	0.0151545392773516
2459814.7274961	14.10870511826981	0.0105827980537316
2459815.4524692	14.375057925726482	0.012509130789698
2459815.6912167	14.524296779793149	0.0099753058044322
2459816.5337378	14.371342478110725	0.0073173383009566
2459816.6991575	14.406354088953236	0.0109570120118782
2459818.5173467	14.392095640640864	0.0083723137422637
2459818.5514802	14.474005901990646	0.0082595670989663
2459819.4792289	14.2212670873775	0.011916523680063
2459819.4804694	14.213248551111368	0.0135497830526034
2459819.4829961	14.210392147745022	0.0178947855955132
2459819.5606261	14.331085567751993	0.0095200468473856
2459819.7176241	14.368224758912357	0.0087885514075357
2459820.7009639	14.489917528673368	0.0131006193852444
2459822.4309611	14.478571772998636	0.0211031335673518
2459824.6377638	14.366634062612896	0.0100897033858165
2459824.6531002	14.26563471787819	0.0089798058768682
2459825.6793863	14.25054372904698	0.0104690681294172
2459826.2562756	14.395550131714234	0.0236548195039496
2459830.2668917	14.24018885164564	0.0276318242779318
2459830.3974816	14.377375593947022	0.0336538358022657
2459831.4726209	14.365089346682447	0.0234696244219519
2459832.5474325	14.38285399119157	0.0197694811754035
2459834.6411642	14.468642972332791	0.020640901912088
2459835.371771	14.49476489370852	0.0298008228394245
2459837.3038278	14.453344270147293	0.0111534536486418
2459839.61086	14.13586898846798	0.0129755320222889
2459839.61086	14.09738314018783	0.0120972625384291
2459841.5004692	14.388972857954176	0.0119436922924495
2459842.3761864	14.387628984322223	0.0135936052277139
2459842.5790501	14.520962792384282	0.0134264034038864
2459843.5341769	14.529617505200022	0.0131764258921726
2459843.5739073	14.404774973048896	0.0113756500330612
2459844.5347724	14.530716521444235	0.0128504620276027
2459844.5575978	14.422537566935244	0.0110811577335671
2459846.5358014	14.294891902006208	0.0088694039155968
2459846.622966	14.411792951574924	0.011011518984679
2459847.5441165	14.302136039971412	0.0090941596110981
2459848.5364852	14.301274970949995	0.0098251507700896
2459849.3356973	14.396119114879175	0.0111952181176535
2459849.5331736	14.283422464551252	0.0096494679050252
2459850.5652113	14.266578727777045	0.0089850136936977
2459851.5003244	14.352380577822592	0.0093112042242901
2459851.5875633	14.243303972096832	0.0098637797255957
2459852.5684596	14.20968765444158	0.0147776208833747
2459852.6025502	14.219676112394698	0.0137530852173353
2459853.5682792	14.37765366620478	0.0115976812935566
2459857.3071503	14.362658226217093	0.0218438555387996
2459858.5728638	14.549689446141382	0.028690344354811
2459858.5917291	14.390691989712527	0.0268627044821643
2459859.5596506	14.482060393655647	0.0229523426399996
2459860.2958464	14.42000588691688	0.033016834157477
2459861.3160107	14.503889861380465	0.0274935474262707
2459864.5734419	14.317715423698612	0.0155949054348699
2459865.5522058	14.151926724381706	0.0106195921560987
2459866.529535	14.406982680336498	0.0144487207149986
2459867.5042764	14.43165207273405	0.0119106165918583
2459867.5296144	14.4117996159387	0.0108891278854966
2459868.538139	14.386430541975798	0.0103912832210486
2459868.5578871	14.359885618258696	0.0112515512054862
2459869.5457236	14.51062936104671	0.0146994774135255
2459869.5545462	14.396089518250704	0.0108204446122598
2459870.5312158	14.382342020108872	0.0099225299895577
2459870.539126	14.40952649267148	0.0123786075183208
2459871.5356941	14.418702060235288	0.0132404280540986
2459872.2472874	14.331270305949923	0.0256481135974705
2459872.5362932	14.360227138595796	0.0115247455540749
2459873.2432345	14.485519787192676	0.0209569234133649
2459873.5408121	14.36310666587387	0.0102264232144214
2459874.2501624	14.459606328656474	0.0175349841277132
2459874.5235977	14.362399109300355	0.0099672541323683
2459875.2439598	14.464686676956626	0.0229246168651462
2459877.5280092	14.368640065025616	0.0108812277608234
2459877.5292142	14.282373722417566	0.0095073166939807
2459879.5037317	14.22828217162636	0.0124687420341927
2459879.5040679	14.227816586411745	0.0108147434109171
2459880.2627326	14.432014333443934	0.0131227360334108
2459885.5025899	14.407273288447469	0.0198113093520255
2459886.4991438	14.311204179068666	0.0251375142160077
2459987.8855142	14.331596206144004	0.0336308342553507
2459989.8918403	14.300578427500875	0.0471321131148798
2459997.8756025	14.362290079697493	0.0122286867672266
2459998.6289401	14.40190893739792	0.0168456791702334
2459999.6187982	14.426332368320509	0.0100242705407404
2459999.875634	14.315905981209538	0.0124811227853128
2460001.8738474	14.16833668236618	0.0117730489193019
2460001.8902798	14.358280446659776	0.0148013394172422
2460002.6104101	14.411296215105477	0.0096424377539978
2460003.5964408	14.431530243554237	0.0109518042513689
2460003.8765748	14.38429892403037	0.0121090193448448
2460004.864377	14.40071579144682	0.0101159823788601
2460005.8909001	14.455920239936368	0.0148285492890459
2460007.8302082	14.46547587284874	0.0140885430965684
2460007.8326888	14.471347878134672	0.0210700212610434
2460007.8896784	14.38306236917917	0.0107087390071703
2460007.8909767	14.376049242696809	0.0123765331238237
2460010.8344362	14.522347669162668	0.0369060646931449
2460012.8233315	14.34393319712738	0.028533795193914
2460012.8348649	14.32684621287396	0.0218615636946052
2460014.8341716	14.206815925727788	0.0154859684906012
2460016.8370584	14.315451957027584	0.035144044184205
2460021.5712475	14.296718769149557	0.0119684365478956
2460021.8131824	14.392982806241754	0.0107441096514972
2460023.5736825	14.310546239439056	0.0122264112891932
2460023.8123776	14.349148676564132	0.0098076573703543
2460024.9049515	14.381151788836425	0.0096264996555803
2460025.5794122	14.420222413014567	0.0106589071456476
2460026.8709323	14.3937401870737	0.0113689562217724
2460029.7844524	14.397721086357889	0.0209691271330022
2460029.8420013	14.155668915921812	0.0120639705544498
2460030.8472256	14.152827763290537	0.0098112227786883
2460032.5646275	14.343713475902293	0.0082815900662012
2460033.7826575	14.38051818713766	0.0092506344496682
2460033.7871091	14.487909201316691	0.0128456447526114
2460033.8026571	14.395201835022696	0.0130960013814294
2460033.8052422	14.405546955458943	0.0178984345838166
2460034.8184967	14.497624959519372	0.0153318351482992
2460035.7773722	14.4813616236416	0.0109952711074609
2460035.8522937	14.35291700025919	0.0093916535882368
2460036.7626972	14.468737114465926	0.0158258732748902
2460037.7918034	14.432839454736056	0.018419642003541
2460037.8591694	14.40453322759069	0.0099414154441143
2460037.8617499	14.353806564218772	0.0132734483654731
2460039.5578076	14.495261864895102	0.0243218292537978
2460040.568233	14.3899662158442	0.0156423026753617
2460043.7560683	14.333958430459647	0.0180369209671955
2460044.7636223	14.39076900742596	0.0226950016925558
2460048.7293565	14.383898014080549	0.0157625349098655
2460048.8893485	14.45140641086792	0.0156095925928411
2460049.7612735	14.392202397348504	0.0114124391404975
2460049.9483949	14.30429212458212	0.0145609173979435
2460050.7724614	14.36935988715672	0.0100713502460346
2460050.862002	14.40358957733791	0.0104124967814557
2460051.7359062	14.428434295505811	0.0155955145712149
2460052.7798056	14.324348429974966	0.0091128455790365
2460053.858005	14.37425005252628	0.0098965262298306
2460054.8072718	14.376888370494171	0.0113700027483147
2460056.759939	14.239085140594304	0.0134723993463114
2460057.7623736	14.36560307406221	0.0099116634395171
2460058.7285641	14.378723085532249	0.0104345564575116
2460058.7326561	14.349143028839444	0.0097116957441295
2460059.7880873	14.38710389722105	0.009349069479004
2460059.8266619	14.525762287965147	0.0115787905770318
2460060.96592	14.151078036595983	0.0151942192049206
2460063.5073951	14.227672741182651	0.0115045730053931
2460064.4872052	14.520200169883903	0.0134164116437985
2460065.5848625	14.17419931789868	0.0110436713874042
2460066.5119187	14.55250664163962	0.0274153124651458
2460066.8624067	14.412642913457644	0.0104815498928956
2460068.9221525	14.37189655346292	0.0116343660397566
2460069.4228969	14.40976278695617	0.034494512082528
2460070.8733279	14.414771966712369	0.022545375134837
2460071.4614847	14.340971957981768	0.0266029259628957
2460076.6951568	14.43312428841823	0.0303672651616035
2460077.7531698	14.490850261301423	0.0149064638477363
2460078.7418774	14.347499097513364	0.0100546860980302
2460079.709409	14.387106457758286	0.0128374451768238
2460080.6563242	14.273889007187478	0.0094255554027848
2460080.7214752	14.27642105791265	0.0080682226835929
2460080.7782463	14.399132927940062	0.0090386970774292
2460081.6596219	14.194648778020886	0.0237633617297212
2460081.9437965	14.308200182846436	0.013838244901777
2460082.6816909	14.1285099538161	0.0180853693896853
2460082.742306	14.287972392749184	0.0111257214876113
2460084.5967229	14.484519382556494	0.0133805821099114
2460084.7508259	14.139411167189184	0.0145290527867053
2460085.6815061	14.396829965143487	0.014280505483767
2460085.7475902	14.367782628766603	0.0085544280972283
2460086.9501993	14.228844671110366	0.0243365402734129
2460087.9470002	14.196028469045793	0.0166707113119875
2460088.379624	14.234774155357275	0.0133920055512428
2460088.3910064	14.14018523905311	0.0103302039095109
2460088.7116811	14.390419608119949	0.0120083423940746
2460089.3808954	14.433813495274263	0.0138404484382761
2460089.6950013	14.455393799238273	0.0117212630143804
2460091.3735819	14.459302454775758	0.022501023203255
2460091.3812343	14.339761901382928	0.021313367464395
2460091.6571572	14.351785392551976	0.0114427431000794
2460091.7638262	14.469589305106584	0.0129869607350209
2460092.3693358	14.511289661908211	0.0327463875626605
2460092.3769533	14.451804405661235	0.0164087548119423
2460093.3646892	14.472381772944312	0.0208438425244165
2460093.3722817	14.426676842147296	0.016987486567808
2460094.7253361	14.402803887705666	0.0135858098279948
2460094.9126828	14.29644017909988	0.0126021649569867
2460096.7629743	14.330198137899	0.015989150774544
2460096.9324692	14.35362108366154	0.0141947048167059
2460097.6411714	14.448820662081877	0.0346795965270205
2460098.6370584	14.461281556819026	0.0390919596494917
2460104.7510705	14.459871735427075	0.0217358222192239
2460107.7775418	14.255381701834624	0.0101850622476688
2460109.5709826	14.404598743608169	0.0117359627339325
2460111.7910192	14.17841034063377	0.014555749203007
2460112.731344	14.222651848910226	0.01972506197329
2460113.7247584	14.426007658508482	0.0117071412318231
2460114.6683299	14.533300521301603	0.0230700040542839
2460114.846471	14.166701059098886	0.0209394314921011
2460116.3745593	14.221082838281308	0.0148487274619436
2460117.5032413	14.39467633704226	0.0104344622466001
2460118.2893044	14.367150303725955	0.0070771288500456
2460119.5019658	14.24066668078022	0.009620186776861
2460121.5472174	14.150475802660877	0.0176350337890817
2460122.8947576	14.3378527576564	0.0209411310746492
2460124.7670063	14.269355198844574	0.0181383007129898
2460125.5894611	14.48483183347718	0.0229745928234514
2460126.5121036	14.367173406722015	0.027247451843776
2460127.4524569	14.41704500155193	0.0297089282123605
2460130.5011653	14.209889352197596	0.0205728737181142
2460130.7770926	14.350708175664344	0.0263216598780286
2460131.8395866	13.940187509246163	0.0580872330573946
2460132.8630256	14.357128292967882	0.059652833453583
2460136.5699978	14.240534741742186	0.0125241933343475
2460138.2294406	14.377934729299897	0.0128290937557129
2460139.7078786	14.136598186683358	0.0115263656332225
2460140.6821345	14.378508366122585	0.011259058212776
2460141.5813199	14.398146394464757	0.0096285700517866
2460141.7007878	14.3966727178749	0.0117659317673416
2460142.8406311	14.188715471972058	0.013782979853457
2460143.6902359	14.357271906766558	0.0120328681704415
2460144.7416325	14.316046333112372	0.0141262711647567
2460145.7714733	14.326004849716607	0.0134638055603344
2460147.2931167	14.349525217689784	0.0089312272511187
2460148.7244965	14.248500571578337	0.0136643742876593
2460150.2111428	14.387397862818936	0.0137751136373732
2460151.7863053	14.374605048426933	0.0098925924140461
2460154.6064422	14.39936885435512	0.0206794640414057
2460154.6411824	14.445813364078504	0.0224541982251426
2460158.3327872	14.319229673537697	0.0392366102810983
2460159.4818475	14.256862778226376	0.0267248528600325
2460159.4856627	14.337512361546814	0.0284130120176328
2460162.5206631	14.128382108951934	0.0349146838889894
2460162.7800853	14.310027500543052	0.0228678478962181
2460166.4869476	14.47312247200337	0.0145268875054303
2460168.2827959	14.416011264710718	0.0192685602363749
2460172.7533627	14.312636137761707	0.0138497890509738
2460175.7418457	14.514726766626604	0.0176373937478624
2460175.7418457	14.26869232672204	0.0123739843845823
2460177.7254155	14.491743389207578	0.0262180040861614
2460177.7254271	14.289233253154634	0.0183121752247063
2460178.7261233	14.4133236936247	0.037533317197747
2460178.7261233	14.255379136879064	0.0240673006293134
2460188.6958986	14.476937290567673	0.0389713506203699
2460190.6920964	14.275484947467358	0.026078960526538
2460190.6920964	14.308402827248038	0.0207958948017102
2460192.6833143	14.279376543419886	0.0139029292247149
2460192.6833143	14.180836432653702	0.0141495843214402
2460194.6775409	14.16352352408833	0.0112719764203464
2460194.6775409	14.154066363764288	0.0140972693695135
2460195.6810597	14.133401469429923	0.0128723679201418
2460195.6810597	14.150065931022024	0.0125811786043827
2460196.69431	14.078217351183763	0.0119870673320511
2460198.6737325	14.316613488852116	0.0189063679173302
2460198.6737325	14.336358703015266	0.0177309531358481
2460202.6591448	14.31225296729936	0.0149144360166259
2460202.6591448	14.266260896281011	0.0106334737757734
2460203.6579334	14.280065848886965	0.013902273995201
2460203.6579334	14.266949640171212	0.0123287442837404
2460205.6620748	14.240452317219654	0.0167192266726366
2460205.6620748	14.301061710713466	0.0137485178637128
2460206.6571265	14.213085608490095	0.0140635455693388
2460206.6571265	14.364978057040211	0.0148302170233702
2460207.6095289	14.165590464052933	0.0138398596503238
2460207.6095289	14.23115530703857	0.0165371845313001
2460216.5926696	14.361895102088926	0.0272424423744754
2460218.4979241	14.16685893678697	0.0102792011790894
2460218.6041334	14.263956054531512	0.0187170762231645
2460219.5296605	14.176981265570223	0.010081546916795
2460220.5236597	14.453798443615124	0.0134771183396295
2460221.5959901	14.309050726495183	0.0123200684559319
2460222.5884102	14.517620581510542	0.0135825475116029
2460224.5026682	14.435730205848929	0.0106982905424589
2460224.5239171	14.415347310758529	0.0096705602771767
2460225.5524366	14.452619620739595	0.0120981879320106
2460225.5888644	14.407731402123714	0.0100775822208595
2460226.5638259	14.371848708795945	0.0111763880610513
2460227.2987765	14.242616145556408	0.0097619900151304
2460228.5121832	14.57074430227373	0.0133944229358351
2460230.4869268	14.518071375686274	0.0234279816693693
2460231.2656747	14.51238138818	0.0170023908912961
2460231.5009835	14.349347316775615	0.0124340118475001
2460233.3214891	14.52527434641408	0.0143253943097717
2460235.5006175	14.698503225866046	0.0182814662115599
2460235.508087	14.399623726314372	0.0106647762088404
2460236.5049351	14.46081647885336	0.0135051810461831
2460236.5094908	14.370844299965222	0.0111932847060753
2460240.273973	14.364293026964797	0.0238747247962796
2460241.4965391	14.375882239455288	0.015899124892734
2460241.536154	14.397721948488178	0.0183008132546322
2460242.5216569	14.479372736634538	0.0288036522723116
2460245.5254659	14.43495289396505	0.0295439336152514
2460247.5114407	14.3278158572077	0.0185530799841269
2460248.5205401	14.196445226740906	0.0102852223861664
2460251.5113413	14.402571602706118	0.0122658539780303
2460252.5080182	14.421183528053984	0.0154872535097479
2460253.5039362	14.411856498641493	0.0223389502835242
2460253.5065559	14.411595643487336	0.0158902175627101
2460356.8838724	14.18575575881629	0.0124241057756055
2460364.8638646	14.32897269518481	0.0315578626542037
2460364.8794562	14.365904804583582	0.0235959231807664
2460366.8738342	14.368008068025915	0.0225573655152386
2460367.8691886	14.246171482878848	0.016000730277025
2460386.8413002	14.463128365125026	0.0123720937655599
2460388.6521757	14.380150337525295	0.0231932005473661
2460388.8774792	14.382656419375872	0.0125269288436255
2460389.9050675	14.616158256759372	0.0158265002554475
2460394.8118522	14.31564969453538	0.027396182989637
2460395.8072781	14.207662558225406	0.0328384249223605
2460396.80622	14.13689804815741	0.0216381054050899
2460397.8054077	14.139251415541631	0.0178110380781249
2460399.8075645	14.429826621218677	0.0174825186614575
2460399.8568317	14.32841557279496	0.0186456891255694
2460413.6307062	14.389277636838248	0.0092087397334283
2460416.8549355	14.38257324588854	0.0136740723137647
2460417.596317	14.356767177344135	0.0097663187588944
2460417.8201796	14.380194041985565	0.0112225100217685
2460418.5944877	14.260836431252333	0.0108511914348669
2460418.8458226	14.374621340813578	0.0119678451923424
2460420.5725605	14.267481729061265	0.01206588756783
2460420.7802188	14.300753152223807	0.0152244425406858
2460423.7593464	14.244206496382436	0.0179757533940767
2460423.7631022	14.22401768559321	0.0187982165950373
2460431.8959399	14.303225449702545	0.0219034928578792
2460431.8959399	14.35736340677338	0.0174980350192791
2460432.7062637	14.417273046484253	0.0091126239011003
2460432.7952813	14.378645184989086	0.013368057504957
2460433.8047389	14.608859251991277	0.0141103070245823
2460433.8447884	14.382279195524442	0.0135716059666103
2460433.8922342	14.361078580552183	0.0077177978468328
2460435.5836894	14.35866579531216	0.0152198943733007
2460435.8815028	14.379251962509796	0.0132066853481728
2460437.4899781	14.52163524382917	0.0327400961127181
2460437.6661325	14.295235846928174	0.0082721708297763
2460438.8796958	14.366800677669222	0.009438358114349
2460438.8798461	14.229623356372224	0.0084397143890432
2460438.8798461	14.288567500390862	0.0101791201001055
2460439.7865163	14.310234807056988	0.011125320966737
2460439.7946423	14.15307290312165	0.0090508778628395
2460440.7749553	14.278237923025284	0.0111984434940151
2460440.7825019	14.20967091253982	0.0065219955794272
2460442.8827194	14.083427288253072	0.0197228272040122
2460442.8827194	14.124015932409526	0.022856992119086
2460443.8778447	14.247729203297077	0.0201942485852233
2460443.8778447	14.318698316885062	0.0184792477458077
2460444.5600987	14.33595676762402	0.0125680319502773
2460445.4519002	14.268290672857484	0.0109318066518911
2460446.4230536	14.392631018552024	0.0148698279963571
2460446.4566107	14.445604038553586	0.0183703344007503
2460446.6665055	14.415241372717633	0.0119969130875864
2460447.380248	14.498949257010176	0.0210513888533398
2460448.4136921	14.474189313379712	0.0476582324289017
2460448.673328	14.427449159946285	0.017188457951577
2460449.4028834	14.398878983908698	0.0187060051466257
2460449.6386894	14.1462559570257	0.0173233612613506
2460449.7946418	14.426144428190083	0.0089228647078897
2460450.8518451	14.273640770313165	0.0258626186823715
2460450.8518451	14.170265596105065	0.0285638846984569
