2458176.780826	12.102062771688498	0.002446549842688
2458176.780827	12.148935813030413	0.0019280473950354
2458282.6609593	12.115010027379393	0.0022763471524339
2458282.6609657	12.097476880210644	0.0021553075652299
2458284.6669051	12.1121579447391	0.0020895915071022
2458284.6669051	12.06626369662173	0.0024273255910696
2458301.6062041	12.272707005644463	0.0029930378952668
2458301.606207	12.22478954835296	0.0029406164918905
2458310.5935432	12.260729660183456	0.0023422411939771
2458310.593546	12.193017391674823	0.0025809223614527
2458323.5568125	12.267419187423664	0.0044966451391839
2458323.5568173	12.283876626654957	0.0033621710226225
2458331.5220203	12.083632260916644	0.0021588219214464
2458331.5220215	12.12996218221635	0.0017596607512766
2458332.5038551	12.26303428014549	0.0031952364049608
2458332.5038562	12.319872673336436	0.0031346447234814
2458342.4961875	12.117110298729427	0.0018931885075541
2458342.496192	12.067241113686665	0.0025256538738359
2458349.4726482	12.108768347244329	0.0024382076208485
2458349.4726482	12.09629225410269	0.0027690546801922
2458455.8562745	12.091957873595	0.0047574733636208
2458456.8461808	12.269369353805716	0.0025439394826581
2458457.8417496	12.083778870120128	0.0022737817431703
2458458.8397747	12.360339997245603	0.0029374625726222
2458458.8397814	12.238063530870164	0.0022097853524627
2458459.840454	12.08880973718944	0.0020559831941604
2458459.8404579	12.19038525700114	0.0027923735234456
2458461.8338484	12.22138513432279	0.001897087198553
2458461.8338485	12.134421943165597	0.0015096245228102
2458462.8519459	12.177815377122853	0.0026284269022555
2458462.8519484	12.212737264152798	0.0022067325724264
2458463.8272398	12.172678251118558	0.0012175569412216
2458463.8285272	12.260952352624155	0.0021484035897053
2458464.8238336	12.1257125859124	0.0015290773938275
2458464.8238348	12.213259290981128	0.0018683551412055
2458465.8204267	12.235494697817463	0.0022219966911489
2458465.8204326	12.319804196263153	0.0022621126196022
2458467.8175777	12.295597170591888	0.0028598619248203
2458467.8175777	12.38767420380434	0.0031688562203907
2458469.8570361	12.35607389528296	0.0038794884807642
2458469.8570434	12.26242822318544	0.0047732675223115
2458471.8232915	12.31383481768382	0.0021975228830858
2458471.8232967	12.20909618509612	0.001845026228966
2458475.8107617	12.136087572320363	0.0034312919313681
2458475.8107617	12.141048320609178	0.0044254851524947
2458476.8118219	12.21578456162293	0.0024994697666968
2458476.8118273	12.333024665026583	0.0037007130820609
2458477.8031888	12.07558110948182	0.0028205517269992
2458478.8085879	12.287247270869122	0.0032876130224646
2458478.8085921	12.37806873985308	0.0042082881774592
2458479.8292427	12.073705232331776	0.002516963241861
2458479.8292427	12.114125608789267	0.0023170545035
2458480.7976	12.220569759771209	0.0032220054628431
2458480.7976044	12.265501872491171	0.0028380004876031
2458483.8484948	12.11546365643082	0.0019042386659609
2458483.8484948	12.111701712682134	0.0026195438350475
2458486.791431	12.09558359668456	0.0018613328394965
2458486.7914317	12.196913529026752	0.0038155289945107
2458487.8614567	12.1002589597151	0.0019814203437664
2458487.861458	12.197407929976896	0.0025823081008948
2458488.8539519	12.154597498350636	0.0010450957752115
2458488.8539648	12.247943366330777	0.0018370880672253
2458489.7916065	12.28098401297512	0.0027641729454905
2458489.7941602	12.37941942046527	0.0035127416470786
2458491.8639043	12.201363004646858	0.0022900124911912
2458491.8639065	12.155570244579316	0.002436159254024
2458492.7721753	12.115558472716245	0.0015668733531219
2458492.7721754	12.219235543306455	0.0018906021416146
2458493.7754271	12.27570973980252	0.0020274637869004
2458493.7754284	12.178150042462647	0.0012698035100338
2458494.8645997	12.111975532935997	0.0023039726201767
2458494.8645997	12.079217291372595	0.0028197400426307
2458495.8645649	12.364040815752697	0.0029963878545919
2458495.8645678	12.255485682533278	0.0028162419369702
2458496.7559702	12.225422647751852	0.0020135385069128
2458498.771629	12.231602255365058	0.0020314347937755
2458498.771636	12.333208211445134	0.0024285192630504
2458499.8125158	12.157483195940046	0.0013209169545823
2458499.8125158	12.14420752859953	0.0018726190262442
2458500.7634009	12.304675626572582	0.0030591283357639
2458501.81643	12.130039183288613	0.0021139874848088
2458501.8164354	12.126842853021998	0.0018724150011545
2458502.8462629	12.19553075654751	0.0015386778073765
2458502.8462635	12.275454507450114	0.0019085789124242
2458504.7416409	12.13997083577883	0.0012452948703857
2458504.7416462	12.24641778355175	0.0017600479466626
2458505.730006	12.186371773890164	0.0040234700515483
2458505.7300116	12.30683220812386	0.0036885785691641
2458506.75249	12.22090507660621	0.0037320167914772
2458506.7524909	12.11324086500168	0.0023262086002209
2458508.7686386	12.128510191877048	0.0018311013410131
2458508.7686396	12.214163480572608	0.0029508948795391
2458509.8685634	12.086767919304355	0.0021125292713758
2458509.8711209	12.1751281325185	0.0037713033229753
2458510.8587928	12.21821149868996	0.0025241723406661
2458510.8588014	12.328400371410837	0.0045991578726564
2458512.7325691	12.19625588196616	0.0022390981817364
2458512.7325738	12.095349480003748	0.0019270550456293
2458513.8589555	12.167599268380924	0.001289101704753
2458513.8589685	12.122954262858482	0.0018085100810622
2458514.8623182	12.252209960537538	0.001933153980484
2458514.8623182	12.146589583309854	0.0012683077457846
2458517.8569286	12.205665521793366	0.0026401941581145
2458517.8569366	12.25863503636272	0.0023534012477473
2458518.7403067	12.302973586816686	0.0021846530306755
2458518.740311	12.178337522641185	0.0012814829346315
2458518.8861302	12.141239447790756	0.0025499390341293
2458518.8861373	12.103520429144922	0.0030419473964467
2458519.8558432	12.381460789417533	0.0032202371566061
2458519.8558445	12.265478943987894	0.0025296754772609
2458520.8878436	12.086191461116776	0.003128869131626
2458520.8878436	12.13066516913088	0.0023995477817075
2458524.6745394	12.234862940849943	0.0019918134337676
2458524.6745417	12.129590206994664	0.0015838663265395
2458525.6737032	12.31158886338049	0.0021231353583227
2458525.6749757	12.195987772342248	0.0019005727433565
2458526.6777454	12.108265831073314	0.0017128041245476
2458526.6790492	12.199929230995474	0.0024526849448445
2458527.6729198	12.245109065943067	0.0023567653231079
2458527.6729276	12.356148771687216	0.0029182031561341
2458527.8545241	12.1539654490924	0.0015315970164381
2458527.8545241	12.10892081940506	0.0022283490629456
2458528.7613538	12.192794026223986	0.0015794620574299
2458528.7613586	12.29748777917231	0.0019867698235216
2458529.6617082	12.301277098104482	0.0031766341613945
2458529.6629253	12.304166158209595	0.0041697102568101
2458530.6687588	12.077061184146576	0.0027121100597782
2458530.838896	12.31443470195973	0.0032430493272125
2458530.8388994	12.279333641177654	0.003860081215414
2458531.7232385	12.272617487394186	0.0031500714695235
2458531.7232385	12.249332565855887	0.0046262143693295
2458532.7069913	12.142776221241686	0.001736149390868
2458533.6720805	12.279503547662204	0.0040628417449413
2458534.6978425	12.139091683876185	0.0041204706407796
2458536.8805519	12.346204027524085	0.0036341284241131
2458536.8805587	12.263049624313728	0.0037340920577121
2458538.8441572	12.14107836796271	0.0024824569124059
2458538.8441687	12.17424744191742	0.0015892665453996
2458539.8103699	12.359802692903054	0.0033137540235011
2458539.8103699	12.24243530670643	0.0023702314999224
2458540.7981094	12.074509082494668	0.0022810728618787
2458540.7981094	12.098108232446908	0.0022396729468869
2458541.8582056	12.234225485897705	0.0025116115234854
2458541.8582059	12.30338992808096	0.0026969887492558
2458542.8378929	12.181960278929523	0.0024407875682535
2458542.8378958	12.083656928453472	0.0019406777674448
2458543.7961416	12.222714085246276	0.0019030450085608
2458543.7961542	12.212605844549634	0.002061226524522
2458547.8770075	12.291614823133315	0.0028038955047813
2458547.8770194	12.241915022297768	0.0030214843683468
2458548.8708947	12.193033860820972	0.0022476205138063
2458548.8708968	12.097538750789878	0.0017880714824479
2458549.7542177	12.083536376296816	0.0022316206727083
2458549.7542177	12.112771830332925	0.0020246199640308
2458550.7879195	12.289223320631152	0.002891207586731
2458550.787922	12.251686158540284	0.0029347061797872
2458551.7771917	12.050289921642747	0.0019242848816349
2458551.7771917	12.169605882833364	0.0024234094733587
2458552.8287561	12.245188614348235	0.0030126699985123
2458552.8299822	12.294844188109796	0.0032016229348497
2458553.6057069	12.162396419524056	0.0013110864484732
2458553.6057144	12.26017328457999	0.0018886247331476
2458554.6277619	12.1273723243715	0.0015094373399444
2458554.6277644	12.212204675053112	0.0021723414702136
2458555.6393409	12.206062285224217	0.0017308825809544
2458556.5838183	12.18349402228134	0.0012242180131317
2458558.6449765	12.192115149075356	0.0019615818342705
2458558.6449765	12.197390959425888	0.0025224990599332
2458559.700412	12.252589309665243	0.0033065352731326
2458559.700412	12.236101384570777	0.0026160042098769
2458559.8975558	12.196317297840322	0.0023918683122059
2458559.8975611	12.086617769688807	0.0019877873939086
2458560.7238835	12.088174867085762	0.0022464080285118
2458560.7264224	12.181115489574015	0.0044856827692998
2458560.8732609	12.309689641814591	0.0029220922831293
2458560.8732613	12.297204655567056	0.0034952692292343
2458564.787387	12.095127334476636	0.0034025289315305
2458564.7873907	12.11179659395728	0.0029226188897213
2458565.7422296	12.175198101883865	0.0016625298566668
2458565.7422296	12.164711097396864	0.0025705699363541
2458566.8242803	12.10697431525145	0.002371639205929
2458566.8242932	12.119106756454997	0.0032420397881185
2458567.7556906	12.14111812332632	0.0016293675331404
2458568.7883812	12.160634844886715	0.001683266143737
2458568.7883812	12.161565963199456	0.0023406427526602
2458570.8442129	12.107668628662624	0.0016752518309003
2458571.7860537	12.150647585211509	0.0016643601245856
2458571.7860575	12.092231086847535	0.0021455908388521
2458574.7159252	12.177724214661229	0.0012084512563391
2458574.7159252	12.27205549309006	0.0018290924816324
2458575.5827023	12.203352505533331	0.0018462863642383
2458575.5827081	12.165774226596078	0.0019601737720228
2458575.859604	12.16204373165125	0.0007872480490913
2458575.8596114	12.250923083112893	0.0020043233017879
2458576.615346	12.088428332077203	0.002173517917292
2458576.615346	12.1417032396621	0.0017955639187226
2458576.8585468	12.17011467796934	0.0011823904187421
2458576.8585473	12.266883988703782	0.0017456037327612
2458577.5712116	12.157307198616811	0.0010570101948642
2458577.7998508	12.103854971453492	0.001994916521616
2458577.7998624	12.067125672419136	0.0025418132449357
2458578.5761686	12.207488282542307	0.0023296652374332
2458578.5761745	12.237608937136269	0.0019194042805709
2458579.3692638	12.257022356671982	0.0024354282875531
2458579.6265823	12.15347440713927	0.0018287626046675
2458579.6265823	12.207370295378968	0.0015211678935764
2458580.7423046	12.12009885461254	0.00148736985516
2458580.7423049	12.198402323473928	0.0024856594443485
2458581.3230786	12.133426361297186	0.0013881834945475
2458581.5978505	12.166128190191673	0.0028139544599181
2458581.8575132	12.07670431329998	0.0023181240034671
2458581.8575132	12.137966552317302	0.0017432760081396
2458582.3295315	12.245829662530909	0.0022240539918949
2458582.5928859	12.283986118749237	0.0026362970345075
2458582.592886	12.360516961345818	0.0025950862080599
2458583.7126241	12.234721073738346	0.0019780204515144
2458583.7126241	12.346355912632651	0.0027325333645291
2458584.3115499	12.252809169146913	0.0023130146909091
2458585.3786466	12.116823745806858	0.00150655722565
2458586.2334704	12.148739141834495	0.0010338123693333
2458586.8177619	12.126388880232836	0.0013382974766828
2458587.2780444	12.151710480055533	0.0017185006499001
2458587.6026158	12.126327241649388	0.0021288077328493
2458587.6026158	12.090669810113983	0.0023713882136523
2458588.8174004	12.081500989808534	0.0026465702931989
2458591.2368605	12.288780327367355	0.0036766944881343
2458591.5793742	12.133641053798808	0.0024750105248541
2458591.5793742	12.162814064518365	0.0020433484923686
2458593.6362177	12.16821444252902	0.00268677403798
2458593.6362206	12.12632339488702	0.0039937518248025
2458594.6984109	12.272686709998736	0.0038311968459369
2458594.6984207	12.24449476307716	0.0041174700641564
2458595.2179474	12.154868383659	0.0013412483346684
2458595.7362446	12.065016237566502	0.0029546382777981
2458595.7362508	12.113337071122816	0.0023541025107386
2458596.7034039	12.225668566496887	0.0023218592794633
2458596.7034056	12.320350111638	0.0031727890300765
2458598.4153311	12.172726076576094	0.0012696789771783
2458599.2332653	12.12862629163499	0.0015073422193371
2458599.8092456	12.198483078078402	0.0023865782027839
2458599.8092478	12.095536441415822	0.002122120954893
2458601.6067145	12.278207213502675	0.0019749129086754
2458601.6067176	12.176673886074704	0.0010987119401485
2458602.310198	12.177882643680377	0.0015405612710824
2458602.6019995	12.216213343633818	0.0018115207617137
2458602.6020028	12.29360253194133	0.0020154245531667
2458603.3291148	12.176036175134987	0.0013622853497645
2458603.6024065	12.13564823992538	0.0013784374505486
2458603.6024082	12.234043610114435	0.0018082284187392
2458604.2388832	12.275600802199325	0.0026292841707253
2458604.6345343	12.120081083082331	0.0018068681159184
2458604.6345343	12.1559761832213	0.001432252556976
2458607.4896753	12.20908021361232	0.0018418483359338
2458612.6795713	12.21990695461006	0.002700136849334
2458612.6795811	12.257510845970868	0.0022340889658429
2458613.4604572	12.21548892964754	0.0018402380540812
2458614.4089326	12.24611336777926	0.0022987578695421
2458614.7279378	12.209857437072165	0.0016599947467037
2458614.7279418	12.167729282270832	0.0018719777134254
2458615.4656923	12.171371746425594	0.0012299921143797
2458616.5263087	12.115666713067355	0.0019335858998372
2458616.5263123	12.16082551914705	0.0012880331033619
2458618.3715454	12.189157665584895	0.0023295637884722
2458619.4950012	12.105570603657778	0.0026021255239739
2458619.4950012	12.142789096654871	0.0023448554208831
2458621.2045642	12.109228362779952	0.0030177419761947
2458622.2765855	12.128931978448891	0.0048011173851079
2458624.6432442	12.114629744106134	0.0025753587020408
2458625.5338252	12.170320170105814	0.0025408197006413
2458625.5338252	12.086222400185196	0.0019832956428901
2458626.5037272	12.294630537144924	0.0042054983217443
2458627.461556	12.16271816221743	0.0016055668080489
2458631.6002982	12.112354018084092	0.0019604440442169
2458631.6002982	12.10115634957355	0.0026142298092426
2458635.6678764	12.147818196248616	0.0016966214506722
2458635.6678764	12.096975080487098	0.0021977357831982
2458636.6797469	12.21946557375592	0.0020136215480736
2458636.6797518	12.311628344419274	0.0027310102435744
2458637.6756677	12.088588246749062	0.001900473742191
2458637.6756739	12.214292530617309	0.0023912733426771
2458640.5924502	12.11227143148835	0.0020652918736822
2458640.5924502	12.15139870520857	0.0014561758379979
2458642.5271137	12.087366190684898	0.0022739823086583
2458642.5271244	12.130883199954209	0.0018487578857161
2458643.5316077	12.232831625711702	0.0020520388044909
2458643.5316193	12.19552690296467	0.0025510235530123
2458644.5628334	12.114526513744842	0.0020270267777769
2458644.5628357	12.093861825412564	0.0023897301266773
2458645.5543782	12.222589648722051	0.0023157472774348
2458645.5543782	12.179881496388214	0.0023427613381478
2458646.6002643	12.087177523857394	0.0027626933148641
2458646.6002704	12.11255678661195	0.0023697606100562
2458647.6143738	12.309148074494065	0.0041910673637539
2458647.6143766	12.281038957936625	0.0043789742232444
2458648.6027525	12.099352152057538	0.0026943753462813
2458648.6027525	12.119093802929688	0.0024837064936516
2458650.5516102	12.224497024962131	0.0027400444181241
2458650.5516139	12.322380118028002	0.0038369128347571
2458651.6407298	12.153538437087748	0.0062464918583072
2458651.6419522	12.227841610717382	0.0072490354124218
2458653.6237045	12.250532666474388	0.0034272100448063
2458657.6616465	12.22084297945072	0.0026582597013649
2458657.6616494	12.144627221832614	0.001750268534374
2458661.2692292	12.16459718185531	0.0010601503126318
2458667.5859621	12.255469037753825	0.0023071314692383
2458667.5859653	12.3420430410384	0.0027460185307902
2458668.5629612	12.107641937976553	0.0020002080730177
2458668.5629612	12.114942445245209	0.0024456229948022
2458673.2913421	12.18117755181559	0.0015029281491527
2458674.1943114	12.254066251703614	0.0030648850407686
2458674.6101477	12.10909875127657	0.0022118349828488
2458674.6101478	12.20879724732958	0.0026409531725425
2458676.6017421	12.156165019663971	0.0024630386979388
2458676.6017484	12.187310107852172	0.0021616952156009
2458677.3147107	12.141848572941411	0.001898714060205
2458678.3179621	12.226546517835844	0.0030159244840345
2458679.3047193	12.102284018801672	0.002577228630802
2458679.587965	12.099764491394886	0.0033110911820316
2458679.5879722	12.066786577925114	0.0035088148587195
2458682.5837516	12.23649504694546	0.0043269205588529
2458682.5837516	12.278683477354178	0.0039725550430981
2458688.5724439	12.125147598666254	0.0015714825025739
2458688.5724456	12.214306134818605	0.0020519381601497
2458689.5689903	12.229714875458242	0.0019977175653845
2458689.5689909	12.349358747316936	0.0026080796190731
2458690.2875692	12.091940868480584	0.0018951829319609
2458691.3096336	12.232010644739676	0.0021904026195772
2458694.5386518	12.152346300742105	0.0019868030117776
2458694.5386518	12.183911592787886	0.0010600714723255
2458695.5422353	12.177298536720864	0.0012433889265672
2458695.5422353	12.150479021981912	0.001683299184411
2458696.2669423	12.160408437341257	0.0009358753360833
2458698.2716777	12.173098177885484	0.0014219288226505
2458698.5359275	12.2363002035089	0.0028258283474732
2458698.5359275	12.278759627191404	0.0026343246447388
2458700.524827	12.365909523322504	0.0029066543952562
2458700.5248298	12.28718598196978	0.0027067724437934
2458701.5212473	12.091485580783846	0.0019748999218319
2458703.5315334	12.100681908585326	0.002213348264888
2458704.52371	12.182013248698947	0.0027571369275672
2458704.5237109	12.199936595159716	0.0030876205554446
2458705.5108773	12.175997903623768	0.0020466344911606
2458705.5108819	12.257536824661823	0.0022863002307092
2458706.5014319	12.20311224987902	0.0029713641015532
2458706.5026976	12.113239555671116	0.0029626514476032
2458707.4961295	12.26257255012483	0.0033729185674753
2458707.4961295	12.222583228271905	0.0040644112084202
2458708.4964744	12.085770930098215	0.0034592212396285
2458708.4964763	12.111459473195447	0.002409043563473
2458712.4829551	12.14719413733841	0.0019489172537149
2458712.4829624	12.102237380721446	0.0026273936535433
2458713.4796131	12.20470796536734	0.0017278364047214
2458715.2210754	12.17949398522007	0.0013933185884596
2458715.4766207	12.113265247340298	0.0020979789754452
2458715.4778393	12.16096969330352	0.0018159062834833
2458715.4778426	12.185339480589583	0.0028201695740282
2458716.4696159	12.241101383693897	0.0025820391357123
2458716.4696159	12.251443546869874	0.0033989765086751
2458719.4668792	12.094767295605656	0.0033182311304096
2458719.4668825	12.157685464195207	0.0041660886154623
2458828.5955007	12.304157818309328	0.0052367061920854
2458829.5923159	12.098769223455474	0.0036155844327408
2458829.8459488	12.136002388237348	0.0042628252317699
2458830.8424344	12.17110942855012	0.0024658963893009
2458832.8395879	12.116528609274438	0.0023612295194203
2458833.8372285	12.244399792069096	0.0045375519852772
2458835.8565991	12.242296552148426	0.0043364112831293
2458840.8531394	12.091702100794237	0.0024834440105322
2458841.5598718	12.185108797324787	0.0016448000630355
2458841.8164276	12.164551595889812	0.0013241324917697
2458841.81643	12.12989806898017	0.0016880206514085
2458842.5674121	12.115103404544636	0.0016402351050005
2458842.8319557	12.15378919241464	0.001454632527108
2458842.8319557	12.25267642633934	0.0018582578562713
2458846.8444546	12.263664490187033	0.0029006351782406
2458846.8444546	12.256824561784418	0.0022625698691367
2458847.844503	12.121352190786748	0.0020981709987274
2458847.844504	12.111460252764134	0.0025494315850726
2458849.8448634	12.116058789415936	0.0022198951060477
2458849.8448634	12.10652267118178	0.0021977522326556
2458850.5603437	12.260554233318706	0.0026483043215128
2458851.5309284	12.12945048221563	0.0015350587057777
2458852.5273283	12.157476123493431	0.0013739317915048
2458852.8610152	12.259800662967482	0.0028292385053919
2458853.8639516	12.116194043765152	0.002964807134723
2458853.8639516	12.112393018582852	0.0033924838413045
2458855.7816261	12.285649255702166	0.0027479262198408
2458859.7812928	12.334684641956889	0.00429111915732
2458859.7812928	12.221316577762538	0.003289301267303
2458860.8190123	12.083559287647692	0.0025839371863492
2458861.7616292	12.141674386450845	0.0020222416491469
2458862.7626854	12.179555748400404	0.0024417307308577
2458864.79868	12.194839800525282	0.0021031204824599
2458864.79868	12.143676836046383	0.0025528597135759
2458868.7875887	12.248288987639466	0.0032052637896964
2458868.7876018	12.292803909602544	0.0031004625150499
2458869.8060157	12.105913718390788	0.0021876619925168
2458869.8060171	12.0722469514358	0.0023731054698565
2458870.7807858	12.268575940229637	0.0028803554969402
2458870.7807871	12.249538924868208	0.0033677472384219
2458871.784962	12.092738782322597	0.0018746727831515
2458871.7849627	12.187492132354668	0.0026889310586978
2458875.7922501	12.236418609893564	0.0019839327453409
2458875.7922508	12.138975626359166	0.0014823681587552
2458878.7950855	12.128056552580668	0.0021727267109701
2458878.7950858	12.083554381133975	0.002383790042109
2458879.8025132	12.212018938352813	0.0026001250467217
2458879.8037401	12.179130084573966	0.0026418725084997
2458880.8016452	12.08902350803382	0.0024444095423905
2458881.8148063	12.24617620061842	0.0023073161499216
2458882.8120154	12.085348443354668	0.0022755838048565
2458882.8132397	12.120899557414225	0.002068006130734
2458883.8104839	12.267933476224588	0.0025123824684327
2458884.8256395	12.105685851911094	0.0022260193379001
2458884.8256396	12.053099127600866	0.0028015497682191
2458885.8176583	12.292247803497837	0.0028236887709134
2458885.8176587	12.286056314216346	0.0031878438360679
2458886.8343027	12.07282014064809	0.0022178057222603
2458887.8415811	12.245349745903749	0.0040832415901283
2458887.8427942	12.28933738362657	0.0044534232197978
2458888.8409955	12.091680901940167	0.0029082511089955
2458893.7338044	12.155194000301147	0.0034219560800101
2458893.7338055	12.150066797101264	0.0024071630055006
2458894.7372055	12.196800945709658	0.0031604093386877
2458894.7372055	12.164981601861726	0.0023656612278562
2458897.8537387	12.16192670817609	0.0025389598229058
2458897.8537391	12.085658587766376	0.0020639914224554
2458898.7286093	12.098287791322942	0.0018855360624056
2458898.7286144	12.175847288787304	0.0026801815266298
2458899.723028	12.306005422556511	0.0030429555557379
2458899.7242517	12.262897434781229	0.0038198626397883
2458901.5097589	12.18878812400213	0.0016784788858509
2458902.7503769	12.112047130560406	0.0020280290332705
2458902.7503801	12.05181681492977	0.0026963829012677
2458903.617552	12.09747318560247	0.0025246234597407
2458903.617552	12.068591581991637	0.0025587762004615
2458904.6184297	12.36468620836696	0.0033192590498655
2458904.6184299	12.242397990935592	0.0021955101025395
2458905.6214993	12.12032755033555	0.0019815775036677
2458905.6215003	12.061602969026916	0.002776166223028
2458906.6386363	12.28485110601907	0.0027114148858363
2458906.6399237	12.369717939749895	0.0031177527997527
2458907.6388424	12.182178755134272	0.0024541249259706
2458907.6388424	12.094408604467686	0.0018075020854247
2458908.6139572	12.266058721385214	0.0019716479285102
2458908.6139586	12.170404279249317	0.0010191266132496
2458909.6104009	12.244894807816156	0.0019949931463842
2458910.6174693	12.16244044676026	0.0009394533803212
2458911.6244976	12.257504943799768	0.0026166532224859
2458911.6245066	12.16486763462864	0.0013833625339062
2458912.6188598	12.195865613315105	0.0026676229225555
2458912.6201425	12.104357387514	0.0025454990702026
2458913.6612778	12.154378949760757	0.0015894155444033
2458913.6612778	12.23778125441254	0.0025744706477266
2458915.6767637	12.156062256419837	0.0017248123938365
2458916.7959456	12.250936692758216	0.0035353617852229
2458916.7959456	12.22809980638774	0.0040011596474017
2458917.5770794	12.205785357722988	0.0047062231862846
2458918.789948	12.2618277693344	0.0047089608751806
2458918.7899601	12.321954367241352	0.004215207633076
2458920.7839709	12.245678077954796	0.0033170068437287
2458920.7839716	12.205740230663096	0.0040003804811483
2458921.5689422	12.120830905323224	0.0020677998129142
2458921.5689439	12.150783617406988	0.0021321398159446
2458923.7187179	12.26165491694456	0.0031524274820456
2458924.5748769	12.272508633947837	0.0036798940700751
2458924.5748769	12.312478921654172	0.003071887696575
2458925.554552	12.089320577787015	0.0024924229491634
2458925.5545636	12.128007913892151	0.0019975542776453
2458927.5760176	12.103176411936117	0.0017431544065246
2458931.2951389	12.1673016666864	0.0013210000453898
2458983.2843272	12.24843988254728	0.0023475546199017
2458991.4583079	12.116621473969271	0.0017442502613383
2459000.2899228	12.252560026163962	0.0024895367906026
2459008.4159432	12.287329804339572	0.0040161858280614
2459015.4375667	12.12520840912331	0.0017285802372909
2459017.3394838	12.256831116901273	0.0025189219197587
2459023.306374	12.10386734138433	0.0016553420005156
2459032.3290085	12.136795523705432	0.0021584233485202
2459038.3581639	12.112172790036812	0.0030606510075826
2459047.2830022	12.10086606347149	0.001760423306421
2459051.3027427	12.11951266837396	0.0016349208847431
2459055.2448204	12.25874526357584	0.0026638105778071
2459066.2117489	12.241716247383357	0.003064930153424
2459068.2833751	12.243131194714396	0.0024416541551397
2459174.8569287	12.170851645411185	0.0031232749831841
2459188.8203248	12.384305673919991	0.0041721731723116
2459188.8203252	12.270375502880512	0.0031203593802999
2459199.8027496	12.270741856771457	0.002593128059316
2459199.8027592	12.369862893013169	0.003477764512867
2459202.8235058	12.091321362408207	0.0019076145061606
2459205.785168	12.128312959949527	0.0015189147372089
2459205.7851711	12.22921373818584	0.0019810603176213
2459206.7940427	12.1752138230884	0.0014748517144579
2459206.7940429	12.28268197110948	0.0023206795421891
2459206.8396549	12.12777841343974	0.0022405837946052
2459206.8396581	12.126498913444388	0.0020922435290472
2459208.7876071	12.316373583308607	0.0026702228353454
2459208.7876084	12.231969564506166	0.0020770605554845
2459209.7964373	12.127570525432867	0.0019000356874635
2459209.7964405	12.081235788051409	0.0022574764785014
2459210.7703048	12.39518717563058	0.0042895910073399
2459210.7703085	12.267853961686216	0.0036226180178879
2459210.7951061	12.27876959456677	0.0037358824435999
2459210.7951061	12.253041504477462	0.0041291564025761
2459212.7698515	12.222705631935217	0.003122920373337
2459213.7691498	12.143881261478482	0.003617798614255
2459213.7691509	12.10573187351323	0.0051662418508396
2459214.7712022	12.161033023059597	0.0041408575373271
2459214.7712072	12.217978142413893	0.0033946319605315
2459215.7696928	12.158740486645089	0.0037312281464539
2459215.7697002	12.15537076432695	0.0032556777544625
2459217.741546	12.241333255075684	0.0026324234041318
2459217.7415494	12.243313375145831	0.0024878167095304
2459221.8495645	12.15104054225163	0.0021100864531044
2459221.8495689	12.10679797605059	0.0026380213910916
2459222.7956356	12.072346996959109	0.0026396716774009
2459222.7956356	12.122783407845771	0.002530215691539
2459223.7873187	12.349009595231044	0.002994363354904
2459223.7873197	12.274487143778153	0.0028106733524864
2459224.7491009	12.12759773373932	0.0017856656136545
2459224.7491031	12.085403146557054	0.0022360206447417
2459229.7155567	12.17618642358846	0.002559377590987
2459229.7155593	12.08448288306049	0.0018951703294601
2459230.7232873	12.2626431746794	0.0034502489900287
2459230.7232873	12.290313053136776	0.0029100438802916
2459231.7338951	12.09590506038044	0.0026787522825634
2459231.7338951	12.117454408529568	0.0020319439627802
2459231.751194	12.075437926966286	0.0020498724882879
2459231.7511972	12.177050958770003	0.00246763927658
2459233.7092945	12.204662610115506	0.0023393678611837
2459234.8126553	12.216373293977096	0.0016849979432416
2459234.8126608	12.181388842528388	0.0020972580914207
2459236.7065268	12.13992459179732	0.0011397642862012
2459236.7609613	12.250864936644511	0.0022840349437215
2459236.7609652	12.232070038369082	0.0030914798567987
2459237.7935558	12.19705786226486	0.0022259461460864
2459237.7935558	12.08361758537228	0.0019380853714708
2459242.831612	12.239985914144867	0.0034560263567311
2459242.8316131	12.316131248460032	0.0036882761429332
2459243.7093281	12.271329849870318	0.0035894334048376
2459243.7642455	12.264178213990249	0.0043404641940582
2459243.7642571	12.258828983798146	0.0052332246196596
2459245.4478211	12.26235488792958	0.0033027642899334
2459246.8881013	12.24717112437763	0.0088577526171828
2459247.8161445	12.223385591046082	0.0035515532105831
2459247.8161535	12.264202174500111	0.0031280489657722
2459249.6518231	12.091132987118565	0.0019160907454587
2459249.6518291	12.173024942701376	0.0026707956248904
2459250.8175239	12.07325808222995	0.0030858543912117
2459250.8175239	12.105823051014829	0.0024126007838326
2459251.7853238	12.211202980879552	0.0018283496692125
2459251.7853243	12.304302228919912	0.0022487092442225
2459254.6390614	12.14851610470225	0.0014297743025609
2459254.6390658	12.232103274064652	0.0021479422646667
2459255.6380506	12.240292381382044	0.0015882979561474
2459255.6380558	12.156965475031	0.0008874104398836
2459256.6512434	12.225380116917036	0.0022051314490914
2459256.651244	12.121314471598158	0.0016396027702466
2459256.6660969	12.19667773282131	0.0017572279856907
2459256.6660969	12.20503156737264	0.0013665317850738
2459257.8548661	12.235844610989538	0.0021105816636721
2459257.8548695	12.18525621845986	0.0028231074281388
2459259.6246096	12.274286336619632	0.0027028581288799
2459259.6246141	12.356350121294907	0.0033778804972607
2459262.7527715	12.213140821506128	0.0017343831237999
2459262.7527715	12.17603454816156	0.0024043542752902
2459263.6797378	12.262259434645966	0.0034822787383155
2459263.6797378	12.306691499751874	0.0030162352180791
2459265.7540869	12.14789783310091	0.0011476648534566
2459265.7540972	12.191595202150134	0.0012135559810389
2459266.7002829	12.107786099296726	0.0021446342467602
2459266.7002919	12.074191600246856	0.0026138870466519
2459268.6069872	12.370087006867008	0.0040675780344908
2459268.6069916	12.28177348512926	0.0029886102768186
2459269.7225069	12.270286006504696	0.0034871140280556
2459269.7225183	12.246890640617924	0.0043186276570139
2459269.7250709	12.285137124712994	0.0032127659056289
2459269.7250714	12.339803544994744	0.0039255320795982
2459270.7341922	12.12213544706725	0.0027481661792754
2459270.7341922	12.081169605958271	0.0030713625208478
2459272.6772421	12.232907518742364	0.0033951583308245
2459273.6120735	12.135754982172603	0.0039235323911428
2459273.6120773	12.090028039469402	0.0050368754448242
2459275.6517903	12.124943800903916	0.0023762939203799
2459275.6517974	12.085548256486517	0.0037485430751859
2459276.7773932	12.20918406872286	0.0030537141234155
2459276.7773932	12.142092131496348	0.0023005233463102
2459278.7515032	12.19146510412735	0.0034076987163081
2459278.75151	12.233270548148589	0.0028414894571316
2459282.8313909	12.106750150808772	0.0016815393643029
2459285.5770884	12.15365212413509	0.001319568649593
2459285.5770905	12.249373583115316	0.0018177603465865
2459285.5914957	12.206005667759891	0.0025588995443325
2459285.5914958	12.232732177036644	0.0026910857341515
2459286.7889577	12.245627691089965	0.0035260452588815
2459286.7914067	12.263471927445694	0.0038744738439788
2459287.8298634	12.075597475471136	0.0024244853335677
2459287.8298741	12.112764905457844	0.0021097097683926
2459289.7978409	12.13294495248429	0.001721744661895
2459289.8046168	12.131987122443784	0.0018483386788625
2459289.8046168	12.124800944442653	0.0024588150929563
2459291.6525823	12.26037876398432	0.001297499601208
2459291.6525867	12.165785117076574	0.0008587595264459
2459293.5550988	12.102300917468824	0.0019335345676899
2459293.5551011	12.196783092207172	0.0026164524221801
2459294.5892981	12.250799286095472	0.0033227726872106
2459294.5892981	12.289793329268942	0.0031468408992507
2459298.5375048	12.12500432646985	0.002627016716669
2459298.5375118	12.090637707112004	0.0037016664041324
2459299.7005476	12.110235877960974	0.003120010985039
2459299.7005543	12.12807672074989	0.0023728956311713
2459300.7513104	12.158713755985124	0.002783979414737
2459301.7950293	12.243071303889106	0.0036458746327928
2459301.7950337	12.245005847838936	0.0047788910161196
2459303.731848	12.097394798868136	0.0047960963588352
2459303.7318578	12.11181557475888	0.0034750210941274
2459304.536168	12.152166498543464	0.0024805225323279
2459304.5361772	12.107103258436316	0.0034052700712236
2459305.7189847	12.082429393562231	0.0022718908715887
2459305.7189877	12.167792065960144	0.0029077046387809
2459306.7811636	12.331506134045268	0.0035167758256131
2459306.78117	12.242038529228182	0.0029622951449321
2459307.3408813	12.277903986161387	0.0028228055963432
2459308.3213269	12.092496933631516	0.0017364442032402
2459310.3162235	12.131489967548376	0.0014968447640668
2459310.6059602	12.2019701873829	0.0020832513269404
2459310.6059602	12.12594710857054	0.001540694001041
2459310.6248552	12.12452512248554	0.0020449245427262
2459310.6248558	12.085971745001228	0.0023388638660449
2459311.2833202	12.150843919259197	0.000959826254909
2459313.4192033	12.244636268164246	0.0023572818241829
2459314.3071324	12.232528517603162	0.0023481275244029
2459314.5873091	12.201138843584843	0.001578504468736
2459315.2900066	12.163183052482694	0.0010699946073479
2459315.7251291	12.288606672092184	0.002984372414215
2459315.7263525	12.245965853987167	0.0033935953226167
2459316.6364961	12.239210759299947	0.0015617597601309
2459316.6364961	12.140224037378626	0.0012431054860496
2459317.6304048	12.188710383286551	0.002259426124134
2459317.6304072	12.110363596387137	0.0018475292178629
2459318.4190596	12.111558776229012	0.0016626353844957
2459318.5284038	12.243261457188092	0.0024091963692924
2459318.5284041	12.134260700333602	0.0013023359777108
2459318.6783862	12.11669424923876	0.0017573944546482
2459318.6783862	12.154149714878852	0.001379634402949
2459319.6078106	12.095800265413256	0.00221960998801
2459319.6078212	12.061735577483898	0.0024350625480064
2459320.2271132	12.084245471133196	0.0021480215693248
2459320.540101	12.134272423482692	0.0015121148017679
2459320.5401121	12.213145267003076	0.0023242796183352
2459321.2793865	12.145709219977292	0.0010315849876881
2459321.6234581	12.081715255186271	0.0025832220937631
2459321.6234619	12.107203309748169	0.002091307723322
2459322.5999589	12.310733722184374	0.0020003773882707
2459322.6012352	12.22227234860579	0.0018759003595087
2459325.2081972	12.213963813398674	0.0042354087617351
2459325.534864	12.369649656199774	0.0038776689091614
2459325.5348758	12.265918586795088	0.0026318659269548
2459326.5154286	12.096493297784184	0.0022903652518937
2459326.5154291	12.193937066062126	0.0030405567334754
2459327.2484809	12.232574249382546	0.0026828168243142
2459327.8163219	12.207019336306928	0.0020459554800762
2459328.437931	12.195096245432646	0.0017311149810971
2459332.3128732	12.103885765232276	0.003393201904789
2459332.786907	12.289640155308923	0.0041645437141646
2459332.786907	12.264189291904504	0.0058129321081789
2459333.4965926	12.103544493282817	0.0019435073179599
2459333.5837282	12.173701755649136	0.0038954031544574
2459333.5837372	12.212204656209304	0.0029194564487265
2459336.2542218	12.174086427349351	0.0010430663055761
2459338.6672852	12.121259632016308	0.001963736802788
2459338.6672973	12.109621054906595	0.0026850212448668
2459343.5059231	12.160740030496642	0.001255882901372
2459343.5059253	12.181315311564196	0.0013883317783292
2459343.5406798	12.233114769186336	0.0021665465924013
2459343.540681	12.139735256817016	0.0014141284962491
2459345.2899025	12.134010499366749	0.0014917832084916
2459345.7578414	12.279752172818364	0.0030848462143595
2459345.7578467	12.277966096710893	0.0030939774924136
2459346.2565987	12.106310122637709	0.0017240776826356
2459346.5287759	12.086278364053785	0.0019216733841238
2459346.5287798	12.18025241553329	0.0027876799652048
2459346.5534991	12.142086583205902	0.0021402596658777
2459346.553507	12.141515492763094	0.0018744576453369
2459347.2564305	12.204705469094163	0.0017058719458908
2459347.5594237	12.21523017101571	0.0027723051282511
2459347.5594238	12.22639302920534	0.002096370892492
2459349.7075431	12.178590323849036	0.002603986507766
2459349.7075431	12.095130709678246	0.0018468356913943
2459351.5011719	12.274736153458017	0.0017951442225734
2459351.5011719	12.180114921912386	0.0013861150712199
2459352.6229435	12.111461761119632	0.0020559536843016
2459352.622949	12.144384867907904	0.0019703691994049
2459356.5678775	12.13920234190425	0.0026145479439912
2459356.5678775	12.126766746146275	0.0028229199926006
2459357.41776	12.15707137628411	0.0025529070467643
2459357.4827139	12.107289544141867	0.0031228044725026
2459358.5236408	12.257637239333858	0.0033087493340846
2459359.6643814	12.361763271050272	0.0053456323621141
2459360.260068	12.208408628347058	0.0039241411068539
2459361.4702359	12.119155003849276	0.004298405828372
2459361.470242	12.16245524370174	0.0025801621510551
2459363.6780472	12.260123215665574	0.0040055796351196
2459363.6780473	12.271294558460763	0.0036492601651241
2459364.6745775	12.19336159346922	0.0036373751427415
2459367.7001347	12.19189517370273	0.002463173396774
2459367.7001394	12.227767173584937	0.0023764722245015
2459368.6349601	12.294600648638658	0.0029267584017995
2459368.6349706	12.261159930843114	0.0036613414048512
2459369.6499109	12.103774737877922	0.0020440829360096
2459369.6499158	12.144410753513132	0.0016981766768376
2459370.7119962	12.242433388428744	0.0024997270874356
2459373.5546552	12.223019422519693	0.0030548671796058
2459373.6218499	12.201309291985083	0.002384595371559
2459373.6218523	12.09322327473528	0.001979054620966
2459374.5371095	12.099742967302934	0.0020123792354112
2459374.5371137	12.140966260070089	0.0016285713425845
2459375.5446811	12.229186846517695	0.0027574391373654
2459375.5446853	12.23527829258682	0.0019215024696021
2459375.5459152	12.236350001958378	0.0018762567359839
2459376.619809	12.154588993763406	0.0018918680412662
2459376.6198191	12.154896308863616	0.0022773550207499
2459377.6024964	12.243348311375485	0.0022151765425751
2459377.6024969	12.328516788152212	0.0026345726512384
2459377.6224932	12.192778445238469	0.0024625847293333
2459377.622501	12.223473227993196	0.0020110042611668
2459378.574262	12.071537450984554	0.0022403286679999
2459378.5742667	12.11274643934023	0.0019139062962907
2459378.6251962	12.104831423953591	0.0018215645631043
2459378.6251986	12.195120604075298	0.0024846616469207
2459385.3377745	12.20288115022682	0.0034255309054885
2459387.6007428	12.106695409161691	0.0026559954638611
2459387.6007462	12.221566973435738	0.003745479084862
2459392.643279	12.220585617339973	0.0031424547952293
2459392.643282	12.32828714027322	0.0042471839372616
2459396.5104736	12.09225594594616	0.0020394623450381
2459396.5104785	12.169871247857875	0.0027298962289326
2459401.3746414	12.129847890633409	0.0022098984736735
2459401.591436	12.25217239100222	0.0024745294578808
2459401.5914368	12.370013256683151	0.0032775922641513
2459402.518965	12.166779271977708	0.0012949674722487
2459402.5189678	12.120309478215908	0.0017060574839349
2459403.6135286	12.236585144983104	0.0039556647769329
2459403.6135329	12.290221952721945	0.00357609212557
2459403.6147836	12.226237070259492	0.0037531606945302
2459405.5919501	12.355396470147324	0.0029812229934553
2459405.5932539	12.238351553478218	0.0025046791767815
2459409.4683331	12.162845346120136	0.0014064113949607
2459409.4683411	12.099724444294964	0.0025275262966765
2459411.2346295	12.08737909899947	0.0019546486128515
2459412.2270182	12.200274079327482	0.0019810397530913
2459415.4737409	12.250084201574449	0.0026219658210528
2459415.4737459	12.216800685899278	0.0032154424228994
2459416.5145546	12.217144535190778	0.0036903219037966
2459416.515876	12.106413856688832	0.0033639353925012
2459420.5553532	12.146025896260603	0.0059585359706074
2459425.5238755	12.222451388834566	0.0022606752990443
2459425.5238824	12.311731616940298	0.0027365413657459
2459426.5061329	12.147792700451188	0.0013625110600296
2459426.5061441	12.246782795159014	0.0020872567760977
2459427.5045578	12.224856592395808	0.0019356523620858
2459427.5045659	12.12238430011497	0.0015760696531765
2459429.4941664	12.11991028342766	0.0020731063032144
2459429.4941668	12.068979130031297	0.0027907200190841
2459431.5338317	12.20280906609834	0.002406702400886
2459431.5351148	12.115838151307477	0.0019005293895029
2459433.258418	12.103698771671713	0.0017707654479143
2459434.4656517	12.16442651543882	0.0015429539099636
2459434.4656546	12.253556250794269	0.0028016283170841
2459437.2700104	12.087419226558398	0.0019096410572651
2459440.5019033	12.151254075307058	0.0019939578236047
2459440.5019033	12.09554308890932	0.0023498614045987
2459443.5027106	12.23771497880424	0.002909074558347
2459443.505302	12.349156122742428	0.0069072741952154
2459448.2499538	12.082353350672008	0.0037816985128206
2459453.4803536	12.08174983187471	0.0035175267777414
2459455.4730108	12.084775540064612	0.0022272230238935
2459455.4730147	12.195323028784635	0.0032659075382378
2459540.858089	12.27935588345411	0.006720664958031
2459540.858089	12.175485505710943	0.0042576622543572
2459541.854039	12.152674150388748	0.0040322940329891
2459543.8513856	12.217832830474167	0.0038232679159257
2459551.8262874	12.166377591998032	0.0015827981050339
2459551.8262874	12.149898234527209	0.0021088326444036
2459553.8477344	12.15810951034684	0.0024463033896797
2459553.8477344	12.124470831990864	0.0030304615974755
2459554.8392821	12.23707719612448	0.0022431485558889
2459554.8392821	12.245635964074465	0.0029104066303821
2459559.8394974	12.18167750930835	0.0027126809601401
2459559.8394974	12.066637855770669	0.0022723406555173
2459562.8449143	12.202419343246792	0.002064973889757
2459564.8022832	12.187794077686975	0.0067411096485825
2459564.8022836	12.091659392333318	0.0032378613963324
2459564.8219803	12.142871401233222	0.0021316886756666
2459564.8219803	12.114366242946693	0.002294886333428
2459566.7932324	12.069735364623142	0.0048378163722814
2459566.7932324	12.11204180738382	0.0036494621236079
2459576.7660217	12.254771705730285	0.0038287547716283
2459578.755523	12.197639002308138	0.0018240553487189
2459579.826666	12.107156120144058	0.002211872979806
2459579.826666	12.08743536403736	0.0027707688239843
2459581.5111475	12.085535306251888	0.0019636062233485
2459583.7439595	12.208174021930812	0.0019278968884958
2459583.7439595	12.31901962073783	0.0025699070657795
2459584.7788813	12.215841193473086	0.0030720761001984
2459584.7788881	12.136034356838593	0.001683087208132
2459586.7539166	12.07138834667312	0.002375470350543
2459586.7539166	12.189007882896687	0.0025998247181773
2459587.7421907	12.25760010541913	0.0024168863702163
2459587.7421975	12.390622810194548	0.0032372657035292
2459592.4804815	12.10833158813275	0.0022118366220285
2459592.7262003	12.275881755004113	0.0034868177737066
2459595.7259096	12.211641154080413	0.0042641887749348
2459595.7259155	12.09813604022112	0.0028702098672316
2459597.7082456	12.119574335387409	0.0045567903572371
2459597.7082456	12.08023088251288	0.0046960207339666
2459598.7328308	12.29914546386146	0.0045069113960535
2459598.7328347	12.405060353644776	0.0056788225738667
2459598.7430592	12.27638873529302	0.0054415602600356
2459598.7430592	12.30337024363081	0.0045932564407221
2459599.712033	12.105292866495258	0.0029605772776959
2459599.7120377	12.11132992721284	0.0044943982896415
2459599.7133399	12.198193783611249	0.0047051042289091
2459600.7275356	12.240125800754246	0.0032981963408355
2459600.7431872	12.276249761351938	0.003912048529638
2459600.7431872	12.26667054410787	0.0058654228140573
2459600.7444277	12.284554717840228	0.0064465171344522
2459601.7382052	12.102251990711874	0.0027500624731407
2459601.7382052	12.084234716336065	0.003318825140962
2459602.8769799	12.15215697207886	0.0033108512802418
2459602.8769799	12.1028235938467	0.0037044959651818
2459604.4788656	12.220846989395003	0.0024484691698815
2459605.7977788	12.094835631401525	0.0029388497183216
2459605.7977788	12.125852552968244	0.0021840352431853
2459606.6774264	12.176434045324296	0.002838755689793
2459606.6774264	12.0917057571522	0.0020584245098609
2459607.743145	12.233679459784716	0.0023325530487927
2459607.743145	12.18511770878365	0.0022768209899228
2459608.8668967	12.28880210495445	0.0031452425065842
2459608.8668967	12.26333515748043	0.0035130044444152
2459610.6736944	12.115507618959054	0.0017600420449273
2459610.6737031	12.223317211790166	0.0025364263021608
2459611.6726499	12.17217155822008	0.0016704247773878
2459611.6726499	12.141075727270948	0.0022430004269546
2459612.8023559	12.129700767682197	0.0024526722017172
2459612.8023559	12.141956867200784	0.0020445736203501
2459614.5457911	12.134920043005632	0.0014485503992938
2459614.7169996	12.199307376019398	0.0015332223461193
2459614.7169996	12.165831843021934	0.0020828644100391
2459616.6987069	12.312092056468805	0.0028837799444803
2459616.698709	12.220772527777326	0.0019920202432516
2459617.6632036	12.127258665082728	0.0018630518918559
2459617.6632036	12.095412186027708	0.0021338939428577
2459618.8249023	12.099148087391322	0.0020527703535543
2459618.8249023	12.078976894179108	0.0024721061090679
2459618.869731	12.110670003729458	0.0018809536080172
2459618.869731	12.135062246028683	0.002416825264856
2459620.3914667	12.249783596820524	0.0026295078389371
2459621.642931	12.250336324781037	0.00365688203978
2459621.642931	12.138414685199596	0.0020600247433724
2459622.6430286	12.1173306386544	0.0043537813216946
2459622.6430286	12.154964007753229	0.0023339155966993
2459622.6714007	12.2585634257518	0.0031060914808285
2459622.6714007	12.167197828138914	0.0024753644686782
2459623.6689138	12.142555201321892	0.0033570530743291
2459623.6689138	12.190236332290691	0.0030567406804783
2459624.6406576	12.116952331230076	0.0048951704614132
2459624.6406648	12.096427038125048	0.002617851550723
2459624.6528521	12.131045771391506	0.0034407974032304
2459624.6528521	12.133185216732906	0.0036851540730943
2459625.6674846	12.183865582594397	0.0036950218918446
2459625.6674846	12.199750825028204	0.0053214499932046
2459626.6258416	12.124686460901824	0.0038502602068595
2459626.6258416	12.082130697515714	0.007141086305909
2459627.7887009	12.111801872906527	0.0028538248899105
2459627.7887009	12.08245186452225	0.0034084520504721
2459628.3912227	12.099809319388818	0.0033603591372728
2459629.6307746	12.227881794850646	0.0033353520553132
2459629.6774557	12.259582349592735	0.0032218994303242
2459629.6774571	12.363442211522829	0.004373011093604
2459630.641691	12.087437323378245	0.0032208527783928
2459630.641691	12.139066447930368	0.0028719811501996
2459632.7632415	12.13394205957895	0.0020181565750347
2459632.7632428	12.226154954641036	0.0030666263366035
2459633.8163642	12.109545166434245	0.001989723260906
2459633.8163642	12.20860104636986	0.00287306286042
2459633.8353869	12.12241967289753	0.001874609978971
2459633.8353985	12.089703663981608	0.002576756221877
2459634.7951534	12.141097064954074	0.0015147187852718
2459635.7157114	12.277672045570354	0.0027864090165336
2459635.7157114	12.257033731527356	0.0036499125519407
2459636.7490455	12.168415432994934	0.0026996276788889
2459636.7490515	12.100945580144405	0.0018650407173297
2459637.6595223	12.140824323345818	0.0019653419962129
2459637.6595223	12.113317373290515	0.0025473731997643
2459638.7042449	12.156769234875632	0.0020456841396873
2459638.7042449	12.17762745114464	0.0016034795714428
2459639.7515056	12.331722872091571	0.0029609090161672
2459639.7515056	12.229297242184796	0.0021274126111276
2459639.7753405	12.291395068071324	0.0041217220878685
2459639.7753405	12.306818376425582	0.003502570119394
2459640.7412455	12.143323536237771	0.0020148699250389
2459640.7412455	12.135977205966167	0.0019810057124695
2459640.8496102	12.117882193723828	0.0019915465072747
2459642.8534911	12.144732876414627	0.0014659432757131
2459642.8534911	12.110486672274895	0.0018568142105518
2459642.8547431	12.096797873551594	0.0031259207541587
2459644.5863836	12.080811444756147	0.0021767996996752
2459644.6611761	12.300258155163608	0.0023341314021754
2459644.661177	12.202971966418357	0.0018534743878915
2459646.3285059	12.122163215981146	0.0014414970356505
2459647.4976441	12.1209853931209	0.0015943532931966
2459648.6262836	12.080860983152508	0.0019951914506068
2459648.6262905	12.191204885357658	0.002171280163656
2459649.6421535	12.196323379509716	0.0021491816235629
2459649.6421535	12.23651653786411	0.0019747169101898
2459650.68814	12.134773270078409	0.0019719953494609
2459650.68814	12.17106221682786	0.001267761885643
2459650.7168679	12.175527948737404	0.0011741274557309
2459650.7168679	12.277114684934268	0.0015263454593458
2459651.6938062	12.20497963498654	0.0017872581315938
2459651.6938177	12.18902164962044	0.0026434327165669
2459652.6863343	12.11228154905111	0.0016208166025424
2459652.6863449	12.220578744692585	0.0021083154654082
2459653.7540353	12.12155416324696	0.0019440936818485
2459653.7540447	12.195386085351858	0.0027355447061401
2459654.6906144	12.109013100949817	0.002845039096602
2459654.6906144	12.062958251483089	0.0034525836066464
2459654.7141719	12.099788756841054	0.002588783612428
2459654.7141762	12.20673847563482	0.0025741326561484
2459654.7154739	12.204905753643995	0.0030884958213851
2459656.7614332	12.23176097427032	0.0032020617878782
2459658.6792642	12.187997132698335	0.0027385354810673
2459658.6792669	12.093100037933382	0.0020956960934151
2459659.7357817	12.216184602810731	0.0031247401649289
2459659.7357817	12.22826029752936	0.0021978162374023
2459660.7754905	12.084142251292846	0.0020682952809292
2459660.7754905	12.193104655860449	0.0026021234104728
2459661.6104807	12.092574947693937	0.0026475388188939
2459661.7508462	12.27859209405311	0.0025681235461918
2459661.7520982	12.284136052030544	0.0037712105207055
2459663.3212085	12.090421015683088	0.0019851814674034
2459665.8819181	12.17878580230767	0.0012770015228154
2459665.8819181	12.14923832047999	0.0021716956981958
2459666.7837147	12.119872105384754	0.0017986761841617
2459666.7837147	12.095678987117395	0.0018371322272628
2459668.7050855	12.27468494541385	0.0033785479010737
2459668.7050855	12.302950083648897	0.0028592840003367
2459668.7350505	12.21482311111082	0.0017578376576456
2459668.7350505	12.317126685743265	0.0021923835421551
2459669.7656432	12.182683341993418	0.0020040059742989
2459669.7656432	12.20212663828042	0.0013493553968887
2459670.7180216	12.295006992610888	0.0027215693049957
2459670.7180216	12.286003537491524	0.0034521237782719
2459671.6917676	12.094498142669975	0.0018584934533721
2459671.6917676	12.110137322292262	0.0019089666039932
2459672.6931755	12.223855442592704	0.0017020197535003
2459672.6931755	12.2083242769967	0.0026744914274194
2459673.6357986	12.245212210982864	0.0021214358243388
2459673.6357986	12.251053508283915	0.003221532951433
2459674.5323411	12.18907545074969	0.0024873865181549
2459674.5335816	12.189654582433748	0.0016135051354364
2459674.5947265	12.189796145903848	0.0020916045719677
2459674.5947325	12.107714497954507	0.0016668657320401
2459675.5424189	12.12880141966678	0.001688278728321
2459675.5424189	12.162728201153744	0.0013571473450485
2459676.6482528	12.073414902303858	0.0022846173234151
2459676.6482528	12.100485511481631	0.0021758864824891
2459677.6319205	12.238100297353764	0.0021170976018721
2459677.6319287	12.32322763532638	0.0022071534167328
2459678.6241808	12.143869249498229	0.0017341428523883
2459678.6241808	12.107861604743466	0.0021116299640599
2459678.6254328	12.162377982870469	0.0023837161065726
2459679.6538205	12.298196339349104	0.0027026649369482
2459679.6538205	12.266242062870717	0.0032641009274551
2459681.5054934	12.127215641074802	0.0017897937826826
2459681.5054934	12.102317737895724	0.0022001627830518
2459682.6377679	12.159257522804385	0.0015381166332323
2459682.6396	12.141301468616842	0.0017671511999447
2459682.6396034	12.123577891444402	0.0017943625976769
2459683.7111227	12.355782861661863	0.0036760947758027
2459683.711125	12.281650368814493	0.0031488240286185
2459683.7137081	12.348837987063376	0.0052598517312986
2459684.7522576	12.177863560669476	0.0032211747594759
2459684.7743507	12.096694072939693	0.0047125838559395
2459685.6670338	12.20638678261472	0.0046647961025489
2459685.7412329	12.257591762877096	0.0050517525166793
2459688.4419833	12.136568871731717	0.0025622114465489
2459690.8165279	12.108844423793007	0.0027111396046938
2459690.8165279	12.085153772289033	0.0034096452842467
2459691.8173689	12.305923065888765	0.0032597896447281
2459691.8173689	12.274494636495618	0.003597727677371
2459692.6256465	12.162159083368827	0.0016656920291139
2459692.6256465	12.171830057671285	0.0014642587706639
2459692.638816	12.18297978455974	0.0013603002825088
2459693.8201927	12.232265095164305	0.0021822423066187
2459695.5587016	12.238666216145935	0.0025448359186059
2459697.6851917	12.146292205724247	0.0012934672143353
2459697.6851944	12.228460430606752	0.0015882437078149
2459698.7248925	12.2448177250007	0.0029412392760001
2459698.7249041	12.258585650155169	0.002457461985872
2459698.7586524	12.386504673372071	0.0030348356002759
2459698.7586594	12.26202343601731	0.0025134577554055
2459699.6035995	12.340468659125904	0.0023737508950277
2459699.6036076	12.246409910769929	0.0021795680606827
2459701.3925856	12.222355488512523	0.0023919541475115
2459702.2458827	12.23692494416081	0.0022691937262893
2459703.5886334	12.142838343251247	0.0011296773643666
2459703.5886334	12.149307428356966	0.0015373802364472
2459704.6177258	12.248379397146644	0.0015145404607826
2459704.6177258	12.150894504777296	0.0010965373026824
2459708.5068094	12.235094185316814	0.0018513204422964
2459708.5068104	12.14978837194652	0.0016056376695085
2459708.5081111	12.222858987584182	0.0027005147475549
2459708.509424	12.23018799905036	0.0036265847117687
2459708.5411213	12.209519917874283	0.0022723677985895
2459708.5411213	12.20788470217332	0.0027879256910396
2459709.4727472	12.35746871509266	0.0031544816324344
2459710.5540396	12.193678650549272	0.0024561808808052
2459710.5540396	12.17914154450817	0.0025028782787459
2459711.7131277	12.190682100316534	0.0027451205577498
2459711.7131277	12.204175868647113	0.0022041677472006
2459713.5937676	12.211306184603304	0.0034907777061923
2459713.5937676	12.123515903956685	0.0024715652063871
2459713.5963588	12.205602401234025	0.0040439999653139
2459713.6501882	12.104514030390014	0.0029112818579906
2459713.6501882	12.078838815433706	0.0029234537821242
2459715.3053928	12.15696174429505	0.0042411565750776
2459719.7184377	12.176616765507916	0.0023651808023932
2459719.7184399	12.0799491584409	0.0021249148229375
2459725.2033158	12.085830083811963	0.0020629414802317
2459726.4269422	12.13847241622384	0.0014714113205515
2459731.2889714	12.090289839203423	0.0018780577764006
2459731.2914518	12.086979722842797	0.002218896431935
2459736.5721804	12.155570476383408	0.0015633796015019
2459736.5721804	12.194227189984144	0.0015794516101429
2459738.5056539	12.070917161653067	0.0021253760117106
2459738.5056599	12.11376493496179	0.0030567310999127
2459738.5069521	12.054081881082013	0.0021804246601167
2459739.55679	12.216303673102622	0.0026523028800398
2459739.55679	12.24731604752334	0.0026641353172024
2459741.6362423	12.107443563377576	0.0030029476457855
2459741.6362423	12.141623436307317	0.002535805326192
2459741.6712425	12.178236663494232	0.003064737000096
2459741.6712467	12.081610933802702	0.0023176030448962
2459743.5032826	12.175897053634053	0.0021619370102122
2459743.5032826	12.143989398259327	0.0022179422868922
2459749.6730027	12.344265953485	0.0028571444577891
2459749.6730061	12.234007598223773	0.0025935972452409
2459757.3330734	12.090891026359614	0.0020143438137685
2459760.534898	12.228398671631592	0.0016897997879839
2459760.5349053	12.14099941122653	0.0011785236950558
2459762.4845983	12.086456337491416	0.0018735387362491
2459762.4845983	12.193653607468926	0.0021499247967506
2459763.6201446	12.133604087250372	0.0018249307963876
2459763.6201446	12.11258916889199	0.0018365231351882
2459765.5543641	12.339523557183352	0.0027625429125283
2459765.5543667	12.260779026106029	0.0027138509296049
2459767.4911947	12.21217949503956	0.002508495355495
2459767.4911947	12.231717087021368	0.0019556042659411
2459769.6030539	12.283282600514088	0.003619363455796
2459769.6030539	12.260490013491603	0.0036660266813978
2459774.3372369	12.053513014475886	0.0057281867396979
2459782.4591297	12.182734143372254	0.0012872261862591
2459782.546209	12.21539779761046	0.0016912488614348
2459782.546209	12.181369709676645	0.0018917577723515
2459783.576241	12.10150734110076	0.0018048687590016
2459783.5762448	12.200801467020773	0.0021296318667207
2459785.4755121	12.27422581652012	0.0033211018559815
2459785.4755121	12.29493483071561	0.0028583230825723
2459787.5644215	12.191332987177042	0.0014376076315501
2459787.5644217	12.3081072629023	0.0018933406921852
2459791.4813988	12.131830407616064	0.0018298630519298
2459791.4813988	12.15405749580034	0.0014374484233591
2459792.5215607	12.125724469979655	0.0015404888683624
2459792.521563	12.218789757083702	0.0020520564650957
2459793.5166019	12.171930267688166	0.0021148989517219
2459793.5166019	12.184041663956046	0.0013381253339441
2459794.5150138	12.245167043361926	0.0017185645826352
2459794.5150226	12.156096690882896	0.0011217199385854
2459795.5283205	12.133602606098934	0.0021674618916575
2459795.5283205	12.155915409498842	0.0016261907134593
2459797.2766674	12.153400481448957	0.0025017195338065
2459799.5146231	12.079732453116744	0.0032897085660979
2459799.5146231	12.099382411126111	0.0026114760549949
2459800.529756	12.27992672433956	0.0037935418261693
2459800.529756	12.36676244816362	0.0038670672136858
2459800.5310427	12.364720584526454	0.0044573061391398
2459801.5277507	12.213121439905292	0.0085551288032784
2459805.4877849	12.188994074736216	0.0024558702479736
2459805.4877849	12.217856604612065	0.0018715286717847
2459809.5063786	12.354657126336136	0.0036399868242719
2459809.5063796	12.23454749687259	0.0022944253160424
2459810.4918271	12.111399350759132	0.0020258898111465
2459810.4918271	12.0802906272346	0.0024022966250175
2459815.4905805	12.275270126871874	0.0016542972658724
2459815.4905805	12.159416471391012	0.0011040063657313
2459818.472171	12.355578776505618	0.0032816760686213
2459818.472171	12.257675337393392	0.0026469703422259
2459820.2279345	12.198312569801695	0.0027802474232595
2459822.4735519	12.252725461076148	0.002965326211674
2459822.4735519	12.37617021461245	0.0037281627074576
2459907.8506719	12.150902740716049	0.0017472818003559
2459907.8506719	12.251064411268684	0.0020813951018548
2459917.823357	12.260411169371476	0.0014663775428618
2459917.823357	12.135268038167496	0.0012459325434012
2459917.8246669	12.242309549221376	0.002502127043257
2459919.820336	12.098121120541816	0.0029726870038646
2459930.8423927	12.253566726223893	0.0015835533487633
2459930.8423989	12.167259443304369	0.0013094808475967
2459930.844986	12.142847771863805	0.0024101230246529
2459933.7977654	12.34883947562066	0.0037071246659552
2459933.7977654	12.263898495417536	0.0030944235390344
2459935.7767613	12.31734012320648	0.0021208143834482
2459935.7767653	12.20399007879493	0.0018475141106223
2459935.7793654	12.18777554273316	0.0023676613985485
2459938.792725	12.137735590224104	0.0020590070078898
2459938.792725	12.1368399702212	0.0015689801739006
2459940.5305996	12.107445822700434	0.0021255300552372
2459941.777321	12.08086753566483	0.0023251064201081
2459941.777321	12.094295889799296	0.0025338334715646
2459942.7716734	12.213547020232433	0.0022962865925631
2459942.7716734	12.215765574380564	0.0017496264132715
2459942.8222428	12.163466428354464	0.0017943086145946
2459942.8222428	12.17344195500504	0.0012496289595537
2459943.8376675	12.143951633067967	0.0015928559755143
2459943.8376675	12.153964701618005	0.0015373605059398
2459943.8401613	12.134824915250066	0.0030947237061203
2459944.5126908	12.233806252488357	0.0026193105167728
2459945.533165	12.073870144391632	0.002160486299755
2459945.534417	12.0836840408023	0.002452871570521
2459946.7893639	12.267005693712598	0.0034106835762451
2459946.7893639	12.262442873759037	0.0026711705361999
2459948.7558723	12.181444720442917	0.0028359397059124
2459948.7558723	12.151764042616104	0.002942485421316
2459950.7419675	12.131688884964094	0.0029856514961674
2459950.7419692	12.221310303146854	0.0039084580468633
2459953.7301014	12.307771997461805	0.0037319752506767
2459953.7301014	12.275962682781344	0.0045453164974983
2459954.7405632	12.116307286377737	0.0028519322747291
2459954.7405632	12.10369494681689	0.0034168088824269
2459956.7797649	12.066221691255784	0.0027645983695658
2459956.7797649	12.120833479934204	0.002380080073317
2459958.7970886	12.169006232284891	0.0024818958881511
2459958.7970886	12.078205748077558	0.002169602263464
2459960.8126211	12.078911848556489	0.0019874846706202
2459960.8126228	12.198584040955074	0.0021316133970665
2459961.7148214	12.09600593843575	0.0017891741222424
2459961.7148242	12.202257485195114	0.0021767437092804
2459961.7161313	12.06516935613169	0.0020455744583671
2459962.7586112	12.211528862268162	0.0019150770322936
2459962.7586112	12.184956305190369	0.0021986707947053
2459962.759863	12.206165780170195	0.0026954537762892
2459966.7032002	12.186143813138754	0.0025216834489092
2459966.7032002	12.229028765024594	0.0023061108444958
2459967.7967179	12.206849261592415	0.0021052003187042
2459967.7967215	12.105453775619528	0.0019147056486751
2459967.7980239	12.098938867601486	0.0018495029827107
2459968.8330462	12.172823469511272	0.0019016788337605
2459968.8330462	12.196064324680318	0.001408954464856
2459969.7982045	12.08130495055226	0.0019392412559463
2459969.7982045	12.167867707922554	0.0027849832373983
2459969.8008024	12.143441349519517	0.0036327536049979
2459970.7794157	12.25449729842608	0.0024824408686904
2459970.7794157	12.32906937116548	0.0024676852335907
2459970.8037742	12.289369069918692	0.0029023656696612
2459970.8037742	12.26186113050228	0.0032110413284678
2459972.6878599	12.164006020684583	0.0025410900898268
2459972.6891582	12.173496920910155	0.00256593485828
2459972.6891623	12.092355383962625	0.0018856582470281
2459972.7008423	12.081249533652736	0.0022257839234959
2459972.7008423	12.111574212316835	0.0022096512023163
2459974.8589778	12.354301107646672	0.0026264938516515
2459974.8589874	12.274207782018625	0.0026920811758599
2459975.7183757	12.292505311656472	0.0029509858595422
2459975.719616	12.28498784646158	0.0038722992184989
2459977.6689895	12.149874154937445	0.0021304758993626
2459977.6689912	12.261290297745871	0.0024005044501418
2459978.6797203	12.169273222872723	0.0021414057691551
2459978.6797203	12.127962937431054	0.0035925276203343
2459979.6917825	12.180950966510224	0.0031616219882499
2459979.6917825	12.17068276477464	0.0032372290687612
2459980.6935988	12.255328006481427	0.0033150996789988
2459980.6936044	12.147968259562754	0.0026494867541092
2459981.7075746	12.16105766026627	0.0033999992569905
2459981.7075746	12.171273025627157	0.0033965631501301
2459982.7276699	12.215971537650676	0.0028639723599237
2459982.7276726	12.151779944407824	0.0024619272612027
2459983.7662604	12.315643106734946	0.0032670063563398
2459983.7662658	12.219995879921752	0.0027184285579805
2459983.8138591	12.3087089213863	0.0040921116369453
2459983.8138591	12.27445513039857	0.0052133042910559
2459984.6451768	12.263222879976183	0.0038881064519944
2459984.6451768	12.23998448182088	0.0037679760162468
2459985.650342	12.101053742444185	0.0027145639705255
2459985.6503436	12.185520668153282	0.0029386409105595
2459986.7159302	12.280418529342	0.004144610146563
2459986.7159302	12.262797770518832	0.0038525333298276
2459987.6686354	12.191305440047984	0.0033191468808056
2459987.6686354	12.099084539048985	0.0023572385324646
2459988.7800899	12.263152756902588	0.0012536075119265
2459988.7800899	12.19019782359008	0.0019582480995706
2459988.7813881	12.26630108807404	0.0027116998078165
2459988.7813881	12.143829647398867	0.0022604878584806
2459988.788207	12.171949551049046	0.0019470823188791
2459988.788207	12.135651839688151	0.0017016694878858
2459990.70228	12.231531684286068	0.0021036727114341
2459990.70228	12.30743513689252	0.002251560410627
2459994.6381185	12.087212875919512	0.0018147329179812
2459994.6381185	12.171513408885698	0.0023112017160212
2459995.6654371	12.254489616226484	0.0022954136755724
2459995.6654371	12.363928698702418	0.0027810762817361
2459996.6488347	12.078177501369147	0.002342607810001
2459996.6488347	12.110067340381534	0.0022152940101614
2459996.6500768	12.07972596817778	0.0023797716087183
2459997.8595623	12.196058099184146	0.0020608352817361
2459997.8595658	12.089244703659608	0.0018450000554878
2459999.4897671	12.141475425230944	0.0014247189849028
2460000.6059186	12.309586638011158	0.0022844638436152
2460000.6059186	12.225589227525113	0.001999939399446
2460002.5961372	12.255739094629435	0.0024578539677864
2460002.5961372	12.346594024803457	0.0031671922854527
2460002.598722	12.246862977993514	0.0033098804009071
2460003.616899	12.077321484528486	0.0025618093597588
2460003.616899	12.13741212838189	0.0023594141101683
2460004.6732689	12.212063539121946	0.0019676958096158
2460004.6732689	12.193303106022386	0.0024562346015717
2460004.6887828	12.240464593860024	0.001638820145789
2460004.6887828	12.159146011009955	0.001416430077111
2460004.6900695	12.13707826406458	0.001782850929777
2460005.6999337	12.185634637971956	0.0017979288165295
2460005.6999337	12.144876305196536	0.0022137528227995
2460007.8815616	12.130381513616586	0.0017776628145428
2460007.8815616	12.14004686809556	0.0019809670626016
2460009.680925	12.093590395355656	0.0026264907157945
2460009.680925	12.09135380063794	0.0035506343017429
2460009.745059	12.23707014541066	0.0026027912181618
2460009.745059	12.138752359788992	0.0021762065021468
2460009.7476566	12.126834133264378	0.0028700442640627
2460012.8087029	12.108146798710074	0.0023950416967916
2460012.8087029	12.199074329306828	0.0027265719720329
2460014.8201805	12.13225564961455	0.002620694411368
2460014.8201805	12.156011144724031	0.002590627207604
2460015.7893964	12.137270832063326	0.0024440917864002
2460015.7893964	12.106911485501591	0.0034226592861252
2460016.4878807	12.235648113141508	0.0025525584255428
2460016.669755	12.131594673004576	0.0027939139327558
2460016.6697666	12.173065273055098	0.0028010122423677
2460017.6381917	12.261466869588308	0.0034800483601215
2460017.6381917	12.288368389527422	0.0032279916527797
2460019.6347789	12.3623275840324	0.0026656565491335
2460019.6347789	12.268698540704555	0.0026250906981049
2460020.6474485	12.11002702381893	0.0022747815682741
2460020.6474485	12.074060687364344	0.0024081849623866
2460020.6487026	12.106683616751276	0.0024142048329922
2460020.6499545	12.075770625521614	0.0039394436551496
2460022.7474873	12.120857714033296	0.0015345845784379
2460022.7474873	12.152877949226236	0.0019074235096262
2460022.8692261	12.223746144379458	0.0027770373317264
2460022.8692261	12.261530661757488	0.0023665872192831
2460023.8612665	12.096049204354143	0.0024754737313778
2460023.8612665	12.140838431076926	0.0023725815106223
2460025.7072846	12.336098931344065	0.0031359486994056
2460025.7072846	12.267612115109433	0.0034860712079457
2460027.5499617	12.123097400537873	0.0015184218006943
2460027.5499617	12.213812094202613	0.0020005205560804
2460027.5717424	12.119138190786838	0.0018994349546279
2460027.5717424	12.088876657656984	0.0023191864963767
2460028.8241421	12.182970616482692	0.0015253798138114
2460028.8241421	12.132559512111914	0.0018352510777803
2460029.8496772	12.13984664803097	0.001577612445341
2460029.8496772	12.159231087069386	0.0018108325160104
2460030.8522119	12.177652108189278	0.0013970742033124
2460030.8522119	12.132496378409662	0.0020608885276552
2460031.7687413	12.294402831775267	0.0032144198485342
2460031.7687413	12.278666179962569	0.0037436110163065
2460031.769971	12.30441735960451	0.0042674840996592
2460032.8511846	12.111700438532724	0.0021067686223111
2460032.8511846	12.15336016337619	0.0016819438021794
2460033.6956546	12.092347829077305	0.0020729800249075
2460034.6507269	12.229061624297447	0.0021245055566584
2460034.6533122	12.208835201738236	0.0026051644019958
2460035.6807125	12.08055646351643	0.0025406620451277
2460035.6872395	12.187527658784424	0.0024460852503424
2460035.6872395	12.076120756756254	0.0020567046078323
2460036.6906261	12.264557248591528	0.0035473843411605
2460036.7388742	12.319385885253675	0.0027098888284941
2460036.7388742	12.208389168045112	0.0022429035226876
2460037.7243591	12.072164410085293	0.0026696667631601
2460038.7616392	12.241504854225449	0.005272048819118
2460038.7616392	12.244245672339654	0.005154704213447
2460039.676302	12.159262808879529	0.0034239120870164
2460039.676302	12.127181827161742	0.0032973037703706
2460039.6775429	12.131177503635058	0.0039301128624164
2460040.6619335	12.109594041301923	0.0039920414813965
2460040.6632317	12.115530775505183	0.0040281940537884
2460041.2699087	12.15197638967567	0.0035135236600488
2460041.7576939	12.082718230562634	0.003291184471927
2460042.2536895	12.12751353516385	0.0021363656897107
2460042.5540305	12.182178437597686	0.0019651939626842
2460042.5540305	12.152090317088192	0.0023998864003798
2460043.3025397	12.173089886856769	0.0023292552186741
2460043.5445281	12.104474882094202	0.0026625273688886
2460043.5445281	12.133331849689723	0.0031651661286593
2460043.8555843	12.148951108581093	0.0023176908683398
2460043.8555959	12.24330461748658	0.0029058407599593
2460044.3515768	12.080554758313264	0.0025475155418935
2460044.6012441	12.114791066749511	0.0028114950820956
2460044.6012441	12.155093696985464	0.0022859551574964
2460045.3825931	12.140105341632196	0.001289312998777
2460046.2580253	12.17484225358488	0.0013655999057094
2460046.6528793	12.080954798997862	0.0030841729595433
2460046.6528793	12.11450624964852	0.0026368011833703
2460047.7364328	12.197904132391724	0.0024482901120812
2460047.7364328	12.222023231361	0.0022162923611776
2460048.7796155	12.152679125242102	0.0018536507248489
2460048.7796155	12.18688550547721	0.0015772746440231
2460049.3416131	12.133926933379588	0.0012402898516958
2460051.2727393	12.086010708159009	0.0017882834235242
2460051.5817291	12.088652904874946	0.001912864773644
2460051.5817291	12.177673834850872	0.0022117702300275
2460051.5830275	12.069821127563907	0.0022260911562624
2460052.5573501	12.25105974846858	0.0022987324376396
2460053.2215339	12.188426978221631	0.0018195571358234
2460053.5343239	12.19189196705911	0.0016425542026735
2460053.5343239	12.166131258982173	0.0016573893616024
2460053.5355773	12.186549804980958	0.0020052566466003
2460054.6594065	12.255717239151071	0.0024809227964119
2460054.6594181	12.203235506258569	0.002599524918523
2460056.5592928	12.148891286097625	0.0016370880729647
2460056.5592928	12.125310870073596	0.0018083796520638
2460057.4821654	12.230191837147972	0.0019617694003746
2460057.4821654	12.329601206839463	0.0022606666265517
2460058.7528104	12.165955055535242	0.0019328888157835
2460058.7528104	12.149791158977836	0.0014308494963778
2460061.5352219	12.3302942090971	0.0023426948021843
2460061.5352219	12.213046899569854	0.0018396881717175
2460062.4782846	12.238554895977243	0.0027454503705177
2460062.4782846	12.214365915855128	0.0026630908068611
2460063.3361928	12.20163830457132	0.0019533182687984
2460064.4953168	12.20645123002632	0.0018048808899825
2460064.4953168	12.294498127469408	0.0019989773216819
2460065.5945514	12.24770013651012	0.0043461283809199
2460065.5945514	12.288002990910025	0.0033464142884132
2460065.6898828	12.13409960682785	0.0018414844746989
2460065.6898828	12.19559931524154	0.0023564792823259
2460066.5176745	12.220809677357996	0.0034678072338656
2460066.5176745	12.266144263985897	0.0033058951289327
2460066.577245	12.104494896993948	0.0019712031126403
2460066.577245	12.218768856593613	0.0028385394631351
2460067.6203397	12.2527445452626	0.0027086405125346
2460067.6203397	12.355713382656166	0.0032382286196303
2460068.2456887	12.238333339093256	0.0026481489232176
2460068.7571993	12.21559737424646	0.0029696427801525
2460068.7571993	12.3046185816188	0.004408591226783
2460069.4739238	12.09746108701532	0.0030720205686533
2460069.4739238	12.207248995634329	0.0034842657536132
2460071.3513917	12.120063979854365	0.0021234422137419
2460071.3526435	12.176334301881012	0.0046914665650736
2460072.5079295	12.21472805969742	0.0030873926235386
2460072.6193182	12.15028590010383	0.0022404958848355
2460072.6193182	12.269998341209522	0.0026551764802773
2460073.4352111	12.213303496745006	0.0020552366393988
2460074.5274322	12.21336682503564	0.0023009020512067
2460074.5274322	12.223376657973702	0.0020414093243291
2460074.7139029	12.180925106749328	0.0027323296492766
2460074.7139029	12.082170449911269	0.0022190038413349
2460075.7650519	12.22928916225378	0.0023340762926475
2460076.5939563	12.361414885009804	0.0029437893669553
2460076.5939563	12.2683113184789	0.0028570841678705
2460077.5312914	12.167952989592465	0.0020298850133356
2460077.5312914	12.17631464222368	0.001906153719701
2460077.7681364	12.28269727356479	0.0027584970940747
2460077.7681364	12.237978919273765	0.0021786981305829
2460078.7564134	12.121494123478405	0.0019706390837212
2460078.7564134	12.09123622582304	0.0022235342419357
2460080.7556749	12.108177693461094	0.0023881938293712
2460080.7556749	12.135091575477071	0.0021466714038516
2460082.7384575	12.1367184873219	0.0015589690413479
2460082.7384575	12.1882512428794	0.002060905282612
2460085.7427165	12.079348665463684	0.0023192045310696
2460086.7425156	12.240091908553026	0.0031484576072986
2460088.7387512	12.240968846350086	0.0033602823175971
2460088.7387512	12.35989436849744	0.0030013864547653
2460091.7302964	12.133636744672176	0.0021574308470034
2460091.7302964	12.213695927336891	0.0020497690289582
2460094.7217193	12.12558815016174	0.0021637500319851
2460094.7217193	12.216564662488768	0.0027539358364631
2460097.7155756	12.28090187006697	0.0078005562777781
2460097.7155756	12.38242660941241	0.0068287328691577
2460098.7093208	12.050481357172751	0.0038944731517735
2460098.7105626	12.115993060402792	0.0057869151152874
2460100.6972253	12.082514223861372	0.0041681698695486
2460100.6972253	12.147772467384533	0.0038715999119043
2460101.4805106	12.259714432242	0.0026732345513152
2460101.4805106	12.228751453515196	0.0034347618859201
2460101.7030219	12.29626426903984	0.0038433531404448
2460103.699036	12.242793208150529	0.0029764457907109
2460103.699036	12.1467995062311	0.0024410841580648
2460104.6950969	12.176171638117273	0.0021007833700225
2460109.5374838	12.237158188623727	0.0029216601305063
2460109.5374838	12.268300801434686	0.0028195604785524
2460110.6813288	12.21344013901449	0.0020688321959367
2460110.6813288	12.340633855120366	0.0027777831956393
2460111.6243733	12.199598058151096	0.0024753663469374
2460111.6243733	12.238261754661334	0.0030885467322802
2460113.6590327	12.210575902948367	0.0020857395616115
2460113.6590327	12.176300629289283	0.0019832115466961
2460119.6427047	12.207524696038636	0.0028838983022069
2460119.6427047	12.273309439863889	0.002679423285856
2460121.6037588	12.135529583020793	0.0024464125575111
2460121.6037588	12.10026410800281	0.0027914001721114
2460124.4749755	12.094328512835364	0.0022728734722572
2460124.4749755	12.119249716350824	0.0025639722753943
2460124.5395577	12.15170873278269	0.0025839319454032
2460124.5395577	12.202841558886249	0.0029765870405618
2460126.3190755	12.216765061356387	0.0033796004360266
2460126.4716004	12.076914788211234	0.0023619955471724
2460126.471612	12.10226224579449	0.0029093236962398
2460129.5901493	12.125705911648394	0.0034418520829562
2460129.5913897	12.15373293415707	0.0046288281903294
2460130.5716713	12.129576527687725	0.0025100922431536
2460130.5716713	12.124799265611992	0.0035054147777457
2460136.6066508	12.07341886009652	0.0022023559345805
2460136.6066508	12.111742758679032	0.0022050207411415
2460139.53265	12.105617878515034	0.002180717819447
2460140.5822027	12.127118207737098	0.0016864244174499
2460140.5822067	12.13921014343475	0.0020775842478029
2460142.5745478	12.20403982435104	0.0012992123038126
2460142.5745497	12.165974817876435	0.0010331389664494
2460148.3238894	12.213787115250568	0.0020919372780994
2460150.5204271	12.12632232872327	0.0021813917155678
2460150.5204271	12.145596612372124	0.0023308564420988
2460154.4912255	12.061676419886636	0.0030187215315002
2460154.4912255	12.114716207653318	0.0029978719862279
2460156.5456074	12.058581020357376	0.0036193772880629
2460156.5456074	12.095751563761262	0.0039237908144056
2460160.4867273	12.251838674841808	0.0025686025958249
2460160.4867273	12.201611388486214	0.0019524929926918
2460161.2415342	12.12265193959891	0.0016407770876944
2460164.2877471	12.132002050441004	0.0017851416167173
2460183.2358426	12.197723575372205	0.0025810955015779
2460271.8574773	12.11522930888298	0.004448627604127
2460271.8574821	12.090427016417305	0.0038425785844357
2460272.8542158	12.189148908091756	0.0026497812780011
2460272.8555027	12.214421767665106	0.0034370767487152
2460274.8516964	12.170609749883498	0.0036694339207628
2460274.8517044	12.175711341348268	0.0022790020146086
2460290.5725007	12.19872454491463	0.0019061567699235
2460290.5737294	12.219104001181243	0.0023348139522124
2460291.8241196	12.072363099567704	0.0023771943887098
2460298.5393905	12.099565133904516	0.0018749718530281
2460299.5379607	12.195653794518584	0.0017176841107401
2460300.7885675	12.07335596452518	0.0022526108814279
2460301.7820542	12.234839710682284	0.002959376617841
2460310.7608929	12.250755445429418	0.0037276144271894
2460311.8605008	12.16392786203899	0.0023355734866576
2460313.8151885	12.067115309481396	0.0023900888787315
2460316.5392357	12.193946213372662	0.0020516982954921
2460319.7387375	12.287780123977097	0.0027137823040182
2460319.7387375	12.261201173389413	0.0024136097159003
2460321.8237683	12.146515547257186	0.0010889831352236
2460322.8252383	12.11821225410463	0.0015549359046252
2460322.8252439	12.177061653600198	0.0015332498852754
2460323.8344835	12.166158452386336	0.001754783507114
2460324.8367203	12.13590991530446	0.0021673886657046
2460324.8367203	12.11530104757591	0.0016229929373927
2460328.4919103	12.113255002917777	0.0015707087649611
2460330.8213953	12.098118372325803	0.0020033450931087
2460331.8060616	12.165701328561298	0.0017874873535532
2460332.8150353	12.174434070344589	0.0017975887500569
2460332.8150353	12.16292130347808	0.0015242779811123
2460341.8342555	12.067025893189276	0.0027312337774055
2460369.7656874	12.267102023964698	0.002960598220192
2460369.7656935	12.227389752005717	0.0023072844686798
2460370.7711169	12.078279174265653	0.0024811665528119
2460371.3964959	12.098687327546983	0.0021112713150082
2460371.8144173	12.182235351627089	0.0035648059089527
2460372.3931364	12.143484169032943	0.0019889159640732
2460374.7295671	12.160462533972437	0.0015856060817803
2460375.4164643	12.09713622754502	0.0018683135980326
2460375.8828267	12.111599616537996	0.0020020076774859
2460376.8861121	12.126644735833557	0.0017803638321693
2460380.770755	12.19967947239958	0.0023659369307668
2460384.7822429	12.257534406331471	0.0030448095146158
2460385.7804991	12.06093098089549	0.0025777286414564
2460386.7201195	12.151611540664518	0.0010938308071038
2460386.7213598	12.158853709617045	0.0017697663237934
2460387.8778855	12.127465225221954	0.0018140363783753
2460388.4838879	12.148477603761458	0.0021884600103284
2460388.7439647	12.119638637960223	0.0019456067963753
2460389.4899311	12.08152422199178	0.0022972386595356
2460390.4439503	12.070149644794297	0.0028850288630168
2460390.445179	12.052700212815784	0.0038823159603823
2460390.6448293	12.121253162977863	0.0024585371100767
2460390.6448321	12.183366185107	0.0023136310974242
2460391.8782204	12.136102406052316	0.0021748928534107
2460396.6657595	12.196091837357876	0.0045846523365751
2460399.7545849	12.21390608733315	0.0027614176119732
2460400.7991099	12.13334350323711	0.0023975237552881
2460400.7991099	12.0771947037053	0.0022163264857188
2460401.5954196	12.148121096792494	0.0018428575137974
2460401.8514539	12.25233302382085	0.0039975048321424
2460401.8514539	12.265725776542078	0.0028553980030966
2460402.3784152	12.187985199226151	0.0017653764424623
2460402.6825428	12.228874204019268	0.0028572066598306
2460402.8656654	12.101057940472806	0.0021401490838992
2460402.8656654	12.15343778445926	0.0022919271069949
2460403.4212279	12.075182535880062	0.0021096023111367
2460403.7039141	12.104296778786772	0.0024625014638295
2460403.7039141	12.08403618546097	0.0020802602996081
2460404.4010613	12.200529667532535	0.0018121438064894
2460404.6994297	12.264101083198613	0.0025285843683673
2460404.6994407	12.286039404689555	0.0027279811025854
2460405.3900564	12.117557955769293	0.0022542566744619
2460405.855724	12.269333345526432	0.0026433129047994
2460405.855724	12.300047864360346	0.0027211158148184
2460409.8335784	12.150470332730375	0.0018744613620077
2460409.8335796	12.12336021329521	0.0015580815361629
2460411.8549143	12.151213398370109	0.0020605075498221
2460411.8549143	12.12406627692653	0.0015479351013577
2460416.5556121	12.266805164517848	0.0026488122272927
2460416.5556121	12.238930723519628	0.0022501583105352
2460417.4022448	12.184930811981438	0.001681375510624
2460417.5263983	12.165383488153068	0.0021375188748427
2460417.5263983	12.1191453370627	0.0022638375069236
2460417.8316788	12.143429069908008	0.002114379724175
2460417.8316788	12.112988471125522	0.0016026612096826
2460418.3786816	12.107245934500284	0.0024126901619265
2460418.7358795	12.075162945240152	0.002340908792541
2460418.7358795	12.141852471248352	0.0020841297557274
2460419.2767878	12.085043030931342	0.0022981685759627
2460419.6263968	12.07196795685951	0.0023961805036756
2460419.6263968	12.18351318403409	0.0014276329827324
2460419.6276255	12.0705426565822	0.0027362727281623
2460420.3886967	12.15291265513994	0.0016405776746955
2460420.4714209	12.069105096880442	0.0031060249068297
2460420.8143232	12.147958783458527	0.0028787795442773
2460421.3277327	12.062730405460044	0.0025450088216204
2460425.20519	12.1717994659754	0.0063290920259807
2460427.6903779	12.084341703201964	0.0030374671008843
2460427.7927679	12.194098288551254	0.0067467074639887
2460428.7750901	12.163854311210496	0.0025448085520201
2460428.7763189	12.198539653225051	0.0029028983018093
2460430.2470142	12.108136050049788	0.0018042223090601
2460432.2945346	12.071879505561435	0.0023162509257121
2460432.6609049	12.173312977912428	0.0016600789892834
2460432.6609049	12.10172995583175	0.001984875676231
2460433.7326383	12.152098703562332	0.0021257813875015
2460433.7326383	12.085544942265724	0.0022741492643256
2460434.759194	12.285046022629189	0.0027615719600621
2460434.759194	12.261885886429347	0.0025903245410944
2460436.6202417	12.165496675726722	0.001680006765389
2460436.6202417	12.10349323009471	0.0022252179764239
2460437.5995636	12.158094677676388	0.0009479779716141
2460437.5995671	12.16849979772173	0.002009024232919
2460439.3098944	12.071814460824177	0.0020178072947047
2460439.767448	12.145812784277837	0.0013545015117114
2460439.767448	12.199598275178667	0.0014430743429258
2460440.7519793	12.103821762495546	0.0017187848523696
2460440.7519793	12.11060204186836	0.0029724304615721
2460442.5428741	12.171048798333018	0.0017537055130323
2460442.5428741	12.261739531452037	0.0020318911813635
2460445.4933525	12.234112853971254	0.0024508141190686
2460447.4701323	12.271173103671275	0.0025730391314432
2460447.4701323	12.232644871649232	0.0028820679326281
2460448.6771197	12.2463939668674	0.003508781499945
2460448.6771197	12.29899482733364	0.003285121451317
2460449.6310734	12.102868725013396	0.0021767491493854
2460449.6310734	12.113625112362955	0.0026282175559992
2460452.2112036	12.090176593805896	0.0030641815387213
2460455.5741949	12.251229256079275	0.0034707569824739
2460455.5741949	12.242403130157207	0.0032738446725428
