2458018.6304561	15.169593503108032	0.0148879632282219
2458019.6284061	15.285572782398152	0.0141120458858182
2458033.7386461	15.269489515914216	0.0419481528537973
2458034.6026925	14.965906592981694	0.0247949822240383
2458034.7115127	15.184604836141752	0.0339820044373774
2458035.6178837	14.949273812849968	0.0169604591506639
2458035.6179118	14.941669555321724	0.023799738254577
2458036.6357444	15.081537644277812	0.0153897939507743
2458038.682096	15.26670718706185	0.0144955224415857
2458039.6953078	15.440265339949802	0.0184432652804103
2458042.6677947	15.57722568240668	0.0244298669749625
2458043.6549802	15.52911710786005	0.0178526372612581
2458046.6567314	15.45879930249486	0.0205424117597491
2458048.654133	15.556225195288622	0.0210303552365675
2458048.6604041	15.476043547874951	0.0187541427594742
2458049.675991	15.433568700993716	0.0194801654883598
2458058.599882	15.125573353867932	0.028227847592973
2458059.6585055	15.457030961537942	0.0415853836013503
2458063.5569326	15.365771874002636	0.0188421704023293
2458063.560607	15.473817451280302	0.0226451049498772
2458068.5992402	15.625992218980596	0.0217291090123248
2458068.6178575	15.55098215200391	0.0229495823493781
2458072.5793045	15.471470399471023	0.0191205895752751
2458075.5527879	14.79160330041207	0.0166531919969059
2458075.5676073	14.752964094513334	0.0171196680690424
2458076.5673602	14.895975903191058	0.0169939012404213
2458077.5668794	15.018707807062937	0.0164891678826739
2458079.5480405	15.157020520689048	0.019865935339994
2458091.5363835	15.517774042375232	0.0508258593669876
2458185.002415	15.727130150476372	0.0574172885948312
2458196.9945883	15.040180508203118	0.0304048841523797
2458199.9810028	15.294961327458385	0.0196637440333913
2458202.9050196	15.308139132320097	0.0270819596414336
2458203.9041758	15.388323700240171	0.0243926956008156
2458205.6499401	15.484147637482636	0.0291207061436693
2458208.8903244	15.584124048461954	0.0761439949834102
2458210.9518845	15.567747796258812	0.0640756545825294
2458211.9483097	15.619453386025636	0.0506264142410297
2458213.9069873	15.65397387586829	0.0577487088730368
2458213.9440181	15.705726888435107	0.0669634905495233
2458216.6647791	15.62516950546912	0.0645038706818435
2458220.635662	15.4088238210955	0.0219759253168957
2458220.9002445	15.139115676964588	0.029708244768278
2458221.9044342	15.192481836092735	0.0189771603555119
2458222.8718044	15.16356795972644	0.0202970656892614
2458223.8972374	15.3447029036958	0.0170715834129154
2458224.8962938	15.48013931886031	0.0165641752622124
2458225.6132889	15.629723419846488	0.0434824079699776
2458225.6378855	15.530198226895855	0.0248325769229574
2458225.9088385	15.601998117126172	0.029134971526002
2458226.8949111	15.598196463353249	0.0287281555884812
2458227.8980378	15.632432632105662	0.0227258101255111
2458228.605526	14.932580421220802	0.0211885870813441
2458228.6313107	14.708484747237527	0.0155478975856576
2458228.8600903	15.58345206870545	0.034317501851352
2458229.6165898	14.807945714904772	0.0165811102587235
2458230.56954	14.706892351054526	0.0168932511724893
2458230.6039483	14.884304458880068	0.0149142035094687
2458234.8882464	15.63020945908314	0.0619112223181809
2458235.5810848	15.311094998702348	0.0370375891565442
2458236.8819243	15.009391308524796	0.0402480785627849
2458238.5719994	15.44078829528675	0.0517490070349755
2458239.5675363	15.681180987081824	0.0631125740113048
2458242.5424038	15.517090637363175	0.0553754459050588
2458242.5842027	15.539327946068966	0.0353362891260682
2458242.8396137	15.369002140015162	0.0370082600463233
2458243.5766163	15.541892614589743	0.0352006753350474
2458243.835278	15.223813423547494	0.0353728611539685
2458244.560909	15.52994047589678	0.0468136858533721
2458246.8677684	15.374240990305337	0.0279778924981356
2458247.8612371	15.484115896049577	0.0212711904674183
2458248.8451382	15.554425050419132	0.0296418819287226
2458250.8788295	15.629861056644629	0.0328284626451083
2458251.5685536	15.005338194006608	0.0133101894236002
2458251.8412238	15.502527269325196	0.0242412205118787
2458252.5568915	15.115676013221048	0.0129276738579954
2458252.8054359	15.729253928053977	0.0359561551727129
2458253.8839927	15.548760489701616	0.0242169770676996
2458254.8540301	15.4630768316349	0.0235533194334874
2458254.9066809	15.260967265768675	0.0196842744287666
2458258.7978056	15.420244216214083	0.0174784183119147
2458258.8145113	15.21325130422142	0.0172843353548863
2458261.8099747	14.99875634311604	0.0181232122532732
2458262.8356988	15.203393560170772	0.0176607121236791
2458262.8624614	15.29677962659586	0.0176056862171331
2458263.7342228	15.030352761408562	0.0245918134889302
2458263.7603581	15.007741752446746	0.0240963565620453
2458263.9347505	15.3967243915282	0.0185705999727019
2458264.9204302	15.541773311749449	0.0200463973175249
2458265.4986387	15.566903817839105	0.0405522776007361
2458268.8395581	15.593617360322956	0.0724826592729605
2458274.8041882	15.545811441386078	0.0255109765346145
2458274.8451298	15.589439068680488	0.0343653646424473
2458275.5215353	15.182287635102224	0.017539528348282
2458275.5364082	15.21053282917842	0.0263567055750404
2458280.5243524	15.455424567935465	0.0210689562930214
2458281.5208354	15.51719965903862	0.0221400978130667
2458282.5060146	15.46832974788254	0.0216575230082532
2458288.8901902	15.41981171130508	0.0182999929160992
2458290.4050134	15.642056001911069	0.0399276681728883
2458290.4305794	15.629905927216887	0.0315935353652587
2458290.7451914	15.4186379119198	0.0321114563845934
2458290.7476598	15.500554005243592	0.0339864421919055
2458291.4007167	15.542366846216543	0.0446990079925307
2458291.4239874	15.621266341877094	0.0337304024140843
2458291.7999626	15.452021694748126	0.0293884176252802
2458293.7067784	15.561670234747002	0.0592980184218987
2458295.6460964	15.561917364667543	0.0717551015636996
2458295.8927399	14.777634228153506	0.0274088445979045
2458296.4131618	14.833468202723182	0.0305270611757122
2458296.708876	15.664353437854343	0.0624501889276239
2458298.7834614	15.18404653274142	0.0377287966360941
2458303.4267629	15.528489974758015	0.0369896292830216
2458303.4565254	15.498307930714262	0.0280461135641893
2458304.5734207	15.476221737292866	0.0285485697922188
2458304.7698422	15.292848913217608	0.016893304987803
2458304.7772958	15.18840977655934	0.0173622756002589
2458305.4766982	15.530141830276987	0.024412177054302
2458306.4878147	15.563310654482002	0.0245871181114691
2458307.5108523	15.530337972987567	0.0210695578456026
2458308.5070059	15.459544353479696	0.0187593239193743
2458308.6424346	15.189291707756142	0.0170288730176407
2458309.6799195	15.472546089362462	0.0193895162658542
2458313.7093461	15.609205028717687	0.0285091385293292
2458318.6585107	15.513681236246912	0.0429792875616543
2458319.3261978	14.796112326337418	0.0213473711297236
2458319.3546129	15.102971607635247	0.019159088364846
2458319.6458507	15.73001258764033	0.0327969985166599
2458320.3165152	15.0943499957097	0.0277384699789679
2458320.3456685	15.157469733962293	0.0225247934245552
2458320.6539298	15.291744610276528	0.0205736515822516
2458321.3414754	15.210905121430118	0.0185193479435904
2458322.734977	15.185467104217382	0.0178452127001934
2458323.3137847	15.214057057241153	0.0497867924955461
2458323.6087825	15.757132085113431	0.0556903417567283
2458323.7069715	14.928015177984609	0.0342769871270987
2458324.3110598	15.373879820612355	0.0667717484640194
2458324.3369096	15.435873371916646	0.0479597279496941
2458324.6495185	14.741571791909555	0.0315864753365109
2458324.8286981	15.401598421768536	0.0405230616553232
2458328.4552068	15.380329868569229	0.0871213594139036
2458330.3567718	15.476869266259923	0.0583691459206704
2458330.3973496	15.636525929770867	0.0591783235677189
2458331.8282021	15.493924155497885	0.0525853052823651
2458332.3802252	15.580576152083667	0.0358178637154161
2458333.538361	15.257172253242956	0.0181645535592557
2458334.4295035	14.850771974348325	0.014339834669138
2458336.5463707	15.62275878654921	0.0214369282493974
2458336.7820013	15.46804219648237	0.0247409786895408
2458337.6107467	15.692606188306154	0.0644115919818072
2458337.6181313	15.427711652658973	0.0269624923861817
2458338.6112715	15.362434397425108	0.0581754667996768
2458340.633024	15.646621660621506	0.0271313014469418
2458341.5479328	15.693709390968609	0.0265601503080257
2458341.7311463	14.858842635518288	0.017613802361852
2458342.7335543	15.02700651766242	0.016623875354662
2458342.7789945	15.316352793371784	0.017137134820899
2458345.3993901	15.555135940316166	0.0230194122093809
2458345.5196399	15.540429931307072	0.0291561446851521
2458345.691297	15.261388477996892	0.0165905692603537
2458346.3151555	15.49518855843041	0.0200153155514683
2458346.4901251	15.64271102068752	0.0279541708476211
2458348.2610132	15.51938078087343	0.025847076981361
2458348.791004	15.564198223956026	0.0233212138300975
2458350.704368	15.644689738958062	0.043543069233089
2458351.5781998	15.28404047045478	0.0297790118225453
2458351.6825512	15.713870834331097	0.0396018701178345
2458351.8638851	15.487469554374794	0.0291415709389435
2458352.2511259	15.45966565044434	0.0498234802867677
2458352.2584288	15.501831155808418	0.0373574907073203
2458353.2443974	15.453183453195354	0.0447177032766547
2458359.2838137	14.960243639244633	0.0225409339002198
2458360.5547144	15.626018844525769	0.024419888016026
2458361.6569473	15.23016599271484	0.0246315790281072
2458361.8281063	15.210080343396	0.0318964078746426
2458361.8455981	15.29028226092305	0.0278332709272276
2458362.4899168	15.445193710865306	0.033317347745553
2458364.571267	15.402403213183751	0.0200634929246928
2458365.6384937	15.014604638422774	0.0164996133845383
2458366.6799925	15.261780925694213	0.0177570710451292
2458369.4759175	15.17719442298953	0.0334668344400288
2458372.3260767	15.517757229822992	0.0198106773007174
2458372.7335169	15.53799501091425	0.0213673634062214
2458374.7846775	15.504803933390814	0.0260698195761816
2458379.5171841	15.783061528842872	0.0373090854507906
2458385.6522071	15.119456798240993	0.0522230105399493
2458389.2787359	15.483221828108872	0.0232967776320455
2458390.7363	15.64051172339715	0.0445015404435657
2458390.7585796	15.559820455475023	0.0485708778213449
2458391.3237695	15.56616676690414	0.0261245356085322
2458392.7240582	15.55060869822914	0.029906626920308
2458393.356705	14.983941792413958	0.0211956901505713
2458393.5335446	15.4217073230617	0.0163851226637735
2458394.5939477	15.610301538145226	0.0248051544352888
2458395.3683306	14.889524338556605	0.0144742096580113
2458396.6601419	15.605955334418107	0.0269527149046202
2458399.3532869	15.361781215223644	0.0173271582134062
2458401.3456327	15.368544803600091	0.0241821966527956
2458401.3492973	15.35334968216162	0.0155000629797121
2458408.2965448	15.463363209693584	0.0340627270491241
2458412.3679393	15.015111156664933	0.0389976912948605
2458413.3113743	15.397593527132363	0.0448165538379349
2458415.3480773	14.911651916559975	0.0452326043747368
2458416.5943931	15.724628024295562	0.0899872309430671
2458417.2423551	14.900677474518734	0.0369838605787363
2458417.3016456	15.117355524652908	0.0276923606084251
2458417.5906705	15.527186130986298	0.0658571404586554
2458418.2577043	14.92421841292748	0.0153700541620836
2458418.5374786	15.453880353738466	0.0258918364640603
2458419.5949018	15.591728108968626	0.0265667887011039
2458424.2507713	15.289640274731235	0.0277532061385719
2458424.5684598	15.050827633281797	0.0210037871476126
2458425.255255	15.39850438005605	0.0279002369948638
2458425.5651726	14.856726284883685	0.0202593354988731
2458426.6099166	15.110256785494926	0.0218592003718903
2458427.282858	15.494111388487724	0.0257612495448387
2458428.6164216	15.271891671794016	0.0156754363434075
2458429.645847	15.375013510067944	0.0168602598816438
2458430.2844847	15.514846099858277	0.0226149303084953
2458431.5416664	15.371536949183843	0.0184255691054208
2458431.6151436	15.49327191616696	0.0163455216230176
2458438.597956	15.62926740420068	0.0338540537385907
2458440.589922	15.573107377847585	0.0410125702365749
2458442.5131114	15.755686658339515	0.1557236376684053
2458448.5626452	15.177813470481176	0.0179821165420791
2458450.5587212	15.345363719173577	0.0149347131888984
2458450.5737211	15.338133669039626	0.0184612879205095
2458451.5475946	15.390544000242365	0.0161109326865201
2458452.5735123	15.4396662807915	0.022958156436466
2458453.5549735	15.46049973449086	0.0206637953924689
2458454.5736496	15.499879554184863	0.030903358910705
2458455.5623903	15.434137265062189	0.0216446431128066
2458456.5475845	15.601022147858377	0.027847115775494
2458456.5662473	15.462097307827513	0.0221458561771899
2458565.9827296	14.893122683765498	0.0291646605965096
2458566.9098326	14.956389691025766	0.0464083832178386
2458568.9006423	14.940681355612536	0.0314827954941072
2458569.8908767	14.928157985904678	0.0394584109475912
2458570.8820616	15.077563585877307	0.0316687397330925
2458571.0856887	15.461772358510014	0.0325480019313555
2458572.1303942	15.585867761279053	0.0242496593231676
2458574.1230908	15.67910196224723	0.0317800400602787
2458576.6189602	15.36545333762807	0.0237060736627957
2458576.884879	15.560055050842545	0.0299654337616911
2458577.962478	15.55850443308852	0.0299097066104137
2458578.8826321	15.6038791591263	0.0297247325576834
2458578.9112164	15.670484158420251	0.0448190866641879
2458579.8644491	15.49189635114406	0.0444633132280335
2458579.891516	15.712394671129012	0.0343904912662589
2458580.0677486	15.039207722427452	0.0187102038166765
2458580.9260286	15.562539826785336	0.0256085435478103
2458580.944495	15.488490624991924	0.0311991278103922
2458581.8537111	15.626016137256538	0.0340075106114619
2458581.8768792	15.682613449213251	0.0390624003309689
2458582.8502461	15.532864542630278	0.0421222866463205
2458582.8721432	15.551516670993186	0.0264818619252794
2458583.8466732	15.537491422337231	0.0379800548889806
2458583.8715062	15.555241755576056	0.03124970120663
2458584.5944839	15.288193023550953	0.0181119166717476
2458584.8588093	15.605010660665087	0.0263005899166485
2458585.5945351	15.401953932280474	0.0211209811265421
2458585.6471084	15.438826051444073	0.0226744615406582
2458586.8347884	15.593169738377224	0.028175227495547
2458586.8486767	15.621607142072072	0.0279049712427627
2458588.8377643	15.056982485503736	0.0295037539788453
2458588.8548525	14.80802166995197	0.0205215528720569
2458589.8326211	14.785412584606323	0.0191911221812965
2458589.8503504	14.823537059229665	0.0214989171273766
2458590.901785	15.212224412137056	0.0202822838552896
2458591.5984585	15.442170996206489	0.0508950320283637
2458593.8410516	15.248321872833026	0.0477796987421547
2458594.8527378	15.420249430047413	0.0555039358497923
2458596.0456708	15.510131385655018	0.0338785396787787
2458597.0154012	15.816656269616884	0.0778856243111191
2458597.0387089	15.704263191105609	0.0425637361674219
2458598.0382577	15.604882599268548	0.0377002741790652
2458598.5784549	15.36724068099396	0.0355025319070978
2458599.0424181	15.44952498156228	99.99
2458599.8258247	15.655318811047731	0.0426242146464398
2458600.9363441	15.58173643727142	0.0436000858365311
2458601.8866209	15.482263005706027	0.0335660088572842
2458602.5721496	14.97539110715691	0.020872061445008
2458602.620361	15.20023258099974	0.0145318251287825
2458602.8339849	15.662772620581675	0.0304837028208501
2458603.6348208	15.293434366359255	0.0198256278163965
2458603.8693102	15.679102978083712	0.0413175010177583
2458604.8745432	15.58122030684482	0.0321225095621551
2458605.0358716	15.255666388965883	0.0197758050316087
2458605.7850539	15.582692917215786	0.0298812532094094
2458605.8150556	15.618116114444751	0.0278094845170227
2458607.784052	15.59150043321194	0.0443901029944801
2458607.8073038	15.65064541004319	0.0367069519261453
2458609.9818277	15.509807583807918	0.0207080106249957
2458612.0036662	15.54058861308591	0.016457662903096
2458612.7661239	14.88058418174039	0.0216144061565394
2458613.0882994	15.664704882000118	0.0268148574739711
2458613.8488283	15.359998666127105	0.0147917772856117
2458614.8442469	15.38655087694342	0.0243040165591348
2458615.0907216	15.675799275988387	0.020146428292229
2458615.7539296	15.231756867832916	0.0184978301963941
2458616.5301027	15.558996050539353	0.0244681114277005
2458616.9824684	15.63122938060733	0.0342321154459956
2458617.745464	15.371831905606808	0.0383385639167073
2458618.003461	15.594983005363568	0.0274512501385212
2458618.7674185	15.383758375269467	0.0570483356026099
2458619.0789876	14.876957316247498	0.0172360194833126
2458619.9911467	15.569430480192889	0.0500495985843521
2458622.8263655	15.606111181987156	0.0908376458601795
2458624.9737038	15.004207424444637	0.0262679793933638
2458625.4792391	15.105953878026314	0.0465298570415652
2458625.7482309	15.767009908778338	0.0782076644728548
2458626.4962642	15.143989506852495	0.0316842293569671
2458626.7508845	15.63918683442174	0.05693405328129
2458628.5298654	15.374995605992927	0.0509527902010342
2458629.960375	14.870439747958384	0.1922223491733652
2458630.9493842	15.43209146505566	0.0374163016382297
2458632.0187764	15.614123627381806	0.0198386241431985
2458632.9296768	15.513485434024703	0.0202101933795536
2458634.0347597	15.573805950756777	0.0197642338051487
2458634.9544333	15.608277801832976	0.0208504739364115
2458635.884247	15.481308430211405	0.0271077515418769
2458636.0043681	15.64634430528992	0.0202298541914375
2458637.72116	15.313655819555189	0.0225504942065118
2458638.4316088	15.489839317165185	0.0265308065186204
2458640.6854887	15.370716376946834	0.0207376261086819
2458641.7139904	15.51386079144966	0.0303047116319206
2458642.6986613	15.492991531753184	0.0180349291926144
2458642.7144205	15.590348780749608	0.0347447122292942
2458643.6956625	15.571554539192382	0.0281276137568424
2458643.6993488	15.648452075542412	0.0294496132430352
2458644.7190795	15.656872123574011	0.0318200822763413
2458644.7249993	15.508275728539536	0.0275577685119875
2458645.4529518	14.971421165280676	0.0153663045360005
2458645.6793414	15.49588284531032	0.0591230710376266
2458646.9030908	14.908475528827696	0.0171254487376897
2458646.905281	14.959831038996644	0.0250841616129058
2458647.6815534	15.635949504198772	0.0474048284823224
2458648.4225296	15.05095358625021	0.0359238229042135
2458648.6949686	15.773229684310724	0.0813095392163547
2458649.4190037	15.323585502208248	0.0527975025944261
2458649.977692	15.47141291017308	0.0296137028402906
2458650.6518023	15.762949199988183	0.1003896268648546
2458651.6892489	15.345917072837729	0.0673802734566993
2458652.6796495	15.684640266562798	0.0928032078501747
2458653.6797303	14.839869038141584	0.0386361674739159
2458653.8442431	15.360148706737515	0.0496451002202285
2458657.7347492	15.495341195177572	0.0355893065209153
2458658.4192129	15.501052361896022	0.0356216060277065
2458660.955799	15.48992216210282	0.0178280044992189
2458662.8561056	15.493386665827511	0.0297219486223245
2458667.7012476	15.596993707437877	0.0282538492484172
2458667.7156479	15.446880452522752	0.0274022395649479
2458669.0906253	15.629331170072462	0.01771144170249
2458670.620808	15.598072421994315	0.0290913827081264
2458670.7265801	15.055606480317373	0.0231958961578758
2458670.9002494	15.44952498156228	99.99
2458671.650348	15.694948779129888	0.0326024818163199
2458671.9841864	15.65339699082563	0.0217271517576043
2458672.0372234	15.518434365855878	0.0145019343862809
2458674.6208176	15.118756939166197	0.0230532546581149
2458674.7886813	15.242707947428592	0.0267892924940517
2458675.7292927	15.189061407247443	0.0354783791348294
2458676.7413828	15.37008394270762	0.0262790652003002
2458676.7993621	15.369914064639236	0.0625512577710837
2458677.3531348	15.393146403198752	0.0462674385942325
2458677.8403125	15.472237890197174	0.0402123447466265
2458678.5947213	14.990557671842344	0.0452124018103045
2458678.6633625	15.27065649359723	0.0450755441783696
2458679.7891028	15.682703301414367	0.0716733197802342
2458680.036865	15.019041901028965	0.0288037681956099
2458681.0406586	15.108112911452222	0.0365259200800215
2458683.8502415	15.451857853377309	0.1213816626081384
2458683.9424892	15.025611480094891	0.0520496187597019
2458684.8456465	15.20677306013273	0.0465306818303089
2458685.7911196	15.53465224376083	0.0515461034044911
2458685.8925919	14.857077693811094	0.0298579524557618
2458688.5912017	15.555451137900686	0.033311730551229
2458688.9968522	15.557889571888632	0.0268977090176619
2458689.0192781	15.581622524142498	0.0230462408034666
2458689.8061834	14.937101276189397	0.0333039200069014
2458690.0189134	15.668185312046868	0.0246433102461757
2458690.7242808	14.7822588149175	0.0182121891612096
2458691.5487823	15.597054299236945	0.0324454321461425
2458691.6373923	15.705189524747016	0.0292226814581927
2458691.8296359	15.326550835744428	0.0138908793419769
2458692.0298456	15.56374930999803	0.0189176338318705
2458692.6889646	14.8871443061817	0.0166367186316183
2458692.7787236	15.29525311119656	0.0186444153924354
2458693.8578536	15.585651737048591	0.0184138967914796
2458694.7817855	15.383169375849404	99.99
2458695.6889137	15.155933555162283	0.0196468582756996
2458697.3349079	15.568520261984286	0.024901628073563
2458697.3872418	15.43706573077534	0.0222485677760366
2458697.5546682	14.875231632408198	0.0184073173316304
2458697.7499703	15.525151987649783	0.0162726062667335
2458699.575852	15.101645361257503	0.0196789658995169
2458699.6020852	15.2423345709451	0.0212565357387939
2458699.9247929	15.732624884681783	0.0329996313140597
2458700.442895	15.40497579867472	0.0169086379235075
2458700.528952	14.957414517878648	0.0215586850756902
2458700.8737097	15.687416353573752	0.0241877536749516
2458700.9351719	15.390528189129052	0.0166139141497808
2458701.6107603	15.37025108049903	0.020379627713494
2458702.3518767	15.539299605160144	0.0250768964804463
2458702.3820148	15.517120792829624	0.0246243383342047
2458703.7564269	15.720990077539213	0.0422305955829646
2458703.9077287	14.80446522028722	0.0162916763080121
2458704.7376136	15.68891501057478	0.033570642458263
2458705.3603846	14.72364012231006	0.0200958081242226
2458705.5421174	15.59093836669301	0.0395337274190294
2458705.8377633	14.803798381413973	0.0382790538675363
2458707.8264954	14.889251446087092	0.0377968488528735
2458707.9057362	15.245736940890938	0.0294163154368101
2458708.5390253	15.54102035471738	0.0809765620473473
2458708.7118833	15.479266118185285	0.0625414485468807
2458708.9585931	15.522156440807766	0.0343277871916123
2458712.5560644	15.562390295980844	0.0610164029732441
2458713.9633765	15.47205922768322	0.0696313178213322
2458714.9549749	15.603186913407166	0.0345259477499827
2458715.6242184	14.922054915081288	0.0237792058361823
2458715.8805954	15.535279118442345	0.064341639374016
2458715.9584295	15.58359785646086	0.0280726120300217
2458716.5277041	15.296075862600546	0.0316665758524828
2458716.9760845	15.609788399080385	0.0224725743124098
2458717.5162222	15.199344073205827	0.0289531017620051
2458717.8031413	15.52836791575509	0.0302814789277328
2458717.974275	15.527789538096572	0.0233876702151516
2458718.4943075	15.057827758837492	0.0269746209333984
2458718.5354488	14.92503833955861	0.0185550906262784
2458718.5391351	14.967623454170022	0.0179530297542132
2458718.9670885	15.3902998506995	0.016143048471843
2458719.5001543	14.866039486522936	0.0211903346586521
2458719.9666304	14.933165769809095	0.0168662203753468
2458720.8357471	15.58069294687246	0.0188301941864123
2458720.8633229	15.41373469814629	0.0306329908547362
2458721.5290512	15.1447315601478	0.0184342877415917
2458721.8011439	15.595173517426248	0.0235044514193303
2458721.8897606	15.44394100808739	0.0141462187754813
2458722.6537189	15.47022168776592	0.0207936641956587
2458723.6112132	15.499770359881568	0.0271677612388568
2458723.7569837	15.628035510047118	0.0200220932172118
2458724.4995719	15.270685896893356	0.0133401881791858
2458724.6944733	15.54548901186322	0.0275107231114552
2458724.9532404	15.283918360454924	0.0163009577552722
2458725.6773081	15.578282406448103	0.0307898582570771
2458725.7117406	15.599241564610328	0.0297863092152627
2458726.5268543	15.461811795388533	0.0202786163896988
2458726.7232678	15.68972162036233	0.0374805029302209
2458727.375755	15.125650189799016	0.0168626479661892
2458727.5203974	15.57063289491218	0.0270563914965158
2458727.6843284	15.63568972175	0.031833809799236
2458727.9160202	15.407111428346123	0.0152809949859173
2458728.433768	15.325764706583833	0.0177048036892316
2458728.47396	15.618986029518176	0.0457906862884867
2458728.9231885	15.47423234393008	0.0173655541301335
2458729.4926651	15.569490941723256	0.0255118560989887
2458729.5074718	15.590599554614176	0.0316247637263543
2458729.738505	14.876329906219809	0.0192631110013775
2458730.4780981	15.654174627813136	0.0398880002805992
2458730.5018912	15.593025351967274	0.0256419806794034
2458730.7651498	15.01922335269871	0.0179090128549838
2458730.7725813	15.085267771633916	0.0295347693488942
2458731.5122142	15.68486968988144	0.0386360174033825
2458731.7213025	15.001503545851952	0.0191531681540503
2458732.8228397	15.518880364483614	0.0259242380695497
2458733.3473722	15.26790270168183	99.99
2458733.7584055	15.329373883298889	0.0203968055374085
2458734.4142187	15.526518765489064	0.0572517583856927
2458734.5107372	15.644633751759148	0.0418941595962104
2458734.7062817	15.331308540970047	0.0418382095800103
2458735.4295583	15.637451614609718	0.1010287855448559
2458738.5072847	14.847902462881091	0.0321998106075803
2458740.6022887	15.582247796776915	0.0645329023872399
2458740.89702	15.491259004046222	0.0422948232038497
2458742.228352	15.515841589668833	0.0304704521290888
2458743.2693428	15.491888220665974	0.0259646890375901
2458745.8095783	14.791561681168572	0.0166433694137921
2458745.889719	15.131971862818284	0.027016133861934
2458750.2991278	15.172553097496971	0.0151026844019406
2458750.6671983	15.13306467438424	0.0263919829475818
2458750.7864818	15.21613566258811	0.0165127384559625
2458751.5194208	15.672610356616124	0.0327637763389624
2458751.667451	14.6576111516615	0.0191230995464991
2458751.8621673	15.415850846586718	0.0150468107878265
2458752.6791995	14.932837006200003	0.0201073308170043
2458752.7262155	15.187552647525816	0.0223632745475968
2458753.6821239	15.125166450182512	0.0254276534327855
2458753.7559469	15.310948988961108	0.0189594095312177
2458754.28694	15.409667444822857	0.0225764717262058
2458754.6686686	15.143728641329163	0.0258725002821749
2458754.8461202	15.64647553330788	0.0265277854305442
2458755.6184384	15.038043546536136	0.0210852165636962
2458756.8406782	15.566475614010235	0.0195629123058256
2458756.862778	15.588798811553357	0.0185727391329294
2458757.8062586	15.724159889556626	0.0261045980362098
2458759.8311024	15.617635954905513	0.0262024700795386
2458761.6379543	15.570199878583296	0.0606765103714442
2458761.6611878	15.707158733504295	0.06317478908976
2458761.6704681	15.600428546020323	0.065820737505268
2458762.5875432	15.648028720834528	0.0581781088846869
2458762.6346021	15.528798755341738	0.057255695709346
2458767.3297155	15.08312710599422	0.0364126541561449
2458768.2935822	15.176167481463663	0.0481758053464018
2458768.3143315	15.213188393097436	0.0373136605928619
2458769.27111	15.049130512070397	0.0387772041582019
2458769.8056062	15.251660163615036	0.0333093178641151
2458769.8213229	15.4166113965437	0.0449081254744878
2458770.805049	15.416737929950925	0.0313101517584714
2458770.8167688	15.282479702152152	0.0443967206094251
2458772.3671807	15.441698768698933	0.0535798837163412
2458772.7892641	15.455269688116648	0.0242895857824523
2458773.6736242	15.17681763913651	0.0281781519463991
2458775.3197948	15.52891193714187	0.0269264006631046
2458775.5288	15.22246132857131	0.0221700264886127
2458775.7790931	15.573909687445308	0.0205816869701362
2458777.6725891	15.414014465921824	0.0167853912984909
2458777.8094362	15.568384167613182	0.0179510994864661
2458778.7306593	15.54308068637452	0.0192848425061439
2458778.8011691	15.622001798892631	0.0187315266082428
2458779.7851383	15.638229797344083	0.0234516482858239
2458781.5803955	15.38718148070247	0.0249027291220897
2458781.6066113	15.481223321552676	0.0222563743782972
2458782.6035145	15.60585474692984	0.0277804427733263
2458783.5979887	15.609793734041183	0.046860792487587
2458783.678692	15.42502869561402	0.0213818007100084
2458783.7246391	15.60934776955973	0.0213133763408967
2458786.5717954	15.552928040042538	0.0346374804662149
2458788.2797176	15.05952327510922	0.0156283632551775
2458789.7748142	15.184821029600725	0.0177390301116888
2458792.7176705	15.192188403312713	0.0231151596947277
2458794.7172682	15.474515473208042	0.0269388218591562
2458796.7167118	15.538385203002807	0.0248758687205226
2458797.2636955	15.324011205668562	0.0516062167673629
2458798.5303495	15.046224422439613	0.053108240896894
2458798.5569378	15.276995785033453	0.0663397653551751
2458798.6967609	15.59698691680678	0.0365619966669333
2458799.5360344	15.10835676605799	0.0448872760878396
2458800.5539482	15.454904422912488	0.0794497152368662
2458800.7161125	15.560685649573054	0.0428522627747107
2458801.7157864	15.65057430491716	0.0307006704591303
2458802.506923	15.38698087905294	0.0869741444247386
2458802.5538591	15.393083890026274	0.0365721947274553
2458802.7156652	15.618811930722758	0.0188678765222366
2458803.7154326	15.59402022600548	0.018555460053598
2458804.5531109	15.605004125716023	0.041986983758485
2458804.6919475	15.645877082132458	0.0269938995353521
2458805.5167716	15.611002664470382	0.0453721653980594
2458806.5175201	15.680575496804456	0.03798556819152
2458807.5103518	15.730076082741904	0.0566939691470929
2458808.5110618	15.78276293565211	0.112099363795266
2458808.5598269	15.567131788764886	0.0424795075512185
2458809.3061913	15.18901630922427	0.0225997000892517
2458809.622045	15.533737476617365	0.0239265724050211
2458810.6194414	15.293870293541673	0.0176693335293763
2458813.6876314	15.397516646212736	0.0406215019316554
2458819.5512685	15.33307817541596	0.0148785541023387
2458820.5474887	15.341441435600723	0.0316048635812633
2458820.5697807	15.336543791712243	0.0263032345655461
2458821.5699978	15.25810480280022	0.0200529720870408
2458824.5588892	15.414174653350388	0.0311780880262069
2458825.5551728	15.501110200876829	0.0412940543570245
2458836.5798917	15.154605042744842	0.0183130459027869
2458916.1598366	15.514783675599084	0.0882061290932756
2458922.6492147	15.687365259997614	0.1128333464000106
2458924.8941019	15.389639054419083	0.0511124160597417
2458930.1285898	15.050419830677113	0.01789730098712
2458941.1464864	15.75918748115457	0.0979554547798574
2458942.0747141	15.5980208130869	0.0250101643768663
2458942.0974517	15.499141253696925	0.0245341505460838
2458948.1098896	14.93118538059958	0.033243232291775
2458956.049568	15.356418229568208	0.0231620996303588
2458959.0241165	15.534566399659258	0.0190615151698864
2458960.0606106	15.657639347025553	0.0198600235376754
2458962.012284	15.665093723619377	0.031364039469647
2458966.0371354	15.64377675101304	0.0226990722398815
2458967.8833034	15.544754771408574	0.0222450386549551
2458967.8982291	15.54656432250775	0.0278895624286286
2458969.9991137	15.66036419431138	0.0220455999852981
2458970.0149999	15.52317725114422	0.0192899203877532
2458973.9931224	14.88642962112456	0.0279255100034206
2458979.5386948	15.60181408203116	0.0902222534868479
2458981.9012705	15.343946138277062	0.0514010179427522
2458983.8647681	15.28723534685014	0.0295586752085974
2458983.9611205	15.604945484306986	0.0235185147199989
2458986.0023006	15.620780431480489	0.0213018388644992
2458986.0376679	15.642613069312974	0.0218723972058895
2458989.0524719	14.97559524708381	0.0160976361138672
2458989.5236411	15.221824318649322	0.0172350928233899
2458993.4846522	14.932768049431983	0.0190442585637338
2458994.95436	14.992006115914752	0.020713312079249
2458995.9231383	14.99608093524243	0.0192262009310536
2458997.8481062	14.806893651695653	0.0192656216356416
2458997.8890939	14.989096675038066	0.0171093647718079
2459000.0004101	15.543579967953232	0.01624154536504
2459000.0185681	15.55707374287514	0.019590128227763
2459001.4575853	15.26155344876177	0.0441362946032014
2459003.9184692	15.666823640809724	0.0533734318508607
2459009.50546	15.322310627343242	0.0612230194975653
2459011.9427281	15.5374171111064	0.0352670960900971
2459013.8133529	15.394852584793782	0.0190363958249718
2459014.0602517	15.449318688200655	0.0251558401281983
2459014.9139274	14.804288032714831	0.0179893132166731
2459015.9484919	15.00573142543421	0.0295481076737052
2459016.9719955	15.31549856001238	0.0178589549374541
2459018.0119629	15.50531170539477	0.0149798248993765
2459019.4443692	15.338690667070976	0.0171001512416027
2459020.7964009	15.027231157480127	0.0188340965816456
2459023.0203296	15.59794060091463	0.020023147078324
2459025.4169884	15.57570143933498	0.059910623454673
2459025.7811296	15.325826191558123	0.0216569418514534
2459025.7998247	15.395913792551015	0.016193169775335
2459028.9830642	15.534676826922636	0.0155505698455766
2459029.0070276	15.185230868324588	0.0159789232782574
2459030.7699568	15.62278533338793	0.0385173419342046
2459030.9237918	15.639122006710984	0.0329533789686571
2459033.0561535	15.311749889389011	0.0181811563671898
2459036.9261525	15.295008028761565	0.0344143412704103
2459039.9781963	15.524263245573788	0.0253015872300338
2459040.8673963	15.372463940241577	0.0143573664116012
2459041.9534363	15.597828280979986	0.0226131448338397
2459043.8376148	15.383169375849404	99.99
2459043.9535311	15.567210450789846	0.0182534719792816
2459045.8903117	15.57113775551857	0.0343641067218835
2459048.5174929	15.094863908735192	0.0148105669396868
2459051.7984869	15.641674985942792	0.0246968233631031
2459054.0492881	15.387255491836164	0.0148692340015555
2459055.0568682	15.48464115404165	0.0264407435201944
2459058.8631111	15.184271238808414	0.0201539088505301
2459059.8282302	15.00260258584892	0.0174041577302433
2459060.7682177	14.886725955631698	0.0239026268224736
2459062.8364314	15.463030741005696	0.0339436745731932
2459062.8756981	15.507862950184752	0.0413962200013714
2459063.8857603	15.44350205545921	0.0917841453371645
2459066.7867263	15.612507891032784	0.0843979572525564
2459066.9682839	15.679781096284508	0.0596654508367241
2459069.9395667	15.607334884388182	0.0288614889679471
2459070.7725575	15.60571709221971	0.0217995918647546
2459071.8865276	15.491025923910158	0.0352019709971358
2459071.8901943	15.66970967133145	0.0516264427877082
2459072.8792286	15.318924612937195	0.0215799280898608
2459072.8829147	15.117811578185314	0.0257941316649691
2459073.8145439	15.599194001947287	0.0277139975730285
2459073.8182193	15.464859615020334	0.0304431060486362
2459074.8709581	14.770539126656963	0.0223716264392422
2459075.8176596	14.883775355471748	0.0195632326310096
2459075.83658	15.053604636696036	0.0159219496896943
2459078.8875536	15.375248779534052	0.0142226746487789
2459079.8187936	15.217759164739128	0.0162082832590342
2459080.8827348	15.45846093536081	0.016082326118147
2459081.779069	15.186257843289225	0.0183866047140512
2459083.6581534	14.898208565572771	0.0210900313467181
2459083.8584182	15.60425894025801	0.0217016034929329
2459084.8526326	15.414959137872293	0.0309669021802852
2459085.8190378	15.538886425556807	0.0230156936434082
2459085.8388556	15.426153756534324	0.0385272278180942
2459086.8414822	15.583451624225289	0.0222830944822879
2459087.7986063	15.655460321393749	0.0292425622243695
2459087.8150296	15.437324405291584	0.0239335271651406
2459089.8128511	15.678443258025805	0.0361032725432858
2459089.8543173	15.446997748432803	0.0294903766918076
2459093.7949179	15.42012151138233	0.0497810029766087
2459094.832001	15.057483429721426	0.0285026512373267
2459095.7328501	15.63783929292518	0.0330868062977667
2459096.918289	15.24107319783604	0.0365749503853895
2459100.865952	15.435554367845954	0.0193546210487077
2459101.4541827	15.469109340790997	0.036900662495707
2459102.9087758	15.569997368542152	0.0191034382854721
2459103.87163	15.639370357890709	0.0198915167587042
2459104.8819493	15.654222799784176	0.020652638573318
2459107.8839108	15.65357280518715	0.0191861590947242
2459110.8523524	15.657950549967117	0.0233608423220623
2459115.7611371	15.755298310571312	0.0291448358898776
2459115.8712644	15.020165762766478	0.0169574358419663
2459118.8355893	15.276788522821434	0.0297097230715916
2459123.7674514	15.406051498503906	0.0326673962874085
2459128.7456301	15.642604354062264	0.021662160737955
2459129.7598778	15.621912070947293	0.0224050213705304
2459129.8052847	15.593968812056987	0.0200705141792464
2459130.8317087	15.615669768344263	0.0185564148505133
2459131.7699993	15.616011695433658	0.0205301013220882
2459132.7963341	15.632532143214892	0.0247338206960784
2459133.7841589	15.653125106147666	0.0235239380960981
2459137.7366527	14.90951543960961	0.0152004321892092
2459143.7108196	15.341915265345603	0.0170611954977045
2459145.7517901	15.702816883020205	0.0322148482962259
2459146.7172325	15.496650700394962	0.0275765819387682
2459152.3156658	15.497149771148802	0.068658731312188
2459153.7313346	15.635202499481167	0.0394830678659001
2459154.3065803	14.982469177857006	0.0391263863690126
2459154.7253693	15.608332590940536	0.0365111778599387
2459154.7530686	15.447932179418723	0.0285597602076484
2459155.321128	14.922599807143763	0.0313689088719159
2459155.7325792	15.71169961317108	0.04004870926386
2459155.7552238	15.329912294978016	0.0277703912366402
2459156.3041244	14.977821194905394	0.0223534063574766
2459156.7283631	15.37393120447115	0.0203790545447618
2459156.7435155	15.041555947663728	0.0222534925609567
2459158.7240933	14.834353457579155	0.0183682158154112
2459158.7467011	14.950292883630688	0.0166454385025664
2459163.7002036	15.262630762373808	0.0172855431887514
2459163.7589839	15.464121164015152	0.0204460140527373
2459165.5570995	14.820141995831406	0.0200393355238883
2459170.5946849	15.487608754496174	0.0253369499442979
2459177.5821917	15.607248492435426	0.0440180625654349
2459179.596962	15.480023276170453	0.0397846386406661
2459182.5819147	14.799186620730014	0.0311792506417608
2459185.5812845	14.955403515024916	0.0367460445562025
2459191.5638427	15.290692913834608	0.0241965489983746
2459193.5408155	15.517212266244428	0.0323506073538395
2459193.5558374	15.448727290055276	0.0211561432049441
2459199.5347459	15.365760853679507	0.0605538055144427
2459277.1548204	15.071695234959144	0.0312583345172153
2459287.9026858	14.809706406701585	0.034012102368335
2459289.1431257	15.6551472020552	0.0255602785363109
2459289.9051177	15.12052301968746	0.0403156306385059
2459292.9968506	15.494508388001355	0.040294218515645
2459296.9793527	15.581059194171626	0.0325099441049749
2459298.6517588	14.93827742907868	0.028160604744313
2459298.8770171	15.590280762391917	0.0322750701572838
2459300.8993458	15.748146004063797	0.0445870887139932
2459300.9850931	15.48721785324605	0.0439006928647951
2459307.0906489	15.548386423799789	0.0275052010852039
2459310.8654266	15.025251449553927	0.0285574356131876
2459311.8799939	15.245231970921324	0.0240978054284749
2459311.927871	15.29542396363736	0.0223927261845168
2459312.0752071	15.60062086366486	0.0248760909757302
2459312.8359523	15.130061594549254	0.032246984684831
2459312.8600825	15.22612775445272	0.0242556823991685
2459313.8366081	15.277511631496758	0.0327668237210778
2459314.088608	15.596152155581295	0.0162427894782418
2459314.8557105	15.353528049304394	0.0189225803478111
2459317.6175881	14.95067990783106	0.0193388772914295
2459317.8427295	15.503758731550212	0.0385614342306806
2459318.643406	14.857465655727667	0.0174337444121814
2459319.5798069	14.76966215936702	0.020331860565265
2459321.0530085	14.717221340630518	0.0187936137042338
2459321.832045	15.489659784839668	0.0412621696883665
2459321.851618	15.672536699346365	0.0394001081179488
2459327.0359213	15.363707059199324	0.0236999798372089
2459327.0546962	15.399667139240778	0.0159641362648742
2459328.56187	15.52902490472494	0.0435515412009592
2459328.5996756	15.526584487113157	0.0283890037016615
2459333.7838251	15.118538050997335	0.0483734452530618
2459333.8483429	15.35106310881077	0.0552334259535487
2459333.8623416	15.15024266246356	0.0555892815051981
2459333.8636283	15.11615513004818	0.0698252739483216
2459338.7659346	15.429676104311325	0.0627695359303646
2459339.0380132	15.602183056332892	0.0366919033670559
2459339.8314675	15.579715027145635	0.039045597410796
2459339.8786187	15.59873472841514	0.0254579193464149
2459340.8011651	15.562248581969268	0.0315472946785042
2459341.916238	15.627600166229229	0.0357668456529595
2459345.7540056	15.511699712444813	0.0255262160696863
2459345.7754379	15.674978628830509	0.038860203713315
2459346.4804355	15.167221710502156	0.0272956804440648
2459346.792725	15.65185680372676	0.0295404998849323
2459346.8026942	15.709241772848769	0.0416425283297108
2459348.7784361	15.493045965370005	0.0303131055170967
2459348.8356862	14.918183474336717	0.021863495667172
2459349.7387882	15.515884063481083	0.0550552661951505
2459352.5162613	15.587643288419477	0.0462233633245583
2459352.9923185	15.55753859751876	0.0144113902418525
2459354.8994873	15.538488326079303	0.0270073007264066
2459355.8277993	15.365905397763328	0.0315793213850618
2459356.9768514	15.59387426273416	0.036125648472928
2459357.5000175	15.619988422802727	0.0374533433934766
2459360.925421	15.397917462000642	0.0231127479857616
2459361.1061195	15.228533461454983	0.0407226052274454
2459361.7360865	15.799558742328204	0.135926735151207
2459363.7336029	15.72444281450082	0.1003537971041395
2459363.7640855	15.500720759624045	0.0743827281436645
2459367.0929903	15.677768189400442	0.0266859222154016
2459367.8392084	14.892676310774648	0.0240598108156126
2459368.78549	15.44169694748145	0.0287978976332914
2459368.8525757	14.933530925989569	0.0180730047802716
2459369.7844268	14.770851081768194	0.0253309028172042
2459369.8575168	15.13465720287839	0.0198070324856957
2459370.7548471	14.933719442083714	0.0188431940803456
2459371.4423586	15.450361709174205	0.0302076349653966
2459371.8079066	15.16119649371726	0.0221690126885611
2459373.6981519	14.827783081973331	0.0207099012769288
2459374.7865596	15.27196362109125	0.0191775062014606
2459374.9907945	15.608869631262904	0.0166135178112442
2459376.7031805	15.161513289913335	0.022468961792533
2459377.1033367	14.667058168790172	0.0168291581803587
2459377.7545754	15.428654845690607	0.0275901008731586
2459378.4761059	15.554577273850562	0.0305426640985882
2459381.9144482	15.669848621354276	0.0208274315176951
2459382.7872794	15.49000627953145	0.0220348689948998
2459384.6493804	15.6115301628164	0.0661801260608912
2459384.754873	15.7293186456853	0.0363839320717733
2459388.0827669	15.622294975633162	0.020848475171406
2459388.6506123	15.796906155759284	0.1215670850009854
2459390.4830643	15.14888930870988	0.0672834376192234
2459391.9119388	15.470806779034223	0.042701863205623
2459393.8213033	15.54111780728678	0.041572728521895
2459395.8310669	15.51154230026964	0.0198948105952298
2459396.6429662	15.008009048974234	0.0209245938386662
2459396.6933261	15.188845853574543	0.019407054929364
2459397.8416682	15.372459034308667	0.0317146114003408
2459398.9008284	15.666606828571188	0.0180734282710814
2459401.7496127	15.47974044619274	0.0188189047899656
2459402.3484512	15.50324946281414	0.0288236545342689
2459402.8247845	15.629489697532954	0.0306066882540834
2459402.869583	15.686622003149717	0.0384262482363112
2459403.8534999	15.121123657475358	0.0161705520775511
2459403.8865044	15.296524994822182	0.0292625128844814
2459404.8701361	15.163680864647002	0.0257279265789744
2459405.3808989	14.959821493797104	0.0172271516293754
2459406.7374166	15.554573502727152	0.0364402194122076
2459408.5993856	15.55565148918475	0.0346718498911113
2459408.8500808	15.034930606497213	0.0277645747904822
2459410.406151	15.311084148530156	0.0187497304800008
2459410.5715911	15.61133704989544	0.0409121257307236
2459410.6619421	15.688246593340905	0.0360985967061272
2459411.4248219	15.410079181102088	0.0178951528200682
2459411.4436037	15.409504105983318	0.0234090585044041
2459413.0334656	15.60510601511339	0.0186606931716312
2459415.3403508	15.395228946886608	0.0478113215412005
2459415.7256734	15.254533561785308	0.0500788752360799
2459417.5549869	14.97815586559521	0.0608812626236765
2459419.669353	15.248608049443613	0.0805761203590724
2459419.7227671	15.693563501601115	0.1410218846895899
2459419.9074181	15.573101215839689	0.0540634507294475
2459420.4674111	15.137358992885684	0.0630348401841539
2459422.540724	15.274108063127056	0.0352427866181061
2459422.5642571	15.29560147098486	0.0392880356961424
2459422.7772313	15.72014537355971	0.0580985959033756
2459424.0120877	15.273208217141567	0.0249841402692018
2459424.6383243	15.728383099014977	0.0433731324733796
2459424.8839413	14.770888940578866	0.0195798687075846
2459425.4045991	14.903043524770949	0.0185707356207334
2459426.7084354	15.621108133636309	0.0373129606583703
2459426.9847072	15.40971704806495	0.0157423780025991
2459430.3722007	15.212104754569651	0.0174638131805115
2459430.3759707	15.243744574244769	0.015503210101984
2459430.9624187	15.592872224120914	0.0172424175368098
2459431.98531	15.55058053771234	0.0180361476480664
2459431.9969667	15.648597937890417	0.0194743542331253
2459432.4906726	15.621680401052064	0.0281856377304418
2459433.0074977	15.676991848397764	0.0262862557562372
2459433.5249514	15.51969531867018	0.0263728598156997
2459433.907102	15.552218340393972	0.0195238866082921
2459436.9522528	15.66015888414134	0.0186254267505549
2459437.241015	15.413194493892329	0.028982478625391
2459438.8971974	15.623169994450208	0.0183883301859044
2459439.6825084	15.49396855335396	0.0227865711926262
2459440.5671858	15.07761232201857	0.0404924782636502
2459440.7242899	15.551347990037437	0.0236551636256705
2459443.2661623	15.499262202122242	0.0607375858968381
2459443.5539909	15.346989685601272	0.0394799205008426
2459444.8967894	14.979827405920584	0.0241475048762786
2459444.9201017	15.042130735960257	0.0257283425653237
2459446.8037285	14.90528499157157	0.0266172571469331
2459447.8460359	14.99898009786547	0.0351164711750882
2459448.934113	15.41990864019044	0.0455755313858034
2459451.8810417	15.518890100249472	0.0215106767528529
2459452.7278643	15.066161644852649	0.0407358905325072
2459452.7470964	15.173483454714331	0.0424866439454355
2459453.6676929	14.874818729083444	0.0263268144230786
2459453.7693125	15.3828948440243	0.0533588051431537
2459454.8408312	15.539497543076328	0.0219805706396272
2459454.8833571	15.5484638930796	0.0248859683009195
2459455.7227201	15.356577595721744	0.0297072548632445
2459457.6985113	15.28668717652849	0.0265558303160663
2459457.9427197	15.621411119084904	0.0241101315150323
2459460.6726052	15.54707103201412	0.0326293602715395
2459461.6806638	15.613574340701303	0.0306695750632601
2459462.4609743	15.021545590695402	0.0171911078359263
2459462.7072844	15.5570247641116	0.0493790032866372
2459464.7611029	15.384912340121396	0.0133976535005307
2459465.7392466	15.520216163584324	0.0243086251850037
2459465.779269	15.583230030529304	0.0182126036423233
2459466.6591719	15.68263406272806	0.0356518591197253
2459466.6896324	15.540957456637752	0.0284141570488401
2459466.8134022	14.91881093654576	0.0165157005820019
2459466.8636883	15.12581410081262	0.0159914454437211
2459467.7624297	15.016291579987069	0.0191834439780084
2459471.6845756	15.4213614926206	99.99
2459471.7135323	15.003316044181805	0.0308483097950772
2459472.4749149	15.742638648479854	0.1243609578342352
2459473.7873442	15.39626183397334	0.0609967180609892
2459475.3546364	15.32207869316604	0.0490372088596365
2459475.8673384	15.523300254987838	0.0464770027297199
2459476.2692987	15.604061503094728	0.1059924092841045
2459478.297406	15.602093523064193	0.0772756704291752
2459478.5766749	14.83804210926925	0.0508233530474267
2459479.6491498	15.193239218341931	0.0626055370281174
2459480.8001307	15.623103048333483	0.0388160844468491
2459481.2550909	15.462463397619263	0.0304745760532458
2459482.8452596	15.630022537354916	0.0299605919385787
2459482.8646833	15.367729589305592	0.0265652911703899
2459485.835988	14.830293094874618	0.0176214244263428
2459486.7229347	15.603969807961072	0.02489728144869
2459487.7306416	15.578986900206656	0.0177727645952896
2459489.3007161	15.06390593367516	0.0182920311869792
2459489.6108675	15.480315542331498	0.0387198931462451
2459492.2794816	15.320066850950424	0.0159026494944454
2459493.3180296	15.414983020576251	0.0257955438034929
2459493.6906158	15.113357616990106	0.0147030964419878
2459494.5536387	15.594763738006144	0.0290976509643507
2459494.6626259	15.150947386444768	0.0175550065338423
2459495.7315728	15.356716562216825	0.0178344579270613
2459496.4006178	15.48076729504732	0.0237348024787536
2459496.7187802	15.419305090894458	0.0193911205969484
2459497.6995148	15.447415121516986	0.018197041225786
2459499.6295899	15.35757569147898	0.0210787789926377
2459500.5786172	15.386554142973464	0.036356544274835
2459501.6216722	15.61586029946924	0.0623390344602534
2459501.6232715	15.411702835691807	0.0333600301910307
2459505.5164272	15.515866666775844	0.0725566826598662
2459506.3310416	14.974167279414983	0.0546618888688078
2459506.7891047	14.867633144856	0.0261073826356037
2459507.5971383	15.48473882775733	0.0923034479919851
2459507.773258	14.87529877965042	0.0297158155807041
2459508.5647144	15.586576254013814	0.0829833383050558
2459509.6511814	15.610038966845494	0.0521624940253947
2459510.6754422	14.85040741733764	0.0348905404797532
2459510.7796287	15.246893595187814	0.027183079732203
2459511.6645693	14.869893848714575	0.0265756855100836
2459511.6741741	14.891400414429045	0.0238187114531869
2459513.7590659	15.353337699991805	0.0200496536249337
2459513.7705092	15.417280513678683	0.0143555155969538
2459515.7313317	15.465681551823948	0.0115839520620023
2459515.7583925	15.507796761042345	0.0132836902148615
2459516.6407885	15.241978726783907	0.0174303677513598
2459516.6786407	15.269960506616217	0.0179883796974379
2459517.5272831	15.4213614926206	99.99
2459517.5348806	14.950259377576796	0.0215665848145087
2459518.666359	15.370999929478264	0.0155314383683791
2459521.7177139	15.59791511835818	0.0163208060477078
2459522.7403072	15.538425656576678	0.0202613257172779
2459523.6414805	15.497724060286895	0.0235665594362554
2459524.6594369	15.547577674403367	0.0254717869377683
2459524.7245439	15.653120470675006	0.0234748334741741
2459525.6443791	15.529962770127554	0.0272018323709132
2459528.7351154	14.788300740646068	0.0205292613447289
2459529.2691028	14.94138374120281	0.0361500700860287
2459530.5448931	15.634341919019295	0.0601884155441546
2459531.643211	14.726392178314857	0.0241570114377972
2459534.3056698	15.41708743826832	0.0956081564100572
2459535.509986	15.87735704303589	0.2156920508862363
2459535.5802129	14.934296076507197	0.026678477728201
2459538.5464376	14.835688382237764	0.0548886793572006
2459538.5895988	15.180042448468354	0.0485853558484005
2459539.5866931	15.324926398124052	0.052744056410667
2459539.605738	15.344031746223605	0.0569584403839797
2459543.6877993	15.709360774115522	0.0545554918850244
2459544.6955124	15.570839074891946	0.0205039678447565
2459549.5592655	15.575308186755027	0.0236055753159633
2459549.5742418	15.563178442409074	0.0267041283449209
2459551.555481	15.60482478008266	0.0274716771363724
2459551.5752006	15.551753195455778	0.0271925709132177
2459554.5593575	14.80869267948152	0.0178649140212351
2459555.5369333	14.882195600004277	0.0290057611746968
2459556.5421441	14.973378570764051	0.0206558061633133
2459639.1578226	15.738084937362052	0.0665661270631695
2459641.1543603	15.616627446435734	0.044078997991829
2459644.0094102	15.362005718537432	0.0438779030339634
2459645.1438784	15.604073287843365	0.0368744678617141
2459647.1597655	15.62509272331138	0.0916565321918506
2459649.152452	14.76887109191675	0.0245136306989392
2459652.15393	15.045508603440664	0.0347281561057109
2459653.145602	15.255839362166878	0.0239019064129183
2459655.006733	14.756421006300616	0.0367470521979787
2459655.8942211	15.46216884547896	0.0692985376327375
2459660.1301078	15.509228828091343	0.059165425431046
2459660.9038291	15.066266692866028	0.0448756762895209
2459660.9113532	15.026892460912794	0.0658562753967624
2459661.9029645	15.239026491026843	0.0382796296375975
2459665.1167498	15.62521620190256	0.0283861653115647
2459665.9815744	15.451123029235935	0.0326307338432646
2459666.9936658	15.415209880981848	0.0407168069616986
2459675.8823688	15.750399879438998	0.0326131355649638
2459676.8558934	15.626858759964056	0.0400345213025735
2459677.9514012	14.975061788449857	0.0182941986570672
2459679.1137041	15.622695876918018	0.0188122365608951
2459680.8951606	15.12049889741312	0.0204846499149185
2459682.0636232	15.64791923287321	0.0230496091863254
2459684.0640003	15.46170994408218	0.1144287235580805
2459685.0362241	15.41938146815725	0.0806415462733503
2459688.0310064	15.718785138119078	0.0837106335910181
2459688.5955978	15.327058014368626	0.0790973916176537
2459690.8336003	15.634737145314048	0.0684873283813546
2459690.8396327	15.583050068047402	0.0342277561850006
2459690.9005286	15.561434727717586	0.0370977522498458
2459693.965393	15.276426430144078	0.0241231965921492
2459695.0095596	14.986375705052057	0.0166927828204542
2459695.8841148	15.768666283017437	0.0370996356935578
2459697.883476	14.820740317178387	0.0202773912628323
2459698.8301297	15.509398610429884	0.0327129352517651
2459702.6001523	15.552698496270512	0.0272078046513911
2459703.5679361	15.528873665367785	0.0318049499586615
2459705.8973654	15.519088699339331	0.0234352452632127
2459706.9423189	15.5519184244233	0.0254697778246224
2459709.9401641	15.563040615431987	0.0259005016214403
2459709.9850759	15.627150297471369	0.037746949360039
2459712.8315189	15.602877162797745	0.0853749368554531
2459712.8512132	15.43006725406302	0.0521774249235605
2459712.9840507	15.14740050149974	0.0314645948995609
2459712.9852805	15.23575986998193	0.0423098449129584
2459712.9865335	15.064917295279615	0.0610306582348669
2459714.5523694	15.033385507707406	0.042689638626894
2459714.8240159	15.750032354493948	0.1324375163968869
2459716.5274175	15.009437395025518	0.0619528221712994
2459717.8302482	15.708622532536673	0.0706562579970151
2459719.7352394	15.835503660021462	0.1157294599230424
2459720.9721114	15.442759908592956	0.0175527173394844
2459721.9210738	15.341469191487317	0.0233382491372111
2459722.743939	15.00146382915034	0.0251199859529946
2459722.8578187	15.194765491305253	0.0212613135463308
2459723.7871747	15.021136926573138	0.0241468739120853
2459724.6793362	15.220026731960983	0.022410356670789
2459724.7365638	14.8428537668607	0.0339818922457027
2459725.5603373	15.410085060608704	0.0287937345816588
2459725.8267346	15.316449544716422	0.020959347477498
2459725.865763	15.427127423679876	0.0137458195397618
2459726.7714715	15.332946032710195	0.0225669500873513
2459727.5446443	15.505549280083065	0.0358954155779181
2459727.9094535	15.72558541744502	0.0297243496855499
2459729.8482848	15.641005834544888	0.0268466153195136
2459731.5136865	15.074517301751577	0.0157780613745121
2459731.9410843	15.674941472707298	0.0241028643108839
2459732.7766674	15.54747036779849	0.0316150879569905
2459733.4755128	14.912530362232731	0.0166739624265224
2459734.4492038	14.786574132593618	0.0191824731248744
2459734.9710754	15.00273561073036	0.0166333479810771
2459734.9723387	15.065865537736984	0.0159864071205652
2459735.9268028	14.769543927438276	0.0188842067291929
2459736.4735832	15.067967063284948	0.0197244935386291
2459736.4748468	15.080864572717449	0.030805510348836
2459737.8067766	15.610109963428007	0.0245737317094306
2459738.7082719	15.633797094290887	0.0202084292432619
2459738.7095241	15.685409011514528	0.0244287165470421
2459738.9156275	15.238839483945585	0.0147094122789789
2459739.7931013	15.307962013066538	0.0171663054039129
2459740.4790149	15.379160118154868	0.04099722509286
2459741.4914668	15.551978485383282	0.057935823512237
2459742.0411799	15.679414533393716	0.0293206855649797
2459747.5512117	15.703031495290867	0.0963998861199999
2459749.8414577	15.523912404211462	0.0355388981117993
2459749.9385354	15.446427952404044	0.0367534897540666
2459750.979657	15.457825428837836	0.0126720443893462
2459751.7843717	15.449303694369728	0.045486339551174
2459753.7409657	15.556361233473051	0.0287863010277061
2459754.7881305	15.58041175852413	0.0237957952565216
2459755.4613993	14.901841048471177	0.0167258062155223
2459755.935642	14.8240318956113	0.018442400418703
2459756.3950297	14.662729502212722	0.0187143854909367
2459758.8350275	14.71934312821767	0.0193307038805811
2459758.8362925	14.74839348146456	0.0211958760993531
2459759.7587617	15.623857621447977	0.03063169410353
2459759.759295	15.525657867572384	0.0332052587924048
2459760.379672	15.25913300580858	0.0139223789760818
2459761.8342893	15.189713320088202	0.0185862729876613
2459763.8786814	15.397451737406566	0.0207841143016103
2459765.3675387	15.388940614357423	0.021517605936117
2459765.6377247	15.046083942397049	0.022927735316063
2459768.3504943	15.381846491870572	0.0446423383982746
2459768.3655642	15.42654171934501	0.042500363293432
2459769.3685178	15.413715839714614	0.0434831245131535
2459769.3877936	15.77421426471548	0.0664128160605623
2459769.7986487	15.555786420688332	0.042970420061543
2459770.7716014	15.6664990135295	0.0555767772035124
2459773.3533527	15.3607478190442	0.0903285756105142
2459774.9653633	15.10326528167814	0.041988855703757
2459775.4813974	14.83359080350438	0.0730351525309677
2459775.4851421	15.198654421141503	0.0836452186313355
2459776.5007837	15.240199714218736	0.0505815950741977
2459777.3153058	15.353338072481112	0.0596275211370203
2459777.3454336	14.996935297306283	0.0445798261993481
2459777.9020095	15.020373638563347	0.0279906415330543
2459778.3056433	15.204020375398152	0.0299072387435756
2459778.4998629	15.748974295530855	0.1240576687583556
2459779.8298892	15.01271058194376	0.0159570406267864
2459781.0212587	15.513036549963514	0.0245547531414818
2459781.3309373	15.077014172452284	0.018135474294441
2459781.4519678	15.330891750734985	0.02270641072566
2459781.8706949	15.286112058142834	0.0179722056634324
2459782.3174884	15.083868893250964	0.022117176736633
2459782.5895102	15.53048650089694	0.0354488796464165
2459782.6273166	15.62161820755212	0.0247331609234186
2459782.6415772	15.657060780526812	0.0286726229127278
2459782.6612969	15.63892895616429	0.0262059136964725
2459783.5429372	15.497352469981324	0.0231066782546346
2459783.5441776	15.59374822817907	0.0319072752101463
2459783.8607063	15.496020189127323	0.0314585252534393
2459784.5666055	15.7493491242621	0.0352651012777986
2459785.2911468	15.209823109874964	0.0224222035227019
2459785.3175003	15.451859907827558	0.0185165268669776
2459785.6881347	15.013973511017584	0.0174055247563363
2459786.2916361	15.442720032184116	0.0230963347308626
2459786.3684799	15.550812138000206	0.0232951045251855
2459786.7719747	15.46265289256149	0.020501806184348
2459786.9077633	15.528074482130997	0.0214274371027506
2459787.422876	15.41523736230385	0.0261378419557232
2459788.0016373	15.650880373518874	0.0221589499305715
2459788.3772849	15.403897306023175	0.0281684928670589
2459788.6411074	15.19299562098061	0.0199128282288537
2459788.9638252	15.552041037955854	0.0151486064809838
2459789.3698357	15.579588223980604	0.0364002355754052
2459789.9016562	15.62466710671073	0.0176598703995516
2459789.9476732	15.649342828798613	0.0242487741552687
2459790.8474127	15.516330014708004	0.0242239588590519
2459790.9187085	15.691724953134583	0.0241676182044023
2459790.9199731	15.626204278497426	0.0267744069808074
2459790.9572271	15.658369262845689	0.02362293088362
2459791.8279135	15.615377875458773	0.021979762296411
2459792.274922	15.093165995535603	0.0173491258054709
2459792.3665094	15.550805236179986	0.0308070331900243
2459792.6283876	15.424952783906765	0.0210457560553306
2459792.751299	15.623922496754572	0.0269139290492124
2459792.9177303	15.782432856537133	0.0338526178672899
2459793.0210894	15.067903082708618	0.0168584280578817
2459793.805282	15.68630686024288	0.0250960958611539
2459793.8065466	15.682132859326124	0.0282714637590832
2459793.9881125	14.980892621163605	0.0178882667704614
2459794.6016194	15.27342675958699	0.0243743042727753
2459794.6029062	15.269974683380996	0.0289301376287251
2459795.5190097	15.358474812875262	0.0225491748479378
2459795.5385933	15.48501786844896	0.0191624523527408
2459796.2686254	15.502198018304869	0.0429711557964722
2459796.3415786	15.393837372816554	0.0295261161411082
2459796.529567	15.450608411680385	0.0297641431293804
2459796.7706109	15.611069221072697	0.029422474254063
2459797.2880978	15.375934097125782	0.0306042553014787
2459797.6660319	15.561676249684233	0.031838762900633
2459797.6685128	15.542444363952043	0.045650712630508
2459799.6982054	15.689213815390875	0.0511151486013565
2459800.5876318	15.609866422082687	0.0662622182118919
2459800.778286	14.738990044068387	0.0290581083730698
2459800.7795843	14.732219527480574	0.03427215220761
2459800.9430375	15.473355277698207	0.034264175973826
2459801.8479563	15.108136853902076	0.040520451104755
2459801.9396506	15.518068646631033	0.0345134394598835
2459802.9136953	15.471708227125813	0.052306355231202
2459803.9522169	15.736268272451332	0.0783442992338239
2459804.8614731	15.502500735109416	0.0420142175318815
2459804.988585	15.74390886974514	0.0505388852054599
2459805.5018029	15.724358696035525	0.0443173599473534
2459805.5030782	15.832038328326286	0.0615870145818166
2459805.507066	15.666490024825013	0.0402624515582121
2459805.5095235	15.58269742560145	0.0527282021979358
2459805.7403452	15.302386310600015	0.0471739876954184
2459805.7415854	15.350763895324416	0.0568338039078046
2459805.7428256	15.02198944161318	0.0700170961305102
2459806.5485677	15.794379605874022	0.039423834758985
2459806.7422821	15.304228757587737	0.0327386215169465
2459806.9608535	15.653123518622944	0.0347404930975838
2459807.7048103	15.384539864219493	0.0294720918331755
2459807.7389559	15.308518294560256	0.0315311165288164
2459808.3210533	15.471588697334584	0.0242837744781995
2459808.5686585	14.751251401513509	0.0181877943850135
2459808.5698884	14.74908401122671	0.0192389594813684
2459808.6216032	14.99576021420734	0.0181488575445953
2459809.5638843	14.835608396744648	0.0188942514960502
2459809.7890274	15.62664331662803	0.0366699613241299
2459810.5156703	14.715550822335102	0.0184432414898098
2459810.6412467	15.25804977458804	0.0213488752260621
2459810.9543488	15.668644909817496	0.0274160332097874
2459811.5112265	14.84468505778114	0.020694979076503
2459811.9236791	15.696070777057953	0.0268772719223603
2459811.970095	14.707931663964215	0.0172150109572788
2459812.4721927	14.759433151600009	0.0175470850926713
2459812.9576274	14.747423664629762	0.0158949352139359
2459813.2584368	15.704417317465452	0.0340595749715411
2459813.6124343	15.385156203440966	0.0193368767002119
2459813.8871798	15.539465940919408	0.0177915137369329
2459814.5790461	15.499110416872528	0.0205283285431164
2459814.7128254	15.615521044246748	0.0325867202601894
2459815.2382716	15.106292290927192	0.0151209110501842
2459815.6607922	15.628335280653648	0.0273633789025134
2459815.7179873	15.61739162532298	0.0303652875051019
2459816.5091017	15.344174956311656	0.0236442880511447
2459818.2197501	15.358489771244566	0.0215110693019688
2459818.6427723	15.654752514749644	0.029952281708521
2459818.6452762	15.624334482517504	0.0399702337784423
2459818.7236021	15.59867357906253	0.0243970364268772
2459819.2892505	14.920576038572266	0.014292656613318
2459819.2904907	14.81543554313965	0.0217969943075536
2459819.6267606	15.757514035891273	0.0342006459275486
2459819.6639304	15.534339232239669	0.0346052617537811
2459819.6665305	15.591637757061026	0.0541458811074793
2459820.6932771	15.675369139546948	0.0309394958451966
2459822.4579085	15.52767863191516	0.0254596910436644
2459822.8196812	15.307693218564792	0.0176153519949779
2459823.6897026	14.903162758117157	0.0201085001459056
2459824.53082	15.598381884925583	0.0301301181112573
2459824.9344439	15.650277470879493	0.0211355431999157
2459825.5775014	15.465320380355733	0.0306204577765615
2459826.6623751	14.948339184883215	0.028279955095501
2459827.5169369	15.699490579781038	0.0469807872686171
2459827.6734991	15.146180166838668	0.0254287920149087
2459829.3579036	15.635463364056776	0.0598584434216453
2459829.4034595	15.51154089175312	0.1005682027119557
2459830.699958	15.288661565780924	0.0597833645805482
2459830.9121952	15.681541990213834	0.0659264979120724
2459833.7853849	15.689942162102623	0.0464951295072542
2459833.8316884	15.486016594651176	0.0582723031762321
2459834.5154273	15.370632940623388	0.0307587425127421
2459836.883333	15.039536324108855	0.0234312948547302
2459837.6502673	15.621203321779776	0.0318886309816114
2459838.9015857	15.256073054310814	0.0218129785954187
2459839.7620639	14.823430183364252	0.0196201423803281
2459840.6718761	15.598213443358569	0.0431420728697284
2459840.8506816	15.246878671098896	0.0155100029488021
2459841.8420122	15.386180205304456	0.0136475127846364
2459841.8764401	15.414990751284607	0.0150545391583988
2459843.4322497	15.567080972103138	0.0305259318994852
2459843.5988138	15.71663178611907	0.0312108756884261
2459844.580419	15.667064342678032	0.0333664173176066
2459845.3097114	15.364667925944175	0.044080378820234
2459845.6706581	14.989716216344874	0.0166041177481688
2459845.8159787	15.477742116785508	0.0150674098309065
2459846.6978931	15.214462862703934	0.0187769616746571
2459846.8435666	15.63871118199238	0.024925509978704
2459848.6273551	15.23240582298924	0.0177652923438507
2459849.6148845	15.336545477733782	0.0204018261257482
2459849.7741292	15.5982511428305	0.0194819977760041
2459850.8126178	15.556264935469876	0.0200865961478633
2459850.8663872	15.694460434672258	0.0219416279117034
2459851.6331441	15.370380669545485	0.0164137702028624
2459851.6444597	15.559053767850138	0.0264104205331312
2459853.6072379	15.477275456241388	0.024732878042094
2459854.6146366	15.471446738645987	0.0349766126649846
2459854.7549935	15.630129850467396	0.0249819128544857
2459855.6192628	15.53224823714709	0.0384091119289768
2459856.5186637	15.47373852208018	0.0332019186733411
2459857.3147841	14.77985828834958	0.0287025186546142
2459858.5690823	15.412624329631806	0.0549397765553504
2459858.656471	15.373011620504462	0.0755010791952623
2459859.6013571	15.649583940369956	0.0859840456976341
2459860.2645438	14.767743157631363	0.0455583167869888
2459860.5911066	15.8643472029647	0.1131722793236846
2459863.5316496	15.609524869175312	0.0650866192724153
2459864.5752878	15.632474804418957	0.0673766780285278
2459864.8200978	15.49040426320852	0.0281101390180614
2459866.7448576	15.427263184428371	0.0175591081212267
2459866.8137926	15.546896402454426	0.0288326580654387
2459867.7721417	15.514248447624253	0.0177221188335996
2459868.775205	15.63836358120167	0.0218113954151227
2459869.7863009	15.578646565151637	0.0223880296866253
2459871.7814656	15.596730515151506	0.0209464986546679
2459872.2957248	15.647441741497955	0.0377055472688843
2459874.3351161	15.594988170325212	0.0349968676952425
2459875.5853272	15.577101170100956	0.0299446055264254
2459876.7741871	15.58017229681482	0.0209824539267134
2459877.326033	14.780515219135186	0.0226925458391073
2459880.277908	14.924489392503048	0.0173230195964096
2459880.7617033	14.949857988316918	0.0170501368126271
2459881.2972684	15.075358468760069	0.0233731144588492
2459881.5794416	15.672857490989417	0.0334983595505142
2459881.7462494	15.01008368972717	0.0182875022610777
2459882.245326	14.914890282998162	0.0531730130352101
2459882.5947992	15.506787777410215	0.0246137196345633
2459882.5972919	15.514388022375572	0.0359401657841163
2459882.7420098	15.12107389203292	0.0173616609757635
2459883.7377592	15.176658443323486	0.0207234881378594
2459884.2464882	15.358189361777676	0.060956595204741
2459884.5256777	15.532547600078336	0.0495431146507627
2459884.6777942	15.032337795527704	0.033210363366891
2459885.521413	15.55059776449474	0.0521731383869856
2459885.6535253	15.00885912673192	0.0284120087009063
2459885.6911559	15.205975105588143	0.0309510142879626
2459886.660929	15.16096604158722	0.0308042803941023
2459886.7292398	15.322128498484256	0.0248617188389033
2459890.7203352	15.570877485478643	0.0587269415320116
2459890.7432844	15.6610070490263	0.0393603248643043
2459891.2911922	15.583201407700608	0.1111018558598324
2459894.5143727	15.330306551243677	0.0253024500814118
2459895.2972486	15.548478466652943	0.0430301446024468
2459895.5628181	15.629581693276268	0.0357040773081394
2459897.51478	15.433075988896029	0.0258429931428256
2459897.5300484	15.638673100461215	0.0327468153936153
2459898.5073152	15.602978516775512	0.0768187663824139
2459898.5186783	15.560683446872396	0.0314285663298052
2459899.7037344	15.583268612372503	0.018702450430987
2459901.5281653	15.624643830266008	0.0285586839771372
2459901.5975382	15.536719530796306	0.0204710420079971
2459906.5825522	14.697899260379115	0.0196832064485812
2459907.5860536	14.86810234752398	0.0166958762941962
2459907.5976912	14.926718129920582	0.0176620262144963
2459907.6001854	14.888438224300046	0.0257417021334385
2459911.5421339	15.163149633406436	0.0135895885455368
2459912.5422161	15.271564071997275	0.0164992835897945
2459912.5434678	15.327217959776585	0.0392605373059977
2459912.6011661	15.41336950620822	0.021738945858036
2459912.6023948	15.387442309514205	0.0246978167869316
2459914.5618615	15.514334319085894	0.029974015630722
2459915.5817655	15.5395682575989	0.0440957725943223
2459918.550537	15.068507547925478	0.0950116507089082
2459918.5517889	15.21653597403696	0.0976473097430122
2459918.5743757	15.342840348818465	0.0579431175998315
2459918.5756164	15.340208432548932	0.067420912409603
2459926.5649408	14.764950176576953	0.0218927476095433
2459929.5459004	15.005558944112522	0.0276970810316738
2459929.547129	15.01280370330675	0.0338017593672543
2460002.1645694	15.06277965644501	0.0709355034382037
2460021.6489591	14.649899798592845	0.0254450526985745
2460023.9097348	15.562868399043444	0.0948188175558343
2460026.9930954	14.732873955874595	0.0321851236038225
2460027.9950988	14.721066529420238	0.022923135611106
2460029.096138	15.349504667651823	0.0243892295265346
2460029.9809458	14.961678903645764	0.0228551762833315
2460032.8980947	14.976861828471336	0.0196828144246111
2460034.1057908	15.626416009991733	0.0301238035198683
2460035.6091823	15.417499460275703	0.025230137392332
2460037.608728	15.380509948849458	0.0238323270827659
2460037.8798923	15.46060383464365	0.0286278110573531
2460039.9752646	15.73924163557868	0.0674438391006966
2460043.8715515	15.654099111500289	0.0749762416924227
2460045.82486	15.446570805701835	0.0403267366342366
2460045.8477647	15.686570059847655	0.0481035626303108
2460046.8618291	15.638556199925478	0.0421656550325479
2460048.913084	15.209999670342544	0.0273878245490998
2460050.0401121	15.408946981718826	0.0169955028719456
2460050.5966349	15.37190156323578	0.0241335900483628
2460050.8838774	14.888208234822349	0.021423833307632
2460052.8591256	14.96183544054904	0.0288474125854765
2460057.027687	15.603177474824204	0.0247874682747017
2460057.0469543	15.576962786206254	0.0216219218736182
2460057.0482189	15.57287767815994	0.02263878105175
2460060.0120475	15.70892750621178	0.0328396479755299
2460060.0313646	15.608827562834254	0.0256412592525594
2460061.8905821	15.546248040925772	0.0217370996223789
2460064.5557147	14.889215400398031	0.028795350736861
2460064.575368	14.794262979071435	0.0178452290377776
2460067.5327068	15.063276260739432	0.0193257445863747
2460067.5625257	15.407475109963016	0.0775401775175902
2460069.905278	14.54675769984097	0.0275417948768615
2460071.8014732	15.503965790467367	0.0862289102181572
2460072.005235	15.373532877286523	0.0487115345455947
2460072.7849743	15.45794549722247	0.0663795165431302
2460072.8116582	14.792521826233608	0.0300386526043219
2460073.86223	14.958978172678384	0.0944640946116402
2460074.8716169	15.246361551911152	0.036295763427063
2460075.8597995	15.225639213699264	0.0612150590038542
2460075.8673223	15.18539354319457	0.0378803219520588
2460078.1163632	15.729541372193932	0.0356973626699582
2460079.050492	15.630450182915473	0.0327716817370554
2460079.1205537	15.663689283601268	0.068263919296909
2460080.0516327	15.601850273757536	0.0273934720377892
2460080.1170912	15.192840198453888	0.0229647430567765
2460080.6082865	15.035177296353693	0.0164517414401452
2460081.1213021	14.719897826391133	0.0290248500533193
2460083.0517997	14.919839874730588	0.0187105138298291
2460086.0041588	14.845714548229466	0.0168596092159028
2460086.015131	14.874072669841766	0.017282912101366
2460087.0307781	15.107855878789078	0.0174102766351417
2460088.0310222	15.16178254823149	0.0304700542851228
2460088.5420231	15.249925390775411	0.029244080429011
2460088.5533486	15.181642393123935	0.0187294817366588
2460089.0391858	15.350131258248956	0.0223553295617639
2460090.9536028	15.146376447615385	0.0213964942431469
2460090.9612128	15.157804039931882	0.026118800446141
2460091.5003419	15.329636640595847	0.0232170409309218
2460091.5155746	15.311410384672834	0.0231667692795982
2460091.7601156	15.770245567365958	0.0333459848912167
2460091.9496548	15.31547439351688	0.0197453942787799
2460091.9610964	15.331966737532303	0.0228583801662968
2460092.4948796	15.415737711577597	0.0177827944939252
2460092.5138368	15.348736710130693	0.0189720451694447
2460092.9687104	15.304766417326125	0.037862829911206
2460093.4900726	15.458810788556658	0.0223162394921382
2460093.5208656	15.421610433638213	0.0219848778641633
2460093.9501649	15.43175801590908	0.0300600044518144
2460093.9539702	15.473665201209965	0.0295295483944394
2460095.9352254	15.603833895141245	0.0436071196183949
2460095.954372	15.55246604814432	0.0477992802081801
2460097.4877438	15.713370420982052	0.0756619996595356
2460097.4991614	15.71243859573074	0.0792121439800161
2460100.9490348	15.535969182041718	0.0693254495404838
2460100.9553431	15.73501881811751	0.0731575333196255
2460101.975143	15.60381534323511	0.0493038382873346
2460103.0016808	15.541545900570544	0.0446816155285796
2460103.7043681	15.43254448642502	0.049266383096835
2460104.7281601	15.585299407127051	0.0718873082112647
2460107.114099	15.436361971172545	0.0460415702927167
2460107.6888981	15.499596685524429	0.0211170487350824
2460107.8024361	15.539564505752168	0.0293450270990257
2460108.7813321	15.67838181853938	0.0371856477941351
2460108.835376	15.553059729982916	0.0357311055722194
2460109.7719708	15.805994860557606	0.047891503076272
2460110.1197396	15.33678195421128	0.0612860162923898
2460110.8563121	14.766617834187103	0.0255946582549854
2460111.7877333	15.64076493351078	0.0283308601064998
2460112.6895133	15.544231163523758	0.0356403620686366
2460113.8077289	14.855012906818414	0.0205963223246573
2460114.6984641	15.487936329065228	0.044673596580208
2460115.991785	15.721857214311692	0.025200927542041
2460117.8950847	15.545845971531566	0.0199422415360362
2460117.8963377	15.535687413133704	0.0244960351406388
2460119.7086143	15.161741835283438	0.0190908119567003
2460119.7222233	15.314372944086658	0.0191827372972556
2460120.958022	15.537038093104574	0.0134361895772014
2460122.002047	15.718796444543464	0.0277870292548441
2460123.6388351	15.261210424958737	0.0289078660855115
2460124.653917	15.466248552162888	0.0337038204370372
2460124.9349345	15.606700343639607	0.0322691922993877
2460125.616061	15.274110325141692	0.050276228984635
2460125.9149055	15.80920083848291	0.0433704531107965
2460127.6686369	15.483664427700214	0.085976933665251
2460127.7522778	15.834068581185084	0.0885271273038774
2460130.6973488	15.44127172700588	0.076074506164632
2460131.8856966	15.048573642064287	0.0564636251694137
2460132.9329434	15.405757206298388	0.0314669032383237
2460132.9405889	15.339101656204424	0.0259934447107026
2460133.6888895	15.57966273060612	0.0423122974032106
2460135.8614587	15.393834678691828	0.0238586912672252
2460137.9379705	15.630253534906862	0.0222201967846804
2460138.7710913	15.299184832494078	0.0179330310383522
2460139.0480531	15.667436722679115	0.0303752771539326
2460139.7807324	15.391012549269885	0.0200608126159686
2460140.7909088	15.487270472999633	0.0217747540541409
2460140.8137691	15.650866282057034	0.0271682877531097
2460140.9292924	15.614302770395264	0.0252097513639977
2460147.3196257	15.620519263829555	0.0307880582556518
2460147.8316599	15.565334429515252	0.0252436643756218
2460147.8772911	15.357173171079534	0.0164336480965587
2460148.7476713	15.447772626097978	0.0305098627717983
2460149.8217095	15.37816177609782	0.0302885926966412
2460150.5076764	15.482404403799537	0.019473683563471
2460150.8647221	14.98111126743532	0.0174628159130727
2460151.7511005	15.184721488759948	0.0153918879738459
2460154.9012156	15.45763144881972	0.0280508739167606
2460155.8587743	15.28066467493712	0.0529340780541291
2460156.5984092	15.393215074263203	0.0569861747289496
2460156.7003004	14.9387740713394	0.0326989723570404
2460159.6107534	14.875309138150158	0.0375266848985164
2460159.7087627	14.97479892860519	0.0613021820171043
2460160.767739	15.342989845644116	0.050679348997214
2460161.9360156	15.67607747539502	0.0342537070188673
2460166.4558823	14.84719753260421	0.0152965163281966
2460166.536149	15.139211353236506	0.0198595266896301
2460166.8434372	15.60931003978855	0.0319765096584106
2460167.8686029	15.099224154089043	0.0572004814212397
2460171.7393793	15.834554205956325	0.0437302631308042
2460171.9850875	15.53984140796986	0.0171013327003455
2460177.745395	15.1372393418295	0.0202417379728303
2460178.7446273	15.300672482234338	0.018065200004756
2460180.8043128	15.612174384723753	0.0246187439922854
2460181.9533757	15.575260658714242	0.0219900083290819
2460182.8473931	15.490662612787313	0.0214204944687077
2460185.3483098	15.462097535707056	0.0655690653654661
2460187.9191479	14.856457001942704	0.0288740778883191
2460188.8090469	15.670573408996788	0.0928927932253895
2460189.3070192	15.86018627905966	0.0762733541818303
2460189.8117391	15.468577583223158	0.0625851242556755
2460189.8875331	14.99132838440148	0.0255325438409151
2460191.2310847	15.594204533828044	0.0312868298684276
2460191.7753177	14.88429209422687	0.0206977778929698
2460192.8538335	15.275785931715744	0.0219107176234327
2460194.2171421	14.961241419064104	0.0224724864177746
2460194.7904093	15.05590194062	0.0177249408695992
2460194.890722	15.381996293578002	0.0182630295132338
2460195.8023834	15.27508098159702	0.0159886776505099
2460196.6556981	14.8260915261991	0.0185219454135899
2460198.818128	15.453515584429049	0.020970681757368
2460198.834164	15.519566142659064	0.0213522281623403
2460199.8391617	15.54074443303652	0.0193755020074569
2460201.8471381	15.54808303519508	0.022514652882864
2460202.8751774	15.594876925763025	0.0201312742872966
2460203.7086249	15.54081560064656	0.0266155875790371
2460204.8622726	15.61504130513586	0.0274319217605964
2460206.6800082	15.53441737098542	0.0277176962079609
2460207.8513903	15.291332792268085	0.0157184186976292
2460209.713038	15.606397248073922	0.0506490210095714
2460210.7435684	15.69342828723672	0.0375197006190636
2460210.7582894	15.493531423553994	0.0233508072000269
2460211.7004704	15.665431250038925	0.053581646043219
2460212.7923315	14.912487405902644	0.0222015949071034
2460212.818955	15.066591860181225	0.0258101415296852
2460216.3480175	15.134442364865306	0.0878880051814166
2460216.3714322	15.555371207987	0.1043244182065033
2460217.533683	15.665474648367718	0.0563732747444007
2460217.5524271	15.549816103128702	0.0583499671858724
2460220.3800179	15.589724903665482	0.0433273917459497
2460220.6309343	15.02278662375254	0.0371089338594242
2460221.6112912	14.971215184773	0.0269759335013394
2460221.8271214	15.603620941021909	0.026597889655905
2460222.8039966	15.647444224290313	0.0181140249613292
2460223.620624	15.209191081286308	0.0268143674574158
2460225.7904844	15.57100824174219	0.0216032368214153
2460226.717764	15.682965202111443	0.0244698655124811
2460228.7543044	15.590993355793511	0.0380055271099165
2460230.7607498	15.581677452421	0.021867768422221
2460230.7759807	15.281194411477262	0.0200084076326771
2460232.4970823	15.638381882146962	0.0183499939720559
2460232.5815017	15.560857900945894	0.0185650846204182
2460232.7073754	15.405211838604377	0.008306540898264
2460233.2480433	14.672406815483257	0.0147839655048275
2460233.7066848	14.833316715541429	0.0153326373528884
2460234.6785892	15.124355801481268	0.0170358468711626
2460234.7060872	14.671285942042331	0.0157566330948202
2460235.6523583	15.204312554385243	0.0194720429209904
2460235.7058607	14.868734741851654	0.0157651015844974
2460236.4936824	15.770876923546052	0.0533272609311944
2460236.7052701	15.011249863861318	0.015095374221026
2460236.7492225	15.228177825769858	0.0182686554719109
2460237.6476359	14.713446219009407	0.0195780489494645
2460238.7455174	15.46153638268668	0.0198637854208465
2460239.5630321	14.887714852400707	0.0240650465591876
2460240.7634736	15.499358512491392	0.0325221900542851
2460241.5440719	14.76720658360385	0.0274744981650875
2460242.5650709	15.03310859317217	0.0356690848883698
2460243.6361986	15.388948508950474	0.0495779451411735
2460243.7621386	15.5922794149613	0.0462503972601506
2460244.2959899	15.47537862791554	0.0597216806096092
2460245.5109402	15.038679302739952	0.0456580840014996
2460247.7720832	15.58930389488485	0.0429827322847216
2460248.7487805	15.514066887037217	0.027812457094141
2460249.6696806	15.456834553992856	0.0346004061164255
2460250.5988791	15.810999474213917	0.0564832800013068
2460250.7138936	15.620922886146868	0.0277997775052238
2460251.617994	15.545759091947176	0.0241677854673983
2460253.7131682	14.793708437304002	0.0165212055857693
2460254.2950415	15.26361824816128	0.0172058547036456
2460255.5508435	15.569501493167326	0.0299553291089807
2460255.6052846	15.57562546899504	0.0262796906787858
2460256.6573843	14.772021883600605	0.0179416950935269
2460257.7161443	15.191654501460077	0.0155848629428524
2460259.5227165	15.386303778459125	0.0272096583458232
2460259.7385709	15.497276458363514	0.0186897529305689
2460260.5358449	14.805064614407344	0.0257488109784526
2460260.7115931	15.375565528985856	0.0137630941991697
2460262.730146	15.537247023482104	0.0201216700283303
2460264.630634	15.3923712708397	0.0160681815620539
2460264.703264	15.54948618557184	0.0199576002397994
2460265.7447836	15.631528978052067	0.0362985879611308
2460266.5561503	15.473622260152098	0.0392921778105441
2460268.6953603	15.629826140392096	0.0339398421002791
2460270.5763353	15.49560049968941	0.0406172794264549
2460273.6953372	14.998625863260148	0.0277186795205765
2460277.560164	15.464973119938284	0.0618144277764584
2460282.5363619	15.004455194425883	0.029861720532948
2460284.5328107	15.078931378863787	0.04878930546236
2460286.567985	15.352552020052617	0.0157968714861113
2460287.5407862	15.462520133107834	0.0371971984059603
2460293.5611767	15.558058917761729	0.0249338752719759
2460395.8999464	15.403747687967591	0.0999473910654324
2460399.8965252	16.117279351389044	0.0993911912403761
2460416.9171745	15.6890917188019	0.0394101705182897
2460420.9222386	15.226108575089691	0.030174774279203
2460420.9247193	15.20612516744318	0.0586964857792707
2460423.1058295	15.496127431816436	0.0313940782048655
2460426.9000553	15.16708852035852	0.0562199854722257
2460428.1112202	15.55533324416957	0.063490560279606
2460431.9502327	15.598144792050846	0.0591247866045634
2460432.5362629	15.158378180680677	0.058964454473633
2460432.9860979	15.451194750090911	0.0247425401244345
2460433.027972	15.705117273369504	0.0344218440068239
2460435.0019964	15.53756368467698	0.0352664264280826
2460435.0285955	15.7491818856016	0.0305111903263628
2460436.766649	15.366838470255164	0.0224085098166209
2460437.0451022	14.86066438802242	0.0185276123755681
2460438.0175385	14.787129352841594	0.0178240094487595
2460438.8723583	15.54054425732427	0.0308287299568639
2460439.7488892	15.479797529974268	0.0522761038808686
2460439.9900097	14.89140665330737	0.0181878559539904
2460440.7443397	15.62632189684346	0.0310885609370746
2460443.8330338	15.49777481428924	0.0301565783312618
2460446.5012734	15.314075636372204	0.0320456085526089
2460448.7469639	14.65496987230381	0.0251772404052622
2460449.4913529	15.429075534024	0.05412512944888
2460449.5401708	15.667082018802851	0.0388049885063794
2460450.8070109	15.230125544874182	0.042809446100802
2460452.9653701	15.720712163136277	0.0616577397934876
2460453.8340179	15.8465705148119	0.1072003770653864
2460453.9858113	15.51578940055684	0.0449628289521946
2460454.9792932	15.691043180717156	0.0964505320261124
2460455.9516917	15.71548467872181	0.0657249755175719
2460455.9706714	15.7231581206835	0.0675106918269732
2460456.7825871	15.713815613301032	0.0691346967709794
2460457.7277924	15.398475578527918	0.0538361688966632
