2458282.81903380  15.03382 0.01576
2458287.55126650  14.97723 0.01534
2458291.65647450  14.98680 0.02054
2458301.54733670  14.97505 0.01620
2458316.47244100  14.83750 0.01708
2458320.79862940  15.04835 0.01914
2458329.58845940  14.99695 0.02541
2458331.55546140  14.92630 0.01337
2458332.57819920  15.06418 0.01504
2458336.76605660  14.88046 0.01482
2458349.72679240  14.92796 0.01464
2458359.50604620  14.92535 0.01276
2458382.63090390  14.86825 0.02783
2458392.60614320  14.93080 0.02224
2458393.60165220  14.97511 0.01425
2458394.59841070  14.89852 0.01248
2458396.59584290  14.80015 0.01133
2458397.59316000  14.91380 0.01271
2458398.58932350  14.96239 0.01645
2458401.52675830  14.84278 0.01429
2458404.56300730  15.04040 0.01741
2458409.49342280  14.84154 0.02427
2458410.55236220  14.96051 0.01913
2458411.55060860  14.94958 0.03673
2458412.50669840  14.83680 0.01797
2458413.50724900  14.82102 0.02089
2458414.53911430  14.83971 0.02045
2458416.52834350  14.91702 0.03328
2458417.52464890  14.88883 0.02090
2458419.52245970  14.78988 0.01466
2458424.50625200  14.89291 0.01567
2458425.50300080  14.80305 0.01971
2458525.89097240  14.77858 0.06408
2458526.88890990  14.82680 0.02778
2458527.88439510  15.03680 0.02349
2458528.88133410  14.94174 0.01912
2458529.87910710  14.95002 0.01123
2458534.88602620  14.99367 0.07846
2458539.87429050  14.96890 0.02129
2458546.89632790  14.95634 0.01718
2458547.88810640  15.07468 0.01578
2458548.88375950  14.90854 0.01602
2458549.84609050  14.86057 0.01471
2458550.84299120  14.83341 0.01025
2458551.88841240  14.89798 0.01642
2458553.83652610  14.95559 0.01232
2458554.83190820  14.88194 0.01362
2458555.83087260  14.86052 0.01433
2458556.82987910  14.81564 0.01370
2458557.82512210  14.92045 0.01235
2458558.82465250  14.99056 0.01568
2458561.83591490  14.91213 0.02374
2458563.80811880  14.93921 0.03405
2458564.80765660  14.94044 0.02851
2458565.80641120  14.95008 0.02240
2458566.82921100  14.96791 0.03104
2458567.84672130  14.96194 0.01965
2458573.77387440  14.76224 0.01194
2458575.76838020  14.98198 0.01955
2458576.76122080  14.99508 0.01421
2458577.76309170  14.97592 0.01234
2458578.78133320  14.89918 0.01474
2458579.79637620  14.99982 0.01594
2458580.76410740  14.85428 0.01351
2458581.76727120  14.88782 0.01386
2458582.77622510  14.97595 0.01642
2458583.74638570  14.92821 0.01408
2458584.74176720  14.89651 0.01021
2458586.84626380  14.93575 0.01774
2458588.73191620  14.97272 0.01714
2458589.72434460  15.02938 0.02510
2458590.84539810  14.96711 0.01495
2458591.88109970  14.85983 0.04119
2458593.72096510  14.90928 0.03476
2458594.71642280  14.94621 0.02693
2458595.76612630  14.96087 0.02468
2458601.68733900  14.97118 0.01533
2458602.69810760  14.93231 0.01515
2458604.68674990  14.81068 0.01560
2458608.87450850  14.80779 0.01334
2458626.87154340  14.80745 0.01594
2458631.61273620  14.98396 0.01937
2458635.60425660  14.93193 0.01278
2458636.60291840  14.97311 0.01596
2458643.60218640  14.96403 0.01746
2458644.63340600  14.99495 0.01637
2458645.63261500  14.92426 0.01835
2458646.66357940  14.93370 0.01626
2458648.79808500  15.03063 0.03417
2458657.75943910  14.81969 0.01601
2458659.70549240  14.98164 0.01271
2458660.86711970  14.82033 0.01466
2458662.77560080  14.91858 0.01246
2458668.71948450  14.87195 0.01215
2458669.64234530  14.99997 0.01362
2458674.53102340  14.88533 0.01812
2458676.83171950  14.87889 0.01433
2458684.56000460  14.78207 0.01776
2458684.57085290  14.83271 0.01995
2458689.63137030  14.96720 0.01212
2458692.75809810  14.99427 0.01765
2458692.78215370  14.99077 0.01414
2458694.77842000  14.91422 0.01159
2458695.73410810  14.91503 0.01542
2458697.78061450  14.89315 0.01092
2458698.77224980  14.98268 0.01661
2458699.77282500  14.95379 0.01299
2458700.76696280  14.87898 0.01432
2458701.76981480  14.81257 0.01731
2458715.54743290  14.84752 0.00956
2458716.54373130  14.85913 0.01128
2458718.51686080  14.96587 0.01068
2458721.71085690  14.91183 0.01211
2458722.71286590  15.05247 0.01543
2458723.70938050  14.96616 0.01623
2458724.70659920  14.96547 0.01473
2458725.68119530  14.82405 0.01155
2458726.70322730  14.81940 0.01505
2458736.68050100  14.99699 0.03895
2458742.65843590  14.90358 0.02545
2458743.65609540  14.99028 0.03720
2458744.65272720  14.85303 0.02119
2458745.64678160  14.90380 0.02004
2458746.64427180  14.96790 0.01717
2458747.64103230  14.91996 0.01431
2458748.64265000  14.84597 0.01935
2458751.63364610  14.89396 0.00985
2458752.63012740  14.97065 0.01677
2458754.62704820  14.91133 0.01457
2458755.53891740  14.88508 0.01354
2458756.62029950  14.84786 0.01262
2458758.61151840  14.97516 0.01637
2458766.59086170  14.89880 0.03028
2458773.57372900  14.91064 0.01530
2458774.57180140  14.86669 0.01635
2458775.56828650  14.87612 0.01896
2458777.56260880  14.86629 0.01272
2458778.55900630  14.88751 0.01325
2458781.53194630  14.92389 0.01583
2458783.52426020  14.94583 0.01825
2458785.52415860  14.81703 0.01846
2458786.51584630  14.82903 0.01233
2458791.51437940  14.82418 0.02112
2458900.86829580  15.01108 0.03261
2458904.87461880  14.78656 0.01428
2458908.85556630  14.93109 0.02866
2458909.85360890  14.97827 0.01961
2458913.89980890  14.87546 0.01760
2458915.83720900  14.82074 0.02235
2459157.50270600  14.84044 0.05654
2459250.88697510  14.72402 0.07683
2459257.87757930  14.82282 0.02049
2459262.88918000  14.83185 0.02128
2459267.85877960  14.90933 0.01496
2459272.83687290  15.05531 0.04667
2459273.86727470  14.98553 0.03779
2459275.89789000  14.89899 0.02630
2459277.90383820  14.81519 0.03099
2459283.80070820  14.95420 0.02050
2459288.82777940  14.81830 0.01902
2459298.75942220  14.77827 0.02826
2459299.76080280  14.92926 0.03361
2459300.78313360  14.90763 0.02744
2459302.81148250  14.96148 0.04994
2459303.85952580  14.96872 0.02319
2459305.75854630  14.81663 0.02671
2459309.74786180  14.89279 0.01167
2459311.83446500  14.92957 0.01383
2459314.83343870  14.85948 0.01366
2459315.81609270  14.94272 0.01363
2459315.86759140  14.88014 0.01409
2459316.83796330  15.06181 0.01854
2459317.72085190  14.87241 0.00993
2459317.76213810  14.91421 0.01714
2459318.70807470  14.89099 0.01599
2459319.75130920  14.97059 0.01675
2459321.78759100  14.96082 0.01717
2459322.86876210  14.89120 0.01108
2459323.83006860  15.03491 0.01894
2459327.70042000  14.97319 0.02501
2459328.69111590  14.97348 0.02708
2459329.73874230  14.91305 0.02500
2459330.67157180  14.91475 0.02892
2459330.83669450  14.98602 0.02899
2459332.71640580  14.82831 0.02410
2459332.75682730  14.92768 0.02373
2459337.65763810  14.88222 0.01260
2459338.79755560  14.78599 0.01696
2459340.65862930  14.84341 0.01713
2459340.70186700  14.94836 0.01965
2459342.66464000  14.87201 0.01694
2459345.63664260  14.89894 0.01333
2459346.65926560  14.89438 0.01687
2459348.63101330  14.90083 0.01269
2459351.88139160  14.89548 0.01471
2459352.82386160  14.90218 0.01370
2459356.60192000  14.97793 0.01675
2459357.67407830  14.94153 0.02582
2459358.59245070  14.87376 0.02483
2459359.69260130  14.94830 0.04158
2459360.73532910  15.03732 0.04184
2459365.58182780  14.92197 0.01566
2459365.72542870  14.89242 0.01781
2459365.83850740  14.86530 0.01842
2459367.78562960  14.95565 0.01492
2459368.66058160  14.90291 0.01714
2459369.69888990  14.93741 0.01431
2459369.72547890  14.84654 0.01313
2459371.63183540  14.86629 0.02081
2459372.70671690  14.92788 0.01626
2459373.83472670  14.98799 0.02284
2459376.54692720  14.87786 0.01095
2459377.55515620  14.78084 0.01547
2459378.56220730  14.84740 0.01381
2459379.62276480  14.81583 0.01253
2459379.62614450  15.03051 0.01293
2459380.69687410  14.78634 0.01383
2459381.79729550  14.87318 0.02401
2459384.54910380  14.85328 0.02354
2459385.58186230  14.83533 0.02459
2459385.58384760  14.83059 0.01333
2459386.52238510  15.04992 0.02247
2459386.66045740  14.81933 0.02330
2459388.65853190  15.08746 0.03664
2459388.68294990  14.83308 0.02756
2459392.64771360  14.81348 0.03203
2459393.50729400  14.87724 0.01509
2459396.60860840  14.90138 0.01502
2459397.60663860  14.80379 0.01365
2459401.72724770  14.83457 0.01740
2459401.84439760  14.93765 0.02808
2459402.62854700  14.89419 0.01715
2459403.65435560  14.96772 0.01187
2459403.69336950  14.97009 0.01366
2459404.82926770  14.91166 0.01910
2459404.85131420  14.84212 0.01668
2459406.75396960  14.86342 0.01670
2459407.51246410  14.86760 0.00821
2459408.66942060  15.03374 0.01875
2459410.77617640  15.00966 0.01813
2459411.75491530  14.99762 0.01479
2459412.67306630  14.81052 0.01265
2459412.68820840  14.83549 0.01849
2459413.61928940  15.02007 0.02805
2459415.75601030  14.90823 0.03016
2459421.50035160  14.81478 0.01361
2459423.71113660  14.97342 0.02619
2459425.69966230  14.79447 0.01795
2459426.61322270  14.96009 0.01636
2459427.60729790  14.99991 0.02003
2459430.77837110  15.00562 0.02025
2459431.73052160  14.91075 0.01629
2459432.68632970  14.81053 0.01632
2459435.69511580  14.98972 0.01645
2459436.57975320  14.83199 0.01262
2459447.52824890  14.85101 0.02773
2459448.68478920  14.97009 0.04077
2459452.70476950  14.86378 0.02846
2459453.65962190  14.98844 0.02268
2459455.61327970  14.79904 0.01366
2459460.50489630  14.83603 0.01720
2459461.51380200  14.92799 0.01897
2459462.50538960  15.01377 0.01744
2459463.65485290  14.80792 0.01710
2459464.57128490  14.97434 0.01188
2459466.54833790  14.85257 0.01501
2459467.58675030  14.95727 0.01898
2459470.48206040  14.86413 0.01761
2459475.51042960  15.08444 0.03514
2459477.50444590  14.89955 0.02107
2459478.49255340  14.89051 0.03090
2459482.54271580  15.01711 0.01706
2459485.62888840  14.93218 0.02105
2459488.60031520  14.81678 0.01163
2459490.56341920  14.97372 0.01459
2459491.60676410  15.00897 0.01872
2459492.56307870  14.85370 0.01589
2459493.60216380  14.84709 0.01923
2459502.56477260  14.93221 0.03551
2459503.54614390  14.92177 0.02704
2459504.56689820  14.81793 0.03200
2459505.55053490  14.93340 0.02723
2459507.55281850  14.98342 0.03387
2459508.54891540  14.86913 0.04300
2459509.54610880  14.88981 0.03196
2459510.50874090  14.85519 0.01511
2459511.54329850  14.78182 0.01697
2459512.53983530  14.81903 0.01630
2459514.53668500  14.99416 0.01969
2459516.51638510  14.90105 0.01503
2459517.53107590  14.84192 0.02468
2459528.50655750  14.86436 0.06930
2459616.88676920  14.74006 0.05120
2459617.88217430  14.86242 0.02796
2459619.89111080  14.83448 0.11203
2459620.87624910  14.92797 0.02318
2459621.89385020  14.71620 0.07381
2459623.86634580  14.96061 0.01761
2459623.86764410  14.91504 0.02504
2459633.86188900  14.93176 0.02186
2459638.84244710  15.01548 0.02414
2459639.85323900  14.92089 0.01485
2459639.87038950  14.97412 0.01657
2459645.89302300  14.99226 0.01609
2459646.82844760  14.84783 0.01293
2459647.84264080  14.85926 0.01399
2459648.83000890  14.85546 0.01545
2459650.81148890  14.93673 0.01679
2459651.81152780  14.91675 0.01378
2459651.81282640  15.00467 0.01601
2459651.90800830  14.98054 0.02924
2459653.91009630  14.96093 0.02588
2459655.79800180  14.93282 0.03164
2459658.78260530  14.94080 0.03612
2459659.78684360  14.86405 0.02703
2459659.78813700  14.76138 0.02773
2459665.75282910  14.82231 0.01359
2459665.75412770  14.90088 0.01705
2459666.75299830  14.89826 0.01616
2459666.75560120  14.98660 0.02534
2459666.78758490  14.90674 0.01703
2459667.74784560  14.96577 0.01177
2459669.75349290  14.89443 0.01238
2459669.75479130  14.95975 0.01664
2459670.78288970  15.06020 0.01175
2459670.86866360  14.97363 0.01356
2459672.75197680  14.88305 0.01303
2459672.78471780  14.83188 0.01719
2459673.76883790  14.95330 0.01433
2459673.81271720  14.83758 0.01260
2459674.86533150  14.83547 0.01288
2459674.86661900  14.90928 0.01820
2459676.73202770  14.88485 0.01131
2459676.80828050  14.93829 0.01268
2459676.80956770  15.02988 0.01997
2459677.81990860  14.94863 0.01113
2459678.77662080  14.88666 0.01074
2459680.72865990  14.96413 0.01437
2459680.77774940  14.95520 0.01480
2459681.72970780  14.87063 0.02204
2459681.73100610  14.84864 0.02747
2459682.71218910  14.87633 0.02968
2459684.78417380  14.79072 0.02113
2459687.81355830  15.08435 0.03669
2459688.46332760  15.05837 0.06894
2459692.81675940  14.83544 0.01415
2459694.87707530  14.98422 0.01859
2459695.72159740  15.08195 0.01214
2459697.67294860  14.94754 0.01318
2459698.71511920  14.97510 0.01323
2459703.65355610  14.95010 0.01643
2459704.86151840  14.91323 0.01546
2459706.87238220  14.81616 0.01288
2459708.88874460  15.03551 0.02738
2459711.80460520  14.94818 0.02194
2459711.80584550  14.90356 0.02933
2459711.80708580  14.97094 0.03816
2459713.83616640  15.06485 0.01867
2459714.39258670  15.08623 0.05332
2459715.62059200  14.97377 0.02788
2459721.81833480  14.95459 0.01387
2459721.81963320  14.83512 0.01711
2459722.79210840  14.86731 0.01189
2459723.81203070  15.00011 0.01970
2459725.85435100  14.95043 0.01971
2459726.86614320  15.02491 0.01782
2459727.87089990  14.94263 0.01463
2459731.32458370  15.08606 0.02239
2459737.30756470  15.05034 0.02541
2459737.58102290  14.97783 0.01942
2459737.59221190  14.83932 0.01407
2459738.61254790  14.84759 0.01184
2459738.65235300  14.80896 0.01320
2459739.61737650  14.94785 0.01732
2459740.68121090  14.96549 0.01914
2459741.68963250  15.01970 0.02216
2459743.91654450  14.91709 0.03455
2459747.66051550  14.91609 0.01684
2459747.71241180  14.93749 0.02529
2459748.53047950  14.98961 0.02922
2459758.61017900  14.83134 0.01166
2459758.63283250  14.95568 0.01785
2459759.64831110  14.99863 0.01339
2459761.26600700  15.08228 0.02083
2459763.78436810  15.06214 0.01117
2459766.85210000  14.95316 0.01456
2459766.85470880  14.77993 0.02573
2459767.71655430  14.96687 0.01893
2459767.79499830  14.87130 0.01063
2459785.75359250  15.08897 0.01859
2459786.73405360  14.94719 0.02225
2459787.72346080  14.88562 0.01145
2459788.67269970  14.95917 0.01208
2459789.79295220  14.81145 0.02574
2459791.78536330  14.95223 0.01278
2459792.70543320  14.95456 0.01692
2459793.71541680  14.96941 0.01715
2459794.73343480  14.99646 0.02381
2459795.77497560  14.89923 0.01307
2459795.77627400  14.83185 0.01613
2459796.70388850  15.08273 0.01509
2459797.62421970  15.02112 0.02404
2459804.66629580  14.75532 0.02242
2459804.66759410  14.78339 0.03018
2459810.57125260  14.96875 0.01222
2459815.66852670  14.87011 0.01389
2459815.67109990  14.79107 0.01609
2459816.70418920  15.06465 0.02092
2459819.49755570  14.82323 0.01129
2459820.57136150  14.95669 0.01432
2459821.60975460  14.84771 0.01240
2459821.61234060  14.81706 0.02305
2459822.64975010  14.80494 0.01261
2459823.66447490  14.79228 0.01116
2459823.66575960  14.82413 0.01391
2459824.66507110  14.89506 0.01262
2459836.51798220  14.93602 0.01414
2459837.52790310  15.08238 0.01463
2459838.55988680  14.91419 0.01743
2459840.63231920  14.89027 0.01392
2459841.54961720  14.94192 0.01480
2459842.58582140  14.92426 0.01309
2459843.54633030  14.93946 0.01503
2459844.54614880  15.04876 0.01416
2459845.60274700  14.89447 0.01248
2459846.59119610  14.82085 0.01773
2459850.52984010  15.08882 0.01614
2459858.57015660  14.82963 0.02523
2459859.56120120  14.83224 0.02644
2459872.56387320  14.79403 0.01687
2459877.50160180  14.79142 0.01822
2459884.50985500  14.95220 0.02450
2459885.50650090  14.87693 0.02408
2459885.50778770  14.79519 0.03546
2459886.50305520  14.95699 0.03260
2459984.87702210  14.85584 0.02717
2459995.86429740  14.80683 0.02578
2460000.84533410  14.84003 0.01353
2460020.91000260  14.79280 0.02610
2460022.79518710  14.95135 0.01527
2460023.77777750  15.07917 0.01616
2460026.83785590  14.96448 0.01911
2460028.82799350  15.07399 0.01883
2460030.79879540  15.05746 0.01638
2460031.76104270  15.00452 0.01057
2460032.77371160  14.83003 0.01034
2460033.77873900  14.93754 0.01415
2460036.76645340  15.07685 0.01625
2460037.82690420  14.86825 0.01966
2460037.82819670  14.84034 0.02104
2460040.83029570  14.80026 0.05543
2460043.72454570  14.90826 0.03519
2460050.87358370  14.96555 0.01890
2460054.85456160  14.95026 0.01876
2460056.76607370  14.85239 0.01117
2460056.78687360  15.03639 0.01981
2460057.74400740  15.02320 0.01225
2460059.74054350  14.96213 0.01125
2460061.87106890  15.08542 0.02005
2460065.68216270  15.06971 0.02555
2460066.66732260  14.86296 0.01617
2460068.75983050  15.02094 0.03170
2460068.76132580  14.98346 0.02543
2460069.80973790  15.07237 0.03765
2460085.83080780  14.89223 0.01165
2460091.65480300  14.85320 0.01169
2460092.66024570  15.03689 0.01541
2460094.69142790  15.03554 0.02504
2460094.85863310  14.98468 0.01558
2460097.91685730  14.88829 0.01352
2460103.87751950  14.81630 0.04487
2460104.62737860  14.87019 0.01510
2460107.56924670  14.94870 0.01465
2460110.56665020  14.96063 0.01689
2460112.76300550  14.96439 0.04226
2460122.53121610  14.81837 0.01415
2460124.59287120  14.99264 0.01685
2460125.51912900  15.05699 0.05473
2460130.64714930  15.00878 0.04366
2460133.74577870  14.95942 0.03800
2460153.51413430  14.95195 0.02940
2460225.54109940  15.01184 0.01986
2460229.51384810  15.01657 0.02086
2460230.50914890  14.98362 0.02087
2460231.51229780  15.03320 0.01882
2460371.85747030  15.07617 0.04611
2460379.84695520  14.98561 0.01921
2460407.92014680  14.94938 0.02425
2460416.83958500  15.05056 0.01467
2460419.84611480  15.03708 0.01663
2460420.72752090  15.04997 0.02737
2460443.81311580  14.99041 0.01811
