2458223.9352413	15.521796951022324	0.0219693306382627
2458224.9245765	15.668824172115707	0.0251820722853248
2458228.9131663	15.576545061742983	0.0405117817308982
2458256.8667606	15.478154937266943	0.0256580070963159
2458264.8048762	15.432495417926969	0.0335056874165463
2458265.822192	15.472033850719448	0.0738755350350169
2458282.7832826	15.477734539770545	0.0149843553343777
2458283.525922	15.43689515129391	0.016971960924764
2458283.8192339	15.367392728999912	0.0176106841448636
2458288.5892324	15.43613959073269	0.0258726490998727
2458290.8795002	15.41521149688629	0.01945981811859
2458292.8470185	15.576345555222607	0.0237070072123507
2458301.5585033	15.411055740506844	0.0275289957322909
2458316.4948584	15.304975981336016	0.0277140373915507
2458318.8019981	15.69156825831145	0.0268176636879023
2458329.7238387	15.510090355887025	0.0727921406554275
2458336.7376705	15.521294833288229	0.0205035819608364
2458339.6703263	15.633417782975174	0.0456803747557286
2458349.7042852	15.673680041657487	0.0386391365492274
2458355.553063	15.526750557524512	0.0512183154628125
2458372.5552666	15.521453704583728	0.0205302760140792
2458373.6955328	15.3157330466663	0.0187511005958799
2458374.6914449	15.47630170269173	0.0185904493036003
2458383.6151574	15.606710872897748	0.0496225996599533
2458389.6438826	15.455151615864564	0.0377468340023251
2458391.6422668	15.566352189672664	0.0181454036316058
2458392.655045	15.415031448883097	0.0181688580115115
2458394.6469419	15.74016956371758	0.0306925572485368
2458395.6456036	15.58752015784054	0.0223495682784927
2458396.6267575	15.38369469537532	0.0203845183107287
2458399.6175333	15.525177065158784	0.0165342520313552
2458404.5558602	15.411701438211765	0.0223112681091438
2458416.5709024	15.427522921730024	0.0578365630069152
2458417.5168746	15.562645655478931	0.0356495437924376
2458419.5146873	15.388434344207065	0.0271091022905369
2458423.5016325	15.52450257122873	0.0384469603544396
2458425.5472838	15.659144767066806	0.0376457907630484
2458535.8905024	15.417610113802535	0.0676011627181412
2458538.8843779	15.487831310354386	0.0366683503834078
2458547.8847791	15.75174824220603	0.0524569495676481
2458548.8953001	15.432776821822149	0.0273667173508297
2458549.8739132	15.346696361272809	0.0295468967646663
2458550.8859489	15.598911673466292	0.0268722111793725
2458551.8958292	15.536793369427578	0.0277835019631724
2458552.8881191	15.44447948474663	0.0254317226240027
2458553.8589166	15.361484565646588	0.0274598454305464
2458554.8620334	15.563639463191103	0.0238190849733262
2458555.8533052	15.632929310304544	0.027801096412155
2458556.8525016	15.369111414305785	0.0232019009157486
2458557.8476515	15.341207071875182	0.0232012504621171
2458558.8467239	15.63151585424925	0.0260310364116285
2458561.8480992	15.427662836721328	0.0459452768907578
2458562.8350335	15.53878928678575	0.0532927741495922
2458568.85758	15.28944416725775	0.0311415740348199
2458573.8002252	15.46813416092512	0.0279507060985083
2458574.7952532	15.559894063658344	0.0292557150157451
2458575.8435735	15.39051066953608	0.021201345342786
2458575.983834	15.667006742195529	0.0302141070471925
2458576.5924217	15.379497793516988	0.0270033261992846
2458576.8810384	15.519214210052088	0.0260172497570107
2458577.5303517	15.556151103890972	0.025812755487996
2458577.7866009	15.599062259534955	0.0418993828415936
2458578.1209354	15.69342549823886	0.028782256731557
2458580.7839891	15.503228304306468	0.0269680950069415
2458581.1016482	15.481725836533196	0.0190896949850618
2458582.0611562	15.356838375471566	0.0210823839874695
2458582.7785424	15.524199536004872	0.0235950968530327
2458582.939231	15.41620010607804	0.0168022542704918
2458583.77373	15.426647307803876	0.0199301546396735
2458584.5714897	15.39539050065798	0.0206731816639774
2458584.7611033	15.29907873873606	0.0303422983511038
2458585.7682113	15.542305021589424	0.0236871216213391
2458586.7475568	15.711194899508817	0.0338432041833954
2458588.7585146	15.438155686149525	0.0362973337877451
2458589.7567705	15.749451572095534	0.0584843275051946
2458591.5109722	15.192887980580782	0.0498412126285147
2458591.8178908	15.39739717159011	0.0972107414684617
2458591.9257243	15.633246215489384	0.0656630954292885
2458593.8444948	15.557088872528912	0.0623184146182177
2458594.8749672	15.55969088838739	0.0569887162447902
2458596.0535913	15.335304893235753	0.0542422036585156
2458596.0848521	15.65557585385006	0.0539560692740701
2458600.6260636	15.147182460987349	0.0203774977611149
2458600.867416	15.464662383829875	0.0292552423692975
2458602.6352348	15.716391282370877	0.0291947915315234
2458602.9131088	15.686603735520846	0.0313698331827505
2458604.5106355	15.266031195577842	0.0148896162797383
2458605.0474874	15.768750681991827	0.0352204022694619
2458605.9427967	15.6145625387834	0.0217965746065444
2458606.513496	15.570809228678046	0.0199933915748673
2458608.7678416	15.59842472856684	0.0280819789563395
2458609.723312	15.543903300930175	0.0245848716809208
2458611.0673664	15.460292770060857	0.0201202260215775
2458612.8492892	15.322862885019855	0.0226332771897952
2458613.8676265	15.513694636266024	0.0200118602337232
2458614.810361	15.52299709226708	0.0247787197207847
2458615.6793711	15.443466065442465	0.0351611789761556
2458616.5079181	15.35709524140728	0.0210609876673953
2458617.8487079	15.551664376535918	0.0360242486118276
2458618.6748091	15.38565903587239	0.0437044394051413
2458619.6663842	15.313480399068125	0.0558532537558055
2458620.8162368	15.302769082822412	0.0377814157394317
2458621.7210134	15.495662761258371	0.0562270265719909
2458627.9793459	15.721917270635046	0.0425807824465921
2458630.9723172	15.585658500341824	0.0202202476822564
2458632.8188723	15.53081912494882	0.0242479456070646
2458633.0620055	15.272276911611094	0.014813778785944
2458634.9621829	15.594869533799598	0.017488945312177
2458635.9369053	15.65666784067008	0.0271578918508234
2458637.5161342	15.580759893568644	0.0280557954317198
2458638.6834866	15.63120304206236	0.033073005072973
2458642.4133433	15.649981356354768	0.0219908395432447
2458642.7916667	15.46075690440492	0.0266223043108964
2458643.3500469	15.366868964162478	0.0255332916362331
2458643.7819572	15.44418662187187	0.0236654044423673
2458644.6026471	15.501558549644743	0.0323076285009615
2458645.3673802	15.472854475179412	0.0257412959865762
2458645.4044355	15.416861958851293	0.0267719108154706
2458646.6059236	15.562049377835685	0.0455884216684022
2458647.9261771	15.71075020729188	0.0329608367176298
2458649.3758498	15.300097145482518	0.0419255917531359
2458650.5730659	15.435237982044445	0.1064066940251623
2458650.6756676	15.652326185458245	0.059420288462068
2458655.4020717	15.066850719422632	0.0522315340935629
2458657.7310286	15.554767185385792	0.0318225713983996
2458657.9201769	15.534137952241132	0.0460794241461766
2458659.9405763	15.477409600101716	0.0202382869824476
2458661.4866845	15.288745863548046	0.0180762940041989
2458666.903856	15.45534880090736	0.01708539112905
2458667.7768866	15.745890498569995	0.0345386929059203
2458668.8617886	15.506111516830073	0.0213012246518224
2458669.8371631	15.653409062867311	0.0262732619171418
2458670.9273586	15.49616441842518	0.0198688209944978
2458671.9351058	15.43994860161938	0.0230736572833857
2458671.9880395	15.427969184821707	0.0151171593434031
2458672.833349	15.255697858209356	0.0250094239113781
2458673.2630862	15.60175144790794	0.0321768385077142
2458673.3208563	15.371007801514654	0.0233896462520882
2458674.3443177	15.172241609768154	0.0230001274943961
2458674.8625759	15.491521384513607	0.0331744967588911
2458674.8703956	15.630768166674432	0.0298075531119341
2458675.8746552	15.464593665668511	0.0316007269494894
2458676.5434034	15.605107371113586	0.0433792808585049
2458677.2783896	15.544002661380985	0.0527362903285084
2458677.3841147	15.164000582165274	0.0308792361001434
2458677.8588663	15.688411468840515	0.0482178196987072
2458678.4715657	15.491250550307234	0.0771750757038817
2458683.7264208	15.63068153918856	0.0568660912987352
2458683.9032846	15.442512734667066	0.0493269453694085
2458684.8036312	15.668707197909464	0.0494053824182177
2458686.433915	15.354129169849312	0.0248611578965435
2458688.7970125	15.445142456971706	0.0337647429322301
2458688.9397673	15.412856037681822	0.0268140333278781
2458689.7143029	15.57766638326468	0.0207117157967763
2458690.4036933	15.707219599426702	0.0274782304619466
2458690.7542477	15.522910845060988	0.020538376004373
2458690.8551145	15.448151297711105	0.0198498869915506
2458691.4146313	15.398711782335248	0.0182919424243091
2458691.8736562	15.701745301092329	0.0225963533325207
2458692.877022	15.595057198428332	0.0207178186756747
2458693.4774172	15.58170923837763	0.0382540481083474
2458693.8732823	15.451371627132204	0.0217481723900696
2458694.7631513	15.430211018459874	0.0246947320760413
2458698.4103658	15.35005975373414	0.0213554788114115
2458698.4753002	15.323256485100536	0.0219322831704169
2458698.6293216	15.54047820132131	0.0210400114479183
2458698.752013	15.440574551984437	0.0237875146859825
2458699.29419	15.637397096648591	0.020005199526151
2458699.3571762	15.119909369415062	0.0160907438805547
2458699.7610134	15.434464123293504	0.0239158562357839
2458699.8516768	15.695585282861016	0.0269282995411078
2458699.9093236	15.532417715198203	0.0246776912681036
2458700.2801062	15.439479258778151	0.0222369626715198
2458700.3583447	15.13163810499927	0.0183985663610829
2458700.8295666	15.72609912168294	0.0263923109061539
2458700.9051053	15.35472599580829	0.0195070517586357
2458701.4757035	15.482342333066502	0.0298701049932161
2458702.2452952	15.596906936480783	0.0238388762907681
2458702.7100039	15.49570047869132	0.0202348088451237
2458703.8062547	15.526862980695316	0.0291278143419325
2458704.7682031	15.676692456274836	0.0302345667867808
2458704.8051099	15.60536437813055	0.0360108826384614
2458705.3221782	15.56765733776843	0.0348058251646109
2458705.3567196	15.424071754505828	0.037093937426978
2458705.4768683	15.3301049114486	0.0459296541223477
2458711.2536822	15.707957384132076	0.1648590933825704
2458715.4661384	15.419117941589672	0.0331569777334623
2458715.5899181	15.31488430581616	0.0180187028567919
2458715.7483633	15.566264075536282	0.0387917103293621
2458715.8669512	15.39934928341638	0.0209328149563032
2458716.4592577	15.41331961469143	0.0290792280811551
2458716.462912	15.360893514700658	0.035076787852928
2458716.8629096	15.254313092422697	0.0233855845310186
2458717.432848	15.372427840003816	0.022768052314683
2458717.4608325	15.218087841173134	0.028935105346419
2458717.5839385	15.540014483137528	0.0211387670078434
2458717.7684528	15.343045351834892	0.0295301023266132
2458717.8583163	15.507270568723523	0.018255345403803
2458718.4067544	15.373717715015877	0.0187099732039258
2458718.4563756	15.308633075682508	0.0278624854836124
2458718.8577093	15.521106710265688	0.0215413043690383
2458719.4569992	15.615767536326434	0.0250875390868178
2458719.7959218	15.702024963631406	0.0245366100732449
2458720.7980143	15.444222948972168	0.0178057360002852
2458721.7934221	15.48654858091751	0.0191673198926798
2458724.7720741	15.398312834090538	0.0207025794995988
2458724.817319	15.250850121804046	0.0170301713336166
2458725.7674792	15.507528132127836	0.0204298034148769
2458726.7147147	15.467915982825351	0.0256715298968599
2458726.7551771	15.641168122073088	0.0198720001848698
2458726.8320244	15.47445117154525	0.0202988451240776
2458727.4219194	15.623884099486787	0.0225863902764669
2458727.4255579	15.422604877146773	0.0229033069440196
2458727.7762795	15.614879843165957	0.0213906529033976
2458727.8326775	15.268690505009053	0.0146278515474758
2458728.4225014	15.214884699271034	0.0168490979696582
2458728.4261776	15.364852984466207	0.0214353288701508
2458728.7709238	15.404608594430147	0.0281028249960071
2458728.8380012	15.33318462306109	0.0146775217339203
2458729.3426191	15.393445718390131	0.021706171719611
2458729.3691637	15.16548134622445	0.0204720025243623
2458729.7643402	15.541864045288245	0.0306929560281186
2458729.8208331	15.573360006866109	0.0213030360795943
2458730.2824656	15.131442329527498	0.0178434542631113
2458730.3251294	15.32255119167714	0.0226038807269436
2458730.8092106	15.516004678002083	0.0253383803464705
2458738.5162192	15.357172129885054	0.0423871914504643
2458740.5384891	15.517655088810866	0.0527952336765658
2458742.5086263	15.41654653660924	0.0231153726325049
2458743.2955055	15.458221850235054	0.0343726304099494
2458743.390873	15.516912626554454	0.0565374350471162
2458743.5687135	15.492135552467678	0.0306282852267136
2458744.782266	15.45820271245925	0.0185431672996481
2458745.7782462	15.51712707034531	0.017941740848306
2458750.3715958	15.599803132214925	0.027287153587922
2458752.3513265	15.425389395004846	0.0222783834547749
2458753.3610786	15.529730920344074	0.0247257964450864
2458753.6723801	15.574230366075671	0.0322227317496824
2458754.3225765	15.256106971230633	0.0207775660097405
2458754.6593223	15.600772446940589	0.0294579794178481
2458755.5581138	15.53191632345694	0.0242250310608393
2458756.7194481	15.497413539460842	0.0172761334244126
2458757.767852	15.36804588808378	0.0243422131560963
2458758.2756664	15.642657633954297	0.0236531174071966
2458758.344034	15.307267820518163	0.0183857465092677
2458760.2748745	15.286204036088408	0.0217148290749066
2458760.3145799	15.218937411193656	0.0213202117100536
2458764.6281521	15.605260367157976	0.0556756020262661
2458768.3082404	15.326291972268574	0.0640332000630037
2458769.2674367	15.294856394932363	0.0454269443792249
2458769.3080987	15.628720328242563	0.0688231618161658
2458769.6247533	15.804211495298778	0.1047794507076528
2458770.2984802	15.29596897647508	0.0478496374174039
2458770.3168805	15.377975084038528	0.0567019438125415
2458771.3103758	15.275813591975488	0.0507567476033413
2458772.2582077	15.251232620836312	0.0181939504806755
2458772.5655086	15.495744842194462	0.0412294550840709
2458773.5620769	15.600175622751188	0.0356294444036203
2458774.5603843	15.633707727777791	0.0286838582902881
2458775.3418766	15.399087276422776	0.0341866995259575
2458775.5823496	15.31582626960678	0.0214543435025125
2458776.5583391	15.415285760987985	0.0218665853232066
2458780.5719948	15.595418324071606	0.019288090865357
2458781.519532	15.639973715530443	0.0295045035566842
2458782.5704319	15.43853185470578	0.0197316037678281
2458783.5178904	15.338114451477727	0.023582837015635
2458785.5614724	15.579753119426154	0.0229757645723909
2458786.2526511	15.35732916041649	0.0311748434573154
2458786.5610996	15.402381826896876	0.0234384224548083
2458792.5509719	15.748640626768635	0.0598161883344371
2458905.1453219	15.526160585014336	0.0214521438816523
2458911.6332173	15.178272597702367	0.032052892323414
2458921.5927263	15.61301597025624	0.0740109462482
2458928.5737023	15.488156042158645	0.0245754559978577
2458928.5811684	15.293354391559168	0.0230975637508453
2458930.5755915	15.388730430168575	0.0253019025328557
2458930.5792464	15.234620655367095	0.0207065869141744
2458932.5662284	15.304621585823009	0.0294845700018033
2458932.9662546	15.739381056691432	0.0526257314722697
2458943.1124926	15.57837290762152	0.0306981778777149
2458957.0733266	15.684800709152912	0.0305142467637265
2458958.943032	15.671907401483804	0.0419034502765259
2458960.0763305	15.613138375934518	0.0219458019653796
2458962.0871836	15.345231459815452	0.015486414945054
2458965.8891103	15.51847903187001	0.0218706907667473
2458966.0606668	15.449947698244603	0.0184868012467246
2458966.0880052	15.213968982568858	0.0173027463532011
2458968.1077041	15.751657364396136	0.031527878389044
2458968.9784109	15.49251160552882	0.0193196926713225
2458971.0579546	15.465524793014998	0.0203042931499064
2458973.0232881	15.544875332673737	0.042479397017143
2458973.9667165	15.442486756775642	0.0430156356790841
2458983.9335952	15.468770116660362	0.0199810857335752
2458984.0084987	15.672938496704944	0.0319715361691214
2458985.9198011	15.37053476168019	0.0397135219202761
2458986.551508	15.420955171221276	0.0258655240064548
2458986.9243525	15.30058918819533	0.0132464667635907
2458988.0078648	15.723920033074297	0.0277945918678177
2458990.878646	15.296556876833392	0.0208913456048058
2458993.822618	15.590178650901777	0.0220987031188358
2458994.9033176	15.318648224110742	0.0168594918894551
2458994.9857289	15.654709457797328	0.0228011077734413
2458998.9772542	15.67499204426692	0.0263871301364976
2458999.9290524	15.446375672323198	0.0461339026755079
2459000.4018756	15.151581335470468	0.0254050408488373
2459000.9656184	15.433313179028696	0.0308085393478433
2459010.9389741	15.650765043620003	0.038835519112087
2459011.0097053	15.210298303849257	0.0273798014978568
2459014.8497584	15.507714068289744	0.0174958861066664
2459014.9299104	15.612902773541748	0.0206295933170892
2459016.9479675	15.39681497188791	0.0040372246106225
2459016.9855357	15.590125687243845	0.0200398950893378
2459023.9029175	15.39098725801204	0.0202360113372788
2459025.7330016	15.41640044155492	0.0186264894577235
2459026.8280308	15.536316811690424	0.0239549351148576
2459030.8205768	15.55069881215914	0.0433945868268269
2459030.8959468	15.356902289267412	0.0328138495565661
2459031.2901952	15.280962114420504	0.045823371794523
2459031.3619994	15.57637993436565	0.0457758370945355
2459038.5076821	15.61389177445772	0.0486149459463692
2459038.9803386	15.34405621371966	0.0345147458970838
2459039.8945577	15.47690022466911	0.0283924437322393
2459042.7833521	15.616635402760688	0.0211189536736509
2459044.872987	15.73482336667476	0.0287150781098186
2459046.2640328	15.189319917778953	0.0176291151335148
2459048.53636	15.617607843044231	0.0258564314014932
2459048.8043777	15.508854780093644	0.020048416506948
2459050.8977362	15.566040468959828	0.0197794922447591
2459051.833778	15.502096125046398	0.0156298971745694
2459054.47614	15.351290102434644	0.0198430159418797
2459054.840322	15.202029269904225	0.0115518240084044
2459058.8592038	15.671820497180878	0.0314008306530741
2459061.2505673	15.119644195212004	0.0436887680348688
2459066.853909	15.726130146207131	0.0648243183104066
2459068.2459449	15.227596091246218	0.0231793160763843
2459070.8974168	15.534702652649155	0.0303474937761694
2459073.765295	15.43418015466983	0.0251750222035558
2459074.7743513	15.580975453839644	0.0242864307273097
2459075.7643697	15.502788770148896	0.0175320456668849
2459075.7842298	15.615379181551551	0.0272514926407861
2459078.7775987	15.508771228580258	0.018928555408183
2459078.8040723	15.703153916773603	0.030844503058851
2459083.7973449	15.489529295885216	0.0202735271322201
2459084.7617115	15.436967802673864	0.0243537342883669
2459085.3468831	15.15633604163217	0.0258823982524151
2459085.7232305	15.327126817261211	0.0328958152249376
2459088.290352	15.590514406432492	0.0366758558813641
2459095.2824754	15.363477405989316	0.0654152759419966
2459095.740375	15.509424412222543	0.0306359527564337
2459098.7620676	15.57025791690461	0.0242653998873996
2459099.7416421	15.28023348575726	0.0136254763507308
2459101.7614284	15.71735665393403	0.0300862683777799
2459101.8142943	15.42371701815598	0.013656223218758
2459104.7343591	15.618160772719508	0.0237532881949115
2459104.7873879	15.572840332643556	0.0191013158577074
2459107.7780616	15.404056907415328	0.0160863682354695
2459121.7420695	15.276263075918738	0.0462047177587093
2459122.737889	15.395572183138365	0.0371164211383895
2459126.6422333	15.530976091396074	0.0507992087524544
2459129.6211644	15.57380597002733	0.0287829611383736
2459129.7183465	15.31652927026326	0.0195066749364327
2459130.6403519	15.451197428375169	0.0311520652575928
2459131.6266655	15.531597315800196	0.0285419277041977
2459132.7128401	15.412540264976064	0.0207457213317513
2459134.291316	15.39279970896372	0.0261564689149507
2459136.6505061	15.547358349639504	0.0264300462262248
2459139.5803346	15.404919072651635	0.0151619207414683
2459140.6022321	15.671240970739706	0.0294848588851183
2459147.5135272	15.342213073446846	0.0325497583852253
2459149.5029051	15.7168592071829	0.0615526699199338
2459155.4987719	15.542224999127598	0.0601650922274224
2459268.6264668	15.417669157231394	0.0325918931961904
2459269.8774103	15.47434224584974	0.0299153246362025
2459272.8712102	15.271807544879724	0.0688547466079955
2459273.8716111	15.480842569691664	0.0705117733779548
2459274.8659035	15.71203880897687	0.0530439853093221
2459277.6364787	15.629286167717243	0.0531856648051821
2459284.0075787	15.750206245301158	0.0606356001680417
2459285.8305873	15.460967741728176	0.0353870755673313
2459287.8184227	15.327353328946074	0.0223223220088682
2459289.1170668	15.289443393284168	0.0165696306037058
2459291.5869869	15.429235009671334	0.0210874323860211
2459291.6505005	15.243701486799296	0.0361867090981205
2459293.8190245	15.58315364861289	0.0273129618130003
2459294.8566718	15.363600315890622	0.0266556513232995
2459295.8112465	15.393111675526828	0.0202981225334534
2459295.9072684	15.449936033407123	0.0331615388476737
2459296.8103586	15.486819992256056	0.0326673829267904
2459296.8115875	15.475390578005252	0.0426154493052762
2459298.7926942	15.522332363363024	0.0336763599571444
2459301.8474666	15.463459766523789	0.0717802649665672
2459301.9064291	15.295675313316725	0.0433025978428034
2459302.6278079	15.749183551612006	0.2161576274377997
2459305.7775252	15.614024710523353	0.0797384921776527
2459310.7542894	15.408283626966297	0.0304067481222641
2459311.034588	15.345369906654955	0.0169200774723112
2459311.91272	15.498854956189511	0.0346768921909488
2459312.9418388	15.317363865024555	0.0207345299952027
2459313.0445241	15.53582124490828	0.0199096373070222
2459313.5625148	15.160539851977592	0.0224855058074174
2459313.7498972	15.65229366270498	0.0319066358218409
2459314.7609112	15.385695115333004	0.0324000972485716
2459314.7863908	15.389893023369012	0.0310345433976202
2459315.7478584	15.571305881279809	0.0206274438129536
2459315.8627112	15.660633267107883	0.0461187310441884
2459315.9317801	15.50981611836165	0.0227846546432589
2459316.556123	15.359434281002102	0.0214059413295996
2459316.7494228	15.466343297124716	0.0150758175293935
2459316.7820197	15.622938944265886	0.0323556363236127
2459316.9608697	15.45008776028251	0.0255766039070112
2459317.5226822	15.154264114196184	0.0181934264037677
2459317.8349576	15.437471868336791	0.0237413008003575
2459318.5104405	15.495568780635738	0.0202732017506548
2459318.5296881	15.279540821320143	0.0267115004759083
2459319.5835126	15.35596646016241	0.033152105560112
2459321.5148896	15.447808557183691	0.0197480048027562
2459321.5862537	15.387893511117907	0.0242538446773737
2459322.5166504	15.587186657548964	0.0273690505178502
2459322.8766186	15.645691644866709	0.0291965153964436
2459323.4737146	15.54330770201246	0.018338209200458
2459323.7856473	15.590945604719364	0.021364507135942
2459323.8605588	15.54313278900308	0.0266428892345685
2459325.5251366	15.451273097671262	0.0245149397708853
2459327.4820405	15.538361873947604	0.0679090310307457
2459328.0740071	15.689493513029372	0.0244174812989529
2459328.618258	15.2894828883697	0.0221790599170982
2459328.9197308	15.48479836339461	0.0344926538909134
2459329.8951229	15.553560857566788	0.0431795650685218
2459330.7029108	15.60131415254579	0.0372554372744926
2459338.8559499	15.471467758665902	0.0305445175671289
2459340.8919415	15.725110766172888	0.0577887329888106
2459340.9289369	15.649927518641045	0.0466354603049671
2459343.8651994	15.59886607357886	0.0160499228854715
2459344.4161331	15.461123085488063	0.013678165917897
2459344.850509	15.540146870248552	99.99
2459345.8031169	15.658797286421638	0.0317206417974535
2459346.7099565	15.618198886481231	0.0337901452517421
2459347.9395222	15.334182390521208	0.0127508085626711
2459349.6519559	15.51128367182043	0.0266116423221989
2459350.0284208	15.484595786096149	0.0150624766322467
2459351.4015125	15.52711314073955	0.0172465500377747
2459351.6749965	15.558749807387748	0.0314841500959484
2459351.7132	15.442980038699874	0.0162994637330996
2459351.8277513	15.571495274264269	0.0244493937594687
2459352.0293881	15.456544852664084	0.0190326148683868
2459352.7788437	15.480718571031773	0.0189448542217407
2459353.8973697	15.326550177222558	0.0202971920730067
2459353.918728	15.262522725161045	0.0252977747434423
2459355.9887683	15.28057151756128	0.0132082664843008
2459356.0268011	15.421282540238735	0.0261766467795623
2459357.4439811	15.596166456014364	0.0319217720060464
2459357.8437557	15.247448859436457	0.0323182773540536
2459358.3853082	15.47893523867642	0.0597970754520444
2459359.8753527	15.695404887147475	0.0504223162114308
2459361.6925693	15.584543081763677	0.0557856509472485
2459361.6938511	15.521631256694356	0.0595045573028935
2459365.6155079	15.448374547839505	0.0245878100639195
2459365.9576058	15.687540828694964	0.0364904734255004
2459366.730085	15.349359708472416	0.0285969484248135
2459367.9178209	15.40806306135898	0.0312174650069905
2459367.9842727	15.260933181543098	0.0220493408272253
2459371.3881958	15.501491029892822	0.0147814678707221
2459371.8838117	15.405666027099974	0.0183210002419415
2459372.3375175	15.482263604248116	0.0205317100583
2459372.5900449	15.459507217492664	0.0206847472032619
2459372.7284351	15.451442093747303	0.0224873277495808
2459372.7816682	15.479622740383402	0.0200979063434946
2459372.9757999	15.664175483865746	0.0207409792860388
2459374.8239298	15.674288560449256	0.0205843531595476
2459376.0332043	15.509935592173454	0.0219843590283657
2459376.5080077	15.415500804919144	0.0174149774658051
2459377.6602059	15.491824146798589	0.0161489022028447
2459378.8837893	15.522594961070569	0.023437928921931
2459379.5678341	15.603077074651328	0.0159684694246203
2459379.8015294	15.605559703677343	0.0376225003968503
2459379.85371	15.36866895808418	0.0223521872975415
2459379.9921332	15.670669424348429	0.0234953237356473
2459382.9563234	15.390254854410166	0.0207575544284842
2459383.8375796	15.32499718681647	0.0348926176182912
2459384.4331719	15.22069198964578	0.0379508755224887
2459384.9063475	15.620927986991733	0.0288230629877397
2459385.3568808	15.17564695762543	0.0371096407650617
2459385.8550467	15.5857957186929	0.0269581795529066
2459386.3917525	15.453987948795248	0.0292546176528807
2459386.5540465	15.49296900447264	0.0233119359396068
2459386.8508519	15.534154747148126	0.0262039098659175
2459393.5309627	15.489285068456478	0.0228044527207117
2459393.5806148	15.639582578654272	0.0330744934937569
2459394.6042171	15.478540111938932	99.99
2459396.6622265	15.444322008056456	0.0263037510147599
2459398.8892164	15.570890130833558	99.99
2459400.5609537	15.657653277266462	0.0367923687908335
2459400.7969044	15.6357313674166	0.0259946951376751
2459401.6627704	15.357982436781615	0.0232418677386658
2459401.8923041	15.322261603808322	0.0143636066861915
2459402.9157307	15.501098900470833	0.0172955913084992
2459404.8799125	15.629942784019876	0.0398206295350794
2459405.8082258	15.610463266848244	0.0399846350847769
2459407.5879502	15.471815706991006	0.0231240672322
2459407.6691449	15.506500624628211	0.0147694495836188
2459408.6197925	15.369029486651604	0.0214478845890177
2459409.7341398	15.647694563892866	0.0347846958055243
2459412.7147932	15.534914825342538	0.0197511478553002
2459412.8023	15.643735055585465	0.0317148795526212
2459413.7193554	15.767466389711927	0.0614273960343173
2459413.934164	15.487209675760102	0.0566762712071915
2459414.4479615	15.381890537922978	0.0301392664027452
2459414.5691008	15.460546424846951	0.0237724209506198
2459414.6511449	15.485912268149082	0.038952542377728
2459415.8258893	15.535342523221246	0.0094250230145475
2459416.4968711	15.59795165695202	0.0842608647333948
2459420.3307561	15.263597206107493	0.0490013353235753
2459421.3667155	15.447185980297728	0.1132510866098897
2459421.5437562	15.433595481591706	0.0478104754251924
2459421.5780504	15.555815405292671	0.0310626114380057
2459421.8903267	15.522305832197972	0.0869236525365219
2459423.7548683	15.668171813916096	0.051877048572748
2459426.4866388	15.25744623700257	0.0278948757810496
2459427.3899919	15.504217918305212	0.050809211230203
2459428.516474	15.570404632788676	0.0192776063289635
2459428.6325987	15.573936887061148	0.0221529938569376
2459428.8014967	15.480258208389191	0.0216258303505099
2459429.6769662	15.516314461562748	0.02440427383474
2459430.3950161	15.230968784409283	0.0220795419396479
2459430.6672621	15.301527380029787	0.0242037947394233
2459431.6352049	15.27974936385733	0.0250077931312842
2459431.7962973	15.475978597393873	0.0161481380719495
2459432.5710892	15.403877006613529	0.0270545448851469
2459433.3741852	15.366429225244026	0.024082621526643
2459434.3655943	15.444074399422544	0.0176108592079349
2459435.5416384	15.481503425349707	0.0120568755739178
2459435.64439	15.424343260289	0.0245608398522735
2459436.8208117	15.306669028741366	0.0157412613009441
2459441.7451148	15.593154734382024	0.0373843270713497
2459442.2788158	15.402831063321486	0.0321284919549891
2459443.8786183	15.198133893067332	0.0633101494316855
2459449.2188309	15.40318916100572	0.0621349104379879
2459449.5412775	15.411722984756786	0.0473486947440005
2459453.7761893	15.640838167853444	0.0240426653888438
2459454.7376133	15.60848661845178	0.0421793011979397
2459455.5737726	15.565772031319025	0.0238936554022056
2459456.5375517	15.439435920193247	0.0180441760202008
2459456.5988935	15.405912830671063	0.02549225203238
2459456.773962	15.694952492547618	0.026090915867481
2459460.573413	15.467701950308	0.025539584496017
2459461.6041421	15.331200029605728	0.0212011885445856
2459462.4037479	15.22897966726572	0.0235130332267497
2459462.5664003	15.477609462936572	0.026886905221651
2459463.575169	15.604950894576527	0.0260173054152296
2459463.7279536	15.332272608432524	0.034539097064537
2459465.5140577	15.455328904234705	0.0282682002750734
2459467.7708068	15.457087591210875	0.0143913229720633
2459468.7277167	15.75263093253249	0.0333232228977544
2459470.4899458	15.505905295089397	0.0189710309086038
2459470.6644284	15.556292866846125	0.0369227998831745
2459475.2566744	15.36154410663762	0.0493723649286703
2459475.4836304	15.565620099669626	0.0660597845532432
2459476.2592553	15.092408205749203	0.062343829686332
2459477.3852891	15.395611432344513	0.0797256316275084
2459477.4965428	15.533719748682609	0.0385828819163487
2459478.5092942	15.539134855995002	0.0438650288016214
2459480.6651696	15.769730249827898	0.0599573564158412
2459481.7534538	15.096131600352969	0.0154428470637112
2459483.2662913	15.508379685613797	0.0264361242912249
2459483.3617855	15.572325427900171	0.0310152982125462
2459484.3595478	15.646362940504652	0.0305484265270835
2459484.5229169	15.422296497378468	0.0215164486794774
2459485.5615806	15.685569007597955	0.0418957693723217
2459486.6483336	15.364844284507576	0.0259980999731447
2459486.7119637	15.380379951970031	0.0284637515871152
2459487.6516511	15.567747267389452	0.0319628724791277
2459489.2733801	15.351807650912072	0.0233892426411399
2459489.505432	15.480186220832817	0.0263122460432914
2459490.5200609	15.56233634085059	0.0286414404321765
2459491.4903679	15.356695522378445	0.0280481284178472
2459491.5904369	15.44833845187016	0.0275534025698125
2459492.5668613	15.544557290101428	0.0282220228124775
2459493.7154813	15.32299991661179	0.0192844956757541
2459495.6317058	15.655545703245911	0.0299298523459861
2459496.3311647	15.28635670369902	0.0285952075998689
2459497.3132122	15.380257149345988	0.0302667982392052
2459502.2396056	15.189598307616134	0.0580191463642917
2459503.5566812	15.422179197264889	0.0574260289592857
2459503.5897223	15.596492779326567	0.0788647728945536
2459504.549931	15.5952631070332	0.0537338357095012
2459505.5467778	15.413310767988168	0.0463577931220416
2459506.2839195	15.677432663891157	0.0647234889952272
2459507.5954182	15.560190971154103	0.0585275788657272
2459508.5373905	15.798726166729056	0.0917710183172374
2459509.5376688	15.46494542581167	0.0496321153976818
2459510.5908884	15.59587741963612	0.0385617651828454
2459511.5161234	15.539450936434664	0.0178529194686521
2459512.5258431	15.646978100779428	0.043189669366673
2459513.2766782	15.441830785030817	0.0208670754860842
2459514.2549383	15.273853436470649	0.027907506233599
2459514.5204479	15.36875918543017	0.0282585025116481
2459515.5194586	15.613289541873998	0.0371261915225291
2459516.5189242	15.553979820284209	0.0269694598076448
2459518.5617372	15.483199047402538	0.0227384144397056
2459519.2581018	15.574625127522504	0.0328045686248979
2459523.5475157	15.58520717087706	0.044208817446507
2459529.5375251	15.703214183177304	0.1064081281665745
2459633.6272927	15.609124457989228	0.0615730624346636
2459634.8616718	15.448163583133372	0.0469705255677822
2459634.8629131	15.386027208575404	0.0662296756205775
2459635.1528766	15.410640444599444	0.0408296926894103
2459638.868403	15.568006528817808	0.0409196820922839
2459641.9031743	15.64767922985765	0.0608562813276524
2459642.1469604	15.599924453366691	0.028269037962349
2459642.888943	15.32235507417414	0.0253093014573521
2459645.1361161	15.44581935310742	0.0201672213750996
2459646.8462667	15.516125660452447	0.0290843236366263
2459649.0079303	15.377132950686082	0.0317843196938289
2459650.1135667	15.588797105315908	0.0315727834285823
2459650.8260305	15.431813012295468	0.0333257434744458
2459650.8747316	15.382482715540336	0.0245423469228558
2459651.9977649	15.65632045492782	0.0324105301520745
2459654.8286556	15.40533679881034	0.0587976628673559
2459655.8705558	15.626758909468828	0.0478979883871963
2459659.5585389	15.569914551549724	0.0827144346837363
2459659.5737204	15.45652703878037	0.083202489526332
2459666.0783185	15.473627196991512	0.0226738752217371
2459666.1407854	15.471370473162327	0.0259549337372691
2459667.5398462	15.679023896024637	0.0479999460477596
2459667.577728	15.442772960153237	0.0359308490630072
2459668.8730551	15.396085668986396	0.0233588128360836
2459671.7842801	15.552795427145975	0.0250702310698237
2459676.8043537	15.455326881725476	0.0248134742626504
2459676.8069503	15.409493575141449	0.0315168500666464
2459677.9090413	15.642226742146466	0.0310562397421598
2459677.9630668	15.81285521971975	0.0466154868021306
2459679.9845126	15.32200708377863	0.0353071391767589
2459680.0668386	15.592262474721457	0.0187419580971409
2459681.5622259	15.583124052501445	0.0368455846533718
2459681.5694586	15.312141794867326	0.0249411086042082
2459681.5707105	15.652280439503576	0.0379137126368493
2459681.5719392	15.620646810664615	0.0482851788853428
2459682.5118112	15.371543362130314	0.0243289457979953
2459684.7280389	15.843653852174528	0.0987044597046186
2459687.518284	15.052673901837554	0.0479036529617261
2459687.9415907	15.414566746624628	0.0416231306304007
2459693.8566921	15.64112969522732	0.0279295102007363
2459694.7073349	15.646665375547222	0.0303983993412093
2459694.7780088	15.648511561386073	0.0301727306453591
2459697.5831155	15.68874660941068	0.0355215936859476
2459699.0612624	15.713942380229335	0.0331538552929958
2459700.5064515	15.344379243124465	0.031205714151329
2459701.6121766	15.429608717803758	0.0203609957351884
2459702.8135883	15.408874908707745	0.0209234359872755
2459703.4992498	15.22258084928598	0.0244666064880212
2459704.5496527	15.648936642304305	0.0313001454936569
2459704.5509512	15.558627203588175	0.0534013889773931
2459704.5521797	15.582283293429494	0.0447601314404478
2459706.8174366	15.356603066001592	0.0206987772128257
2459708.8580539	15.676989116691871	0.0233177336719983
2459708.8593405	15.632597170735645	0.0318662805311908
2459710.0383936	15.68952795640384	0.0174007422407425
2459711.4310499	15.197794155998068	0.0448952067841775
2459711.4322787	15.300133688061504	0.0653538734305367
2459711.4335191	15.666338970567534	0.1011453498570346
2459711.9412302	15.667653569247127	0.0342359060250935
2459712.5722988	15.306465996193236	0.0345330650592929
2459712.5735506	15.61174331192792	0.059874171792735
2459712.5748027	15.511702545877668	0.0715982818023192
2459713.8781641	15.187904187221378	0.0648604548171039
2459714.840034	15.480472750608046	0.0765010370006584
2459715.0000647	15.588000827678838	0.0646900539020911
2459721.014783	15.428291613989746	0.0345451943636548
2459721.0321279	15.7712586004198	0.0470315735148213
2459721.6611195	15.62194515684952	0.0321810378219033
2459723.9924541	15.46834937323913	0.0181922904411965
2459724.0041138	15.47944988484353	0.0243546670117293
2459724.9381152	15.344328220888013	0.014624645115409
2459725.8217852	15.493125397870104	0.0234089711916845
2459726.5903923	15.496324164009843	0.0282115022671094
2459726.8738573	15.5970911492474	0.0385948032320906
2459729.8369125	15.391810070455676	0.0204738220459594
2459732.78419	15.57513460478572	0.0311113784312348
2459736.4204344	15.456231940632785	0.0286152055531872
2459736.4660477	15.382106865961273	0.0252110564481751
2459737.7802255	15.495277844172904	0.0301347285445147
2459738.7036628	15.55498014741147	0.0143870460530769
2459738.7864645	15.607704165666089	0.0219992409976729
2459738.7877659	15.610189737364156	0.0353518259867762
2459739.8117566	15.461186260250836	0.0166980320624178
2459740.5167695	15.194954140089044	0.0236627070316314
2459750.8330439	15.384361160956786	0.0193565410149578
2459750.9024699	15.430015791391478	0.0198028610833362
2459753.79811	15.696351253289482	0.0239415597095689
2459753.7993386	15.56036279185249	0.0355865783820148
2459754.9204661	15.485170332129464	0.0298857011010633
2459756.7605485	15.40174545443912	0.0295893600996261
2459758.5840801	15.525010136853425	0.0152715304674675
2459759.8104394	15.414801293278034	0.0219259425191496
2459759.864352	15.607649117201529	0.0272655961720641
2459760.7726715	15.48745616586814	0.0219410795518111
2459761.7884347	15.549848586589905	0.0219802424948546
2459761.8450152	15.476755655980371	0.0208213165395897
2459763.6622288	15.501230681063	0.0229547235375583
2459764.7608191	15.599645128061976	0.019371690474632
2459765.8284005	15.396483347084793	0.0216906627799625
2459765.843078	15.315208744248029	0.0214557529044547
2459766.2773407	15.35106388201638	0.0577892555044955
2459766.9492968	15.59126809314524	0.0241329513023854
2459768.3124505	15.445430721182516	0.0357686028627381
2459768.4413208	15.39627005678306	0.0393882930613543
2459769.7942448	15.368536265629974	0.0217570404994749
2459775.5013653	15.145730128163883	0.1045337990537309
2459775.9104082	15.492591389067892	0.0549512695028549
2459776.3710492	15.454450142564433	0.0838755393250096
2459777.2425722	15.448132841551862	0.0234485714633449
2459778.7393837	15.478410872153772	0.029733811148492
2459780.8219494	15.366125100941508	0.0267579785795721
2459781.8475255	15.568078016239188	0.0453829600157587
2459781.8862531	15.507606521265917	0.0175796210095838
2459782.7658192	15.474478722642257	0.0300240144267446
2459785.8577164	15.733124140568703	0.0342844888033875
2459786.6539704	15.351419779875627	0.0220020445146208
2459787.7709829	15.645636933428882	0.0250318924995545
2459788.7558415	15.397118565241875	0.0177640484639775
2459791.8664665	15.392804411710951	0.0208235002965389
2459792.777234	15.343956086964754	0.0182606154388267
2459792.867258	15.43279295416385	0.0156275922315609
2459793.7286527	15.31481241032974	0.0249149782046595
2459795.690714	15.825742627430344	0.0391031874776613
2459796.6600754	15.606453381921863	0.0316023650165836
2459804.8037994	15.82058477710441	0.0501223943411762
2459805.7492038	15.741865597857252	0.058581901277648
2459807.312793	15.45772005253358	0.0307538642461337
2459807.8157758	15.452397198130196	0.0188350863697887
2459808.8820268	15.53511358913835	0.0305756450152861
2459811.7421252	15.465788423987266	0.0268328712390601
2459812.8531096	15.566936081310692	0.0239479659423934
2459813.6085048	15.412145162306416	0.0171221262470916
2459814.7274954	15.466335163354907	0.0255927715412444
2459815.4524692	15.393397164821495	0.0259449292015032
2459816.5337262	15.59583100485122	0.0220563597939232
2459817.8278294	15.326855033588282	0.0208378704378171
2459817.829094	15.30982670168905	0.023890802046966
2459818.5173467	15.435232552461892	0.0213092209699249
2459818.5185647	15.449416702397343	0.0225121019796125
2459819.4450407	15.163739893753707	0.0243537874327502
2459819.4792289	15.440230545241036	0.0253792557013327
2459819.4804694	15.374053165148425	0.032340240924642
2459819.5606261	15.587583409915624	0.0244423789952534
2459824.6530996	15.376607394615514	0.0244087456150281
2459824.8222641	15.421198552040396	0.0160642937457176
2459830.3974816	15.295746952958195	0.0680550969230476
2459830.4164129	15.204348583743508	0.0925666392650977
2459832.4174902	15.47947214820324	0.135200915359352
2459834.6411642	15.34042071277512	0.0519033218736943
2459837.725277	15.39745982078343	0.0253691972605236
2459838.6679285	15.223909603978608	0.0237568955835091
2459838.7474567	15.35349923153806	0.0195979145971476
2459840.6861342	15.530684725836885	0.0277303079633747
2459842.3115259	15.286327847832634	0.0252541171585668
2459842.3761864	15.4505342256767	0.02644328391566
2459843.5739073	15.388363867874762	0.0227686828099661
2459844.5575978	15.498201472155696	0.0235619639007438
2459845.6418616	15.415982314535643	0.0232266165328758
2459846.622966	15.267835891124411	0.0283595339726027
2459847.6720008	15.639131665793872	0.0274306305073594
2459847.7415511	15.52008019941125	0.0203467178096373
2459849.3356973	15.308551319411576	0.0234657027600863
2459850.5652106	15.353101550117325	0.0192964880601918
2459851.5875633	15.515089423607083	0.0206519023908648
2459851.6480074	15.622584869605827	0.0248347873314889
2459852.6025502	15.633609640260772	0.0373998614120172
2459854.3385922	15.353767376490849	0.0447699475108419
2459858.2558692	15.154507122874849	0.074805041130344
2459858.5917259	15.426904007343378	0.0555564332275222
2459860.2958464	15.651469137906805	0.0804056214123116
2459862.5727357	15.358635765357745	0.0669267483379913
2459863.5473575	15.768745839420504	0.0515198225635133
2459864.5970901	15.74979805030608	99.999
2459865.6425171	15.04638803844636	0.1741030167023735
2459867.3132934	15.31729233783031	0.056881383132852
2459867.5030359	15.573028557017912	0.0243767369785176
2459868.5578829	15.49469578057096	0.0221601097274435
2459869.5545462	15.316203908946632	0.0258565206300506
2459870.539129	15.417754484647237	0.0210611867804808
2459871.5356892	15.609657879205509	0.025777428366086
2459872.5362945	15.615657683965631	0.0298589577829791
2459873.5408121	15.39592173295418	0.0262705997601938
2459874.5235977	15.43012394233086	0.0253476344545604
2459875.2820734	15.305551043372969	0.0253724719511836
2459877.5292096	15.406349063822171	0.0232278607586024
2459893.5404928	15.643388889939995	0.0621336529414378
2459998.6289401	15.348676137759366	0.0482690304356514
2459999.875634	15.394922318725776	0.0257617184762564
2460002.6104101	15.283103352806483	0.0252871307442856
2460003.8765748	15.342251104312965	0.0327343571727772
2460005.8909001	15.442360762496918	0.0306574309961927
2460007.8896784	15.608417603795823	0.0347176883294826
2460007.8909767	15.572486418141605	0.052977091553739
2460012.8348649	15.777389996108996	0.099452568100698
2460021.8131824	15.47253963133349	0.0235536988493559
2460023.0975966	15.179908481127775	0.0161076039042835
2460023.5736825	15.631896853414917	0.0375872769983798
2460024.9049515	15.38447485220852	0.0251735237378699
2460027.9875047	15.420426378375424	0.0292400488388843
2460029.0730285	15.502796546289934	0.0276839015518335
2460029.8420013	15.387389597005594	0.0215524019848936
2460030.0638223	15.348395229029952	0.0300806921487926
2460030.8472256	15.716239944462185	0.0325203860330727
2460030.848524	15.765411075603147	0.0432510477929256
2460031.5656956	15.312256044750578	0.0134293058172354
2460033.8026571	15.374625890627147	0.0241535628254865
2460034.8679192	15.658484992294603	0.0263613387438137
2460036.8316146	15.367577854743171	0.0205975619336659
2460037.8646125	15.5357793177608	0.0332142403517304
2460040.5491743	15.189157278110573	0.0386236086302746
2460040.568233	15.463930417615314	0.0574551617764642
2460044.5124019	15.194506329492462	0.036477623150494
2460044.7636223	15.239056307263136	0.0488754409932277
2460048.8893485	15.565939921682196	0.0309426417166561
2460049.7612735	15.395681280984268	0.0308761739060987
2460050.0132342	15.262651824555174	0.0190432118684958
2460050.862002	15.451162317171834	0.0239864582008512
2460052.0068245	15.584438758189838	0.0336576020595776
2460052.9451861	15.636955585949313	0.0238009464271665
2460053.5868073	15.319517543636431	0.020794302250679
2460055.9014088	15.554070498896886	0.0281583896183828
2460056.9931562	15.29582906342654	0.0232059611882862
2460058.7326561	15.627816468280152	0.02993170470018
2460059.0590076	15.728915490955176	0.0291965006490582
2460059.9851541	15.506565377665108	0.0274024298360343
2460064.5030387	15.392492817697372	0.0215712204108369
2460065.5848625	15.294315071672628	0.0195116028231378
2460066.8624067	15.327192876188352	0.0203340632717317
2460067.4860957	15.334478093951027	0.0277528385956298
2460068.9221525	15.399674452673898	0.0247184335877844
2460071.4614847	15.15171253442299	0.0603988675625627
2460077.0629012	15.755014603755242	0.0458720917812888
2460077.0743659	15.578920970523944	0.0383933108641236
2460078.0743753	15.46642954823574	0.0361398220972293
2460078.1125404	15.172083240766616	0.0197035395633414
2460079.0813056	15.486179422354978	0.0233656588943416
2460079.1129012	15.434775786127624	0.0307197639596964
2460080.0478042	15.541403552276773	0.0249526738780634
2460080.6563242	15.560521263461522	0.0269727849506685
2460080.7214752	15.615189292799538	0.037390633561758
2460081.0371576	15.627468737879433	0.022319485007261
2460081.604116	15.346789382460615	0.0184425904940655
2460081.6596219	15.375405177125234	0.0708050694384905
2460082.6816909	15.376325136862976	0.0231619102358293
2460083.0402223	15.308739602000436	0.0231809806428835
2460085.9356162	15.5720143590831	0.0267028891265698
2460086.0079873	15.549797342403394	0.0240458787526529
2460087.026938	15.317235836872598	0.0214245262710379
2460087.0384173	15.567352557334624	0.022847794146577
2460088.0157661	15.49048396186786	0.0293713449159226
2460088.034839	15.640829065964638	0.0366473380843623
2460088.3910064	15.65488454062328	0.0418605964438157
2460088.398614	15.373495253729423	0.0366261904206705
2460088.7116811	15.65017592118459	0.0596779410756943
2460089.0353492	15.6848160663145	0.0545248835164868
2460089.3892578	15.140914771669472	0.0296934083269088
2460090.9037869	15.42205887357647	0.036965231096237
2460090.9765279	15.47979936685259	0.0209422682137519
2460091.3812227	15.483956243488471	0.0324167351169505
2460091.6571572	15.472805122349556	0.0273799935257417
2460091.9035742	15.349635209427824	0.0375039179259049
2460091.9726	15.642046482732765	0.0225934912366351
2460092.3769533	15.558082877584273	0.0429194518100332
2460092.3884659	15.415179440742786	0.0374153670079261
2460092.987377	15.603246304805287	0.0510131369034392
2460093.3722817	15.409942661663573	0.0416704242405888
2460093.3837173	15.177679097990868	0.0289407253905259
2460093.8963046	15.620905887809457	0.0499773687894576
2460093.9692296	15.55921013831886	0.0264823066180546
2460095.9050071	15.1352683998707	0.0376070588167993
2460096.6711622	15.485341450917414	0.0497679276803025
2460097.0007516	16.059094588265644	0.1457184909284591
2460097.6411714	15.3367315803617	0.0975509101409785
2460103.998218	15.680517766165076	0.042790632293665
2460104.9946271	15.51212288115915	0.0293918731797168
2460105.9996485	15.481714427706228	0.0238438427256763
2460106.0496963	15.419376623558406	0.0203695213277408
2460108.851672	15.442475620664858	0.0198307065017141
2460110.9213882	15.50670219961528	0.0435597015210925
2460111.929535	15.477491637339677	0.0235701205511858
2460112.9794652	15.4657794915151	0.0338228037086283
2460114.846471	15.395371152233611	0.0380826491521404
2460116.0264671	15.16461207280824	0.0153260265681653
2460118.9146068	15.622803026424286	0.0236205726001026
2460121.5472174	15.355022886320562	0.0419598717796806
2460121.9116934	15.321593803817755	0.0209687176070198
2460123.5553635	15.594246065072724	0.029685951157326
2460124.7626016	15.64792389550922	0.0373678278753206
2460125.5894495	15.461640518165687	0.0485427551729004
2460127.4524569	15.449105162853572	0.052203859123805
2460130.7770926	15.31253764999619	0.0869002054335261
2460132.9367706	15.351385789714874	0.0319608734650969
2460135.8227696	15.456832060175882	0.0394590241201514
2460135.8864788	15.476644304309088	0.031270585265108
2460138.7995669	15.557749192133114	0.0252938824658035
2460139.8337714	15.553244170281646	0.0321453937059632
2460141.5813231	15.644839875494668	0.0255108753064953
2460141.5930542	15.625584820155511	0.0285988938560528
2460141.8137939	15.362455924008716	0.0186131134433599
2460142.8603708	15.75801959510982	0.0318143181465085
2460143.8646789	15.450621768690686	0.0224805694294624
2460144.6875006	15.638782578671098	0.0242754828100173
2460145.7076277	15.41263596397974	0.025635602389284
2460147.2931167	15.394832772281902	0.0231163583486702
2460148.7699862	15.258882872131736	0.0172340743203428
2460150.857124	15.559903106743844	0.0233050851862959
2460151.8470166	15.249585221031818	0.0206418776730022
2460152.7613783	15.489498500737344	0.0316277324615565
2460154.8556623	15.458706530980828	0.0356085302474873
2460158.8368767	15.282999614943542	0.0523459447549041
2460159.4818475	15.399425549904011	0.0581763060643181
2460160.8993978	15.518835489823054	0.0410390622680393
2460161.840965	15.5646685633158	0.0317343023753167
2460162.7619443	15.803809357546356	0.0924379910382532
2460163.2347068	15.254060675843869	0.0175521842686501
2460163.8770445	15.605182913412118	0.0257867599362518
2460163.9100509	15.57061986824693	0.0317837565212448
2460166.8077924	15.44812909836981	0.0315757527337522
2460171.7988375	15.426155212046256	0.0172493335103104
2460177.7650123	15.558910768913934	0.045520853041195
2460178.7733253	15.368999820682138	0.0376894482351115
2460179.7631977	15.636517039158855	0.0301500923542724
2460181.7770538	15.232863800186696	0.0307881516402037
2460187.7392886	15.476964875493568	0.0976616102202584
2460189.2354627	15.326015875932844	0.0198030295310624
2460190.682961	15.5880566717415	0.0512621423173011
2460191.7264589	15.65489669984129	0.0703509534334197
2460192.754814	15.481906303054917	0.0249134563559323
2460194.7421923	15.551593208174609	0.0282588109580027
2460195.7377436	15.673669586665625	0.0323389532580102
2460195.7834551	15.400237984488566	0.0227295611963619
2460196.7939048	15.150726185872852	0.0133479372180339
2460197.6816111	15.452299006777796	0.0258794805197908
2460197.789528	15.216377530727708	0.0143808146703329
2460198.6901693	15.424450104964713	0.0250390078361618
2460200.7891648	15.120062524207793	0.0193709595998692
2460201.8020447	15.27183953904166	0.0162715093300683
2460204.7519658	15.466466582254023	0.0250328452081672
2460206.7314253	15.373944647393095	0.0234850470274525
2460208.8035989	15.221356831118474	0.0236637647873993
2460214.7173239	15.39905717705232	0.0459422098231739
2460215.3532106	15.674988213065417	0.077545142655965
2460216.5926623	15.489089592839226	0.1073504800712435
2460218.4979202	15.368300016591558	0.0218452878984249
2460218.7561032	15.325173063150508	0.0378647635109664
2460220.7667484	15.303568388996188	0.0197127891632682
2460224.5026682	15.623965537460007	0.0284318286111779
2460225.5524366	15.366979055957298	0.0205004743086945
2460225.721901	15.418578846848533	0.0206196911288116
2460226.5638259	15.54570628303478	0.025814445890023
2460227.747964	15.144316009289229	0.0223457563137498
2460228.701145	15.282100703542463	0.0540133928800437
2460230.2678035	15.638618980067186	0.0289437529383969
2460231.5009835	15.611595177173808	0.0310784721299434
2460234.7209747	15.193730862553949	0.0185669759378082
2460235.508087	15.659142110971302	0.0346064204902796
2460236.2530225	15.170722239929468	0.0170817276884362
2460236.5094908	15.468411415440752	0.0295221730551068
2460241.4965391	15.536396731736149	0.0527221361371799
2460251.5545537	15.327971037316493	0.0272862778317458
2460253.5039362	15.62291317047178	0.0520302194798198
2460256.545121	15.663944838718155	0.0422796012201912
2460367.6258728	15.357990543625242	0.070909515690419
2460386.8413002	15.5450494562245	0.0364184082601752
2460388.6446763	15.240416831454043	0.0263534702674816
2460388.6521757	15.47195073562234	0.0511906892890266
2460389.1543614	15.210527969751254	0.0847293941658019
2460391.1470734	15.638416844457632	0.0590612862962837
2460392.1435614	15.555872406172972	0.039725279145006
2460398.8281678	15.457012074796694	0.1474334379634275
2460408.9872679	15.501438292776529	0.0704021060032238
2460409.983929	15.3766062005052	0.0678823364181502
2460411.9811922	15.787392919826118	0.0573339689741879
2460412.5945786	15.351638616117585	0.0238545922898598
2460413.6019647	15.249705863312418	0.0191467206547188
2460413.6307062	15.273629614139251	0.0314001197312443
2460416.583906	15.377067064622985	0.0241665754223791
2460417.1307853	15.81919124461675	0.0452063889861895
2460417.5732057	15.207703206566684	0.0212205108221673
2460417.596317	15.353086501968685	0.030788172810807
2460418.1271865	15.706164703172217	0.0438089932399014
2460418.5870312	15.215667889719551	0.0205496943314257
2460418.5944877	15.478833256081252	0.0304117662932151
2460420.5725605	15.531617385135911	0.0348836561717154
2460421.5622434	15.319431907346004	0.0417317333777175
2460423.7593464	15.539356562489612	0.0532881059219254
2460425.5236325	15.116557197818778	0.0471823496437315
2460431.9660204	15.226048221860186	0.0191528947302408
2460432.0388679	15.364333843054592	0.0612366157514166
2460432.7062637	15.565550145538293	0.0215947665602532
2460432.707504	15.571781783586456	0.0354188087252553
2460433.6793586	15.374267962846307	0.0893965593996919
2460433.8922342	15.492280677542997	0.024093699605875
2460435.5836894	15.504707255232118	0.026499353011512
2460437.6661351	15.728368339059678	0.0546848256143979
2460437.9829422	15.404174321005677	0.0252289747250839
2460438.8796958	15.62809215334068	0.0238261579913649
2460439.7946423	15.627424971704867	0.0301748284385319
2460440.7825019	15.478806410343868	0.0231655996187713
2460442.4367864	15.241339756446754	0.0356888001659536
2460442.9451845	15.505170591890822	0.0357339077434801
2460444.5600987	15.376739649843556	0.0241641010690065
2460446.4230536	15.445510462057833	0.0308221931235163
2460447.3968128	15.315074302656097	0.0306202088390251
2460448.4136921	15.5116353493109	0.1021129966230958
2460449.4028834	15.515400673928513	0.0433623143825091
2460449.4106743	15.220143980194468	0.0371283201851419
2460449.7946418	15.43403821273651	0.0241458753724508
2460453.8677491	15.93239324183777	99.999
