2458226.94716630  16.03388 0.07164
2458228.92436260  16.00794 0.05870
2458228.96476650  15.98285 0.05442
2458229.91999070  15.93044 0.05007
2458231.91346820  16.12649 0.07085
2458256.86921690  15.97192 0.05797
2458264.81612150  15.78685 0.06887
2458282.76852050  15.99545 0.06350
2458283.51816000  15.86049 0.02804
2458283.53465300  15.69742 0.05114
2458283.88662150  15.83794 0.06354
2458283.90520640  15.98492 0.07059
2458284.69296870  15.75387 0.03883
2458284.71526040  15.62891 0.02933
2458284.87940670  15.73608 0.04004
2458284.88309290  15.59279 0.04163
2458286.63652520  15.84960 0.04471
2458286.64762840  15.64678 0.02802
2458287.63677130  15.67743 0.03250
2458287.87705390  15.82374 0.04123
2458287.89961800  15.91974 0.05045
2458288.67865590  15.60400 0.03946
2458288.69352760  15.53892 0.02217
2458288.87167430  15.91713 0.04779
2458288.89761900  15.96224 0.06118
2458289.86733980  15.82920 0.04643
2458289.87101990  15.87598 0.05939
2458290.83859400  15.86614 0.04731
2458290.85351790  16.05133 0.08043
2458291.83759190  15.99944 0.05762
2458291.84519510  15.92671 0.04966
2458292.86096240  15.55229 0.05036
2458292.86853840  15.71766 0.06643
2458293.86922500  15.95192 0.09330
2458295.57850570  15.75181 0.06098
2458300.67332000  15.61669 0.05297
2458300.67816990  15.49682 0.03455
2458301.74572000  15.68920 0.04705
2458304.82543880  15.78915 0.06918
2458304.85145130  16.09621 0.09760
2458306.64405310  15.64640 0.03930
2458306.78194780  15.59752 0.04117
2458312.63830690  15.55675 0.02159
2458314.50953320  15.55160 0.01846
2458314.76353880  15.79826 0.04783
2458316.78917420  15.90467 0.05119
2458318.78837170  15.87225 0.06507
2458318.81321910  15.93028 0.05727
2458319.77098520  15.78819 0.04305
2458320.78626550  15.49678 0.02887
2458320.80109780  15.64341 0.03850
2458328.58066850  15.50416 0.04261
2458328.58434350  15.54185 0.05532
2458329.54752940  15.61489 0.05527
2458332.74416780  16.00137 0.09261
2458332.76914840  16.12859 0.17515
2458334.59716210  15.79971 0.03422
2458335.56419790  15.65070 0.03073
2458335.58650670  15.86273 0.03879
2458335.73472610  15.87793 0.04978
2458335.76086480  16.05030 0.07086
2458336.55377930  15.54393 0.03281
2458336.72647640  15.82755 0.05200
2458337.72951860  15.80712 0.05266
2458337.75546990  15.93257 0.05176
2458338.52109810  15.81886 0.03556
2458338.54350830  15.55722 0.02533
2458338.69567830  16.11976 0.06208
2458338.71423940  15.85670 0.04876
2458339.55455030  15.50472 0.01816
2458340.54369440  15.63435 0.03043
2458341.54053590  15.51193 0.02425
2458343.54149550  15.65209 0.03148
2458344.53789900  15.54810 0.03810
2458345.70894980  15.72285 0.05711
2458349.56230000  15.63920 0.04177
2458359.47990200  15.60158 0.02785
2458359.65860120  15.86092 0.06314
2458360.48396150  15.62913 0.02466
2458362.66820010  15.77025 0.06364
2458362.69447680  15.81803 0.04895
2458363.61883970  15.65606 0.03525
2458366.63416500  16.10236 0.18930
2458367.49017380  15.67214 0.03184
2458368.49059670  16.06954 0.05453
2458370.65310000  15.96894 0.05268
2458371.63067500  16.03244 0.05226
2458371.66954570  15.92922 0.04948
2458372.62231750  15.86253 0.04587
2458372.65185350  15.97434 0.06801
2458373.62498600  15.84311 0.05440
2458374.62422280  15.86109 0.06234
2458375.64567850  15.96846 0.07027
2458385.51542070  15.76400 0.05562
2458392.61022030  15.85286 0.06653
2458393.57444450  15.54091 0.02719
2458393.59290770  15.63944 0.03963
2458394.56351590  15.76066 0.02805
2458394.59067630  15.89939 0.04520
2458396.56078430  15.49679 0.03635
2458396.58807280  15.81330 0.04408
2458398.55947750  15.99724 0.11478
2458399.57999900  15.84908 0.06211
2458401.53059470  15.66352 0.03515
2458401.54426700  15.74991 0.03439
2458404.55917990  15.78652 0.03704
2458409.49731700  15.62689 0.03802
2458410.51738000  15.60701 0.04005
2458410.54458040  15.71489 0.04510
2458411.54678500  15.87246 0.06649
2458412.50282480  15.60993 0.04471
2458412.50602440  15.80295 0.05627
2458413.50336520  15.70691 0.04566
2458413.53436040  15.74358 0.07422
2458414.52747050  15.95235 0.10157
2458415.52718770  15.91257 0.09239
2458416.52052340  16.01299 0.09011
2458417.49801490  15.61020 0.04607
2458417.52381710  15.96274 0.09148
2458418.52091560  15.70726 0.04146
2458419.50272370  15.77486 0.05972
2458424.50239070  15.68126 0.05468
2458523.88813280  15.68845 0.10979
2458524.88761430  15.77266 0.08648
2458525.88324980  15.48101 0.03654
2458526.88229890  15.81775 0.04295
2458527.87800350  15.61197 0.04123
2458528.87359240  15.51945 0.05240
2458529.87663050  15.74568 0.05698
2458530.89428780  15.98848 0.13120
2458533.88416740  15.78463 0.08571
2458534.87900060  15.70200 0.10045
2458537.88507150  15.67112 0.04201
2458538.89166710  15.84226 0.07393
2458539.87044550  15.56882 0.03829
2458546.90371170  15.71809 0.08135
2458546.90479410  15.84158 0.09405
2458547.89246900  15.83114 0.04292
2458547.89636740  15.63014 0.03656
2458548.88759130  15.75250 0.03868
2458549.83984390  15.81782 0.03690
2458549.86229590  15.98119 0.05462
2458550.83515120  15.67306 0.02807
2458550.86145810  15.68972 0.04090
2458551.87752980  15.68949 0.03543
2458552.85187780  15.70151 0.02850
2458552.86371000  15.95493 0.04073
2458553.82873660  15.68100 0.03057
2458554.82405250  15.72786 0.03157
2458555.82316050  15.75487 0.03221
2458555.84637790  15.91394 0.05219
2458556.81832410  15.47165 0.02895
2458556.84541470  15.69161 0.03694
2458557.81746030  15.67809 0.03951
2458557.84054750  15.82018 0.04365
2458558.82848760  15.62763 0.03325
2458558.84016370  15.84394 0.03725
2458561.84079480  15.59524 0.05985
2458564.79699620  15.64692 0.06160
2458565.81445510  15.66007 0.04607
2458566.83174510  15.67152 0.05727
2458567.83639870  15.63943 0.05519
2458573.76616000  15.53034 0.02505
2458575.76058510  15.68087 0.03434
2458576.53131980  15.70127 0.03231
2458576.75981480  15.58948 0.03639
2458576.78315010  15.62041 0.03136
2458577.56745610  15.62511 0.02714
2458577.59128400  15.77830 0.03788
2458577.75533100  15.68185 0.03928
2458578.77762970  15.68399 0.03699
2458578.78148890  15.78608 0.02447
2458579.79127090  15.67753 0.02533
2458579.79299810  15.69436 0.04290
2458580.76831720  15.67736 0.02774
2458580.77218460  15.85961 0.03170
2458581.77093870  15.55787 0.04316
2458581.77838840  15.84471 0.04154
2458582.96179900  15.90006 0.04368
2458583.75060980  15.74347 0.04870
2458583.87942190  15.90522 0.02787
2458584.73823620  15.61019 0.03366
2458585.50496320  15.75169 0.03254
2458585.73454060  15.81432 0.04249
2458585.91683790  15.47342 0.04753
2458586.79748700  15.74244 0.04391
2458587.82746010  15.79289 0.03523
2458588.72808240  15.64498 0.04174
2458588.75058240  15.82450 0.06147
2458589.71689410  15.62043 0.07431
2458589.76448490  15.85911 0.05493
2458590.83761480  15.63076 0.03456
2458590.85466090  15.78789 0.05168
2458591.89411340  15.52536 0.03170
2458591.89722780  15.88666 0.05702
2458593.81855290  15.68572 0.08113
2458595.70787000  15.53579 0.05748
2458595.85772120  15.84706 0.06547
2458600.86795950  15.93042 0.05441
2458600.87521260  15.73596 0.04053
2458601.46731270  15.99050 0.05851
2458601.92113590  15.93599 0.06988
2458601.94810880  15.89867 0.05095
2458602.53137890  15.97734 0.04303
2458602.89014760  15.77073 0.03997
2458602.89382700  15.43319 0.03121
2458603.87050730  15.90683 0.04606
2458604.70629860  15.72367 0.03541
2458604.88203120  15.91625 0.07284
2458605.70175790  15.89135 0.04522
2458605.76257680  15.65826 0.02707
2458605.82619770  15.91535 0.04564
2458606.78385330  15.64124 0.02901
2458607.45525570  15.75311 0.03370
2458608.69624710  15.87052 0.05361
2458609.71521660  15.77051 0.03948
2458610.88260960  15.57770 0.05259
2458611.89321390  15.78024 0.03485
2458611.93031920  15.81318 0.04990
2458612.86335370  15.73485 0.04001
2458612.90409440  15.93792 0.05910
2458615.42256790  15.71738 0.03486
2458616.38601120  15.82511 0.05510
2458616.41225700  15.64911 0.04603
2458617.39028090  15.72680 0.05845
2458617.87869590  15.94687 0.09392
2458618.38268110  15.75595 0.09578
2458618.63990510  15.59139 0.04007
2458618.89138480  15.73603 0.07475
2458618.89504410  15.92955 0.07014
2458619.84421360  15.87123 0.09230
2458627.35116890  15.78616 0.05269
2458627.60066860  15.87139 0.07322
2458628.35626400  15.68054 0.04098
2458628.44528580  15.59222 0.03842
2458631.62590600  15.84288 0.04670
2458632.83350970  16.02199 0.05828
2458633.87060070  15.81445 0.03939
2458635.62757720  15.77345 0.02221
2458636.58608230  15.64498 0.03138
2458636.72922520  15.79986 0.02927
2458637.60187710  15.69496 0.03814
2458637.73376440  15.90642 0.05121
2458638.64863660  15.60816 0.02981
2458640.64458960  15.55302 0.03005
2458640.83196120  15.90989 0.04240
2458642.33883310  15.55831 0.03514
2458642.62021510  15.53790 0.02842
2458643.47506340  15.54047 0.02366
2458643.65665140  15.56622 0.03288
2458644.59483660  15.78127 0.05991
2458644.68310230  15.63096 0.03529
2458645.59908080  15.91021 0.04921
2458645.67002120  15.60599 0.02754
2458646.66036100  15.67361 0.04733
2458646.70464560  15.47886 0.03157
2458647.70373310  15.45797 0.02803
2458648.32625550  15.44404 0.04351
2458648.67557410  15.76881 0.04529
2458648.78524200  16.05734 0.07613
2458655.27157020  15.81773 0.03997
2458657.54819280  15.81821 0.03810
2458657.80729330  15.90242 0.06181
2458658.26373250  15.79142 0.02791
2458658.39680460  15.65821 0.03738
2458659.26140730  15.88134 0.05409
2458659.74611640  15.69551 0.03124
2458660.84744970  15.98792 0.07286
2458660.85552560  15.79564 0.04276
2458661.42676030  15.67316 0.03705
2458661.59323020  15.80624 0.03887
2458667.73054400  15.76001 0.04875
2458668.25243670  15.75780 0.02809
2458668.25998750  15.60446 0.02245
2458669.84123180  15.73217 0.03083
2458670.82734610  15.84488 0.05819
2458671.61799110  15.52963 0.02988
2458671.65489360  15.51903 0.03080
2458671.66170320  15.77830 0.04195
2458673.22509500  15.76151 0.04462
2458673.25943100  15.44666 0.02909
2458674.25617780  15.64808 0.03960
2458674.82935030  15.83735 0.03621
2458674.83823970  15.53204 0.03405
2458675.27965790  15.78189 0.05450
2458676.60715720  15.76317 0.05176
2458677.27472780  15.67942 0.04409
2458677.33685180  15.77934 0.04185
2458682.77227690  15.84907 0.07471
2458683.73387410  15.83532 0.06902
2458684.65459540  15.64594 0.04698
2458684.67304240  15.86803 0.06983
2458686.33063190  15.55283 0.04216
2458686.78545810  15.83220 0.07168
2458686.81623310  15.93972 0.13341
2458687.66847580  15.96483 0.05872
2458688.66436110  15.64451 0.02866
2458689.76578940  15.87343 0.04217
2458689.77681540  15.85851 0.06867
2458690.43051930  15.84196 0.03937
2458690.47974950  15.57400 0.03158
2458690.77299220  15.78333 0.04190
2458691.44573680  15.68432 0.04269
2458691.56209700  15.47374 0.01915
2458692.28044190  15.64440 0.04882
2458692.62398320  15.68117 0.03604
2458692.76320510  15.57124 0.02255
2458692.79002900  15.70419 0.05364
2458692.79125770  15.92021 0.15062
2458693.67074520  15.84782 0.04218
2458694.56275840  15.47659 0.03629
2458694.72824830  15.73490 0.06709
2458694.76684060  15.78729 0.04602
2458694.76973740  15.68313 0.09305
2458695.76261130  15.86923 0.06193
2458695.76628580  15.79954 0.05360
2458697.61241860  15.74906 0.03852
2458697.75776730  15.76719 0.05496
2458697.78010070  15.66808 0.05550
2458698.45944340  15.54744 0.03037
2458698.49002570  15.82984 0.03721
2458698.57879280  15.74428 0.03782
2458698.61450870  15.76828 0.03709
2458698.74424090  15.75733 0.05326
2458698.78177420  15.70953 0.05658
2458699.24062690  15.83072 0.03741
2458699.30789230  15.48553 0.02721
2458699.58324550  15.58142 0.04254
2458699.60696640  15.74154 0.03779
2458700.24101000  15.80793 0.03976
2458700.27268820  15.61380 0.02980
2458700.73833680  15.73622 0.05495
2458700.75475940  15.56435 0.03116
2458700.75843280  15.64036 0.04302
2458700.76980680  15.78566 0.08655
2458701.64148930  15.47663 0.01948
2458701.67901490  15.74857 0.04545
2458701.74033640  15.79973 0.05058
2458701.74780300  15.74415 0.06041
2458702.21581170  15.79056 0.04173
2458702.22314210  15.68117 0.04689
2458702.73399900  16.05277 0.06810
2458702.76793630  15.72959 0.06337
2458703.68924020  15.73368 0.09024
2458703.76812330  16.05516 0.09401
2458705.55381420  15.83488 0.09755
2458711.53267200  16.02398 0.09691
2458712.52584660  15.71287 0.06972
2458712.62857000  15.54384 0.05998
2458713.52238580  15.54123 0.01953
2458713.57379140  15.70153 0.07506
2458715.44773290  15.85309 0.06240
2458715.54894340  15.73963 0.04330
2458716.64323060  15.61674 0.02978
2458716.67649680  15.87963 0.06301
2458716.68766970  15.74131 0.05181
2458717.73072960  16.07794 0.12174
2458718.50506220  15.87232 0.05069
2458718.69706990  15.51959 0.03737
2458719.51387640  15.52121 0.03178
2458721.48995640  15.64867 0.03309
2458721.53646480  15.85079 0.04910
2458721.67668090  15.97195 0.05863
2458721.71901520  15.81255 0.06307
2458722.34005940  15.82320 0.03578
2458722.49022550  15.43754 0.02700
2458722.67601190  15.93771 0.05199
2458722.70882160  15.72628 0.03417
2458723.25470690  15.61291 0.03440
2458723.32154910  15.86433 0.03604
2458723.49072490  15.56125 0.02948
2458723.53784420  15.77977 0.04003
2458724.32168120  15.57010 0.03861
2458724.38623140  15.78280 0.03555
2458724.48732480  15.54916 0.04145
2458724.52330790  15.85834 0.03761
2458725.42402750  15.68223 0.04589
2458725.44387000  15.51680 0.03459
2458725.52218800  15.72759 0.04276
2458725.66559980  15.87393 0.06152
2458726.51938930  16.05128 0.05430
2458726.70337530  15.67891 0.06515
2458727.40720900  15.76469 0.04088
2458727.43289620  15.64929 0.03207
2458727.51261530  15.79322 0.04323
2458727.68303260  15.98259 0.08336
2458728.40398390  15.80266 0.04244
2458728.42990950  15.59558 0.03723
2458728.50729320  15.70949 0.04439
2458729.22282330  15.66190 0.03552
2458729.25242320  15.64086 0.04454
2458729.65420200  15.81308 0.05072
2458730.24168940  15.67932 0.03529
2458730.24538130  15.53372 0.02936
2458730.65287920  15.99896 0.06733
2458730.69246890  16.04806 0.06771
2458731.69127960  16.02152 0.08474
2458732.21673810  15.70125 0.06550
2458736.65133240  15.87188 0.06528
2458738.64156240  15.52365 0.05252
2458741.39475220  15.53878 0.09804
2458741.59374130  15.67081 0.04648
2458742.28832620  15.73073 0.07299
2458742.35999540  15.44416 0.07941
2458744.62675360  15.54606 0.04258
2458744.64880700  15.74369 0.05340
2458746.37054340  15.77471 0.11039
2458747.38150620  15.77360 0.06005
2458748.58159090  15.71699 0.04949
2458749.36798780  15.53947 0.04349
2458750.34825810  15.62050 0.03605
2458750.37903090  15.52306 0.03525
2458750.59195310  16.12342 0.08300
2458752.30764820  15.56169 0.03563
2458752.34342140  15.81673 0.05395
2458752.58638060  15.97188 0.04991
2458752.63070130  15.99859 0.06585
2458753.33868010  15.73176 0.04052
2458753.58553000  15.88958 0.04454
2458754.34242600  15.84388 0.06501
2458754.36090470  15.73854 0.04429
2458754.59708810  15.48888 0.03168
2458754.60318540  15.70443 0.04514
2458755.52483420  15.63097 0.03298
2458755.53505530  15.93109 0.03877
2458756.57628720  15.94928 0.05337
2458756.57997330  15.91220 0.07488
2458757.58535800  15.53870 0.05844
2458758.32773540  15.66413 0.03545
2458758.35130710  15.60354 0.03179
2458760.28623350  15.65065 0.04259
2458764.52286180  15.78404 0.04669
2458764.53757870  15.67278 0.04133
2458764.57614060  15.93229 0.16356
2458765.56713910  15.58615 0.05651
2458766.56427660  15.66294 0.05386
2458768.25211180  15.86486 0.08936
2458768.31559490  15.71293 0.08107
2458769.26002690  15.74904 0.06423
2458769.56466790  15.77778 0.12699
2458771.31402720  15.94652 0.09249
2458772.52711550  15.76860 0.04851
2458772.56934550  16.01743 0.08044
2458773.56990350  15.78546 0.04633
2458774.52514610  15.49242 0.03431
2458774.56810370  15.64505 0.03377
2458775.52096390  15.61878 0.03145
2458775.56548090  15.97441 0.05140
2458776.52701240  15.51687 0.02819
2458776.56223330  15.78449 0.04667
2458777.51517270  15.59074 0.02607
2458777.55876540  15.80723 0.04195
2458778.51089620  15.67532 0.03537
2458781.50115780  15.70938 0.03539
2458781.52812420  15.79089 0.04151
2458782.49784500  15.50310 0.03719
2458782.52354680  15.64463 0.04169
2458782.54244120  15.57041 0.02275
2458782.55302440  15.68650 0.04090
2458783.49838330  15.90734 0.06150
2458783.52177030  15.82879 0.04754
2458786.25788100  15.67137 0.06610
2458786.50807100  15.82795 0.03938
2458791.51486900  15.74787 0.04171
2458894.87689030  15.60241 0.05219
2458894.87816600  15.56996 0.06668
2458900.87511940  15.64460 0.04369
2458901.87303480  15.72515 0.04160
2458903.86364880  15.70889 0.02801
2458904.85481330  15.69046 0.04120
2458905.85705760  15.57944 0.03004
2458906.62782820  15.69551 0.05129
2458906.87284010  15.57280 0.02749
2458907.88004270  16.03099 0.11959
2458908.84942880  15.59853 0.04038
2458908.87123510  15.83968 0.03591
2458909.84598270  15.56417 0.03006
2458909.87049700  15.78915 0.04882
2458910.84374960  15.75699 0.03892
2458911.84178230  15.54782 0.04812
2458912.83794880  15.67734 0.05132
2458913.85117850  15.64819 0.03313
2458915.82846820  15.61660 0.03239
2458916.88165830  15.64709 0.03469
2458917.84958710  15.74769 0.13724
2458918.82120780  15.87618 0.10410
2458918.84198610  15.59061 0.09223
2458919.88996550  15.57748 0.04256
2458922.57635390  15.81840 0.07749
2458922.59117880  15.47679 0.05243
2458927.54222270  15.62541 0.03044
2458928.57003510  15.60534 0.04898
2458929.54459430  15.80807 0.06454
2458930.53094780  15.65480 0.04183
2458930.56069630  15.45572 0.03604
2458955.97254990  15.89865 0.05851
2458957.92960570  15.79825 0.04596
2458957.94829180  15.88497 0.06482
2458958.93935000  15.96857 0.05399
2458959.91197450  15.87263 0.05995
2458960.94282560  15.78132 0.04588
2458962.93090240  16.08504 0.06395
2458965.91899330  15.93820 0.05948
2458967.88702140  15.92195 0.04912
2458968.91327850  15.98414 0.05761
2458968.94539540  15.87202 0.04795
2458974.95973820  15.74140 0.06145
2458983.38261310  15.62160 0.03195
2458983.40847240  15.58773 0.04058
2458985.43667310  15.80441 0.05447
2458986.94422470  15.74926 0.04704
2458990.86000250  16.01486 0.07090
2458990.94635430  16.01488 0.05589
2458991.92144230  15.95183 0.04843
2458992.46246280  15.68171 0.03795
2458993.81893220  15.86459 0.03756
2458993.85171190  16.00411 0.05287
2458994.87456920  15.70091 0.05437
2458996.87721710  15.83992 0.04086
2458998.82552180  15.93209 0.06402
2458999.81114240  15.93026 0.05427
2458999.84821170  15.92858 0.07899
2459009.30487960  15.89174 0.10153
2459010.86029290  15.77060 0.06062
2459013.78033010  15.98648 0.05859
2459014.86527050  15.71655 0.04201
2459017.44464930  15.79420 0.03268
2459018.37537180  15.59299 0.03202
2459019.37173120  15.68333 0.04003
2459019.46926860  15.85951 0.03748
2459022.77378090  15.75468 0.05953
2459025.26681870  15.66301 0.04475
2459025.31767340  15.68817 0.04009
2459031.28243070  15.66769 0.06570
2459031.30179060  15.46438 0.05302
2459038.48917450  15.66458 0.07191
2459038.49284270  15.64858 0.06977
2459040.78823510  15.94310 0.09299
2459044.70396620  15.71882 0.04224
2459045.67486480  15.99028 0.04922
2459045.80140350  15.66073 0.05425
2459048.48734480  15.77922 0.05638
2459048.52122060  15.86226 0.04951
2459049.38866990  15.44967 0.03269
2459051.38452560  15.66407 0.04558
2459052.50352290  15.46742 0.03539
2459052.79173630  15.98798 0.06311
2459056.49858770  15.56280 0.03737
2459060.31721840  15.59353 0.04623
2459067.76038010  16.03129 0.15579
2459067.76798540  15.61930 0.12602
2459068.76752500  15.93055 0.13301
2459069.76180550  15.98348 0.15180
2459070.76093870  15.90563 0.09749
2459082.60709980  15.77100 0.10547
2459097.41729720  15.52483 0.16491
2459112.27521800  15.91020 0.05677
2459126.57504090  16.04246 0.05463
2459128.58835040  15.94207 0.05364
2459129.59501830  15.90012 0.07413
2459133.56728980  15.94103 0.07059
2459138.25187720  15.88238 0.05121
2459146.50500540  15.56397 0.04626
2459146.50889330  15.69580 0.06103
2459148.51232310  15.69156 0.06256
2459148.51623430  15.89605 0.07498
2459151.51198550  15.48962 0.05970
2459153.50941400  15.63239 0.08454
2459156.50070350  15.87187 0.10709
2459248.88435520  15.75235 0.15330
2459249.88245030  15.67744 0.07100
2459255.86844400  15.70737 0.04438
2459255.89173430  15.51993 0.13696
2459257.86298060  15.74296 0.04238
2459258.87674890  15.75994 0.05393
2459259.87604270  15.84929 0.04879
2459260.85681110  15.67486 0.03471
2459260.88028770  15.77694 0.05642
2459262.85165680  15.72256 0.04075
2459262.86273190  15.74086 0.05892
2459263.63482260  15.60433 0.05819
2459266.59786620  15.77371 0.05345
2459266.87093000  15.59985 0.04562
2459267.84436240  15.45531 0.03938
2459267.86693010  15.71987 0.04196
2459268.85026470  15.79439 0.04716
2459268.87570940  15.83146 0.05035
2459269.84148720  15.65174 0.03501
2459271.87726220  16.01894 0.09878
2459272.84457080  15.58741 0.08499
2459273.83817420  15.67797 0.06644
2459273.86358790  15.73920 0.08112
2459274.83437140  15.52001 0.05905
2459277.83221960  15.87202 0.08453
2459278.83439340  15.55243 0.05581
2459278.83528070  15.54823 0.05430
2459282.88083690  15.67907 0.03217
2459283.80762880  15.79843 0.04699
2459285.81410460  15.56412 0.02952
2459285.89542900  15.81447 0.04005
2459288.79966190  15.64495 0.05183
2459290.78803140  15.77598 0.05867
2459290.82033260  15.84111 0.03384
2459291.80106160  15.75338 0.03293
2459292.62346260  15.76794 0.05306
2459292.90623090  15.62487 0.04529
2459294.79710910  15.99627 0.06071
2459295.51356580  15.88412 0.03749
2459295.53644140  15.72444 0.04788
2459295.76857960  15.47398 0.02666
2459295.79942150  15.64501 0.03846
2459296.61181630  15.62868 0.03709
2459296.77533060  15.80597 0.04388
2459297.78359040  15.50114 0.02486
2459297.82952560  15.75563 0.03551
2459298.53966510  15.75571 0.04173
2459299.57440080  15.67660 0.05037
2459305.78871140  16.05426 0.10993
2459310.74315260  15.91215 0.04769
2459310.76202840  15.69341 0.03499
2459311.81079220  15.72675 0.02761
2459311.81596330  15.85624 0.04290
2459312.97541160  15.92240 0.06260
2459315.82646500  15.46544 0.04113
2459315.90002780  15.74093 0.03471
2459316.51153980  15.51003 0.02765
2459316.77086590  15.49533 0.02720
2459316.78067110  15.74940 0.06455
2459316.97561770  15.92186 0.06185
2459319.70742530  15.69622 0.03457
2459319.72844020  15.78364 0.05599
2459320.70691000  15.51155 0.03596
2459320.72355000  15.57859 0.03791
2459321.50742770  15.95472 0.04461
2459321.52615740  15.62209 0.04746
2459322.46437650  15.67032 0.03715
2459323.47003380  15.84633 0.02870
2459323.50346980  15.63038 0.03140
2459323.76290740  15.78647 0.03316
2459323.89499760  15.78494 0.04151
2459324.75883330  15.57941 0.03352
2459326.94900220  15.88005 0.05111
2459327.42287690  15.69317 0.06546
2459328.51302710  15.56196 0.05016
2459328.54308590  15.48176 0.02710
2459329.66836650  15.81468 0.06895
2459329.69968440  16.16170 0.11753
2459330.67170330  15.59807 0.05117
2459333.67939850  15.67132 0.08382
2459333.76901180  15.66600 0.06929
2459337.64876860  15.51266 0.04190
2459337.67324550  15.78926 0.05514
2459339.95224170  16.11408 0.08158
2459340.75811190  15.71888 0.03942
2459344.42748060  15.67617 0.02725
2459344.43498500  15.60604 0.02820
2459344.88423030  16.10886 0.07473
2459345.83317980  15.83777 0.03919
2459347.72632200  15.57163 0.04065
2459348.39555590  15.76615 0.04717
2459348.62714610  15.61366 0.03254
2459351.40643790  15.98366 0.07224
2459351.41640620  15.59977 0.02413
2459351.60845180  15.44555 0.03588
2459351.67942600  15.72686 0.04807
2459351.94404540  16.11901 0.06064
2459352.80135020  15.43822 0.02905
2459352.81185870  15.69130 0.03888
2459355.84652020  15.66005 0.05868
2459357.34545580  15.78457 0.06299
2459357.39895690  15.52951 0.04949
2459358.58764140  15.47698 0.03590
2459359.86443690  15.86157 0.09440
2459365.57610580  15.50527 0.02699
2459365.60512840  15.79503 0.03770
2459367.59766680  15.77501 0.04787
2459368.70637540  15.73378 0.05076
2459368.80263660  15.74473 0.04324
2459368.86867460  15.48056 0.03906
2459369.87651560  15.74079 0.03361
2459370.84017440  15.78080 0.03637
2459371.40345860  15.85549 0.03895
2459371.69697370  15.73687 0.03052
2459371.88384280  15.60484 0.04030
2459372.31534400  15.72924 0.04485
2459372.57065100  15.80034 0.03684
2459373.81216130  15.87218 0.04757
2459374.83966100  15.89651 0.11406
2459377.29971660  15.79555 0.03900
2459379.28917310  15.79182 0.04091
2459379.52906260  15.56492 0.03148
2459379.55999550  15.68351 0.04442
2459379.74236300  15.79091 0.04256
2459381.77196860  16.02920 0.06108
2459382.70934010  15.48483 0.02688
2459384.32229840  15.51887 0.04797
2459384.51883330  15.54176 0.03846
2459385.85886690  15.63321 0.03495
2459386.51222890  15.52300 0.02926
2459386.53128800  15.81663 0.06491
2459386.72194400  15.58645 0.06644
2459387.82788930  15.61096 0.06428
2459392.84800170  15.54872 0.06449
2459393.49943950  15.53944 0.03442
2459393.52308250  15.68862 0.03562
2459393.84416420  15.55233 0.05075
2459396.80337150  15.81958 0.05357
2459397.77469440  15.49273 0.02806
2459397.83342310  15.61189 0.03830
2459400.47110190  15.70504 0.06801
2459400.49601690  15.83158 0.05449
2459400.63638290  15.85539 0.06342
2459401.64701350  15.83746 0.03794
2459401.67403240  15.81884 0.04349
2459402.41321980  16.00827 0.05072
2459403.25896850  15.52759 0.02593
2459403.82777630  15.72948 0.06703
2459405.73589540  15.54739 0.03726
2459407.47484450  15.73182 0.04288
2459407.50059820  15.68887 0.03593
2459408.77546760  15.75924 0.04067
2459409.80243470  15.78514 0.04079
2459410.78163700  15.86979 0.06610
2459411.78796260  15.96365 0.05475
2459412.25747180  15.52916 0.02560
2459412.68093980  15.82453 0.06711
2459414.24275070  15.59113 0.05459
2459414.60953090  15.80104 0.03695
2459421.55165020  15.72598 0.04903
2459421.55537130  15.69574 0.05602
2459421.80222520  15.62600 0.10365
2459422.64797790  15.76272 0.06597
2459422.70748860  15.45548 0.04160
2459423.69450000  15.81000 0.05856
2459424.69232630  15.98855 0.05845
2459424.70704940  15.95199 0.06649
2459425.48434560  15.70321 0.04525
2459425.61590190  15.46499 0.03104
2459426.57340330  15.76641 0.03337
2459426.64500250  15.85543 0.03783
2459427.59946140  15.67887 0.03691
2459427.63133010  15.85422 0.04219
2459428.48298770  15.77567 0.02976
2459428.48691830  15.70320 0.03237
2459428.63819370  15.48922 0.02706
2459428.78293140  15.85207 0.05924
2459429.67356880  15.76797 0.03141
2459430.66331640  15.74653 0.04254
2459431.61621960  15.83710 0.04680
2459432.57515890  15.78241 0.04670
2459433.61669510  15.56443 0.02822
2459435.49220340  15.67148 0.04300
2459435.49976180  15.48959 0.03116
2459436.60546530  15.69672 0.04190
2459437.55381650  15.52794 0.03085
2459437.55744570  15.72099 0.04118
2459438.73506920  15.48817 0.03524
2459440.48718140  15.58497 0.02838
2459442.29148930  15.98065 0.11674
2459442.51387610  15.70140 0.05139
2459443.57283680  16.11643 0.10263
2459447.56526870  15.45757 0.05039
2459448.65042690  15.50938 0.08476
2459449.59325650  15.64620 0.08221
2459451.42605010  16.13581 0.13368
2459452.69815290  15.85853 0.12470
2459453.65811880  15.77773 0.04363
2459454.58574850  15.92306 0.05645
2459455.60893460  15.88002 0.04648
2459456.53379500  15.81987 0.03543
2459457.67164320  15.81724 0.04506
2459459.25825320  15.63973 0.05273
2459459.42099230  15.84023 0.04460
2459459.63812170  15.56644 0.04087
2459459.67150220  15.68064 0.03665
2459460.33851500  15.43403 0.03001
2459460.42038560  15.77765 0.04074
2459460.65922060  15.68959 0.03228
2459460.69095980  15.75518 0.04380
2459461.69559390  15.93828 0.05428
2459462.69470930  15.49395 0.06127
2459464.69273160  15.86793 0.06833
2459465.59799420  15.72202 0.03764
2459466.28709160  15.66875 0.04391
2459469.26035020  15.53276 0.08131
2459469.62576260  15.85592 0.07629
2459470.23117630  15.45246 0.07811
2459470.59307530  15.70316 0.04911
2459474.53506490  15.81423 0.07238
2459475.23355970  15.70393 0.09101
2459475.51208720  15.47227 0.05732
2459476.51831070  15.61998 0.07699
2459477.61532300  15.76841 0.08973
2459478.49330690  15.51828 0.05177
2459478.58467330  15.94290 0.08985
2459479.61862400  15.93297 0.09335
2459480.58921170  15.93542 0.07217
2459482.60395650  15.84615 0.05493
2459483.35392400  15.73045 0.04523
2459484.60217870  15.58786 0.04794
2459486.58025660  15.80766 0.06803
2459489.51219500  15.54866 0.03963
2459489.51725040  15.79245 0.04021
2459490.52770280  15.67050 0.04070
2459491.57828550  15.70305 0.03604
2459491.59841700  15.86994 0.04997
2459493.48761200  15.79414 0.06809
2459493.59564190  15.87520 0.05443
2459494.54966310  15.78846 0.03869
2459495.29232770  15.72698 0.04531
2459496.49615120  15.86715 0.04080
2459497.30550350  15.48633 0.02925
2459497.49727460  15.51241 0.03893
2459501.54508770  15.60339 0.05498
2459502.49943470  16.03466 0.07920
2459503.53816250  15.58911 0.04921
2459503.54162280  16.12905 0.13054
2459504.55864910  15.60714 0.07307
2459505.53726310  15.56836 0.05919
2459506.27646580  15.57455 0.08233
2459506.28019220  15.85066 0.07923
2459507.52044080  15.48914 0.05820
2459507.54854150  15.54665 0.08661
2459508.51570670  15.83385 0.07788
2459508.54861400  15.78830 0.09347
2459509.51223460  15.66935 0.06359
2459509.54538950  15.76258 0.08538
2459510.50384720  15.55416 0.04810
2459510.50780210  16.11600 0.07401
2459511.51220070  15.79356 0.04679
2459511.54259140  15.89937 0.06220
2459512.51364510  15.60853 0.03249
2459513.25779380  15.73873 0.04238
2459513.50636900  15.70154 0.06134
2459514.50440700  15.71140 0.06328
2459514.52436570  15.85524 0.05991
2459515.50354900  15.52589 0.03698
2459515.52261210  15.66305 0.04543
2459516.52644860  15.88449 0.05497
2459517.52046300  15.88544 0.05030
2459518.51708880  15.88821 0.05788
2459522.25024440  15.58651 0.15491
2459616.87888370  15.61281 0.06433
2459618.87373590  15.72897 0.04690
2459620.86776320  15.63405 0.07607
2459621.86780020  15.66184 0.04029
2459621.88755560  15.82010 0.08038
2459622.88570010  15.46245 0.05499
2459623.88111460  15.65677 0.06296
2459624.85460090  15.66078 0.06420
2459624.88483060  15.85861 0.07732
2459625.85713270  15.50372 0.06206
2459627.85799670  15.77906 0.09027
2459630.86415130  15.69256 0.11021
2459631.60245550  15.92876 0.09886
2459632.85839120  15.71187 0.07596
2459632.89327230  16.05252 0.08933
2459634.62001120  15.89228 0.08839
2459638.59891860  15.95326 0.05531
2459638.86002580  15.77051 0.05268
2459639.88781430  15.74029 0.04673
2459642.81630110  15.63325 0.02593
2459644.58900350  15.57904 0.02823
2459644.82136930  15.73460 0.04104
2459645.81876230  15.51871 0.02993
2459646.84022660  15.82395 0.04116
2459646.88182720  15.88544 0.04833
2459647.58522520  15.89377 0.06399
2459648.83785910  15.86182 0.02686
2459648.87372880  15.44965 0.04256
2459650.83131710  15.81164 0.04060
2459651.00880260  16.08898 0.09035
2459651.82346850  15.96293 0.04157
2459652.83460760  15.77909 0.03095
2459653.89874790  15.74176 0.03211
2459654.79339840  15.83170 0.08189
2459654.80504600  15.56644 0.05205
2459654.84289990  15.80642 0.03326
2459655.79263290  15.48413 0.04709
2459657.81411450  15.93625 0.11864
2459659.57746910  15.60711 0.07427
2459659.57870940  15.84531 0.16348
2459659.58124410  15.64832 0.11196
2459660.76342710  15.78359 0.06839
2459660.79144290  16.05786 0.08382
2459661.77030030  15.54155 0.07804
2459665.83618260  15.64215 0.02585
2459665.83748550  15.62742 0.03499
2459665.84009410  15.80913 0.03668
2459665.98925980  15.75909 0.07402
2459666.74907410  15.66058 0.03454
2459666.75037620  15.70834 0.03701
2459666.79910670  15.58489 0.03019
2459666.80036130  15.65400 0.03753
2459666.82955720  15.81916 0.03084
2459667.75542140  15.49621 0.02507
2459667.82241950  15.49071 0.02662
2459667.83525980  15.77217 0.04297
2459669.74564770  15.55375 0.03015
2459669.89618050  15.74552 0.03463
2459670.77156970  15.48636 0.02403
2459671.76849530  15.68857 0.02851
2459671.80965140  15.69169 0.03274
2459671.90586390  15.94956 0.04381
2459671.97370010  15.84936 0.04310
2459673.74312970  15.70797 0.02548
2459673.98916390  15.83067 0.07071
2459674.74974100  15.54978 0.02049
2459675.82663300  15.60185 0.05962
2459675.87092480  15.85834 0.03528
2459676.83142470  15.54642 0.02279
2459677.75992160  15.83398 0.03535
2459677.82728190  15.77065 0.03587
2459677.89735330  15.53377 0.02745
2459678.86811320  15.82719 0.02662
2459680.97020670  16.02451 0.06619
2459681.51238960  15.71916 0.07686
2459681.51996320  15.61517 0.05179
2459682.60261630  15.63949 0.04891
2459685.79860090  15.43342 0.05096
2459685.89563250  15.65839 0.06518
2459692.78696630  15.72899 0.04319
2459693.77282700  15.59149 0.02440
2459693.86061800  15.68200 0.04078
2459694.70924140  15.84849 0.04227
2459694.75650480  15.79522 0.02443
2459694.85438520  15.62996 0.03454
2459695.76725980  15.51490 0.03532
2459697.42537220  15.84523 0.05683
2459697.92167520  16.04018 0.07434
2459698.90121500  15.93714 0.05094
2459698.90498650  16.03372 0.06509
2459700.89170170  16.06486 0.11913
2459701.56668020  15.61543 0.03200
2459701.89961590  15.75931 0.03544
2459702.76015580  15.85200 0.03737
2459702.84130160  15.89935 0.04187
2459703.78865670  15.88167 0.02684
2459703.87000310  15.62669 0.02610
2459704.70998080  15.81825 0.03059
2459706.79290230  15.77357 0.03042
2459708.89938470  15.66802 0.04049
2459709.92260830  15.86726 0.05033
2459709.92386020  15.97756 0.08584
2459709.92510200  15.86569 0.08438
2459709.95193820  16.08880 0.07961
2459712.38298220  15.91728 0.09154
2459712.40725680  15.73759 0.07494
2459712.40849700  15.47645 0.10686
2459712.40973720  15.86554 0.18965
2459713.82479870  15.73170 0.05518
2459714.80532170  15.84258 0.09739
2459714.80783740  15.90850 0.14488
2459720.81065810  15.72542 0.06092
2459721.75583130  15.55051 0.05684
2459722.67761410  15.65512 0.03039
2459722.86159830  15.90754 0.05070
2459723.77928970  15.78092 0.02859
2459725.58201640  15.60337 0.02497
2459726.91337610  15.93431 0.04894
2459727.79993450  15.64296 0.02508
2459727.81890310  15.75211 0.05382
2459727.82014810  15.62751 0.08667
2459730.87088650  15.85238 0.04664
2459731.47876660  15.52998 0.04393
2459731.82680730  15.91286 0.07683
2459733.86442940  15.75442 0.05138
2459733.91078390  15.69823 0.05464
2459736.92330350  15.71336 0.06556
2459737.31888390  15.89347 0.04461
2459737.72273160  15.83555 0.02845
2459738.47517170  15.88022 0.04309
2459739.32722860  15.45899 0.04560
2459740.45606220  15.58680 0.04561
2459740.91341480  15.78661 0.05045
2459741.81154800  15.54704 0.03964
2459742.81248820  15.85015 0.05564
2459747.48877780  15.91308 0.11979
2459747.68966010  15.50440 0.02700
2459747.72760900  15.77770 0.07487
2459747.80036060  15.43931 0.04705
2459749.66815670  15.74785 0.03004
2459749.73319150  15.49508 0.03463
2459749.85942100  15.81280 0.05192
2459751.77351620  15.87631 0.03762
2459753.80559790  15.83280 0.05261
2459754.77291160  15.85971 0.06211
2459754.77414030  15.88635 0.14955
2459756.25898900  15.79812 0.04402
2459756.74173020  15.62150 0.03994
2459756.74433170  15.66808 0.08743
2459756.87633220  16.04685 0.06509
2459758.65806120  15.74206 0.02562
2459758.72321520  15.58407 0.03370
2459758.72807330  15.70791 0.03396
2459759.82261110  15.81556 0.02871
2459759.87525410  15.76827 0.03611
2459760.73865560  15.53448 0.02999
2459760.74238500  15.89046 0.04221
2459761.74283130  15.70339 0.02130
2459761.79220140  15.44590 0.03668
2459762.81809150  15.68182 0.02273
2459762.82029410  15.67672 0.03490
2459765.24633240  16.05406 0.08457
2459766.25021690  15.83038 0.07131
2459767.57911270  15.88075 0.03621
2459767.68782770  15.79927 0.03850
2459767.83484450  15.87400 0.07516
2459769.66764360  15.47166 0.03587
2459769.80326390  15.70188 0.04491
2459769.81678000  15.83461 0.04419
2459776.25472580  15.77669 0.08576
2459776.32563340  15.51866 0.07398
2459777.36438510  15.72384 0.06669
2459777.78094090  15.84802 0.10986
2459780.80681150  16.14710 0.10649
2459782.52734590  15.74324 0.03573
2459782.78642960  15.58812 0.02858
2459785.30619450  15.77673 0.04100
2459785.36701290  15.65655 0.03386
2459788.74017350  15.82797 0.03867
2459789.21621060  15.48334 0.05145
2459789.73300520  15.54410 0.04138
2459791.67882890  15.97910 0.04948
2459792.32833760  15.71583 0.03075
2459792.72461950  15.45405 0.03535
2459793.55424080  15.83711 0.03704
2459793.76963940  15.70295 0.04917
2459794.55825840  15.76164 0.03487
2459794.69275300  15.59376 0.02300
2459795.73346740  15.56033 0.03262
2459795.75276000  15.74192 0.04316
2459796.69617760  15.81847 0.03244
2459797.28049390  15.86085 0.04265
2459797.60516860  15.72978 0.04223
2459804.65018240  15.76247 0.06804
2459805.74796030  15.58045 0.21458
2459806.69572140  15.83997 0.10083
2459808.42220170  15.62656 0.05017
2459809.72639790  15.68056 0.04004
2459812.38821620  15.63878 0.04087
2459812.44046380  15.73929 0.06000
2459812.65877110  15.76571 0.05156
2459814.49433450  15.85203 0.03187
2459814.61727860  15.48694 0.02885
2459815.61904410  15.70367 0.02878
2459815.69121670  15.79136 0.03436
2459816.65173230  15.83996 0.04259
2459816.69915740  15.78979 0.02551
2459817.68097610  15.57633 0.01922
2459818.55148020  15.91171 0.05045
2459818.64401090  15.86166 0.03865
2459819.48299610  15.45675 0.07420
2459819.64026020  15.68722 0.02964
2459819.71762410  15.85435 0.03280
2459820.63998270  15.47857 0.03667
2459820.70096390  15.67408 0.04308
2459821.67056560  15.53414 0.02744
2459821.67180590  15.49470 0.04014
2459823.64030260  15.58687 0.03992
2459824.63776380  15.89859 0.04433
2459825.47844530  15.55547 0.03759
2459825.67938630  15.72735 0.04717
2459826.25627560  15.64326 0.12333
2459830.26312410  15.81978 0.08347
2459830.26689170  15.83857 0.12608
2459831.47393240  15.70127 0.08337
2459831.59105600  15.54140 0.05900
2459832.54744360  15.90619 0.06517
2459833.52018510  15.84085 0.06424
2459835.35257690  15.88366 0.07618
2459835.37177100  15.59438 0.08492
2459837.26985910  15.98494 0.04898
2459837.30381630  15.62661 0.03879
2459841.50046870  15.77479 0.04072
2459842.24329930  15.96773 0.08130
2459842.57905010  15.71545 0.03803
2459843.35263470  15.93829 0.05781
2459843.53417690  15.91776 0.04370
2459844.53477240  15.85962 0.04195
2459846.53581150  15.76351 0.04081
2459846.56743510  15.79784 0.03878
2459847.54411280  15.83325 0.02681
2459847.59701340  15.55792 0.04230
2459848.50965260  15.44320 0.02836
2459848.53648520  15.63749 0.02859
2459849.51747510  15.63807 0.05034
2459849.53317460  15.81675 0.02918
2459850.57345820  15.63352 0.06310
2459851.50032300  15.70676 0.03463
2459851.58012120  15.53545 0.04181
2459852.55321290  15.67443 0.04920
2459852.56845960  15.83356 0.04457
2459853.28778470  15.92629 0.07578
2459853.56827960  15.89381 0.05001
2459857.30715030  15.44592 0.05991
2459858.57286380  15.89837 0.07330
2459859.55965060  15.43426 0.05860
2459860.31107050  15.75352 0.10405
2459861.31601070  15.45036 0.05122
2459864.57344190  15.68881 0.09997
2459865.55220030  15.68949 0.02751
2459866.52953500  15.90734 0.05637
2459867.52962280  15.78897 0.03379
2459868.52022350  15.60061 0.03073
2459868.53814250  15.82064 0.03689
2459869.51684570  15.66295 0.04450
2459869.54572360  16.02618 0.05179
2459870.51614240  15.51593 0.03074
2459870.53120850  15.72953 0.04301
2459872.24727580  15.60652 0.06016
2459872.51864650  15.73347 0.03752
2459873.24323450  15.81854 0.12462
2459873.51281710  15.58654 0.03331
2459874.25016240  15.59875 0.04923
2459874.51214280  15.74831 0.04786
2459875.24395980  15.51433 0.06423
2459875.51909470  15.65513 0.03206
2459877.52800920  15.90437 0.04572
2459879.50407310  15.75503 0.03658
2459880.24761080  16.06292 0.09994
2459880.26273260  15.66298 0.04747
2459981.87895130  16.04986 0.19008
2459982.87454110  15.54005 0.07862
2459984.87313550  15.56258 0.05211
2459985.88347490  15.55024 0.06537
2459987.86662360  15.64715 0.06972
2459987.88551420  15.55390 0.07721
2459993.85483780  15.70343 0.03303
2459995.87042910  15.76355 0.04556
2459997.87561090  15.66415 0.04105
2459998.83420200  15.72130 0.04482
2459999.85259860  15.60603 0.04315
2459999.85384470  15.57262 0.04926
2460001.84328280  15.76784 0.04437
2460001.87384740  15.86371 0.03634
2460001.89027980  15.88740 0.04856
2460003.57358050  15.94747 0.04083
2460003.59644080  15.54278 0.03326
2460004.82825600  15.67648 0.03187
2460004.86437700  15.77186 0.03247
2460004.86566380  15.58578 0.03435
2460004.87615480  15.63836 0.02837
2460007.83020820  15.82412 0.04415
2460010.81296500  15.50718 0.04646
2460010.83443620  15.77390 0.06988
2460012.79688110  15.82644 0.09372
2460012.82333150  15.77722 0.07623
2460012.82581240  15.93803 0.15246
2460012.88855630  15.63374 0.04556
2460014.58744380  15.96414 0.06867
2460014.82402940  15.55417 0.05985
2460014.83417160  15.64800 0.04346
2460016.83705840  15.57118 0.05822
2460020.88630610  15.57608 0.04193
2460021.57124750  15.55565 0.03750
2460023.53203560  16.06092 0.07192
2460023.78089470  15.65043 0.02559
2460023.80430800  15.95225 0.04245
2460023.81237760  15.58764 0.03205
2460025.57942380  15.61178 0.04059
2460025.90401750  15.65741 0.04257
2460026.61525560  15.87682 0.04107
2460026.87093230  15.78551 0.03620
2460027.75550800  15.73885 0.03575
2460027.83077500  15.59335 0.03047
2460029.75910880  15.68299 0.03246
2460029.78314960  15.69116 0.03595
2460029.79198140  15.65047 0.03630
2460032.50649910  15.66274 0.03656
2460032.52321700  15.48000 0.03280
2460033.78710910  15.86381 0.03593
2460034.76564590  15.80154 0.03052
2460036.54595290  16.00133 0.04054
2460037.74328430  15.67405 0.05687
2460039.55780760  15.57263 0.04729
2460043.72061890  15.53217 0.07685
2460048.72935650  15.67454 0.04194
2460049.46177060  15.78977 0.03290
2460049.94839490  15.82180 0.05206
2460050.77246140  15.79811 0.03332
2460051.46497420  15.94393 0.02970
2460051.73590620  15.80230 0.03868
2460052.77980560  15.91358 0.04621
2460052.92227970  15.90108 0.04795
2460053.85799150  15.86793 0.02942
2460054.80727180  15.76640 0.03303
2460056.68679670  15.50343 0.03459
2460056.75993900  15.78432 0.03169
2460057.68741150  15.72781 0.03448
2460057.76237360  15.90675 0.03376
2460058.72856410  15.84358 0.03726
2460059.78808730  15.70983 0.03595
2460059.82666190  15.71011 0.04333
2460060.68380950  15.68402 0.02934
2460060.96592000  16.00340 0.08111
2460061.67810240  15.58200 0.03721
2460061.68703200  15.56194 0.03319
2460062.86134310  15.57091 0.03834
2460063.88535390  15.54161 0.03239
2460067.40560400  15.87129 0.08061
2460075.73905890  15.66719 0.05498
2460076.69515680  15.71625 0.09015
2460076.77995530  15.53689 0.05709
2460077.75316980  16.11303 0.05677
2460077.87114940  15.61836 0.02402
2460078.74187740  15.83719 0.03605
2460078.86238920  15.80594 0.07353
2460079.70940900  15.64606 0.03837
2460079.84676210  15.60875 0.04523
2460080.77824630  15.80776 0.05534
2460081.94379650  16.04946 0.09210
2460082.74230600  15.72262 0.05395
2460082.85327910  15.54394 0.04480
2460084.75082590  15.63161 0.06702
2460085.74759020  15.76299 0.03025
2460086.75012000  16.15188 0.09679
2460086.82651720  15.83117 0.03798
2460086.95019930  15.58479 0.09599
2460087.83069630  15.72452 0.03771
2460087.94700020  15.99679 0.07763
2460088.37962400  15.71763 0.05268
2460089.38089540  15.50844 0.05318
2460089.85510850  15.74207 0.04004
2460090.85528610  15.48411 0.03426
2460091.37358190  15.61140 0.05271
2460091.63423630  15.74119 0.04380
2460091.76382620  15.77659 0.03727
2460092.36933580  15.72611 0.04033
2460092.66400430  15.54014 0.02834
2460093.36468920  15.64649 0.04026
2460094.72533610  15.76820 0.05280
2460094.83693080  15.64067 0.04508
2460094.91268280  15.77821 0.06421
2460095.83261360  15.72686 0.03816
2460095.83391180  15.72517 0.05122
2460095.83520670  15.81193 0.06787
2460096.62542550  15.75541 0.06613
2460096.82073020  15.63890 0.04102
2460096.93246920  15.96265 0.06924
2460097.79859420  15.76904 0.12206
2460104.75107050  15.79465 0.05814
2460107.75496070  16.03298 0.07582
2460107.77754180  15.87080 0.05844
2460109.54333970  15.57959 0.02854
2460109.57098260  15.78912 0.02992
2460110.87008080  15.61106 0.03089
2460111.79101920  16.00508 0.07262
2460112.73134400  15.75196 0.07267
2460113.52292120  15.74239 0.04161
2460113.72475840  15.68131 0.02596
2460113.88008360  15.65562 0.06298
2460114.64340770  15.67187 0.02469
2460114.66832990  15.87007 0.07281
2460114.69135780  15.73175 0.04219
2460116.37455930  15.80733 0.08022
2460117.50324130  15.55616 0.04028
2460118.28930440  15.55886 0.02259
2460119.50196580  15.56665 0.03869
2460122.89475760  15.67802 0.08098
2460124.76700630  15.86230 0.08640
2460126.69726130  15.78640 0.08133
2460130.48031520  15.69201 0.07572
2460130.50116530  15.98070 0.06911
2460133.79851290  15.55084 0.03343
2460136.56999780  15.58348 0.03077
2460137.52996890  15.63686 0.02998
2460138.22944060  15.54561 0.04382
2460138.80762250  15.71556 0.04081
2460139.70787860  15.89915 0.06637
2460139.81092990  15.62690 0.04303
2460140.68213990  15.66964 0.03428
2460141.61103020  15.73452 0.03265
2460141.70078810  15.80130 0.03232
2460142.84063110  15.92721 0.07129
2460144.74163250  15.96105 0.06144
2460145.77147330  15.91405 0.05722
2460146.72776200  15.98387 0.05415
2460150.21114280  15.56036 0.04509
2460150.23005750  15.76557 0.03304
2460151.78239760  15.77077 0.04443
2460151.78630530  15.95633 0.06271
2460154.60644220  15.84778 0.06205
2460154.64118240  15.97620 0.07258
2460161.46209810  15.95023 0.08730
2460162.52066310  15.42798 0.11951
2460162.78008530  15.79140 0.10650
2460166.47843970  15.77504 0.03958
2460166.48694760  15.45059 0.03723
2460168.28279590  15.55043 0.03489
2460168.29037730  15.68923 0.03882
2460172.75336270  15.75560 0.07357
2460175.74184570  15.74467 0.06497
2460178.72612330  15.65320 0.07166
2460195.68105970  16.12246 0.07336
2460202.65914480  15.85568 0.07390
2460203.65793340  15.76957 0.05216
2460205.66207480  15.91274 0.06984
2460206.35918890  16.04219 0.05355
2460207.60952890  16.13283 0.07752
2460217.59751810  15.45217 0.11248
2460218.60413780  15.54507 0.06007
2460219.22835410  15.71384 0.05611
2460219.52966050  15.72230 0.04515
2460219.56346280  15.88821 0.04361
2460220.52365970  15.80328 0.03616
2460220.54992740  15.77061 0.05535
2460221.56957160  16.02345 0.06599
2460222.56956030  15.91774 0.05129
2460222.58841020  16.05882 0.05539
2460224.50824060  15.60029 0.03862
2460224.52391570  15.68664 0.04668
2460225.58885940  15.58642 0.02987
2460227.29877650  15.55834 0.02914
2460227.51146610  15.63695 0.03361
2460228.51218320  15.95415 0.04262
2460228.52868390  15.44757 0.03286
2460229.53265090  15.93331 0.04871
2460230.53962560  15.99102 0.04687
2460231.26567470  15.88023 0.05796
2460232.54164040  15.90967 0.03895
2460233.32148910  15.51214 0.03538
2460234.51500250  15.80959 0.04434
2460235.50061750  15.77503 0.04018
2460240.26657770  15.71865 0.06345
2460240.27397300  15.64599 0.05695
2460241.53615800  15.97167 0.05645
2460242.52165690  15.71435 0.06650
2460243.25731230  15.95103 0.06800
2460244.50246160  15.66756 0.06790
2460245.50962280  15.67082 0.09199
2460245.52546590  15.85507 0.10290
2460247.50014860  15.69531 0.05270
2460247.51144070  16.04372 0.06547
2460248.50098460  15.47105 0.04052
2460248.52054070  15.53474 0.02722
2460251.51135150  15.51621 0.03457
2460252.50801820  15.60612 0.04039
2460253.50655590  15.59774 0.04282
2460369.85695120  15.47624 0.04678
2460371.89738190  15.99347 0.06700
2460380.90110820  15.81390 0.03788
2460387.82517740  15.76926 0.06810
2460388.86984020  15.65015 0.06990
2460388.87746760  15.65248 0.02625
2460389.90506750  15.79852 0.04575
2460390.91567370  15.96471 0.12359
2460394.81185220  15.58221 0.05838
2460395.80727810  15.77920 0.07890
2460397.80165200  15.50056 0.05930
2460404.80354410  15.68927 0.02924
2460405.78927890  15.93393 0.05056
2460406.76700870  15.76874 0.03457
2460408.78299970  15.72609 0.04103
2460410.78367070  15.64210 0.02967
2460411.79422180  15.50056 0.02692
2460416.74011850  15.81210 0.03558
2460416.85493310  15.63790 0.02877
2460417.82017960  15.57161 0.02903
2460418.83829950  15.55183 0.02793
2460418.84582260  15.64632 0.03194
2460423.75182030  15.44966 0.04937
2460423.76310220  15.45827 0.04675
2460430.95707710  15.84161 0.08339
2460431.89593990  16.02924 0.09610
2460432.79528130  15.63209 0.02947
2460433.70234960  16.00010 0.08554
2460433.80473890  16.09249 0.05223
2460433.84478840  15.59096 0.05217
2460434.84913590  16.08636 0.05250
2460435.85861120  15.47010 0.04001
2460435.88150280  15.53189 0.03064
2460437.48997810  15.68133 0.05102
2460437.85497000  15.71224 0.03420
2460438.87984610  16.06444 0.06797
2460438.92115730  15.79404 0.04657
2460439.63404900  15.74923 0.04672
2460439.78651630  15.91082 0.03706
2460440.64924970  15.88502 0.05737
2460440.77495530  15.59440 0.03164
2460442.65628220  15.63888 0.04117
2460443.85536640  15.86757 0.04528
2460443.87784470  15.98271 0.07406
2460445.45190020  15.67955 0.03881
2460446.40167850  16.04237 0.06168
2460446.45661070  15.74794 0.06413
2460446.67416770  16.02048 0.05265
2460447.38024800  15.60437 0.05361
2460447.60906740  15.87781 0.06851
2460448.67332800  15.88942 0.05331
2460448.72272410  15.96502 0.04628
2460449.63868940  15.64351 0.04634
2460449.66915350  15.66266 0.04681
