2458577.54521210  15.9680
2458586.48102180  15.8453
2458606.42591160  15.9272
2458613.40193120  15.9395
2458614.48588580  15.9004
2458616.39364550  15.8495
2458620.46339470  15.9653
2458628.41561530  15.8321
2458641.44223140  15.9681
2458648.33380260  15.8994
2458668.46868860  15.8327
2458669.38044310  15.8829
2458677.36048390  15.8801
2458691.44941900  15.9412
2458698.49742940  15.8834
2458700.28755910  15.9667
2458702.21947440  15.9529
2458721.38688170  15.8049
2458722.42735570  15.8967
2458724.44403030  15.9468
2458728.43747590  15.9458
2458730.24904430  15.9590
2458732.25058510  15.9489
2458742.38204200  15.8037
2458743.31021590  15.8054
2458744.22544750  15.9777
2458747.38521570  15.8943
2458749.30712220  15.8481
2458754.36825490  15.8221
2458758.35495830  15.9749
2458771.31770170  16.0503
2458783.27126200  15.9369
2458786.26419360  15.8779
2458903.62290100  15.8535
2458906.62413690  15.8666
2458927.54732100  15.7926
2458929.55804740  15.8526
2458930.54959000  15.8393
2458983.39362370  15.9885
2458985.41379540  15.8303
2458986.47121860  15.8540
2459000.37329440  15.8242
2459016.31516660  15.8496
2459019.29585330  15.9068
2459025.31013800  15.8549
2459031.26702100  15.8850
2459037.43652900  15.8916
2459038.23847820  15.8568
2459048.24633640  15.8002
2459050.44766330  15.9035
2459060.21309830  16.0170
2459075.24505780  15.9400
2459081.47280430  15.8567
2459083.48191220  15.8853
2459096.27543580  15.8814
2459103.41213210  16.0261
2459104.26411440  15.9777
2459110.37301110  15.9072
2459115.24663170  15.9641
2459121.32296910  15.9076
2459127.34239990  15.8828
2459134.32149540  15.9725
2459138.30866480  15.8060
2459313.46784160  15.8206
2459317.46884680  15.9038
2459319.56106640  15.9211
2459321.57132370  15.9373
2459325.43727300  15.9833
2459358.36650260  15.9404
2459370.51310580  15.8914
2459375.42955240  15.7970
2459384.28063450  15.9088
2459414.28064740  16.0015
2459434.28165010  15.8039
2459440.24011540  15.8361
2459451.27878470  15.9576
2459458.28613200  15.9593
2459481.37259330  15.9262
2459484.37515140  15.8077
2459495.29608440  15.9934
2459497.27454130  15.8551
2459506.31180370  15.8816
2459512.29521940  15.8540
2459513.29190180  15.7936
2459522.26450220  15.9351
2459524.25925330  15.9206
2459528.50525920  16.1132
2459622.62681060  16.0031
2459632.59870110  15.8518
2459638.60661630  16.1305
2459654.54807340  15.8567
2459655.79800180  15.8035
2459660.55162670  15.7847
2459701.43436880  15.8423
2459702.40595620  15.9447
2459702.40719850  15.8389
2459702.40843640  16.0727
2459702.44042070  15.8788
2459702.44164970  15.7866
2459702.44290560  16.0686
2459702.47530250  16.0366
2459714.39258670  15.8779
2459714.39505570  15.8145
2459731.32458370  15.9439
2459733.34028870  15.8050
2459734.32813170  15.8882
2459737.30756470  15.7876
2459756.52851440  15.8985
2459761.26600700  16.0041
2459777.27284270  15.9193
2459785.35158400  15.9048
2459818.32162000  15.8881
2459826.40463750  16.0444
2459849.26360900  15.9276
2459870.29812910  16.0266
2459876.28558550  15.8763
2459879.28864560  15.9509
2459986.87121440  15.8011
2459988.62615820  15.8811
2459997.60982120  15.8954
2459999.59961320  15.9800
2460002.60661980  15.8824
2460002.60913410  15.9004
2460006.62759830  15.8662
2460017.57655050  15.9179
2460039.50869550  15.9819
2460049.56725430  15.8676
2460052.66716120  15.9677
2460064.54376310  15.7853
2460088.53820960  15.8949
2460091.44268790  15.8931
2460092.44176610  15.9123
2460093.43666870  15.9074
2460115.55735050  15.9040
2460119.29535750  15.8629
2460137.55690810  15.8294
2460167.42181920  15.8034
2460172.42405550  15.9018
2460189.39150070  16.0106
2460200.35854410  15.9277
2460206.38551340  15.7856
2460223.56162010  15.9798
2460226.60277540  15.8824
2460254.26111030  15.8868
2460371.85747030  15.7926
2460421.62297270  15.8862
2460437.69968110  15.8316
2460440.64928440  15.7894
2460442.66462840  15.8025
