2458228.9231475	17.09090370885491	0.1233083324275235
2458231.9146867	17.449139738711295	0.1378595253423304
2458236.9162564	16.936787774368458	0.1744990391702618
2458256.869218	17.467544437495125	0.1550378241298778
2458282.7869506	17.477824480235228	0.1679892369246483
2458282.8829459	17.35340554104574	0.140195735596815
2458283.5181549	17.710766214142257	0.1595212026702152
2458283.7055033	16.814952303418163	0.0867192100651811
2458283.8866236	17.896359242183227	99.999
2458284.7152618	16.88786904992037	0.072901164146627
2458284.8794183	17.6993333538757	0.1554316774807453
2458286.6476326	17.05006529921868	0.0778754228562194
2458287.6367713	16.956536196585624	0.098711055192209
2458287.8770575	17.710842080513846	0.1889323897043144
2458288.6935263	16.779567228728727	0.0740369794192666
2458288.8716695	17.562677647492176	0.1395896233317961
2458289.8673422	17.266779277276065	0.0913931114090164
2458290.8385967	17.56311767865563	0.1458281641277657
2458291.8451966	17.67749788869154	0.1583949085221017
2458292.8609624	17.169067488902513	0.1395185286692833
2458300.6781705	17.301160220158373	0.2021650054635548
2458301.74572	17.518869660684818	0.2004550227724925
2458304.8254504	17.15239967985089	0.1113523918932842
2458306.6440527	16.782859405156344	0.0683526808917594
2458312.6383069	17.686413858998794	0.1532109725926987
2458314.5095214	17.05802361611433	0.0496451024038893
2458314.7635388	17.560348870900498	0.2029254416434229
2458316.7891796	16.955529118100618	0.1233738472650312
2458318.7871487	17.91391592712811	99.999
2458320.7862661	16.78988462374531	0.0764282228583658
2458328.5806696	17.032159729953257	0.1395449605958422
2458329.5475313	17.04024007565677	0.1325013149060293
2458329.7163546	16.87215536955502	99.999
2458332.744166	17.318599576941622	99.999
2458335.5641968	17.2998425610301	0.1104487352398473
2458335.7347246	17.37890521842813	0.0817720034741922
2458336.5537791	16.71874587400368	0.0556365297495467
2458336.7264778	18.10973034009395	99.999
2458337.7295186	17.386882586344868	0.1051744036730163
2458338.5435059	17.561771004935547	0.1346824511779594
2458338.7142312	17.00492613710242	0.1123739913460466
2458339.5545529	17.326861212768193	0.1160916084287726
2458340.5436961	16.749105222986888	0.0803492925657463
2458341.5405326	16.90240230435185	0.0933293068923121
2458343.5414939	17.095116886776196	0.0693480326713342
2458344.5378982	16.875384704130703	0.0793618068233502
2458345.7089528	17.430890680257964	0.151873198764553
2458349.5623	17.082102234987392	0.1080353329493844
2458359.4799011	16.980052069194805	0.0975000372540182
2458360.4839615	17.330427924774263	0.1889639816072078
2458362.6682001	17.291794323915507	0.1019631460014358
2458363.6188397	16.984563893383292	0.0758161056918831
2458370.6531	17.425470450884063	0.1827070572781413
2458371.630675	17.3138438464702	0.1503747615481232
2458372.6223175	17.029997133597213	0.0949682437287193
2458373.624986	17.798923185575795	99.999
2458374.6242228	17.872633258029026	0.2034374635010905
2458375.6048281	16.969193191288696	0.0843818880986656
2458386.5871296	17.201019918968615	99.999
2458393.5744347	17.786723665674323	0.2173046583304831
2458394.5635105	16.965322624711856	0.105606515317699
2458398.5606945	16.705387506570894	99.999
2458401.5305913	17.319054119342464	0.1567751780980406
2458409.4973222	16.93762801063455	0.1623381816659081
2458410.5173759	17.497761604799177	0.1573085391449594
2458411.5101683	17.626597312396626	99.999
2458412.5028312	17.26759536155616	99.999
2458414.5079743	16.914611347272775	0.1682448443775749
2458415.504616	17.08415167160238	99.999
2458416.5012283	17.129478490357585	99.999
2458417.4980161	17.07310021181158	0.1649492954567061
2458523.8881311	16.541237475279253	99.999
2458524.8876171	16.817688545748734	99.999
2458525.8832517	17.142568152950986	99.999
2458526.8822912	17.40250583526754	99.999
2458527.8779974	17.380051428768912	99.999
2458528.8735914	17.522665022373364	99.999
2458529.8766342	17.51245038441056	0.2063893716694403
2458531.8874409	17.068867099971232	99.999
2458533.8828812	16.710233708537345	99.999
2458534.8777737	16.631603364245656	99.999
2458537.8850722	17.07813012289216	99.999
2458539.8704455	17.502543903037157	99.999
2458546.9037117	17.327638980479176	99.999
2458547.8963662	17.342898178870307	99.999
2458548.8797922	17.221572728802812	0.166513411812886
2458549.8398428	17.24261561304727	0.1520022836672172
2458550.8351512	17.705296770650413	99.999
2458552.8518795	17.799958094028835	0.1955448006285438
2458553.8287355	17.437213571973185	0.1969936960562526
2458554.82405	17.335679359175533	99.999
2458555.8231605	17.438062234424116	99.999
2458556.8183205	17.195828516291147	0.1508934454908405
2458557.8174527	17.351016014896544	0.1232816547431465
2458558.8284869	17.40729488724814	0.1605069031454066
2458563.8019931	16.77395194795541	99.999
2458564.7969987	16.73431173282267	0.177446691050541
2458565.8144551	17.115755541873952	99.999
2458566.8317451	16.87570226801612	0.1542352021664703
2458567.8363999	16.70898497870969	99.999
2458573.7661606	17.630945145969164	99.999
2458575.76058	17.16851248858006	0.13242363260603
2458576.7598159	17.09716106880603	0.1032659746960848
2458577.5912877	17.09112766821911	0.0909218174705967
2458577.7553271	17.73510545930487	99.999
2458578.7776284	17.256401917962386	0.1693998589181636
2458579.7912738	16.820493490849874	0.0964865454662139
2458580.7683215	17.567255247023162	0.1527847963137063
2458581.770934	17.765520278132552	0.1883439564012659
2458582.961799	17.171339641528398	0.0855366367391502
2458583.7506062	16.721476408521887	0.0673868487714892
2458584.7382384	17.437443898375893	99.999
2458585.734546	17.319670703259938	99.999
2458588.7280841	17.476995131304093	99.999
2458589.7168941	17.26792992340672	99.999
2458590.8376103	17.46462240989574	99.999
2458591.8941145	17.494114643303902	99.999
2458593.8176582	16.60626816850238	99.999
2458594.7085558	16.55180580778106	0.148177510930763
2458595.7078678	16.92993607113242	99.999
2458599.5966735	17.866581867474366	99.999
2458600.8752099	17.308911207364723	0.1541628290898104
2458601.4673098	18.019887110578672	99.999
2458601.9481088	16.889248145286206	0.102155204250941
2458602.5313852	17.956521969770584	99.999
2458602.8938219	17.504320836889722	0.1129398276183171
2458604.8820312	17.188049360593002	0.0929048655777354
2458605.7625768	17.201534242061236	0.1338740005618127
2458606.7838482	16.880005713371094	0.0812173483189143
2458610.8826096	17.187807664465982	0.1344370167276443
2458611.8932139	16.89880389231017	0.0777239898839243
2458612.8633537	17.447940355575017	0.1257595723646509
2458616.3860125	17.440275902343323	99.999
2458617.3902784	17.102565600735566	99.999
2458618.3826727	16.536922062343262	99.999
2458618.6399079	16.80287604188499	0.1753840394468089
2458618.8950358	17.132087649117686	99.999
2458619.8442136	16.676301724923636	0.1475110458070957
2458627.3511719	17.424074368803794	99.999
2458628.356264	17.10722092305073	0.1424702799224612
2458632.8334981	17.593222419980552	99.999
2458633.8705995	17.46450232961736	0.1167487840467018
2458636.5860823	17.770666531854474	99.999
2458637.6018771	17.44954735510174	0.1955768454802648
2458638.6486382	17.486704432518426	99.999
2458640.6445896	16.813944789553773	0.070878411383565
2458642.6202166	17.380550238834484	0.1156383610791441
2458643.6566494	17.112283476742622	0.1281943595308634
2458644.6831098	17.1169588507732	0.1268861873243369
2458645.6700106	17.051692877464387	0.1103864211048856
2458646.7046425	17.4486936964096	0.1887779500676336
2458647.7037331	17.219995484222743	0.126161267699458
2458648.6755827	17.419224974767403	99.999
2458649.3980525	17.029260962659098	99.999
2458650.5618689	16.578958202364728	0.1569637485979094
2458655.2715702	17.579005001609247	0.2154116952057511
2458658.263734	17.61702073462888	0.153134809239828
2458659.2614073	17.209358300797838	0.1381307649734858
2458659.7461209	17.312118446097934	0.1474039608557383
2458660.6678775	17.109685517795466	0.0831250203739481
2458660.8555272	17.264906108400048	99.999
2458661.5932302	17.59955647376669	0.1495770337385742
2458668.2524362	17.33312512979793	0.0821260175893577
2458671.6179793	17.05126393641754	0.0897939359424834
2458671.6536317	17.095901437219084	0.1340155897506349
2458673.2238678	17.552356131364764	0.1977493446482386
2458674.2561778	17.326839202366607	0.1621784297286016
2458674.8382397	17.070197903608214	0.1206441259489832
2458675.2796579	17.24908287903606	0.1865078553458155
2458676.6071596	17.414803034305926	0.2083917315708384
2458677.3368481	17.521282929460668	0.151395050651356
2458683.7680459	16.79793947246753	0.1281421415723623
2458684.6545892	17.325698448887845	0.1402187916705401
2458688.6643599	17.77729725131914	99.999
2458689.7657894	17.650421909702935	99.999
2458690.4305142	17.85673681603033	99.999
2458690.7729922	17.66803012324506	0.1766023895618475
2458691.4457368	17.61296422921923	0.1780982217963529
2458691.5620913	17.763804930941014	99.999
2458692.7632068	17.004595098850558	0.0945443497314333
2458694.562754	16.94737538127663	0.0959118688658549
2458694.7668376	17.846663976387106	99.999
2458697.5770491	17.050937204947253	0.0825506139860701
2458697.7577673	17.73126419620119	99.999
2458698.4900224	17.878423241613536	0.1951699675261755
2458698.5788825	16.998317274655477	0.1276989551305188
2458698.7442346	17.299179292961192	0.1021815842597778
2458699.2406265	17.973639601641246	0.1891075602546579
2458699.583239	17.914458533288016	0.1800191976118902
2458700.24101	17.862681495822503	0.206338043515912
2458700.7383368	17.64267608497018	0.2069705042956525
2458700.7547555	17.088440056606945	0.1277127777637493
2458701.6414893	17.31781038402472	0.1383920153992005
2458701.7403364	17.88600942011503	0.1936568979387987
2458702.2158117	17.363326130234945	0.127869572493195
2458702.733999	16.92400058787317	0.0957127861320238
2458711.7141381	15.920040726163863	99.999
2458713.5223869	17.217796894044064	0.1230613764540715
2458715.4477303	16.83102491834105	0.1747114473296213
2458716.6432306	17.511677087787987	99.999
2458716.6876711	17.839290961230923	99.999
2458717.7005702	17.0463450984171	0.1061028917878861
2458718.6970607	16.98017113224993	0.0777296259674623
2458719.3458877	16.940821991189708	0.1076182593102919
2458719.5138728	17.091435432445994	0.0773823863739687
2458721.4899624	17.351667428081083	0.1074645261106929
2458721.6766684	17.483601547919864	0.0946879229106475
2458722.3400585	16.747117812625564	0.098418981211312
2458722.4902239	17.431454898828648	0.1298774344477629
2458722.6760119	17.246258221798303	0.126924224976839
2458723.3215463	17.38791758081488	0.1255508626048364
2458723.4907234	17.19713778685459	0.1407498069154303
2458724.3862246	17.953101731087266	99.999
2458724.4885497	16.992338185589027	0.1068789029176354
2458725.4240253	17.52271466196064	0.1944674423608227
2458725.6655998	16.552103102680906	0.1010758438980383
2458726.659118	17.02372089370295	0.0842197436635799
2458727.4072136	17.158647617921194	0.1185075901101937
2458728.4039837	17.20201245616492	0.115144639582937
2458729.2228233	17.07095336290797	0.0897135058038567
2458729.6541987	17.283023933207037	0.1121820205730387
2458730.2416837	17.577699922071403	0.1359444140281461
2458730.6528704	16.8344199176253	0.1093930054773912
2458736.6513348	16.847838900429185	0.184787705281474
2458738.6415615	17.091943448446354	99.999
2458741.5937413	16.697050404184026	0.1337855489021514
2458742.2883378	17.387454265358066	99.999
2458744.626751	17.066345398031267	0.1325810227829281
2458750.3482696	17.464328070148653	0.1550171894588442
2458750.5919469	17.856347614405887	0.1777649552524837
2458752.3446615	17.422972724226156	0.2173097331918815
2458753.3386801	17.25364947572829	0.1751524778101156
2458753.585519	17.714322046917754	99.999
2458754.3424128	17.617213499816863	0.2127768926329851
2458754.5970913	17.61228598855801	99.999
2458755.5248325	16.800147485182436	0.069450914796232
2458756.5762872	17.378482000418757	0.1476872721312778
2458757.5758865	16.75266646869059	99.999
2458758.3277268	17.73602159206111	99.999
2458764.5228658	17.290729439238312	99.999
2458764.5375791	17.284224400353526	99.999
2458765.5671381	17.11294770631399	99.999
2458766.5642766	16.984356165096013	99.999
2458769.2600173	17.409535918807	99.999
2458772.5271139	17.631750444520364	0.207996634482192
2458773.5235983	17.512467364726824	0.1822116904712311
2458774.5251442	16.809213240809097	0.0778543133605046
2458775.5209755	17.333227149813712	0.1457856418909376
2458776.5270079	17.458547469451357	0.175612739419289
2458778.5109063	17.086270341769517	0.1765707056421755
2458781.5011443	17.150437288699408	0.151401795865914
2458782.5424412	16.970138968723923	0.105493836781066
2458783.4983873	17.13952135945057	99.999
2458894.878166	17.125189254726408	99.999
2458894.8794403	16.650590119615842	99.999
2458900.8738383	17.39385441787392	99.999
2458901.8730273	16.926338332550632	0.1176133413407591
2458903.5154636	17.60707159229051	0.1898314783140911
2458904.8548133	17.336154818185673	0.1220638917619437
2458905.8570576	17.067854636005634	0.1162215921776347
2458906.8728351	16.784023428330393	0.1126242370439864
2458908.849435	17.376244663583364	99.999
2458909.8459883	17.191446295101585	0.128925810212005
2458910.8437496	17.237255137156062	0.1503322843535925
2458911.8417953	17.309485346104	0.1605739865294386
2458912.8379506	17.637241565273456	99.999
2458916.8816611	17.25339447543552	99.999
2458918.8212093	16.39430230873385	99.999
2458919.8899609	17.05822997052367	0.1797588549853872
2458920.8326908	17.056817286438363	99.999
2458922.5763539	16.78389906905317	0.1699872211036944
2458927.5422309	17.786559928768376	99.999
2458929.5445943	17.141518827106317	0.1883804500427172
2458930.530951	17.248434933153266	0.1249913666625562
2458933.9692069	17.544378824083612	0.1623235481101021
2458955.9725499	17.6377104020078	99.999
2458957.929611	16.777839631457393	0.0781444585289709
2458963.9180702	17.353069681982085	0.1106493220549636
2458967.8870136	17.38325272945624	0.1209628483598723
2458968.9453858	17.13261488383492	0.0828103628091671
2458983.3826131	17.348383385553213	0.1347186523776196
2458985.4366786	17.712799780698045	0.1918189928342419
2458990.9463591	17.92066757107349	99.999
2458992.4624639	17.856544176442505	99.999
2458994.8745692	17.292651558140633	0.1250037784655819
2458996.8772171	17.526464718141867	0.106891323016539
2458999.8111398	17.77602410880583	0.1588983450025419
2459009.3048789	16.51729239153522	0.2042287366094305
2459014.8652705	17.352246455190507	0.1408112701038641
2459017.4446421	17.01181228250639	0.0991500830351757
2459019.4692686	17.94447385405961	99.999
2459025.2668167	17.660981584485206	99.999
2459031.2824233	17.342031143763	99.999
2459038.4891745	16.62483231557824	0.1193266937804989
2459048.5212206	17.862784855055097	99.999
2459051.3845319	17.650486261079116	0.1383064147157846
2459052.7917231	16.746846277120532	0.0952023601365969
2459060.3172201	17.12405540334494	99.999
2459072.4795555	17.496407278818793	0.1907410309319207
2459080.6606912	17.66306631650037	99.999
2459082.6994851	17.172051063543247	0.1809620485312466
2459097.6087276	16.599748622822766	0.0819037447964571
2459112.275228	17.092402512113342	0.1224654465125206
2459119.2542645	16.97429041976649	99.999
2459126.5750409	17.16531891639995	0.1387415423692413
2459138.2518767	17.490206903381555	0.2111938730174793
2459146.5049982	17.058510293397408	99.999
2459148.5123255	17.25840753096484	99.999
2459257.862979	17.198937924328483	0.1789849639752054
2459260.8568111	17.46051241263452	99.999
2459262.8516567	17.047475293659698	0.1448740463382653
2459262.8627319	16.950942508969906	0.1126271286692972
2459263.6348226	16.932874415198643	0.1673220696692869
2459266.5978626	17.504104699598464	0.2151304741932524
2459266.8709285	16.700203808076505	0.094965216183183
2459267.8443643	17.581445953455717	0.1943088901111531
2459268.8502678	17.514925944586743	0.1750267757120241
2459269.8414891	17.111171440277225	0.159864364229258
2459272.8432642	16.244194852425387	0.185482199182247
2459273.8381768	16.569931139556918	99.999
2459273.8635858	16.89432292998729	99.999
2459274.8343733	16.816761841296866	99.999
2459275.8369122	16.96636622631597	99.999
2459278.8352833	17.02907704779551	0.1877548354630109
2459282.8808301	16.91835432479548	0.1141487080891144
2459290.7880332	17.122146228506843	99.999
2459292.9062268	17.389749745149334	99.999
2459295.5135658	18.11758827969942	99.999
2459296.7753335	17.03885650776494	0.1262040367530901
2459297.7835905	17.424043646282602	0.1482512399638728
2459297.8295246	17.036160878067726	0.1379443824378817
2459299.5744049	17.40528104896677	0.1472785500659787
2459309.7892104	17.471116126136156	0.1726973432566464
2459310.7620243	17.689007794257062	0.2122986131233747
2459311.8107922	17.34795565544427	0.1436099221465608
2459312.953126	17.773409366203865	99.999
2459313.9667215	17.016000847226536	0.0716885472163672
2459315.826465	17.270210002910567	0.1261799450607444
2459316.7708574	16.979109190483094	0.1003862817104513
2459319.7074274	17.144788877962917	0.1360275298923704
2459320.7069105	17.68286863685764	99.999
2459321.5074236	17.15453924889454	0.1029870536643587
2459322.4643839	17.480484993409135	0.1499713898234919
2459323.470028	17.64238238983866	0.1150762070406586
2459324.7588299	16.80690311172785	0.0671845764548122
2459327.4228744	16.878174657049403	0.194228345732908
2459328.5130177	17.00006974294702	0.1646006373849131
2459329.6683665	16.667176696014472	99.999
2459330.6717033	17.318665843221158	99.999
2459337.9193564	17.361932550387532	99.999
2459339.9559287	17.5386385546021	99.999
2459342.9103505	17.905705448187312	99.999
2459343.8726774	17.123944321730026	0.1003751436797761
2459344.4274806	17.779147402526704	0.1705854658110947
2459344.8655323	17.120721157373772	0.1067415291223732
2459347.726321	17.25547410990132	99.999
2459348.6271371	17.569308027336458	0.210394721138548
2459351.4052148	17.215956765377687	0.1121857128730999
2459351.6084466	17.377446295296604	0.1010545084628441
2459351.9477453	17.777997602778655	0.2090330709257392
2459352.8013585	17.526254168278285	0.1413742409357669
2459353.9047564	17.548042154362985	0.1580404285750262
2459355.8202623	16.988519052988632	0.1490112065648588
2459357.3454558	17.185982162219172	99.999
2459358.3628033	16.963693976161696	99.999
2459358.5876377	17.128900330202484	0.1733949451727638
2459359.8644369	16.571704922004557	0.1477805989053136
2459365.763084	17.486823949401042	99.999
2459368.8026348	17.290464208567297	99.999
2459371.4034598	17.800911906975973	99.999
2459371.8838428	17.026928566378402	0.1127948269114581
2459372.3153407	17.287755499535162	0.1300421026917122
2459372.5592203	17.38988319440153	0.1598680212935459
2459374.8350861	17.279213883526182	0.1188405119655035
2459375.3956675	17.32482999288935	0.1413275929608395
2459376.417026	17.773285762460493	0.2092946261034736
2459377.2997166	17.136140461767788	0.0920197259255402
2459378.8009684	16.99432495373268	0.0964333594048481
2459379.2891731	17.816199037286744	0.2079974070690833
2459379.7122736	17.615870660980228	0.1703328971521378
2459382.7093488	17.620000876535087	0.1847223113990421
2459385.8588651	17.430887622124594	0.1982878421135835
2459386.5122289	17.118361527864277	0.1453198704797448
2459387.8278884	16.768863267624237	0.182074045900131
2459393.4994447	17.622291404786225	99.999
2459393.8441656	17.041502373392223	99.999
2459394.615656	17.423972721101432	0.1832039387927816
2459396.7573433	17.248646672905828	0.1195053000633935
2459396.8033707	17.453030118242637	99.999
2459397.7746919	17.010088818454424	0.090225927664363
2459397.8334231	17.01668036148473	0.1612509763327782
2459400.4698093	16.97755621545828	99.999
2459402.413215	16.965539987226315	0.1275283773493551
2459403.8277849	17.66618913247196	99.999
2459405.7358962	16.997447375774247	0.1159538509432014
2459407.4824003	17.462967471081175	0.124494434426953
2459408.7832219	16.958366240123794	0.097059001633894
2459409.8062588	17.081274872728148	0.0995292266969292
2459410.7816358	17.59461967954778	0.1861133678605261
2459411.7879617	17.588158814451	99.999
2459412.6809459	16.542786551496803	0.1999204966913416
2459414.7948952	17.532170158962654	0.1946832496227724
2459421.3351497	16.239576767774423	99.999
2459421.7808731	16.758760914947402	0.1824722417240962
2459422.7074916	17.32933976394214	99.999
2459425.6159019	17.581272026982198	0.1741635482708011
2459426.5734031	16.682112109512985	0.0918839999021596
2459427.5994608	16.92940362302111	0.1264338407288887
2459428.4869219	16.996252494861672	0.1153282651037107
2459428.6381979	17.49677963651288	0.1716845251013672
2459432.4868824	17.425058343828855	0.1726374621175727
2459433.6166951	17.50108239116431	0.160480868835231
2459435.4997585	17.538794147402104	0.1723272541033412
2459436.6168819	17.292001189194337	0.0904973946770561
2459437.5538156	17.0221368789973	0.0888591608042294
2459438.73384	17.016786306640842	0.102200600477955
2459440.4871759	16.922580729455678	0.1541690972188705
2459442.2914893	17.125145389170704	99.999
2459442.5138802	17.079231912719465	99.999
2459447.5652687	16.97702059404363	99.999
2459448.6504269	16.995536174874374	99.999
2459450.6123205	17.477193115884354	0.1928914700179799
2459451.4260501	16.836498733074606	99.999
2459451.6793149	17.204264879953456	99.999
2459455.6458139	17.411571384689957	0.1548392962347382
2459459.4209923	17.01051686255392	0.0977617351196118
2459459.6715005	17.24558676648278	0.1331695438020321
2459460.4203856	16.874095705883892	0.0784161633143602
2459460.659216	17.530405806420685	99.999
2459465.6259242	17.05075839457788	0.1328900903085503
2459469.5880263	17.331949644224544	0.1990912469110761
2459474.5350593	16.866367258616847	99.999
2459475.5120872	17.349877873710646	99.999
2459476.5183107	17.26067751437438	99.999
2459477.6153176	16.650997540936572	99.999
2459478.4933069	16.972297783597554	99.999
2459483.3539225	17.745836735132873	99.999
2459484.6021773	17.345487619618563	0.2057702029983585
2459486.5802566	17.872154295096028	99.999
2459489.5121932	17.455436062736794	0.1520422730341043
2459490.5163165	17.01786565945244	0.1188398175819371
2459491.5782869	17.117138258512114	0.1245828702637685
2459493.4876131	17.017142294066048	0.1824210815926903
2459494.5496577	17.433974967157642	0.1669248172182789
2459496.4961488	17.487069100956706	0.156143776595878
2459497.4972746	17.62752206676692	99.999
2459501.5450876	16.032066637690082	0.0841100470182207
2459503.5381624	16.504805929346382	0.1422361300339075
2459504.5387902	16.982696973432216	99.999
2459505.5372603	17.101287030459204	99.999
2459506.2801873	16.92062399842996	99.999
2459507.5204408	16.847252836071533	99.999
2459508.5157065	16.876220330151945	99.999
2459509.5122318	17.025046986814683	99.999
2459510.5038472	17.178152711951903	0.1480891444565238
2459511.5121935	17.154558108795122	0.1272373149499802
2459512.5136458	17.14420846166607	0.1932645316868758
2459513.2577843	17.722592579868508	99.999
2459514.5044028	17.048046478042107	0.1516523204724653
2459515.5035495	17.072589371840813	0.1752106246877039
2459518.4973613	16.438394852824445	99.999
2459616.8788737	16.66790933890105	0.175346561263214
2459618.8737319	17.32995240737976	99.999
2459622.8857001	17.067920893365997	99.999
2459624.854599	17.182516342357463	99.999
2459625.8571304	16.940930887302425	99.999
2459627.8580017	16.54142636590576	99.999
2459630.8641439	16.013267386711497	0.1433621918155425
2459631.6024555	16.841702156437492	99.999
2459632.8583877	16.67569044563816	99.999
2459634.6200071	17.397262157175877	99.999
2459638.5989077	17.6187263572699	99.999
2459639.83236	16.7584839677787	0.1033399687201817
2459640.8215549	17.70993170082245	99.999
2459642.8162979	16.95719622497087	0.1361943195507345
2459644.8213581	17.363350848465227	0.1825376019670744
2459645.8187623	16.954179307387673	0.0887117738121045
2459647.5852233	17.33536470019306	0.199641734100119
2459648.8724885	17.29933254660541	0.1057270806510805
2459651.0088026	17.29912339033296	99.999
2459653.8363751	17.37168231664149	0.1117947774783285
2459654.793397	16.894115508440652	0.2018142716195027
2459654.8050381	16.660765339837226	0.1489409502932852
2459655.7926339	16.649931260336615	99.999
2459656.5310093	16.46022688745497	99.999
2459657.8317586	17.136144360766124	0.1495120001840595
2459657.832999	16.357638961364714	0.1365910071371915
2459659.581237	16.972080970003724	99.999
2459660.7634227	16.932744043637676	99.999
2459661.7703003	16.98173335071876	0.1863057657199032
2459665.8361775	17.11289626426668	0.1322612618147556
2459665.8387626	17.11231824184974	99.999
2459666.7490661	17.371620726482682	99.999
2459666.7503762	17.237279908643096	99.999
2459666.7990968	17.4166309537592	0.1857490975740638
2459667.7554214	17.27800484242	0.1111153789130144
2459667.8224185	17.493859143617076	0.1663549223555888
2459669.7456429	17.18853285046929	0.1095345131883585
2459670.7715697	17.50146398138463	0.1052313235198241
2459671.7684916	17.623135616447925	0.2075864314490301
2459671.8096514	17.499087144455228	0.1226110441641065
2459673.743128	17.143863405624955	0.1433718284582132
2459674.7497405	17.599444016444895	0.1309830955467629
2459675.8266241	17.357320138405253	99.999
2459676.8314247	17.213658060788806	0.0950186576451288
2459677.8973533	17.048283040492805	0.0866695861371137
2459677.9438885	17.80369716855509	0.1785097044441499
2459681.5123896	17.16084690060462	99.999
2459684.7084305	16.793116857444726	0.1719174087584663
2459685.7986009	17.374101666834225	99.999
2459685.8956325	17.10838278029304	99.999
2459692.7869692	16.759510510920638	0.1492269488753496
2459693.7728235	17.289111515158012	0.1362385035485235
2459694.8543747	17.673042848818763	0.1817110836630781
2459695.7672598	17.204219503848954	0.0855431028768385
2459697.4253722	16.97127931747435	99.999
2459698.9012112	17.121099674442362	0.0991815106236991
2459701.8996111	16.868088817544404	0.0649064260922887
2459702.7601529	17.49667074768569	0.1683553738762975
2459703.8699999	17.473171126052016	0.1245305674245057
2459708.8993849	16.93926787917385	0.1130333095962578
2459712.3829822	16.542489804617738	99.999
2459712.3844774	16.288998938786264	99.999
2459712.3858798	15.974614908026588	99.999
2459713.9502956	16.71973458424358	0.1400321331076795
2459722.6776141	16.8832930592498	0.0836636614467601
2459725.5820164	17.331051725937012	0.1761781811656374
2459727.8188977	17.05420984631519	99.999
2459730.8708865	17.638019752462156	0.2105463286845506
2459731.395523	16.95863621339504	0.0898502923741058
2459733.9107782	17.32645978715917	0.1376034447598102
2459737.3188786	16.958729048741496	0.1049962166853469
2459738.4751717	17.07599920647966	0.1277514250609576
2459742.7552204	16.18916646209657	0.1732538667823571
2459747.4887778	16.392936862299685	99.999
2459747.6896577	17.667379567272818	0.1815931903816516
2459749.7331915	16.945653416175066	0.095118019920122
2459749.7344433	16.961466937575974	0.1354934292772524
2459753.8055979	17.0529084286401	0.104148145630711
2459756.258989	17.03953429077238	0.1172730459370627
2459756.2602292	16.887253287782404	0.1331470545777313
2459756.7417279	17.25826928823642	99.999
2459756.7443254	17.000924426813878	99.999
2459758.7232044	17.1975240713236	0.1256716480832544
2459759.8226081	17.322663709647415	0.109201028020482
2459760.7386511	17.279484716709533	0.0776481367246499
2459761.7921918	17.315676502780562	0.1315865781800791
2459762.8180985	17.10948661414909	0.0943516179766037
2459765.2463272	17.78262316452325	99.999
2459767.834847	16.73498268361767	0.152726249971523
2459769.6676386	17.009233895299264	0.078581112872748
2459776.2534971	17.318987905263025	99.999
2459776.7964191	16.752068890203084	0.2173078215937497
2459779.7913048	17.50190201595404	99.999
2459782.7864296	17.198723279044398	0.0958920286862853
2459785.3670089	17.202455398964037	0.1169423752329371
2459788.7401735	17.018079217815025	0.0837909377764129
2459789.7330042	17.18415172250226	0.1369298659938833
2459791.6788225	17.265683371002215	0.1297609560355888
2459792.7246195	17.1015552660337	0.0955540794702198
2459793.7696304	16.64567904623255	0.1387630228759487
2459794.6927553	17.820849176291667	99.999
2459795.7334578	17.352316553439824	0.1017876443953961
2459797.2804939	17.33635259946485	99.999
2459804.6545108	16.920914320599305	99.999
2459812.4379927	17.311730113631615	0.1443402429852043
2459812.6574845	17.062187266641033	99.999
2459814.6172786	16.881609145706967	0.0820523104632133
2459815.6190441	16.944888061584724	0.0859854991879566
2459816.6517323	17.659274380063582	0.1887001202170811
2459817.6809643	17.3647363403935	0.0944192828422307
2459818.6440128	17.184254946258015	0.1440189751228505
2459818.6453109	17.207202416114647	0.1759684344740214
2459819.6402625	17.129267873394895	0.1193001907695702
2459820.6399773	17.396919472274465	0.1009398617806377
2459821.6705656	17.973683492697322	99.999
2459825.4784453	17.109932985590625	0.1250190568054884
2459830.2631241	16.69730072237728	99.999
2459831.5897538	17.0538106915264	99.999
2459832.5325946	16.56915873194263	0.1462893937859913
2459835.3525769	16.882509937101062	0.1844831165233315
2459837.2698591	16.967494640413992	0.0988640882706757
2459842.2432912	17.121950735365267	0.1108490830748706
2459843.3526347	17.79228266396556	0.2004161214559117
2459846.5674293	17.700194455761924	99.999
2459847.5970134	17.29680620939656	0.1273665728258772
2459848.5096435	16.867762565170274	0.0686090751473815
2459849.5174661	17.287508110993215	0.1508388390830521
2459851.5801212	17.411259712287166	0.1115792407749832
2459852.5532129	17.252432787644416	0.111201149108537
2459853.2877847	16.959762271127605	0.1514159934909014
2459860.3110693	16.58391711175861	99.999
2459868.5202171	17.14761385759726	0.1213643608988826
2459869.5168428	17.24142912255748	0.1135351834960276
2459870.5161355	16.904398705929783	0.084423323126479
2459872.5186348	17.437598918395206	0.1661103874169916
2459873.5128171	17.647308046886575	0.1606454573768616
2459874.5121428	17.296895557010405	0.1307331777379976
2459875.5190923	16.878138543418796	0.0878331746652353
2459877.4973533	17.687599637996655	99.999
2459878.5367412	17.581068379183158	0.1926496469422627
2459879.5079627	17.052417923083123	0.1171247990800621
2459880.2476044	16.97446696371663	99.999
2459981.8789458	16.30822830951328	99.999
2459982.8745316	16.680793924264997	99.999
2459984.8731267	16.82301774633537	99.999
2459985.8834749	16.878032444439842	99.999
2459987.86662	16.616598716213137	0.1237062258106278
2459993.8548409	17.592227506208758	99.999
2459995.8704291	16.952476144666726	0.091335596296547
2459998.8342028	17.01574489083023	0.1443318626754404
2459999.8525974	16.778081991378478	0.0884755868367782
2460001.8432747	17.676309100524115	99.999
2460003.5735749	17.933564316307532	99.999
2460004.8282522	17.61798118312668	99.999
2460004.8761434	17.103563923534743	0.1155903231479315
2460010.812965	17.130588676320876	99.999
2460012.7968785	17.040567322016578	99.999
2460012.8885508	16.976659126045554	0.1409146063969448
2460014.5874554	17.35162593527943	99.999
2460014.8240172	16.87983429603461	0.149348149773529
2460020.8863061	17.42908567816614	0.2114704758426957
2460020.8876159	17.171410903886173	99.999
2460023.532024	17.275806335570365	0.1063022174098289
2460023.7808958	17.04271729433331	0.0989635063728864
2460023.8042973	17.235113797328477	0.1473030929710356
2460025.904006	17.60173899194145	0.2162946296885413
2460026.6152556	17.743522193794494	0.1641935265174829
2460027.7555045	17.355535852548066	99.999
2460027.8307705	17.348184696363496	0.0960546708220934
2460029.7590992	17.133934556738954	0.1728846761856995
2460029.7919814	16.868033507789892	0.0767664096006532
2460033.8437454	17.299835448004718	0.1175320795933245
2460036.5459417	17.624304097314244	0.1526890783748781
2460043.7206149	17.15807329111618	99.999
2460049.4617706	17.220906337561814	0.1156931620068578
2460051.4649742	17.9644975838177	0.1244845282224026
2460052.9222797	17.644783211824475	0.1886412762059954
2460056.6867967	17.248052082801095	0.1776127849232467
2460057.6874076	17.79159559835058	99.999
2460060.6838095	16.94094014129803	0.1504866124917898
2460061.6780979	17.771923597816176	99.999
2460061.687032	17.508126551828717	0.2113641270530582
2460062.8613431	16.97098916073035	0.071225680565323
2460063.8853423	17.1585734171208	0.0853394873934789
2460067.405604	17.048110313163903	99.999
2460075.7390589	17.550208619591903	99.999
2460076.7799553	17.012209088917597	0.1463447757952882
2460077.8711494	16.91253608564817	0.1300330172060153
2460079.8467634	17.35590009277789	0.1902080225497673
2460082.8532791	17.25516029887705	0.0928878484664395
2460086.8265127	17.624783517351375	0.2161463313993715
2460087.8306963	17.383395893686632	99.999
2460090.8552861	17.4315593991535	99.999
2460091.6342363	17.3007796175863	0.1701536408423378
2460092.6640043	17.607770911013688	0.162467042894892
2460094.8369308	17.278393021066258	0.1772812373478361
2460095.8326098	17.396198184039594	99.999
2460096.6254255	16.98023642886152	99.999
2460096.8207302	17.14048610941044	0.1864100622796336
2460097.7985871	16.61806816751611	99.999
2460104.8194836	17.223966647899914	0.1457031336389722
2460107.754958	16.829361727686994	0.0989055772400744
2460109.5433397	17.77326788850963	99.999
2460110.8700808	17.522153407067155	0.1400856467215416
2460111.5207901	17.580363519490025	99.999
2460112.7809048	17.568454912026542	99.999
2460113.5229212	17.776494271536833	99.999
2460113.8800836	16.997791633665848	0.1696688801096006
2460114.6434077	17.452582076138366	0.1017824291887922
2460114.6913578	16.813098658507876	0.0888314164040494
2460116.289085	17.860055422899865	99.999
2460117.4842285	18.05769434093775	0.1952174778834821
2460118.2583984	17.81360548496665	0.206862162214159
2460124.7489472	17.185608897022774	0.1713633824457732
2460126.6972613	17.115180989524344	99.999
2460130.4803093	16.834107568773398	99.999
2460133.7985076	17.323135849102087	0.1831920368795064
2460135.8325893	16.926692654727415	99.999
2460136.8201685	17.232514991882837	0.2122228027868235
2460137.5299721	17.85506762526397	0.1539329499369773
2460138.8076225	16.726979495484407	0.089885468454413
2460139.8109233	16.890144336535336	0.1075983008794919
2460141.6110212	17.347364847221073	0.1343939728350799
2460142.80253	16.815126526594586	0.0748521548523397
2460143.7472441	17.46300546758343	0.164743993551399
2460144.6694181	17.268800600491506	0.1117324489623424
2460145.6720417	17.36425150392946	0.1390361215750112
2460148.7289942	16.92474691104541	0.1097389889011127
2460150.2300495	17.729093423271767	99.999
2460151.7823989	17.381105517594847	0.1681605611110229
2460161.4620974	16.707501456250696	0.1684144408542156
2460161.4633263	16.215028270839287	99.999
2460163.7192425	17.07471275472563	99.999
2460166.4784397	17.47984208426733	0.1683937957938204
2460168.2903773	17.156818842156348	0.1280164636823979
2460172.3937896	16.874985574290257	0.1611649860618303
2460185.3243271	17.16789693373609	99.999
2460190.6645296	16.799746771706797	0.1239696211578698
2460191.6558068	16.55227924624868	0.0734146141065516
2460192.6569788	17.186109362544787	0.1234627926751738
2460193.6746176	17.705132985796624	99.999
2460198.6373579	16.887868248034994	0.105433952220069
2460202.6322735	17.03085681140443	0.1305072169867578
2460206.3591889	17.816979655107865	0.2170990029449924
2460217.5949614	16.97148964700989	0.2129927925114917
2460219.2283541	17.384650983989182	99.999
2460219.5634628	17.73826925469487	99.999
2460220.5499274	17.390651383136518	0.1295307613365152
2460221.5695716	17.12902921243526	0.0975490056318716
2460222.5695603	17.544988768081843	0.2035226703982461
2460224.5082447	17.095835740634403	0.1443173622905977
2460227.5114607	17.2617144234695	0.1423739999704154
2460228.5286806	16.92005235665213	0.1249503134821687
2460229.5326509	16.992001999364344	0.0819444973631524
2460230.5396256	17.449153475599523	0.1429516670740188
2460231.5328524	17.481247637295407	0.1673240998305057
2460232.5416404	16.820664188404766	0.1022167586539042
2460234.5150025	17.517715754773388	99.999
2460240.2665777	16.4874896925254	0.1634696388845858
2460243.2573123	17.222058388828103	99.999
2460244.5024559	17.227656238707706	99.999
2460245.5070565	16.775716604510155	99.999
2460247.5001486	16.705592707928933	0.1096880502047722
2460248.5009901	17.458582644673562	99.999
2460357.6093305	17.23539258924499	0.1711354542644841
2460361.6139795	16.391492502862377	0.1462894802008946
2460363.6047494	16.513613578934148	0.15164666060343
2460364.8410055	15.773586035419957	99.999
2460369.583233	16.801164326084454	99.999
2460369.8569478	17.185310762879432	99.999
2460371.8973819	17.448430961365855	99.999
2460380.9011082	17.42104681471567	0.1392583087455519
2460387.8251774	16.97983115278106	0.1153230858284204
2460388.8698402	16.780656335762632	0.0686681988187366
2460390.9156605	16.164162852182923	99.999
2460393.8367645	16.241354723709016	0.1730214219680579
2460394.790662	16.11857591406742	0.1475040883201459
2460404.8035441	17.720527038675794	0.2082889067985767
2460405.7892789	16.792692498738802	0.0650715646842941
2460406.7670087	17.309976426353344	0.1037307502683557
2460408.7829886	17.508903024846727	0.1501917383044183
2460410.7836662	17.10080797290932	0.1408582616654022
2460411.7942173	17.70326516163098	99.999
2460416.7401185	17.174094115177272	0.1046302624489357
2460418.8382995	17.16354090323674	0.1290175071638354
2460420.8519525	17.370041191492376	0.1171899105054907
2460423.7518114	17.10067853704499	99.999
2460425.7276551	16.74467436258214	0.1801465958358846
2460430.9570771	16.995253518209246	99.999
2460432.6607311	17.113843928679145	0.1964767447376944
2460433.7023612	17.36356000208707	0.1629785550836065
2460435.8586074	17.345731679357378	0.1859937172967456
2460437.85497	17.196770958292028	0.1007532952787045
2460438.9211573	16.750821041591756	0.1227561944046987
2460439.634049	16.771415355689243	0.0716870504555826
2460440.6492497	17.093596077527533	0.1276393049882307
2460442.6562822	17.251662288882443	0.1066907991670465
2460443.8553583	17.50447669800789	0.1922616137591091
2460446.4016785	17.48437821070882	99.999
2460447.6090674	16.758821829818586	0.135946062210919
2460448.7227241	16.824856873903663	0.1296682663418584
2460449.6691535	17.495413798945098	99.999
2460450.8331833	17.120902048837802	99.999
2460450.8344121	16.389523859700745	99.999
