2458223.9129575	14.472909289557732	0.0109534365364558
2458224.9097575	14.266672702376852	0.0107085547560252
2458228.9417799	14.335832264064374	0.011085164142484
2458231.9283752	14.45708006411743	0.0095714402275981
2458282.6281963	14.57640612276364	0.0149376972689408
2458283.894027	13.92381741576862	0.0123406785262319
2458284.595936	14.26421229317749	0.0102729854935176
2458287.8471272	14.518482180488984	0.0113378434284782
2458288.6860781	14.395496362756113	0.0091101660761418
2458289.7594562	14.25718267294454	0.0099144323917217
2458291.713811	14.391585782790216	0.0113102955415827
2458292.7105929	14.437451095538858	0.0121220758727348
2458293.8916111	14.440776108828128	0.0097058175733301
2458294.717994	14.553588850028902	0.0354542876311999
2458304.7661671	14.390970677817796	0.0123504721780706
2458305.7223024	14.015078978087509	0.0112792172296945
2458306.6403583	14.295872327457824	0.0067553949257976
2458309.522265	14.492153882984248	0.0115678018743696
2458316.5098354	14.624248928331674	0.0146970550903941
2458319.8702585	14.47630276157029	0.0111709283663419
2458320.4924315	14.55938287980321	0.0202098182947643
2458321.8525373	14.13765425211325	0.0125751658901293
2458334.6491981	14.445498591956088	0.0103375579964593
2458335.7278958	14.370318204702992	0.0093291262254291
2458336.7597763	14.122734074909417	0.0111212229640475
2458362.7094869	14.318685619593612	0.012878605506879
2458365.5451509	14.34018104210457	0.0078450781382815
2458366.6719436	14.281104262677914	0.0105278898239713
2458385.6547964	14.420004258833895	0.0204098640934337
2458392.6735113	14.486231425909253	0.0114933610982648
2458393.5892261	14.128480835619088	0.0100188785394605
2458394.5868524	14.550552637436644	0.0146267095669002
2458396.6378626	14.460837010414236	0.0096561406968314
2458399.6403464	14.503221487083325	0.0143018568570396
2458404.5520394	14.2273161416158	0.0116005687320102
2458417.5135546	14.522225948149789	0.0221012382006752
2458418.5140785	14.496076183318532	0.0153886531769591
2458419.5004497	14.278312575518818	0.0176243522568098
2458420.5685579	14.174329492710465	0.0124943791198344
2458425.5522103	14.586263055932427	0.0180505497623228
2458426.5654159	14.48914480702311	0.0108716849488125
2458427.5576067	14.3602194964627	0.0102626583238034
2458429.5565416	14.598562975068733	0.0138404741956219
2458430.552513	14.49504632160185	0.0113133931716656
2458431.5522269	14.336824387635165	0.0109756064831211
2458539.8873119	14.00647761569777	0.0154010830576895
2458540.8827992	14.574619258235431	0.0181783838218658
2458554.8658732	14.161564104507384	0.0131856410919121
2458555.8610752	14.50080456028347	0.0138639846344009
2458556.8602287	14.550812906394556	0.0169400793484151
2458557.8549539	14.44730527900976	0.0109012976053869
2458558.8543828	14.07536367334589	0.0127971719270035
2458562.8657035	14.079508667839956	0.017060543864018
2458564.8637467	14.520942346217964	0.0241758250467608
2458565.8555347	14.308329699611452	0.0195474179285579
2458566.8552615	13.97165711937038	0.0150328075371436
2458568.8455992	14.480209358423023	0.0196298900542425
2458574.8030142	14.487603025091316	0.0135977795120243
2458575.8100872	14.517950485442023	0.0128867703989089
2458576.5924167	13.909798212234634	0.0114837920888541
2458576.5936222	14.100002620271212	0.0134566023468182
2458576.7948013	14.38595994452851	0.0103009456218968
2458577.793003	14.080177955761506	0.0120505218635149
2458578.7887519	14.549930957485657	0.017027062221287
2458579.8041033	14.534514584977416	0.0142849215289149
2458580.7865743	14.43623886982423	0.0115799449012694
2458582.061156	14.5095328899509	0.0095100801279438
2458582.9355682	13.986210936835736	0.0121576768703917
2458583.7842812	14.565829369996688	0.0137265462594025
2458584.5714897	14.37250747715226	0.0098338705558113
2458585.772031	13.894788808110995	0.0118142913820583
2458586.7562609	14.56972917187466	0.0143099111263051
2458587.775324	14.548512095756047	0.0158484140216561
2458588.7662213	14.191573774667717	0.0123265354346744
2458589.7763478	13.978039994281552	0.015418991589462
2458589.9048136	14.223474630525246	0.0113755404194057
2458591.5109698	13.942867047302874	0.0158863645193872
2458594.8881186	14.533272607709582	0.0233261485239682
2458596.0536008	14.591175100840514	0.018042308798832
2458600.6260636	14.529546731399147	0.0145585808962672
2458600.7307112	13.959344245698428	0.0131444542216493
2458601.7179859	14.532995226510176	0.0152702251097676
2458602.7126667	14.50542733408431	0.0144777563129038
2458604.5106326	14.542683208984084	0.0121540494468605
2458605.0552176	14.572451861715836	0.0104491474078259
2458608.7261565	13.887187127105676	0.0119504655643762
2458609.7345092	14.52545393177838	0.0128665497398336
2458612.6981757	14.221846657712788	0.0115341243002766
2458613.9695722	17.82746229857599	99.999
2458614.8367305	14.535354502542546	0.0121627155764008
2458615.7391097	14.250239735456995	0.0091067649898077
2458616.7014896	14.456254619647662	0.0152260764713459
2458617.8958326	13.950754968661984	0.0111201482784208
2458618.7300533	14.463885518751024	0.0138090515010322
2458619.7630954	14.299275838757865	0.01754140260193
2458620.8266022	14.051532248969432	0.0168590504917354
2458621.7320828	14.50640585989261	0.02978453602678
2458627.9676294	14.554933532849176	0.0137465052723559
2458631.6571635	14.013360629384811	0.0125012523333534
2458633.0620048	14.61051412461222	0.0073524231528206
2458635.6497101	14.21115512511313	0.0125857647122941
2458636.6758222	14.47156740660916	0.0118012592884138
2458637.6702811	14.452074756511196	0.0121377127279982
2458640.6317642	14.507416604824838	0.0137062559250934
2458642.6463689	14.085620307249645	0.0104541125144034
2458643.3500431	14.409327823955447	0.0086840909386167
2458644.6064611	14.493707117013294	0.0158526346190072
2458645.4044381	14.306091795406635	0.0095585639237102
2458646.6261831	14.018544846796486	0.0130353582267008
2458647.6525619	14.542518049024428	0.022461432308073
2458649.3758512	14.610698508166235	0.0246504537158581
2458650.6001779	14.002957656053932	0.0261428080982751
2458650.9526107	14.728931724816292	0.0546663239231269
2458655.4020715	14.378347310362589	0.0239378790841333
2458657.7787735	14.398926343600309	0.0150700980724805
2458658.8602147	14.431960540320867	0.01094158674097
2458659.7677244	14.159209588824996	0.0099006330753572
2458662.8366924	14.303907094373365	0.0080346357936463
2458666.9038539	14.543743068911573	0.0063157870307712
2458667.734207	14.604019173347192	0.0158231261383025
2458668.6907019	14.50140664836036	0.0111426092316298
2458670.6699867	14.123534134310392	0.0124435893168121
2458670.842058	14.326409804825262	0.0126588440887276
2458671.5631026	14.470762866149196	0.0126177315312807
2458672.8333491	14.553564167926112	0.0099471041092191
2458673.3208563	14.520122137260048	0.0127171712220394
2458674.3443177	14.397998666601136	0.0097602844241177
2458674.862576	14.525307436569378	0.01066497137789
2458677.3841101	14.522347320129755	0.0179853795011659
2458678.4715741	14.562458637232217	0.0241420521648659
2458683.9032797	14.542559700337105	0.017611148822574
2458684.8625121	14.492321332652091	0.0269858313802426
2458685.8732455	14.492332860849512	0.0232109892279169
2458686.433914	14.460421825977768	0.0105678672335601
2458688.7191563	14.404173905740397	0.0118126583196711
2458688.9397654	14.462961117342532	0.0114558411017247
2458689.9354925	14.499815708266492	0.0089921961538726
2458690.7127295	14.600046562004326	0.0135515002104055
2458691.7777201	14.474498232599496	0.0128932341895744
2458692.7639666	14.400321972812096	0.0113135147181258
2458693.7235422	14.088396758327129	0.0102566506022171
2458694.7544576	14.373782153674837	0.0101542483250225
2458694.7863342	13.98960018517103	0.0116325674642492
2458698.4103565	14.32358721754805	0.0086441744109012
2458699.3571625	14.23407640705096	0.0087904446167649
2458699.4750213	14.16802792345682	0.0123935367893122
2458699.9093249	14.54786349434494	0.0085456665402619
2458700.3583464	14.539612435493808	0.009404499533131
2458700.4790537	14.527566749681476	0.0131087180976785
2458700.905099	17.771497835035955	99.999
2458701.4878168	14.475247185918128	0.0124908174783036
2458702.4908226	14.501425883146382	0.0109758200768477
2458704.498936	14.510818734596008	0.0169126990385338
2458704.8236105	14.444667233930977	0.013602487440398
2458705.3567196	14.44265130643944	0.0131000238862354
2458711.7358018	14.39280443032917	0.0389959893140851
2458715.4661384	13.90870227823874	0.0131917534582766
2458715.8682213	14.550934006958062	0.0137772555831412
2458716.4629047	14.563588393022735	0.0183732119639579
2458716.6958071	14.116168198521612	0.0155787293133698
2458716.862914	14.588378390443618	0.0140885175057776
2458717.4608325	14.479787655164264	0.0151907034634769
2458717.8583207	14.543055053947093	0.0069596014006687
2458718.4563692	14.260541990459489	0.0109009886270325
2458718.8577039	18.159890172164697	99.999
2458719.7089141	14.359497577975556	0.0120023642464927
2458720.7738317	14.329271921704096	0.0141844527477282
2458721.6991287	14.556301687169018	0.0171500554274297
2458722.701136	14.468595435843048	0.0154376297047412
2458722.7189279	14.48517694034021	0.0134817851979757
2458724.8173129	18.202733114309176	99.999
2458726.8320235	18.028493291721347	99.999
2458727.4255579	14.646378260531185	0.0148124115593182
2458727.8326742	18.0650049579646	99.999
2458728.4225014	14.521021640534755	0.0106731985571234
2458728.8380002	17.76752684017193	99.999
2458729.369175	14.255316494111463	0.0092182663837364
2458730.2824646	14.625190731936168	0.0158136345292338
2458740.5569067	14.504694352863128	0.0236692607371265
2458742.5453878	14.180783538585136	0.0112756038950431
2458743.2955001	14.469849052667868	0.0164257240058391
2458743.6226462	13.985498216787516	0.0182007955199396
2458745.7782398	14.616090941638635	0.0102361338888677
2458748.6310223	14.508259542815898	0.0154305587867237
2458750.6253602	14.253881232411988	0.0104316335100361
2458752.6917689	14.65336329852887	0.0177557586480489
2458753.5681902	14.348116486554998	0.009579912915857
2458753.7249343	18.12970981300413	99.999
2458754.3225747	14.507322900160124	0.0113140754661127
2458756.5698516	14.513973074708352	0.0137210436168646
2458756.7194522	14.52505848805795	0.0091485209311858
2458758.344034	14.54301522597444	0.0119778085122616
2458760.3145797	14.148993412507064	0.0120938048121664
2458764.6559481	14.504892587278164	0.0224712410705547
2458767.6421947	14.366202503084704	0.0178698584013638
2458768.3082345	14.01217149758316	0.015882324487679
2458769.2674243	14.577661902048892	0.0275683551982442
2458770.2984755	14.560732583428758	0.0208959913895754
2458772.2582014	14.156014135271132	0.0116538754569029
2458772.6329522	14.553669303731	0.0257965825145474
2458773.5634335	14.26867959796099	0.0091519695801161
2458774.5454532	14.259677821420013	0.0104646667574551
2458775.6271448	14.564921320271322	0.0134882256820856
2458777.5355631	14.082255517178352	0.0110346576273243
2458778.5290961	14.548013391691278	0.0211546222603722
2458779.6468226	14.582418258551051	0.0188405198962537
2458779.6480397	14.482739415465469	0.0185591859545317
2458782.5448368	14.546439532716564	0.016449285278082
2458782.6087421	13.898570433046045	0.0126743702407157
2458783.6050453	14.52446180061776	0.0137441610801138
2458784.5842169	14.420679380699372	0.0139195976523794
2458785.5799744	14.15021961280772	0.0121872690239785
2458786.5795216	14.49389206082418	0.013043776235924
2458792.5471707	14.318768496675148	0.0198054696947326
2458793.5607975	13.994732377409084	0.0134214221380101
2458901.885982	14.539469658064403	0.0239006641656398
2458905.1453201	17.96345634121264	99.999
2458905.8828632	14.525802276872056	0.0198120578489542
2458906.8896174	14.50163943742482	0.0148975110479621
2458909.8925974	14.507132733808811	0.0186905444153466
2458911.6332147	14.632629361012352	0.0175338283034537
2458915.0021654	14.4661927846281	0.0134914369410406
2458928.5811684	14.42088640707988	0.007912770056022
2458930.5792464	14.603801052100987	0.0153208846451064
2458932.566233	14.362484760834402	0.012320375181457
2458933.9728881	14.569581980783695	0.0115690749369134
2458948.0554572	14.621259610386588	0.0217070467326577
2458956.0573883	17.603404474999753	99.999
2458959.8819514	14.623944586588769	0.0186717692453226
2458966.087999	14.621116585756068	0.0099331583343317
2458968.9784176	14.574130722915628	0.0111336851368446
2458973.0232881	14.522260033295224	0.0190427728512233
2458973.9667165	14.507362270179549	0.015878593123744
2458983.9335936	14.604388929359358	0.0147518166397805
2458986.9243499	17.923621769727465	0.2139572668791188
2458988.8565033	14.395484245301082	0.0086406454811369
2458994.9033176	14.63002154084484	0.011091952486937
2458996.9180285	14.417115528726343	0.0100360645741596
2458999.9290459	17.343726329674283	99.999
2459011.0097047	14.542764409930706	0.015574260195977
2459014.8497611	17.87406354342597	99.999
2459016.9479675	17.595562236863536	99.999
2459022.8000164	14.521437266983732	0.0095087974987439
2459030.8205727	14.520991984657003	0.0151465765170387
2459031.2902026	14.315506267503087	0.0184507283929593
2459038.9803372	17.34922099096181	99.999
2459046.2640354	14.43958118668547	0.0118419112778954
2459051.833779	17.973967746358746	99.999
2459054.8416117	17.8326281365995	99.999
2459056.7293613	14.570243102520244	0.014340382875818
2459056.7305791	14.444318065800024	0.0195373124594512
2459058.7957344	14.25113287257659	0.0127484200776771
2459059.7948173	13.974609941165731	0.0160983512441804
2459061.2505673	14.508653547601488	0.028826253526178
2459068.2459449	14.56349056833303	0.0146450342369581
2459070.8974281	14.578563131768584	0.0168308821164384
2459075.7643762	14.634645219744831	0.0112041054046618
2459078.7775987	14.504998301571598	0.0088351582893793
2459080.7313759	14.479613656239412	0.0107134130469733
2459081.7716558	14.31667457383452	0.0123565494646243
2459083.6954181	14.484349457315986	0.0137912994047839
2459085.3468831	14.48507669595971	0.0120053567347597
2459095.282467	14.638570143670202	0.0255277569510813
2459099.7416421	18.22008012008643	99.999
2459104.7886319	14.48469035791052	0.0104260306240242
2459107.7780616	14.51521348374474	0.0094479177923344
2459121.7420675	14.654739919814991	0.0152049582501887
2459122.7378812	14.666276561620268	0.0181769378140791
2459125.6687281	14.670695132909676	0.0383059579989885
2459126.6646178	14.43825723984922	0.0218314426820135
2459129.7183507	14.562442952388842	0.0071235773462529
2459132.7128296	14.646508173467351	0.0107886042991767
2459136.6125615	14.626156574141442	0.015372410896407
2459140.6171617	14.553261854117084	0.0150150810315894
2459158.5610267	14.002121537390751	0.0132036287753204
2459270.8870611	14.526118445740984	0.0246673739962909
2459274.870736	14.55216856820202	0.0254310384756138
2459283.8407479	14.323976949362926	0.0180970053622303
2459289.1170614	14.624557948067578	0.0123869783760906
2459291.6505005	14.073646201951709	0.0127505355229142
2459294.8289136	14.440984654955477	0.0140287970642663
2459296.8185816	13.987504665589965	0.0158100849308168
2459296.8671041	13.993444181997544	0.0123849999381897
2459298.8736669	14.438951541117746	0.0145924750091073
2459304.7861574	14.57924391175894	0.0331960516929796
2459305.7812575	14.48949355476339	0.0265099137759051
2459306.8177302	14.48254756188615	0.0228626990554821
2459311.034588	14.54151096078994	0.0080326525931676
2459313.0445241	14.597514341230411	0.0111653989316426
2459313.5625134	14.134049885761897	0.01064613069474
2459315.0512369	14.698132198440916	0.0115523263064884
2459315.7726975	13.84977927302624	0.0131027533621386
2459317.5226853	14.022384611423526	0.0098250233822654
2459318.529686	14.56144728321846	0.0157831294171215
2459319.5835107	14.55184552767328	0.0129646651246443
2459321.5862538	14.131527829002373	0.0103233018216691
2459325.0239903	14.512956350744554	0.010854186698275
2459327.482043	14.467282833474435	0.0193792807365453
2459328.6182606	14.41400722167247	0.0106025493056854
2459329.7071383	14.361833827344984	0.0276812383675527
2459333.0831473	14.540993991133032	0.0228327249421376
2459334.0076524	14.583326436933222	0.0180489771490483
2459337.8411982	14.498063749815058	0.0146300556589983
2459338.7840613	14.04936851910221	0.0130530165862114
2459339.8115604	14.58774629421235	0.0163431676635948
2459340.8618606	14.55115296140087	0.0147823191071919
2459345.6976521	14.152560717560965	0.0117286670361769
2459347.9395172	14.601659060565284	0.0091425848903779
2459350.028426	14.554232973228164	0.0045569323177395
2459353.918728	14.638476724998592	0.0153226559433249
2459365.6245348	14.620871593163784	0.0203577117431084
2459366.6624729	14.552561874869188	0.0173429636249125
2459367.9842727	14.576859289830406	0.0086196951130262
2459376.0332039	14.474290001929331	0.0097959795477627
2459378.8801028	14.044689451703844	0.0114201701297597
2459380.802259	14.280852088033356	0.0152627501732071
2459383.8375796	17.67357512883073	99.999
2459384.4331827	14.528846858108082	0.0187065682396343
2459385.35689	14.319843219024795	0.0159366206154232
2459388.5726042	14.551751324959504	0.042166023711037
2459392.8699468	14.415915118416244	0.0305889788290921
2459395.5339983	13.91539735502798	0.0116938029687042
2459395.5398365	14.008930659063592	0.0108153719104218
2459397.6347957	14.447852099418562	0.0103229651659736
2459401.8923041	18.18157557224303	99.999
2459405.4543928	14.332901671375566	0.0102721245217285
2459405.7700073	14.591735214534822	0.0146249344276869
2459408.5586887	14.512582771440536	0.013599808019423
2459408.5874383	14.479296206042376	0.0165500120895342
2459409.7583448	14.473318383491902	0.0136360817334194
2459410.8273526	14.463588131355618	0.0141540734330592
2459411.768766	14.339159299933646	0.0126062139361431
2459412.8522385	14.161365239824582	0.0136007031185015
2459415.8258892	14.456637458708778	0.0167732327334969
2459420.3307523	14.279370074886277	0.0193104787872493
2459422.5068603	13.893356104997409	0.0121348036254587
2459424.6565433	14.51628652487238	0.0155239905831394
2459425.6464657	14.471562390084063	0.0118312008505245
2459426.486646	14.372862318851976	0.0099607346263214
2459430.3950175	14.530247169696652	0.0126476482652041
2459431.4750021	14.486286067275794	0.0141951306714133
2459432.7316768	14.4549700617623	0.0144903147651265
2459433.6561628	14.406529241910832	0.0091575266743487
2459434.5884664	13.956429819740514	0.0104114911204601
2459436.8208088	14.550581850586196	0.0082544037805956
2459438.5714483	14.019348978542997	0.0107299576489183
2459439.4673105	14.500900150037454	0.0231644775002146
2459440.7385052	14.501793259614262	0.0164221506292367
2459443.8786172	14.524706392227568	0.0244981382146958
2459450.3067091	14.484830728137217	0.0187991686650786
2459451.7761846	13.917515095935553	0.0223735155380551
2459452.6924351	14.391822701323589	0.0220473233309068
2459456.5474649	14.291862284440764	0.0118953223956143
2459457.6890249	14.266057825081244	0.0105357954820011
2459459.6724399	14.547975081678963	0.0150236581114476
2459460.6802591	14.508024211554522	0.0156635032298741
2459462.4037479	14.433623174278098	0.0115674718739558
2459462.7520527	14.08060133873418	0.0130350184927266
2459464.662902	14.528052890955411	0.0086173538710165
2459465.7128012	14.343781006982264	0.0103119796477642
2459467.7707993	14.55829601195718	0.0094236151080883
2459469.7241623	14.30804988586428	0.0120806541312531
2459475.2566744	14.516854176309248	0.0191121761046464
2459478.618387	14.528774196435464	0.0343866813325677
2459479.5765888	14.427610506067328	0.0203361544900706
2459481.7534538	14.593193215367036	0.0129742809163643
2459483.2662832	14.647131615465582	0.0172423074572174
2459485.7164094	14.541936793319916	0.0104351265685949
2459486.7119637	14.525144563130796	0.0093369087909821
2459489.2733801	14.351446639811488	0.0119607095958182
2459490.6672047	14.577385808136638	0.0140467014505838
2459493.7154813	14.522120546176708	0.0082042865722385
2459494.5370895	14.447245994361984	0.0109668543896253
2459494.5773132	14.447200872625782	0.0121754290051697
2459495.6557702	14.440265277967674	0.0105067691793826
2459496.3311647	14.533880964541463	0.0101875123867912
2459497.6047685	14.613290197302565	0.0155696254863011
2459502.2395982	14.498328246339184	0.0213620941868149
2459503.5542469	14.121692784856831	0.023439550882639
2459504.5385352	14.439778143377744	0.0205935996141369
2459506.6173949	14.436784264515412	0.0249327817745528
2459507.5991621	14.313245140406288	0.0229916248814301
2459508.541021	14.577672864535211	0.0310817882129351
2459509.5335989	14.487736795460435	0.0239545758316512
2459510.6049764	14.613342096620798	0.0282716793396741
2459511.6064362	14.258095841185286	0.0135414963287009
2459514.2549383	14.57907802380893	0.0146610469252694
2459515.5155732	13.878273814631948	0.0138939246921648
2459516.5124199	14.482166459481236	0.0169303773619006
2459518.5866831	14.424463029524858	0.0094182497870354
2459522.5001075	14.13193140560734	0.027060874587552
2459524.5575616	14.568749705692085	0.0162968624113357
2459529.5400302	14.486047768324957	0.0285309753724219
2459534.5386588	14.18611341344546	0.0197453987472808
2459628.8926384	14.50815253296366	0.0594414144023858
2459630.8910524	13.991271262429237	0.0272092098982279
2459635.1528677	17.67463282299829	99.999
2459638.8922385	13.944590025673492	0.0129756332963705
2459642.1469521	14.662187959492105	0.0127290588187286
2459643.8927805	14.514711002263835	0.0189486587397786
2459647.0030203	14.155504109283791	0.011535861650727
2459647.0055009	14.137928669703989	0.0126656626352106
2459650.1135667	14.590748582325634	0.0123628381782404
2459651.8699696	14.53360149435273	0.0184869993970621
2459652.9005552	14.427188376634868	0.0142985777155082
2459655.8346496	14.580757950168632	0.0353857097100066
2459656.8384757	14.366044743026816	0.0267833045661265
2459659.5737134	14.013251257357693	0.025403582954731
2459666.0783194	14.661662575130594	0.0135282086644626
2459667.1486122	14.65230977183796	0.0209985972627821
2459667.5777202	13.914911497263072	0.0140237653127165
2459668.8047017	14.15060061586833	0.0100784627645666
2459669.817885	14.525839375297192	0.0145947719590295
2459671.7945498	14.355515522904486	0.0107023312946327
2459673.7967826	14.590699491299466	0.0143486513095695
2459674.8787937	14.557741004904152	0.0157744217814952
2459676.9659508	14.352214751144786	0.0083297005824367
2459680.0668331	14.573962897123549	0.0103249011035366
2459681.5694586	14.396577108443864	0.0138776209974003
2459681.5707105	14.623742501429687	0.0249428091837241
2459682.5118112	14.005208756209491	0.010956871325117
2459687.518284	14.593318053710655	0.0362489876049734
2459693.7116081	14.448425125783755	0.0152698469709056
2459694.8652492	14.46998178764915	0.0123280100125854
2459695.7521034	14.073300587071085	0.0114664753444858
2459695.8224038	14.191899524760284	0.0112091344026947
2459697.7214942	14.516227638658972	0.0100595005462567
2459698.7133454	14.285520185698646	0.0107526882022811
2459703.4992406	14.53297010362188	0.0138062547662166
2459704.6985518	14.50998371058538	0.0138698212017022
2459705.7849865	14.491535330283254	0.01583015121119
2459706.8251685	14.428454816679064	0.0101821319784193
2459708.8915538	13.914475249525378	0.0117874207373717
2459711.4310383	14.503708607170012	0.0216455196569629
2459711.4322787	14.851730173498902	0.0662593506032641
2459711.4335191	14.494712982606558	0.0432111997442008
2459712.5722988	14.426818757850723	0.0108197990611821
2459713.8322336	14.576245112822084	0.0163799499819066
2459713.833538	14.62414599835328	0.0361763799483413
2459713.8348538	14.429537527658706	0.0280884899801196
2459714.7976792	14.318111288247826	0.0175428691917852
2459721.014783	14.514830652984594	0.0135963226747404
2459721.6799233	14.31005795903997	0.0138690563136316
2459724.9381152	18.37231267860139	99.999
2459726.5903832	14.593459491757478	0.0175084916055213
2459731.8584989	13.883861986811578	0.0124961988618758
2459733.4679205	14.553172403174848	0.0110269549552148
2459735.7524806	14.50986509813096	0.0135028351559556
2459736.4204337	14.102784154375732	0.0105184084430115
2459737.7915425	14.404651728981788	0.0066685450438419
2459740.5167695	14.074204463986222	0.012848524684803
2459741.834312	14.50357245508349	0.0108811682426282
2459750.8330439	14.525791526343092	0.0092026515418363
2459753.8509457	14.361566632775425	0.0104588658423521
2459756.677192	14.267295064554729	0.0142857034294341
2459758.7271343	14.558179633932903	0.0144387616213474
2459759.8218662	14.556982869788996	0.011875790082423
2459760.739393	14.346116610322596	0.0069785915256441
2459761.8012951	14.203207339524406	0.0139885542727596
2459761.826152	14.27203183835662	0.0084459104033448
2459761.8274038	14.305024214646837	0.0111883203609325
2459766.2773407	13.976220690371742	0.0196674657438793
2459766.9492968	14.562291619809711	0.0122600119772304
2459768.4413167	14.584452158106204	0.0178623305560859
2459769.8172784	14.130629856185834	0.0129046406293055
2459771.8512731	14.141813698075774	0.0470668377999794
2459776.8837445	14.340274651094568	0.0262959191780282
2459779.7573435	14.454790727256835	0.0102850603098722
2459781.8862531	14.5493212406647	0.00574407602623
2459782.67329	14.440176394097982	0.0113801808835732
2459785.4959519	14.425044612195704	0.0134656190078518
2459785.5247769	14.49252070249258	0.0144691623566377
2459788.6925946	13.89420765462833	0.0121518787425002
2459788.7273019	14.100182235861611	0.0105601063193783
2459789.827105	13.91358168226398	0.0127834386945509
2459789.8283336	13.860362101213626	0.0129864136885466
2459791.5004955	14.220909526381364	0.0097372751018751
2459792.867258	14.56010460169666	0.0095330892859196
2459794.6888604	14.466024395338057	0.0150183337776885
2459795.7488303	14.349372845012702	0.0096660332831835
2459796.6838646	14.004030165772974	0.0130189405711898
2459797.5976332	14.496014699171358	0.0150388749806573
2459807.3127938	14.498421512057408	0.0145201985661382
2459808.8820346	14.64998903353792	0.0137917425263194
2459809.6479691	14.481597877669422	0.0139090845465915
2459810.6526555	14.368711373176628	0.0073175688070668
2459812.8530972	18.132334872340795	99.999
2459814.536827	14.02356913987843	0.0107137680102658
2459817.8278294	17.99034748921801	99.999
2459818.6803919	14.305787571588258	0.009405025020419
2459819.4450407	14.54059932561448	0.0144283327225851
2459820.5561271	14.456177356174036	0.0118722780586374
2459821.6058251	14.369919638791252	0.0105636000835319
2459821.60713	14.36732668202671	0.0139458243663522
2459824.8222641	14.592901144786037	0.0101746156436391
2459831.6335008	14.60880356842867	0.0372007898899412
2459833.516406	14.146127468455711	0.01567909047237
2459838.7474567	17.65337730738628	99.999
2459839.7130897	14.20625921784977	0.0111275917916072
2459840.693682	14.494619136984728	0.0124260687492104
2459842.3115215	14.579284064355004	0.0122347109242301
2459843.6592152	14.58548971386479	0.0145037781168199
2459844.6659795	14.479305563027223	0.0141556791849713
2459847.7415451	17.367099043434106	0.1432695502762827
2459850.606126	14.347344608772229	0.0108510097018997
2459851.5648547	14.510095747270812	0.0129974360441154
2459852.5494682	14.370696169682269	0.0124811351667629
2459853.5421597	13.95898330325143	0.0109050306794461
2459854.3385922	14.422917274899302	0.016012215095538
2459858.2544305	14.276935522213169	0.0293896802604889
2459858.5614304	14.575073345668974	0.0299496880193564
2459859.5558772	14.51925657966518	0.0241756394547975
2459865.6464466	13.923112077775643	0.0223119271189545
2459867.3132934	13.878801034562288	0.0207581685069537
2459867.5573909	14.413153195425467	0.0119762178242224
2459868.5531748	14.216618393342602	0.0113809306550048
2459869.5156603	14.572634585904234	0.0158753276311859
2459872.2802602	14.500548062135712	0.0148837252334335
2459873.2759765	14.3762615983007	0.0154967175362117
2459875.2820673	14.50687882393628	0.0153566911166998
2459876.5005015	13.91453526577415	0.0115870349396969
2459877.5133217	14.607622935190602	0.0204863451879595
2459877.5159185	14.610752780076348	0.0295163314832201
2459879.5001498	14.264559538743502	0.013870073465758
2459880.5961909	14.155779689624346	0.0129187010574215
2459885.57055	14.590414594733804	0.0184396380519755
2459886.5663696	14.47374289098271	0.0172414683884767
2459888.561482	13.911602024806458	0.0166501710691373
2459891.5526068	14.254116582455044	0.0217995839243768
2459891.555077	14.29697337164498	0.0343049891355797
2459893.5558421	14.42246107329543	0.0192575776440003
2459897.5947244	14.555992729692177	0.0162109292598955
2459901.5366915	14.800225143926388	0.0484801673825264
2459995.8912611	14.014028221232577	0.0173634183519923
2460002.0169164	14.508367380495296	0.0219453417114951
2460006.0106683	14.446691764081288	0.0152671726819803
2460010.0020997	14.40207552277271	0.0386705193747097
2460011.8936956	14.17596700078869	0.0202214943192427
2460016.9938046	14.61307646100356	0.0231266583758165
2460023.0975966	14.388559560618974	0.0097739946612119
2460024.8498325	14.453836133844453	0.012501087141948
2460029.0730266	17.66603338783072	99.999
2460030.0638237	17.842004834022056	99.999
2460031.5656956	14.267507102409136	0.0082043809072289
2460032.8278596	14.434730305120864	0.0107556616864337
2460034.9605589	14.12312131721158	0.0131738038714997
2460035.8043623	14.505853328432725	0.0153332836728994
2460036.812523	14.452933138304392	0.013419248256549
2460037.8299993	14.122164797874914	0.0119346404059203
2460040.5491736	14.310974773468178	0.0157700711939329
2460044.5124019	14.628712299936272	0.0163068967171636
2460045.7791292	13.925222359043545	0.0147967027445755
2460050.0132342	17.928514142728535	99.999
2460052.0068134	17.50107948368359	99.999
2460053.5868054	14.489274352716324	0.0118841531310175
2460053.5880456	14.46875800188357	0.0203416643661475
2460056.9931562	17.821425290296325	99.999
2460059.9851541	17.670245332885372	99.999
2460064.5030387	14.544137765316524	0.0117830177549813
2460067.4860957	14.470173565797428	0.0139182618795826
2460071.9602698	17.357999126795992	99.999
2460072.6845389	14.542758016897173	0.0357299127177149
2460077.0743613	17.135068898122242	99.999
2460077.7453902	14.535134920765149	0.0147425057114621
2460078.1125344	14.282867379163404	0.0096025373578406
2460078.7337049	14.419070269200422	0.011517211329946
2460079.1128971	17.93090245213522	99.999
2460079.6865343	14.039334420020973	0.0113246704815683
2460080.7045159	14.581731152611502	0.0146078887987203
2460081.0371576	17.832634578428774	99.999
2460081.6041042	14.428125446446304	0.0101775611552877
2460082.6854473	14.320904587442394	0.0128434359008193
2460083.0402177	17.20419755657636	0.1531157075012273
2460085.7356508	14.46249560261331	0.0128154861097063
2460085.9356162	17.404853660406854	0.1933568541777657
2460087.026938	17.5196905222668	99.999
2460087.6891319	13.911585505578138	0.010405389038925
2460088.0157661	17.644350107931107	99.999
2460088.3986122	14.288599304541282	0.01011435191449
2460088.6725996	14.534098147707804	0.0159658336993307
2460089.3892526	13.927153321771469	0.0115545078749428
2460090.9037869	17.57185159449855	99.999
2460091.3889217	14.459798529910362	0.0269843723428566
2460091.7519423	14.097378755471311	0.0113040439932857
2460091.9035682	17.847086171248836	99.999
2460092.3884659	14.28389949455566	0.0158180019478849
2460092.7449449	14.572180284493491	0.0210910017268613
2460093.3837106	14.181478992703177	0.012558886143534
2460093.8963046	17.28858861928929	99.999
2460094.7407074	14.307189955935378	0.0112971211467596
2460095.9050066	17.46697550552214	99.999
2460096.737542	14.591122979544176	0.0207880577617556
2460097.7329295	14.493714616353264	0.0222628381844308
2460098.7289396	14.32599925534018	0.0182667666792861
2460103.6692889	14.623074974098396	0.0287154938283149
2460107.0582958	17.477355897090355	0.1986382974182969
2460108.8516727	17.839083881800853	99.999
2460111.9295323	18.420868480424968	99.999
2460116.0264613	14.390762569815148	0.0096627832844004
2460119.7564671	14.514383095573166	0.0131181384208338
2460121.9116854	17.8628980138947	99.999
2460123.6811065	14.52791633387844	0.0166445010319424
2460125.5551876	13.943236217492023	0.0150461735623148
2460125.5564394	14.01457965250355	0.0230856027630618
2460130.6694334	14.21561233840273	0.0332959075455306
2460132.936772	17.68067126685233	99.999
2460133.685121	14.218227579722845	0.011291772575161
2460135.8227668	17.500223301654945	99.999
2460138.7995608	17.679702586051853	99.999
2460141.8137949	17.729036999758364	99.999
2460148.7699862	17.331976632607546	0.1694748883279787
2460151.8470166	18.230029960912702	99.999
2460153.7535381	14.148566627693198	0.0155219010510708
2460158.8903009	17.304320829736024	99.999
2460159.4548154	13.960010538312012	0.0239183106948782
2460160.8993972	17.37941451561365	99.999
2460163.2346995	14.48338005649407	0.0114853429535346
2460163.9100467	16.65679013301113	0.1100343119041699
2460171.7988333	18.100867946394843	99.999
2460175.8026901	14.487434605426586	0.0124288242289894
2460181.7770538	13.9669033385126	0.01302547729316
2460185.8316057	13.900162932752789	0.0126801134719858
2460187.8345478	17.09610472589146	99.999
2460189.2354627	14.171133795574168	0.0111677701401956
2460191.7486922	14.350543916781971	0.0170859503390588
2460195.7834518	14.365066288170455	0.007362582406799
2460196.7939025	14.095748738579148	0.0084580870278497
2460197.7895188	14.506053325828798	0.0122151525280259
2460200.7891615	14.018987831533646	0.0117563026833124
2460201.8020372	14.515687542541816	0.0115960590856124
2460203.7178864	14.20813733649959	0.0123593595078656
2460206.7301747	17.68695169084119	99.999
2460208.8035981	17.885183033067616	0.2132832730358476
2460214.7173158	14.317434851986851	0.0178103347326837
2460215.3532106	14.490911593616374	0.0290498261249067
2460218.756101	14.343838610545273	0.0096870828651456
2460220.7667484	14.419948308139084	0.015499789324855
2460222.5908794	13.993392722434074	0.0114332626767094
2460225.721899	14.401219846845974	0.0097889847343881
2460227.7479537	13.985551722843672	0.0111786590929678
2460228.7011466	14.382410699537251	0.0235174054794446
2460230.6012299	13.918375137974657	0.0124787445994814
2460231.6243307	14.54189986045722	0.0155105582617068
2460234.7197346	14.167117788131884	0.0095411905867369
2460236.2530197	14.666668064670148	0.0156649121665403
2460241.5282248	14.006356985007717	0.0171202085511439
2460243.5016539	14.461133440775402	0.0213246092045297
2460244.5878581	14.43132306114682	0.0185926629568779
2460245.5187072	13.926464555379056	0.0172652829088144
2460247.5151617	14.505897733919626	0.016687520334541
2460252.499597	14.198604170331471	0.0215929901231249
2460255.5680618	14.472135611141644	0.0107014434842807
2460387.6556032	14.800194038750572	0.0779340223223016
2460388.6446763	14.466100088666526	0.0148766242475648
2460390.997829	14.4740635724016	0.0116260316101235
2460391.997668	14.30609512086787	0.0150334014682158
2460400.8308033	14.513872728281331	0.0216863820880957
2460404.9814939	14.50883661797301	0.0146378436631928
2460412.5945716	14.182573373171488	0.0142063851896468
2460413.6019592	14.55230599274286	0.018968604401181
2460416.5839176	14.118126629416894	0.0136485635969009
2460417.5732027	14.695105416467705	0.0163836148322513
2460418.587034	14.565302453295711	0.0247263726294847
2460420.5537355	13.944204334419206	0.0140961812066437
2460421.0597726	14.402970548365204	0.0120604649733705
2460422.0417686	14.426419251408667	0.0141072713626822
2460423.7448221	14.49068998595838	0.0238129369079464
2460424.7881761	14.454584883643996	0.0285450078913914
2460425.5236357	14.504997740556467	0.0332490218158066
2460427.866191	14.44638990861136	0.0386648752489057
2460428.5011202	14.75022050025115	0.0892525914033368
2460431.9660204	14.353693866862088	0.010210891684786
2460432.8598575	14.466852561611685	0.0079545311175329
2460434.6865925	14.456413450813836	0.0122741165873121
2460436.6845532	14.17124094370779	0.0106818185473313
2460437.9829353	14.32899336120684	0.0091922400661869
2460442.4367864	14.19385276983501	0.0129999204389856
2460449.4106615	14.421096469360146	0.029129989992187
2460450.8631233	14.571853833308076	0.020393195888082
