2458283.52216620  15.4373
2458392.60485810  15.3713
2458393.60165220  15.5246
2458394.59841070  15.3877
2458396.59583470  15.4348
2458397.59315830  15.5031
2458398.58932350  15.5031
2458401.52804250  15.5147
2458404.56300310  15.4889
2458410.55236220  15.5987
2458412.50669610  15.5495
2458414.53912450  15.5786
2458415.53359230  15.5493
2458417.52464890  15.5309
2458419.52245970  15.4598
2458425.50299460  15.4372
2458528.88133550  15.5066
2458534.88603340  15.3638
2458539.87428550  15.5488
2458548.88375360  15.3977
2458553.83652880  15.4465
2458555.83087780  15.3742
2458557.82511590  15.4429
2458564.80765540  15.4963
2458566.82920820  15.5116
2458567.84671790  15.3757
2458573.77387570  15.4121
2458575.76838200  15.4076
2458577.76309500  15.4689
2458579.79510580  15.4427
2458583.74638290  15.4437
2458584.74177600  15.3890
2458586.48102180  15.3841
2458588.73192280  15.3731
2458590.84538770  15.5636
2458591.88109970  15.3843
2458594.71642710  15.3807
2458599.51941850  15.4789
2458600.62973990  15.3768
2458602.69555780  15.3986
2458604.68674210  15.5155
2458606.42591160  15.3932
2458608.87450440  15.4583
2458614.48588490  15.3681
2458618.64759540  15.4338
2458626.87154720  15.5479
2458628.41561070  15.4289
2458635.60425660  15.4302
2458648.33380630  15.4636
2458650.56350290  15.5148
2458657.75944270  15.4279
2458658.31901330  15.3780
2458659.70549240  15.4057
2458660.86711870  15.3941
2458668.46868660  15.4055
2458668.71948890  15.4545
2458673.27044360  15.3638
2458674.23379660  15.4204
2458674.53102840  15.4326
2458676.83172320  15.4831
2458677.36048390  15.3640
2458683.73011370  15.4102
2458684.56000480  15.4637
2458688.63030470  15.6296
2458689.63136590  15.4362
2458690.44161450  15.4612
2458692.78215440  15.4514
2458697.78061450  15.6120
2458698.77225030  15.4973
2458699.77282620  15.4985
2458700.28756210  15.3748
2458700.76696180  15.5374
2458701.76981780  15.4098
2458702.21948330  15.5126
2458715.54743380  15.4319
2458716.54373020  15.5028
2458721.71086050  15.4527
2458722.42735570  15.4860
2458724.44403030  15.4264
2458725.44750920  15.3889
2458725.68119550  15.5456
2458726.70323230  15.4223
2458727.44022310  15.4391
2458728.43747940  15.3851
2458730.24904430  15.4500
2458732.25058640  15.4334
2458736.68050050  15.4621
2458738.66634390  15.3748
2458740.66017730  15.4201
2458742.38204200  15.5355
2458742.65843470  15.4031
2458743.31020920  15.3721
2458746.64427030  15.4504
2458747.64103620  15.4393
2458751.63363930  15.4776
2458754.36826650  15.4588
2458755.53891380  15.4348
2458756.62029800  15.4362
2458758.61151670  15.3687
2458766.59086410  15.3775
2458769.32661000  15.4479
2458770.32423130  15.4883
2458771.31770170  15.4145
2458772.57318560  15.5587
2458773.57372860  15.3733
2458777.56259770  15.5386
2458781.53194640  15.5604
2458782.52885820  15.4312
2458785.52416400  15.3844
2458786.26418680  15.4831
2458786.51584110  15.4005
2458901.87686490  15.5129
2458904.61098340  15.4171
2458904.87461840  15.4586
2458906.62413930  15.3800
2458911.85041300  15.5052
2458913.89981810  15.5280
2458916.83605700  15.3945
2458919.83616760  15.5333
2458922.81412140  15.4308
2458929.55804740  15.4600
2458983.39362370  15.4255
2458989.41686240  15.4405
2459009.43062100  15.4285
2459019.29584730  15.4182
2459025.31013940  15.3772
2459037.43652900  15.4086
2459038.23847820  15.4043
2459050.44766260  15.3820
2459060.21309600  15.3950
2459121.32297370  15.3642
2459138.30865500  15.4257
2459151.51593120  15.5190
2459153.51332720  15.5083
2459259.86152060  15.4525
2459260.86073220  15.5478
2459262.88917980  15.5440
2459262.88918000  15.4322
2459264.86693370  15.5242
2459266.85972380  15.5672
2459267.85877940  15.4752
2459268.85815820  15.4389
2459269.86154600  15.4151
2459273.86727470  15.4124
2459275.84538540  15.6414
2459283.80071540  15.4681
2459293.80301180  15.4639
2459294.78914660  15.4928
2459295.78502950  15.4360
2459310.80715800  15.4300
2459314.83344110  15.4004
2459315.81608920  15.3663
2459316.71835970  15.4381
2459318.70807470  15.3861
2459319.56106640  15.4680
2459322.75709550  15.4295
2459327.70042430  15.4292
2459329.73874210  15.4636
2459330.67156750  15.3870
2459332.71640590  15.4146
2459337.65763720  15.5201
2459338.79756120  15.5026
2459340.65862670  15.4243
2459345.63664930  15.4693
2459348.63100860  15.4826
2459351.61656830  15.4211
2459358.36650480  15.4531
2459358.59245440  15.5261
2459364.71803240  15.4506
2459365.58182560  15.4330
2459367.78562840  15.5144
2459368.66058000  15.4626
2459369.72547770  15.4014
2459372.70671690  15.4850
2459375.43078010  15.4058
2459376.54693060  15.4602
2459377.55515080  15.5468
2459378.56220760  15.5463
2459379.62276070  15.4078
2459380.69687430  15.4320
2459381.79729250  15.5191
2459385.58186230  15.4681
2459386.52239010  15.4390
2459388.65853040  15.5716
2459393.50729360  15.4043
2459397.60663580  15.6341
2459401.84439760  15.3682
2459402.62854700  15.4232
2459404.85130360  15.5703
2459405.84158470  15.5103
2459406.75396520  15.5289
2459407.51246790  15.4653
2459412.67307500  15.5341
2459420.38188630  15.4499
2459421.26121060  15.3842
2459421.50035160  15.4374
2459424.70460310  15.4263
2459426.61321300  15.4571
2459430.77837740  15.5209
2459432.68632970  15.5353
2459436.57974890  15.5414
2459443.29593510  15.4176
2459450.43020420  15.5139
2459452.70476950  15.4883
2459453.65962190  15.5121
2459455.61328160  15.4984
2459458.28613200  15.3920
2459463.65485290  15.4074
2459464.57128490  15.5507
2459466.54834000  15.5662
2459470.48206040  15.5349
2459477.37005590  15.4104
2459477.50444590  15.5063
2459481.37259330  15.4404
2459482.54272600  15.3758
2459484.37515140  15.3894
2459485.62887680  15.4625
2459488.60031520  15.4010
2459490.56341430  15.4752
2459495.29608440  15.4303
2459503.54615110  15.4381
2459506.31180370  15.3637
2459507.55281850  15.4346
2459508.54892570  15.3823
2459512.29521940  15.4170
2459512.53983530  15.3747
2459513.29190180  15.3631
2459514.53668510  15.3624
2459516.51638510  15.4326
2459519.25435790  15.3837
2459528.50525920  15.7511
2459616.88676920  15.4756
2459617.88217430  15.3753
2459620.87624910  15.5613
2459620.87624910  15.3916
2459623.86634580  15.4452
2459633.86188800  15.5031
2459638.84244310  15.4303
2459639.85324690  15.5915
2459646.82844760  15.4898
2459647.84264860  15.4336
2459648.83000900  15.5256
2459650.81148890  15.5279
2459651.81152780  15.3731
2459654.54807340  15.4766
2459656.53852080  15.3984
2459658.78261100  15.5178
2459659.78683950  15.4289
2459660.55162670  15.4822
2459665.75282910  15.5321
2459666.75299830  15.4097
2459669.75349290  15.4774
2459670.86866230  15.5504
2459672.75197680  15.4034
2459673.81271720  15.4194
2459674.86533150  15.5358
2459676.80828050  15.5348
2459680.77773780  15.4632
2459681.72971060  15.3666
2459684.78417380  15.3968
2459685.71745390  15.4668
2459686.91829100  15.3687
2459697.67294530  15.4284
2459698.71512410  15.3909
2459703.65354860  15.4852
2459704.86151840  15.4153
2459706.87238220  15.5431
2459715.62059200  15.4196
2459721.81833480  15.5566
2459722.79210180  15.4768
2459724.85405180  15.4010
2459727.87090420  15.4063
2459737.59221190  15.5383
2459738.61254360  15.4752
2459743.91654450  15.5455
2459747.66051550  15.5139
2459758.61017900  15.4272
2459766.85210590  15.6102
2459767.79499830  15.4242
2459787.72345500  15.5229
2459788.67269970  15.5134
2459789.79295220  15.3882
2459791.78536330  15.3961
2459795.77498020  15.4079
2459804.66629580  15.5088
2459808.34375300  15.4294
2459810.57125260  15.4022
2459812.61186860  15.4354
2459815.66852670  15.5356
2459815.66852670  15.3820
2459819.49755180  15.4918
2459821.60974390  15.4687
2459822.64975010  15.5976
2459823.66447070  15.3887
2459824.66506860  15.5356
2459836.51797060  15.5305
2459838.55988770  15.3800
2459840.63233080  15.4632
2459841.54961530  15.5065
2459842.58582550  15.3933
2459843.54632700  15.5031
2459845.60274360  15.5396
2459846.59119430  15.5170
2459858.57014880  15.5412
2459858.57015660  15.3926
2459859.56120120  15.4138
2459872.56387540  15.4893
2459877.50160710  15.4616
2459884.25443890  15.4891
2459884.50985500  15.4675
2459884.50985500  15.3696
2459886.50306010  15.5826
2459982.88243750  15.5701
2459984.87702210  15.6425
2459986.87121440  15.7512
2459988.62615820  15.4024
2459995.86430810  15.4279
2460000.84533410  15.4526
2460003.83489370  15.3677
2460010.82482560  15.4724
2460013.57675320  15.4508
2460020.91000260  15.4070
2460022.79518710  15.4780
2460032.77371160  15.4647
2460043.72454570  15.4121
2460054.85456160  15.4569
2460059.74054350  15.4766
2460069.79622160  15.3622
2460083.85719060  15.4243
2460085.83080780  15.4239
2460087.87587800  15.3842
2460091.65480300  15.4862
2460092.66024570  15.4061
2460094.85863310  15.3905
2460097.91685730  15.4600
2460103.87751950  15.4538
2460104.62737860  15.4827
2460110.56665020  15.3677
2460112.76300550  15.3796
2460116.29395410  15.5198
2460117.56734990  15.4183
2460120.30822990  15.4590
2460122.53121610  15.3991
2460125.51912900  15.4092
2460130.64714930  15.3758
2460130.86172780  15.3962
2460139.49223020  15.4016
2460149.67181050  15.5497
2460153.51413430  15.3793
2460162.47521030  15.3837
2460172.42405550  15.4651
2460180.21900170  15.4825
2460189.39150070  15.3763
2460191.31066270  15.3753
2460219.35678410  15.5742
2460221.27480740  15.5095
2460224.30288490  15.4659
2460228.32743440  15.3861
2460241.28859310  15.4666
2460243.51334000  15.4984
2460360.61831500  15.4212
2460371.85747030  15.3825
2460407.92014680  15.4684
2460417.91259330  15.3650
