2458228.8702092	16.971378923555246	0.0801162385196771
2458232.856918	16.936247536669256	0.0994810788987374
2458252.8075473	16.660096631042908	0.0684161540822303
2458262.773179	16.524122766258248	0.1077269178756128
2458263.7673608	17.00191877356428	0.1787367388716668
2458264.8124455	16.962393994566952	0.1521727556176848
2458282.8153371	16.883351182283207	0.0843581314269885
2458283.5102144	17.32973639199184	0.0873095002613583
2458288.5253883	17.067535433873463	0.052053402365433
2458289.8449663	16.294124414929275	0.0485971678021117
2458290.521828	17.210000101458473	0.1053778917053965
2458291.8747881	17.15888917241549	0.1451974246226769
2458292.8230104	16.830903657509243	0.1383943217524934
2458294.7276725	17.288753427944513	0.175435226703851
2458300.7533267	17.47795101420069	99.999
2458318.790841	16.540601577571728	0.0863444195420234
2458320.7591555	17.87603786792363	0.1964114787317047
2458328.5099315	17.49120864893948	99.999
2458329.703641	17.22999857961144	99.999
2458333.4966754	16.87044741490047	0.0680591610139744
2458334.6455108	16.82263626835642	0.0551807567594724
2458336.7154415	17.12997723704493	0.0975252726268738
2458344.5938333	16.410383293972462	0.0449975975449713
2458355.52705	17.469141558835084	99.999
2458356.5937533	17.32626552341386	99.999
2458359.6287953	17.669139774339616	0.208544055218278
2458360.4876492	16.375893201926573	0.0456815245145679
2458362.6832669	17.244362059377085	0.1331359987252896
2458363.5370106	16.9179123499314	0.0642813362386968
2458366.493654	16.916377222090876	0.0570251085419677
2458370.6681005	16.794366561144663	0.0904210265006785
2458371.6658595	16.310105057496646	0.0622816193401702
2458372.6444812	17.159865616373665	0.0990602720144058
2458373.6435095	16.644312236085746	0.0773042322725321
2458374.6354585	16.0298258668845	0.0474530456115032
2458375.5938513	17.935045019951154	99.999
2458383.5518539	16.651768726293245	0.0930253552463624
2458392.6065339	16.876920347744583	0.0832856081560182
2458393.5241762	16.171147907340174	0.0431558998432766
2458394.5325496	17.306895570263723	0.1287232623506526
2458399.5688245	16.843364535904517	0.0841587873804458
2458408.4902913	16.684126231633552	0.1616166112385305
2458410.4900966	17.001773655312448	99.999
2458522.8813163	17.03664925807878	0.1601604741830714
2458523.8764825	16.484897165970363	0.0819182952202285
2458524.875998	16.41584940541525	0.0631484556591521
2458525.8713445	17.522490900619452	0.2160614392254054
2458526.8668307	16.844018240071442	0.1001999074977968
2458527.8662654	16.138055163774396	0.0546889257564016
2458528.8618829	17.270824472010982	0.1650697497254199
2458529.8680705	17.2685196201369	0.1268206867823492
2458530.8812402	16.635121586095934	0.0819783411825103
2458534.8650928	16.30937777662449	99.999
2458537.8797736	16.017603097080006	0.079822334708027
2458539.8520683	16.69101546162441	0.1065368816918736
2458553.8171605	16.16288660982718	0.0461712818375783
2458553.8184326	16.061268780639676	0.0424066829954169
2458554.8124055	17.296926069348896	0.1547865809674047
2458555.8115238	17.001909395451538	0.0994107676784565
2458556.8067841	16.299783599602073	0.0487669936566795
2458558.8089708	17.14812623907058	0.1506739909403893
2458561.8478886	17.541967166666094	99.999
2458562.8433099	16.89758239183927	0.1412857698911421
2458565.7832285	17.290349089517427	99.999
2458566.7914578	16.065205177307917	0.0669223735720297
2458572.5041213	17.66658668392308	0.1666908550407462
2458573.8831003	16.544785191082923	0.050837300207226
2458575.7567514	16.804978052020832	0.0699394115057247
2458577.5007012	16.916601684043155	0.0894255433221285
2458577.9048694	16.571733782947124	0.0627642512821532
2458579.0756847	16.51461588732104	0.0443339334546685
2458579.7422446	16.262114009408	0.0516856229685363
2458580.7383747	16.866061531366487	0.0754840274961214
2458582.0688683	16.097940142001818	0.0391976701436589
2458582.9887377	16.637712838238194	99.999
2458583.7281946	16.936432692665242	0.0876504329367995
2458584.7163055	17.969140023969985	99.999
2458585.4726981	17.568248789778842	0.1289446486745416
2458586.5032766	17.25426424676742	0.1033978645587176
2458587.9004891	16.733370817232466	0.0740924748527332
2458589.0566969	17.233219573928483	0.0901331074648771
2458591.7992635	17.235402942279453	99.999
2458593.7497239	16.94982210443805	99.999
2458594.8115402	17.289579933601754	99.999
2458599.5784697	17.902784264892425	99.999
2458600.6801313	17.023446748417697	0.1072386740429593
2458601.6687216	16.985711648081455	0.071361231515988
2458602.6760962	16.106244723857074	0.0416653908218984
2458604.4064626	16.616293788969653	0.0628879897029059
2458604.9719053	16.10392053563003	99.999
2458605.6681698	16.218238009292364	0.0514303629135046
2458606.4711948	17.48859187670372	0.1124692259568363
2458610.9995779	16.339440271024806	0.0417120835790162
2458612.6608604	16.942547983197926	0.0770659531634146
2458613.9890267	16.537466407620737	0.0608827823708817
2458614.8890797	18.01650845094832	0.1993067579265652
2458615.8060487	16.862170385198038	0.1117584785975032
2458616.4420013	17.221028385875314	0.0999858696597565
2458617.6783602	17.494618891325125	0.1842946233637663
2458621.6088806	16.532607816579738	0.1883837034184933
2458626.6664748	16.944489538134352	0.1157624097844016
2458628.9562111	16.90195475413111	0.0613226439224519
2458630.9568409	16.049939782648476	0.0371499185101827
2458632.9528899	16.879591265050905	0.0710129541264613
2458634.9776997	17.009035424241155	0.0803697488689796
2458636.5768407	17.60302235107959	0.1169234868126773
2458637.5823611	16.599049730337246	0.0774132882208609
2458640.6965945	17.44033257619195	0.1253853467131568
2458643.3687402	16.361620303918553	0.047282399440822
2458644.5516829	16.194365133876648	0.0549155444067966
2458645.5804073	17.63088251331504	0.2049412908391118
2458646.9013929	16.236690846772454	0.0578941445837574
2458648.3633289	17.14883526303708	0.1293149724611136
2458655.2679263	16.84455494391656	0.083453676209261
2458657.6004037	16.817975693823648	0.0773154546571423
2458659.9133218	16.351089546519134	0.0424267588348353
2458660.7976512	17.813630596705075	0.2086886703063194
2458662.7719265	16.54813141360703	0.0539864462120318
2458666.8582747	16.760283909758535	0.0565628378112366
2458667.8268436	16.78971041951411	0.0582364273461782
2458668.7924191	16.878253212377107	0.0576208597316774
2458670.6127125	16.64042163663298	0.0672842872974876
2458670.8853757	17.06981753596974	0.0759769354211187
2458671.8861218	16.89560444214973	0.0600151040030804
2458673.2445901	17.39568450019946	0.180169250200375
2458674.8180196	16.671424585888644	0.0876270495474175
2458675.7922927	16.520443422995314	0.1512385157080447
2458682.6243455	17.225082645074522	99.999
2458684.7718294	17.149195261107657	0.1826468781141972
2458685.8102522	16.299231061942073	0.1310406045470336
2458686.7669609	16.873760086747794	0.1643029530512083
2458688.6799652	16.410153791054448	0.0768873560430867
2458689.7579438	17.18591787929217	0.1304739314832878
2458689.8303199	17.129335118484118	0.0907040288368083
2458690.2538972	17.252196379350874	0.0935793076042767
2458690.7958864	16.95146612684463	0.1098003936181331
2458691.26684	16.93362717233205	0.0809395934108752
2458692.5922949	17.374343436314803	0.0885274471352255
2458696.7966545	17.147886542889697	0.0934760582294548
2458698.4667806	17.480593721357813	0.1040852829652715
2458699.2610358	17.44711735398212	0.1153851467670607
2458702.6987243	17.80201600341636	0.1762279498053512
2458703.7569839	17.174501546897606	99.999
2458713.5483413	16.552500561779752	0.0780623767337298
2458715.4098912	17.044297604439144	0.1443626572746424
2458715.5396406	16.95842422170619	0.083738521603586
2458716.3053723	18.05451569295489	99.999
2458716.6732388	16.893084363712653	0.1236528070480539
2458717.6735879	16.94320599319257	0.0885111259249575
2458718.6691204	17.741221849928305	0.1739519412987706
2458719.6249275	17.487124386728453	0.1241683836687053
2458719.6623556	17.297738434706137	0.1190848974249153
2458720.6409664	16.81423160642414	0.070632617823462
2458721.711631	16.255285988044456	0.0641964978411652
2458722.661105	16.975908182157006	0.1007275453115977
2458723.5341808	16.3669157030065	0.0534522530729276
2458724.5195979	18.11576597346589	99.999
2458725.520017	16.831248290051533	0.1128367298712117
2458726.5122036	16.284978752079986	0.0432281145318576
2458726.6997006	16.745754066279265	0.0928146670163759
2458727.379447	17.855968180462757	0.1620895476741498
2458727.5046792	17.102481544738016	0.0881855838827911
2458728.3883572	17.05022703150687	0.0676388997908568
2458729.3574183	16.49611661740677	0.0563166231527929
2458729.6727547	16.866775149285303	0.1117296817555327
2458730.2380092	17.36391735738287	0.0998837321386127
2458730.6715455	16.404594053375302	0.0732861542088541
2458741.4916052	16.919325484658422	0.1099417788272801
2458744.534977	16.962060774371814	0.0868506859132489
2458750.3286316	17.452014793949132	99.999
2458750.5836048	16.577236494239294	0.0591131290201803
2458751.5801003	16.91871239182741	0.0969798965042812
2458752.5742056	16.730728382008774	0.0583981092285065
2458753.2295256	17.48231613297395	0.1542370668114944
2458753.6039867	16.50924250985569	0.092821445366965
2458754.3115628	17.126634693803595	0.1005781417264799
2458754.5958129	17.119659398417767	0.1560703667349932
2458755.5210652	17.271597812007876	0.0893662243575224
2458756.5947756	16.598009902007533	0.0888485026310865
2458758.2983148	16.427751069203932	0.0501073391034745
2458763.5402788	16.927139414852583	0.1014902008220348
2458764.515192	16.81675375688638	0.1221320200309609
2458766.5124785	16.038814880470873	0.0552164696540584
2458767.5662698	16.91572173741698	0.1684196936238419
2458769.2527032	17.308455289367217	99.999
2458769.5609933	16.832108931716192	0.2070752966512409
2458772.4994477	17.018925736143967	0.104160698592591
2458773.4962656	17.460782657455688	0.191742743542425
2458773.4974851	17.368079691763306	0.1978890958318232
2458774.4974291	17.34207213842836	0.1301171008123496
2458775.493945	17.258075361917832	0.2006807038899483
2458775.5442752	16.938921745647118	0.097415548681768
2458778.53814	17.004607833437483	0.1406358582060604
2458899.8615429	16.851021917983793	0.104114400010887
2458901.611147	16.95765507405277	0.1021037397632831
2458902.8628273	17.37307307296412	0.1755220587063054
2458903.6072859	17.596136808735217	0.1623726640770311
2458904.852488	17.391334686991215	0.1771157627502154
2458905.8488607	17.096443104577634	0.1471762553300703
2458906.8689926	16.444996041609222	0.052617407534835
2458907.8421932	17.230518601179888	0.1401972130392264
2458908.8709212	17.592824322566596	0.1408666650407972
2458909.8328802	16.568179294552024	0.0796589257728842
2458910.8312451	17.346598833288763	0.1252741459191795
2458911.8309726	17.091139329213863	0.1322787292105566
2458912.5733553	17.60740770299871	0.1728621361595484
2458913.8256496	16.10083389528917	0.0425342395179191
2458915.8209871	16.998948214768742	0.1339914414541382
2458919.7981664	16.515257584362818	0.1424515029872794
2458927.538571	16.947948823821854	0.0955182490690403
2458929.5258334	17.443749864755958	0.0994090471313782
2458933.1064768	17.02800234861552	0.0779098186482712
2458955.8734061	16.79490216499144	0.0848188638680632
2458958.861595	16.837026674475364	0.0663558171534075
2458962.016193	17.107537309309407	0.0776293226733435
2458964.8408746	16.956475544358074	0.1248919047212935
2458967.0097541	16.552623227539314	0.040815549694684
2458968.8344353	16.805203324091774	0.0895852498093357
2458972.001242	16.739221562067453	0.0506691256455019
2458981.9913752	17.06430771475525	0.0935532193404757
2458985.9550072	16.68473355893394	0.0551190234316904
2458988.9628647	17.029909232541428	0.0807219240724402
2458994.930808	16.9178544806429	0.0681231446355352
2458998.9301293	16.90331636918517	0.0645768142196061
2458999.9388644	16.409708141052516	0.057532941954531
2459009.2935616	16.168286187242906	0.1013141901085475
2459011.9269902	16.804448501218502	0.0712602098427298
2459013.8207944	17.159533384159793	0.1291981639146862
2459017.8983116	16.84796234604443	0.0649960142110089
2459022.8816939	16.100355932490075	0.0337565804560655
2459025.8727726	16.354261527742278	0.0666385840384562
2459029.8427869	16.920425117823225	0.0867206376984625
2459030.8998921	16.944548307202727	0.1384488449660407
2459037.8139492	16.93656411572131	0.0906880067268126
2459039.8586003	17.01324893053076	0.0817647170113403
2459040.825569	16.788131495608948	0.1596847940940017
2459042.8452359	16.578104693198817	0.0514578561445975
2459043.7489275	17.0599869922973	0.1081527497578833
2459046.8189609	17.108353936227438	0.108371754390521
2459053.4338413	17.5933650054909	0.133815431538859
2459054.7522698	16.503331354692246	0.066487150416421
2459059.7645753	17.001108620846935	0.132345208926793
2459065.2351846	16.503547168295825	99.999
2459066.7913049	16.5438177860317	0.0666239211849119
2459069.7542452	17.025431514709304	99.999
2459070.7572481	16.76808152012883	0.1249484120869802
2459074.7570876	16.142617236806036	0.0394404435926481
2459075.7166628	17.243546715180788	0.13397956243316
2459080.7348732	16.473218152700245	0.1016608763100703
2459087.2861928	17.06693165987923	0.1303381082333285
2459100.375491	17.794621973940032	0.19758597333815
2459113.2247192	16.85627787290132	0.1336426508564517
2459114.3206939	17.020046305325593	0.093234910346948
2459125.598099	16.64550610950291	0.1446641072109025
2459131.5800788	16.90041037490193	0.0781554851082855
2459136.2466798	17.41480979562542	0.1314554102528731
2459137.2705923	16.631248544041146	0.076838841881969
2459248.886755	16.24122663624594	99.999
2459255.6089546	16.6747599014557	0.0906777160120663
2459256.8769826	16.541437072273283	0.0704871000530573
2459263.8418221	16.72171241553849	0.0830787034920334
2459264.8532566	17.021801848637395	0.0927578260262231
2459267.5863202	17.150357803404123	0.0785979325467155
2459267.8389612	16.93620423501346	0.0769336693395716
2459267.8854265	17.633628087877685	0.1829785398313363
2459268.8332474	17.260139098182364	0.0841824029988323
2459269.8328025	16.608215255528044	0.0624128535840184
2459277.5529796	16.739779673394338	0.106087358313921
2459283.7926291	17.18550995068563	0.1003507036647424
2459285.6411407	16.854148639033518	0.0897091356308064
2459291.5202055	16.512122533511175	0.05065033761753
2459292.8415281	16.866730980007233	0.0939722351138952
2459293.8428558	17.910502538503124	99.999
2459294.8279327	17.37790207664799	0.0914053538782128
2459294.9568803	17.130067252426482	0.0947502208521388
2459295.765355	16.417519415227144	0.041042876872756
2459298.8504254	17.421406977932396	0.105906683925696
2459302.5979041	16.349770087064435	99.999
2459309.4827537	17.40671449696628	0.1886119815936766
2459309.7115825	16.599738633852102	0.0421490955969264
2459309.8993378	16.52594396916693	0.0789577656708719
2459310.8208086	17.72462320161594	0.2081580653145215
2459311.575357	16.6135853601947	0.0748557333275395
2459312.900447	16.44384158239328	0.0642033245636198
2459313.8127719	17.127048334651537	0.0898223522923332
2459313.8255759	17.907161759034413	99.999
2459314.8481951	17.630560249894916	0.1074629678685065
2459315.8002601	16.47587246104223	0.0660131573255473
2459315.835496	16.43480577584674	0.0559465054694525
2459315.8829896	16.623448284874108	0.0502024918326434
2459316.5002736	17.389694212204052	0.0996016264430662
2459316.6886342	17.176619866373642	0.0816440236049039
2459316.745529	17.22508302213223	0.0891584738635495
2459316.9718853	16.319141769382718	0.0453466792301174
2459319.0399844	17.089910324638655	0.0732305851004009
2459319.6539253	17.678442811741174	99.999
2459322.5054629	17.333871874458442	0.108793768887554
2459322.8309239	16.427113008177084	0.0578661599794979
2459322.897177	16.376257304154752	0.0541010651776501
2459326.9453048	16.048852506485883	0.0472533435666993
2459328.5581347	17.369075655771585	0.1730960041289176
2459329.6606215	16.929527564496183	99.999
2459330.6528534	16.726987031800963	99.999
2459337.5011162	16.482753620178855	0.0648045122455395
2459337.642104	16.703477717403985	0.0533302023118021
2459337.6433841	16.58311901506371	0.0479009069241388
2459337.7770484	17.414450342158986	0.1721006945265149
2459338.0453796	17.219557855613456	99.999
2459339.3914547	16.871426433354877	0.0525382082952051
2459339.8725977	16.210458937500952	0.0515842365110921
2459340.8422927	17.70360131873979	0.1845555159409369
2459341.3768563	17.58300106556028	99.999
2459342.9762675	16.50528918593877	0.0422937289592484
2459343.4279286	16.374500238520042	0.0410744888380951
2459343.6119989	17.021933404202297	0.0941257251985014
2459343.6331147	16.852275334521924	0.0700805002741497
2459343.8878533	17.222720596847545	0.0878509254115887
2459344.3723076	17.60251097051856	0.1112926269467937
2459344.8054597	17.012379211690416	0.083024131230195
2459344.9757098	16.93166806404463	0.0583551037015772
2459345.3619393	17.227164759595283	0.064912065123058
2459347.9663118	17.032185438446813	0.0731398324631711
2459350.0093549	16.405047826827467	0.0461391872157432
2459350.8704256	16.99061232961092	0.0792953262943206
2459351.4794647	17.786812239026048	99.999
2459351.6204478	17.1513411185015	0.1124166392840354
2459351.6570987	16.454483288343393	0.0461989773800754
2459351.8503169	16.523155539114253	0.0607705768610552
2459355.8767498	16.429522727358044	0.0597244649074338
2459357.3588136	16.949943315718624	0.1696397039279064
2459358.3357838	16.983065507515608	99.999
2459358.6932169	17.212622046315182	99.999
2459365.3070008	16.513471424584882	0.0687086095099297
2459365.5624154	16.817757987608083	0.0833530777566555
2459365.6656054	16.994997034062074	0.0748882666754164
2459366.8680606	17.380352232676184	0.1918485983047661
2459368.804587	16.374093261552954	0.0606398105648275
2459369.8046067	17.493282711088135	0.0994818202054208
2459370.8459045	16.689392700322255	0.055476881390609
2459371.7062393	16.042065465998338	0.0414337088292199
2459371.7459082	16.29890241846369	0.0422072081900639
2459372.5393549	16.77421313932553	0.0621131737686169
2459372.6722472	17.883904961704115	0.1690804968798498
2459372.7443875	16.569364762897166	0.0497941837281217
2459374.513451	17.701031812023047	0.1575267663560823
2459376.3683855	17.098953997879427	0.0686432132479237
2459377.8761387	16.78426259258461	0.0676600566951484
2459378.8459934	16.4988385802612	0.0540171585465239
2459379.5170477	16.92902827347002	0.0607796397428205
2459379.5738909	17.372803979570563	0.0765917516647099
2459379.7081052	17.101724179852905	0.0864120926103429
2459379.9070548	16.893840583608366	0.0702096949523744
2459380.6968306	16.957863155317497	0.0815895248232572
2459384.8481486	16.906093365148354	0.0947047326395129
2459385.8473729	16.13599691662437	0.0578962978083693
2459386.440883	16.493946509901573	0.1505011318936791
2459386.5027232	16.516298501430636	0.0695828290153292
2459386.6224622	17.117955375788455	0.1119139393047464
2459387.8413004	16.268218287483347	0.2069472135636877
2459391.8889168	16.468606882307142	0.090798986672283
2459392.4856584	16.804792309035093	0.1054314399821191
2459393.486052	17.0299873510212	0.0747281177513365
2459393.6345695	16.651517555454326	0.0553088922303907
2459393.8771737	16.834426441892855	0.0653686090079427
2459397.8311645	16.685088895657792	0.0334758601994679
2459400.4619303	16.499736111822273	0.0525468037974661
2459400.7364586	16.795502479546165	0.1062062761792584
2459401.7144059	16.735913896775763	0.0545540203031029
2459403.4549066	17.355056114403283	99.999
2459404.8455806	16.629966715529186	0.097888152258131
2459405.7891364	17.804244863241333	0.1787778851317184
2459405.8097447	17.433516817207312	0.1387169435052382
2459407.6729276	16.505473974734226	0.0514743333661368
2459408.6160255	17.460640725974596	0.1155957392026452
2459409.7301991	17.1542596441534	0.1132325103511572
2459410.8271237	16.935087850921594	0.103558038945243
2459411.7954802	16.114991820894723	0.0569303054122965
2459412.6996518	17.47486418423035	0.1257578444873787
2459412.7782591	16.957964344541793	0.0968130807874553
2459414.3641944	17.508822622760917	0.1248925932739211
2459414.4977741	16.837869932300563	99.999
2459414.56431	17.54010209042533	0.1492998939755251
2459420.3739327	17.341600842642112	99.999
2459421.3626812	16.819232896534306	99.999
2459421.4964249	16.985326636356398	0.0860671353056952
2459423.6843987	16.694403689490176	0.1102888038830812
2459424.6256257	17.908046166084954	99.999
2459426.6997138	16.57696689678987	0.0780754931878092
2459427.6946439	16.20404306043565	0.0492937900397861
2459428.5660852	17.536646672971536	0.1129101614433565
2459428.7380408	17.38200200663473	0.1610098780818365
2459432.6899564	16.93757631009643	0.1157957930896273
2459433.644856	16.225611751534895	0.0481198184212361
2459434.573536	16.873251464899518	0.0632206313226483
2459435.5340631	17.222718435805774	0.0741021018275832
2459435.7190152	16.70345447086397	0.0716843407473007
2459436.57993	16.419698843512776	0.0448452647806315
2459440.244742	17.000944567930844	0.1692023445400203
2459441.7528257	17.170973256445038	0.1169100613742772
2459442.3222581	17.185829267152094	0.1667285808853286
2459446.742161	16.492775389829085	0.1064762055696831
2459449.2377026	16.927944698034505	99.999
2459449.5325942	16.694212360019044	0.0917144690749083
2459450.3992537	16.67776751331826	99.999
2459450.498564	16.99556888843574	99.999
2459450.7698498	16.385946293913257	0.0613765931107469
2459451.3806978	16.41675677240789	0.1088430135028034
2459451.7313398	16.729270518727596	0.1031362462430411
2459452.6557965	16.756632928218284	0.128599388051093
2459453.6045088	16.513632864363583	0.0635570902819226
2459454.563161	17.0760093869033	99.999
2459455.6093547	16.53105004394156	0.0584745184882044
2459456.5262219	17.061379004202497	0.0753244585172478
2459457.6408977	17.61032134641567	0.1404138374628773
2459459.2912103	17.50310541193758	0.1269003608617164
2459459.6113498	16.84840041991208	0.0743742052439477
2459463.4870641	17.0603181067279	0.0560750660401527
2459466.3099869	17.65206746594146	0.1830002006768085
2459468.287043	17.078893789553703	99.999
2459469.6295181	16.60766658858897	0.1130358397369557
2459475.4801901	16.158901606478594	0.0993466897385501
2459477.3371316	16.8837134848307	0.2081770106068123
2459477.5083549	16.584843877265705	0.1397738730770661
2459478.5535358	16.65553193869808	0.1715234235589959
2459480.623305	17.194225545237117	0.2070404614426511
2459483.3123747	17.076920598740273	0.0960021570226618
2459484.3019494	16.30859930707105	0.0517929603421028
2459484.5742721	16.87366283473064	0.0976573332632873
2459485.5641787	16.897071633439868	0.0728477710313502
2459487.5868347	16.838705680174574	0.0847616777051822
2459489.50153	17.09760785429541	0.0962819787190092
2459490.5144289	17.156407137582672	0.1299477998907481
2459491.2792466	17.74665675922883	0.2097754255970667
2459491.5461691	17.080176392752833	0.1150636714077169
2459492.5364345	16.32095147987398	0.0585136921259131
2459493.5171605	17.02370298941749	0.1134067618292043
2459493.5336116	17.440511312359924	0.1465606321514587
2459494.5182719	17.240120527732984	0.1166484966431765
2459497.2560986	16.234802186304357	0.0571778064619949
2459501.5116096	16.718051881553645	0.127073854613034
2459503.5558027	16.748166146494544	0.1733776675935865
2459505.2412969	16.800835903487652	99.999
2459505.5012293	16.364090280262538	0.1169868887351726
2459506.2462566	16.97256832162061	99.999
2459507.5020641	16.840765959145077	99.999
2459509.4921403	16.986613127450777	99.999
2459510.4925307	16.786031815810354	99.999
2459610.8821444	16.779169017710103	99.999
2459616.8708857	16.135732195719193	0.0664134536076463
2459618.8618013	16.96295709407053	0.135191201219979
2459619.8848617	16.184056715014396	0.0907770899976613
2459622.0323483	16.17413656746958	99.999
2459622.6039376	17.074765671710498	0.1154323964652671
2459625.0264896	17.099323398913665	99.999
2459626.8580292	15.83966463217344	0.1133436634415831
2459627.5964626	16.51792167612451	0.1649781313345124
2459628.8538849	16.815321936963525	0.1865131830457494
2459629.8529054	15.9949749778188	0.0898189093616116
2459630.8553451	17.15780368299322	99.999
2459630.866298	17.250578198311583	0.2058509267887705
2459632.6024682	17.248923723805014	0.1962970123578896
2459633.8421692	16.88177270120828	0.1375029706678255
2459637.8269908	16.84006212755948	0.1070583190977463
2459639.5843818	17.7380120122941	99.999
2459640.8126389	16.746552128355447	0.0830492876578339
2459644.151202	16.656058856665418	0.0692986573360402
2459646.7966732	17.008139466579312	0.0987206988217132
2459648.6390894	17.02667852655167	0.0975164914217597
2459649.8057221	17.802435187123294	0.179301275560137
2459649.8913582	16.131314361909325	0.0412287672291586
2459649.892645	16.00482390102198	0.0461319796598007
2459652.1347139	17.046435878345104	0.0764548192197322
2459654.7815967	16.89186356711812	99.999
2459656.5347419	16.706300573087553	0.1351076831400101
2459657.8733935	17.0795682184987	0.2166888912129045
2459659.7622862	16.771196763416174	99.999
2459660.8672269	16.95073392335288	0.13494020366862
2459666.5203333	17.14184150752248	0.098063621093774
2459667.5474302	16.159986167917044	0.061334452480523
2459668.8108508	16.470468202504968	0.0369657490494787
2459670.8992271	18.15441604399138	0.1978787962609398
2459670.9084909	16.92079760286548	0.1048838252477624
2459672.7427961	17.834368111690303	0.1430988884931328
2459674.9235614	16.895672236334477	0.0883132766184378
2459676.9296416	16.49584153520536	0.0510651212668128
2459678.8799885	16.71495429444512	0.0388647664833898
2459681.5011342	17.53629619794363	99.999
2459681.5023745	16.927870888834644	99.999
2459687.8731687	16.453675225311187	99.999
2459688.4381335	15.003082934740116	0.1106364991599623
2459693.6884894	16.94771888272107	0.0779456912543838
2459697.0243554	16.071732152256782	0.0354096585239552
2459702.8205559	17.16408960074969	0.1042080686310611
2459703.7139036	17.135695150195463	0.0829258360409246
2459703.7965619	16.918970114940862	0.0705775494331134
2459704.7561887	16.379751724752897	0.0427444021875201
2459706.9011139	17.182752547666624	0.1098230121877091
2459709.3703104	16.48973158575821	0.1559932855305499
2459709.3715392	16.372978670237174	0.1900728260759793
2459709.9599085	16.08202150447883	0.0700091524720957
2459709.9624592	16.013623265202423	0.1173669947037229
2459711.7969769	16.46159814360212	0.0623581438218613
2459713.8084777	16.875389706011976	99.999
2459714.7911848	16.5086548672501	0.1693589425893868
2459720.9490242	17.04443315110329	0.0716442674816285
2459721.6876685	17.61583798493795	0.1721364954258996
2459722.8481531	16.947750771988733	0.0628853740431391
2459722.8507525	17.054577291828824	0.1418410534780645
2459723.7713478	16.59314190144007	0.0837597924605941
2459725.8825294	16.259580041983092	0.0771938761698659
2459726.5294693	16.601294248369598	0.0674288779475733
2459726.569639	16.83803606758766	0.0700766934421207
2459729.4384071	16.740092982841915	0.0535922881548785
2459733.9102742	17.03467976275128	0.064735222331977
2459734.5890261	17.552722754895413	99.999
2459735.3826734	16.508241576091432	0.0811670770406675
2459736.9157456	16.95989842889525	0.107374584735199
2459737.705308	16.214118949361065	0.0410266353864152
2459737.7078933	16.120038217902348	0.0584035744712256
2459739.3739526	17.16409638007195	99.999
2459740.4069099	17.691768472664403	0.1682802568162021
2459741.7964993	15.929928870129393	0.0715859263333719
2459742.7953554	17.48421063821421	99.999
2459747.526843	17.383016832679616	0.2054427753990487
2459747.5280718	17.05410159138281	99.999
2459749.5614769	16.648419355301115	0.0598403979290875
2459751.8645833	16.253626745982462	0.0359357314813876
2459755.7717077	17.450639024642705	0.1624688552591724
2459755.7729363	17.496296816271787	0.1964627098325292
2459759.4268507	16.67890704250589	0.0664980586498593
2459760.6064946	16.564631949451034	0.0545193029044571
2459763.8256039	17.01501437819756	0.1249165677473944
2459765.4882608	17.220293950011186	0.1026057687065272
2459765.540538	16.59192341420066	0.0612000431460179
2459767.804922	16.821859735741768	0.0647792880904065
2459779.7838073	17.015538691460396	0.0678252866168326
2459783.8454196	16.767678897011432	0.0636237454354419
2459784.7353674	18.02638499553154	99.999
2459786.4646398	17.581576572964416	0.1707223235278411
2459787.6101714	17.067519553862653	0.1051402918025852
2459789.6730503	16.453811471911575	0.0681417274998325
2459795.4885628	16.418841982201087	0.089330237798961
2459795.667995	16.74978590183446	0.0736476535407863
2459796.7285817	16.801741924333676	0.1497217216202495
2459797.6557016	17.13844113922011	0.125607714404987
2459803.7775958	16.28994494909825	0.0672790551817539
2459807.2581958	16.620568670922403	0.1021570252486061
2459808.4099134	16.40269004492514	0.069760162682415
2459812.2255997	17.633698199656315	0.1651560386015518
2459817.7760739	16.54754034768798	0.0438869058307484
2459825.4835241	16.34401926215308	0.0676281903526677
2459829.2500164	16.90166295023801	99.999
2459837.3000721	16.418568255221835	0.0572441206614809
2459842.2697606	17.45908992387832	0.1691919899261473
2459843.566092	17.078705237679404	0.0962197090434438
2459844.5702086	16.7681083537175	0.0748424889007241
2459846.2899185	17.47044710177005	0.1223111555039227
2459847.6115247	16.79998286387655	0.08106621982565
2459848.5626992	16.956172690505376	0.0752792184135024
2459851.6000586	16.739420856167385	0.0939500511007122
2459859.5256409	17.13308594605754	99.999
2459863.5140589	16.37953734479651	99.999
2459864.5106184	16.730120456133974	0.102894657291648
2459867.5082081	17.030666520136283	0.0857952757068485
2459868.5076506	16.26544817302499	0.0535429153789041
2459869.505144	16.917016100876904	0.116628171794718
2459870.497806	16.71148147424181	0.1499262911985062
2459871.4956875	15.842443819373775	0.0948175075758401
2459872.4984056	17.56160591100784	99.999
2459976.8815622	16.053097326497877	0.1488645827740517
2459977.8772232	17.2706776025594	99.999
2459978.8761693	16.784474317916843	0.1389233267714381
2459979.8714586	16.321202573884833	0.0847162130096724
2459980.8670928	16.815837755117705	99.999
2459981.8716429	16.094985203306283	0.2074868053404802
2459984.8572911	16.71616585127889	0.1856616515322919
2459985.8759284	16.62255335625673	0.1195498492750646
2459989.5988989	17.446554248194367	99.999
2459997.0148092	16.22718351941845	0.079548479875835
2459999.5920303	17.37515433437164	0.1220050339066216
2460000.8400811	17.54860660104781	0.1574548363750721
2460002.5642684	17.228278995763638	0.082915255910438
2460003.8199575	17.348325597050557	0.1974466437975054
2460010.8051638	15.856972957163851	0.1416339920977339
2460013.9998222	16.490257853627035	0.1104774497799008
2460016.5547064	16.72227585590578	0.1391677419643644
2460021.5845235	17.703460483771686	0.2047397291284516
2460023.606626	16.755032243651556	0.0904358733501443
2460026.7564152	17.150657719570177	0.1464901779992042
2460027.8691079	17.690452169240313	0.1592624388100811
2460030.0943947	16.4090228823453	0.0612547138295506
2460031.6066215	17.804479093528677	99.999
2460035.4812773	17.078802932866928	0.0627079622749085
2460037.8925572	16.913803010168152	0.0647463561743073
2460037.893759	17.361166148627923	0.0802519391702096
2460040.545	16.451438867828873	0.1075447762732579
2460047.8186922	16.58300323078405	0.0829481222812077
2460049.5415236	16.766316728330025	0.0637325078890986
2460056.805619	17.313802334847416	0.1395382520279785
2460057.7189614	16.300344235524463	0.0494829304328426
2460058.7987961	16.780558757702686	0.0646340559246598
2460059.8494849	17.76410375342852	0.1380133811891471
2460060.7970429	17.358879781476492	0.0956387319814594
2460063.8497249	17.09367078348229	0.1088476163359777
2460065.5529639	17.280155347272533	0.1543355187639044
2460067.5668259	17.129590375749718	99.999
2460077.0283486	16.86117886815812	0.0962579336319148
2460078.0167949	16.842033388602733	0.073163194891539
2460079.0278874	16.660802481994097	0.0583464576410659
2460080.0133707	16.346097704361576	0.0609495098204455
2460080.6817953	16.49125039614738	0.0619785358464236
2460081.0103427	16.904672509392192	0.0823017305001255
2460082.6741172	17.590537267991365	0.1463427501876911
2460083.0440546	16.081698356333117	0.0729076282664226
2460084.6157574	17.89254609930389	0.2153345114650298
2460085.6777363	17.462632881279113	0.1012054766864919
2460085.9772541	16.135353165115117	0.0395794019464046
2460087.6716192	16.750176996946774	0.0945776078406486
2460088.3720416	16.558060972081815	0.0954647992274075
2460088.6715565	16.91506362997852	0.091992825520232
2460090.930632	16.923006668379486	0.0590578918035248
2460091.3389889	17.109676114053457	0.1561722752044275
2460091.9304907	16.312576835775438	0.0532036051509497
2460092.335118	17.81651607667973	99.999
2460092.3376218	17.203255993825053	99.999
2460092.9419235	16.637106021487856	0.1277795657875122
2460093.3305638	17.382749383681965	99.999
2460093.9232257	16.713571601446652	0.062126382824383
2460095.9313887	16.237254470004444	0.0574762117772957
2460096.7328126	16.684914053477296	0.0989507033766805
2460097.6251465	16.425908411378842	99.999
2460102.5015543	16.102972052149266	0.1099682418271497
2460102.9520941	17.046511829326036	0.1578489845406476
2460103.9485742	16.88359626464344	0.1091187288728779
2460111.8715863	15.989162925151868	0.0469322570256302
2460113.681823	16.66942031374316	0.0932676548124477
2460114.7752682	16.318949887339144	0.0476827057790909
2460117.914196	16.46765880588119	0.0537148332966855
2460120.6603655	17.050512667454242	0.0824507640253036
2460123.5636181	16.981800269900535	0.0846405764408205
2460125.5110602	16.506659143899792	99.999
2460126.3570614	16.36701821593554	99.999
2460131.4225261	16.457218242514138	99.999
2460133.8925314	16.76317155874218	0.0914631522069944
2460135.8189499	16.88796645444315	0.1137048997154315
2460137.8647952	16.28414969233045	0.0373366977463573
2460138.7834282	17.13762099706115	0.1108668362322805
2460141.8023805	17.076449678655024	0.0791801054930603
2460142.7661238	16.9213498727732	0.0752443619409891
2460148.5118197	16.338465748461594	0.0767832612587866
2460148.5449016	16.965371988786682	0.0930632090594887
2460153.5894331	17.55183028905834	99.999
2460158.346593	16.345288549740413	99.999
2460158.6062906	16.70054144840367	99.999
2460159.3853916	16.971977795850425	99.999
2460162.7496563	16.65920242166489	0.0738052216149365
2460167.4486549	16.9934984158585	0.0833516656854735
2460170.3054061	16.613931125458258	0.0620586805025485
2460179.7404615	16.39337768735532	0.0519489828432485
2460188.6915167	16.848455523674474	0.1800070773236402
2460189.6863732	16.02997343138289	0.0897873725745672
2460191.6824099	16.73424061434035	0.1444923877813601
2460193.6932571	17.138075204963613	0.1195134904342568
2460194.3734851	16.11108908737431	0.0401920391034186
2460194.6731825	16.890024685880555	0.0853830683305197
2460195.6722387	16.607938849776083	0.0581788988277056
2460196.6691447	16.858499634565543	0.0767818001107031
2460206.6526637	17.32017911550862	0.125369292782469
2460207.6320749	16.784194073842876	0.084124792292656
2460208.2310938	17.313244340711037	0.1503605615973343
2460216.4952648	15.839787779067183	99.999
2460218.5569668	16.136063368599523	0.0803533680242909
2460220.5059692	16.949690402040737	0.0900419909269574
2460221.5451477	16.10275609325149	0.0598154245853728
2460223.5059776	17.461841273043255	0.1336204479959349
2460224.5290528	16.516335807580212	0.0688227569516439
2460226.501491	16.773893462105942	0.0802127353728629
2460227.5311288	16.610094848935177	0.0871152772950844
2460229.4864143	17.20963150814773	99.999
2460230.5066682	16.98654315660793	0.1282164996991071
2460231.506861	15.987924773244	0.0613627625067089
2460232.5303144	17.674953709767554	99.999
2460234.5618168	16.383116467448737	0.0684331408557651
2460239.4916734	17.217695529105967	99.999
2460357.5966957	16.324820023029577	0.0488523291738655
2460361.5989916	17.006818515308765	0.1040653699628141
2460369.8440636	17.22814938101038	99.999
2460370.8469146	17.356185505145184	99.999
2460371.882451	16.885710857537937	0.1238465109826049
2460377.8981204	17.73139123124628	0.1771809475718827
2460382.8269338	17.678608297485372	0.2159420331355934
2460386.8298937	17.14117221526203	0.1124514919699539
2460388.8320388	15.844801004807074	0.058284957869189
2460389.8084608	17.137532606742493	0.0978804098655022
2460391.9144678	16.410982139682012	99.999
2460403.838336	16.93873884053467	0.1213779472854018
2460404.8191975	16.815929460099355	0.0614261364533795
2460405.832992	17.188842470599987	0.1236046520149234
2460407.8108354	16.835302470798084	0.0719201571912587
2460410.8005336	17.064899268316978	0.1072952861688956
2460411.8625535	16.174174929637594	0.043231207800127
2460416.7776563	16.969941456332798	0.1328250106208115
2460418.8194276	17.19569232717023	0.1162249172546381
2460419.8561189	17.608797532450858	0.1237445402003129
2460420.8556968	17.132621861744454	0.0662175916079679
2460423.0647428	16.23699889872341	0.0851068581701325
2460425.7136177	16.80276236754917	99.999
2460431.824747	16.50395973911305	0.0515758657572664
2460432.9898679	16.742085288180075	0.1162649878061738
2460435.5532375	16.70406713403086	0.0660005263610793
2460436.8045622	16.711172825511177	0.0603520121348141
2460437.8586558	16.456678919870523	0.055434528880108
2460438.9467971	16.15875002913604	0.0432736324944471
2460439.8168407	17.665374456753767	0.1352096325234704
2460440.8089682	16.698140970189783	0.0573403069249818
2460442.9414868	17.22690417649623	0.1109413328046578
2460444.5638432	17.08541992890703	0.0982144678401529
2460446.4443704	17.414562520241507	0.1354275158775212
2460449.6080975	16.656352313546865	0.1281324710601951
