2458184.46162340  12.93827 0.00375
2458185.71260980  12.89839 0.00412
2458186.70980990  12.94882 0.00450
2458187.70711410  12.92418 0.00298
2458188.70436260  12.89889 0.00267
2458189.70162750  12.87078 0.00314
2458190.69889090  12.90393 0.00358
2458191.69616800  12.92181 0.00324
2458192.69340720  12.86561 0.00318
2458193.69063940  12.86311 0.00293
2458194.68790830  12.87317 0.00313
2458198.49327090  12.86757 0.00232
2458199.67432480  12.89712 0.00369
2458282.60577070  12.94020 0.00314
2458282.65721240  12.94895 0.00274
2458297.57143420  12.90544 0.00793
2458298.56785330  12.82195 0.00625
2458300.57483790  12.88776 0.00426
2458300.62880870  12.86407 0.00409
2458303.46481760  12.96688 0.00362
2458305.60678640  12.85495 0.00241
2458309.59364540  12.88044 0.00200
2458311.52673660  12.95128 0.00386
2458312.52681630  12.92178 0.00253
2458315.52045420  12.90401 0.00386
2458323.55314020  12.85699 0.00419
2458324.54949500  12.88090 0.00486
2458328.53586700  12.85198 0.00563
2458338.50992150  12.87599 0.00252
2458341.49211080  12.93223 0.00227
2458344.48940200  12.95324 0.00273
2458349.46898400  12.94929 0.00418
2458350.47431970  12.95665 0.00403
2458436.85900600  12.96340 0.00884
2458437.85588990  12.92566 0.00545
2458438.85279090  12.93556 0.00494
2458439.84968940  12.87634 0.00459
2458440.84634950  12.86971 0.00396
2458448.85174760  12.90263 0.00651
2458455.84211650  12.85766 0.00489
2458456.82310750  12.93136 0.00368
2458456.85593940  12.94577 0.00524
2458457.85455670  12.94250 0.00622
2458458.85133150  12.95940 0.00391
2458459.84816560  12.89732 0.00336
2458461.82927720  12.93040 0.00415
2458461.84795420  12.95298 0.00492
2458462.84566460  12.94345 0.00291
2458463.84285150  12.92762 0.00202
2458464.80288730  12.83850 0.00405
2458464.83918160  12.89270 0.00320
2458465.83139810  12.87786 0.00241
2458467.82869460  12.96799 0.00303
2458468.79446470  12.87298 0.00366
2458469.82212560  12.86892 0.00245
2458471.79557360  12.93583 0.00547
2458472.77751700  12.89545 0.00670
2458473.78470940  12.87288 0.00657
2458475.80338880  12.93136 0.00832
2458476.77012610  12.93622 0.00816
2458476.81830730  12.97667 0.00600
2458477.81797970  12.90343 0.00787
2458478.79009040  12.86812 0.00446
2458478.81631750  12.92223 0.00329
2458481.83767650  12.92456 0.00295
2458483.83367940  12.93631 0.00268
2458484.84122550  12.90934 0.00416
2458486.79917720  12.94672 0.00493
2458487.79924770  12.93613 0.00434
2458488.85781810  12.92369 0.00260
2458489.82314810  12.86950 0.00292
2458489.84620620  12.91170 0.00239
2458490.84282350  12.88179 0.00350
2458491.79401820  12.87697 0.00337
2458491.81338740  12.93333 0.00244
2458492.72482920  12.85896 0.00345
2458492.79141800  12.95067 0.00293
2458493.73189510  12.83611 0.00359
2458494.83126190  12.88829 0.00184
2458495.71717960  12.97037 0.00452
2458495.82062900  12.83992 0.00295
2458496.71711920  12.95035 0.00423
2458496.76799010  12.95926 0.00332
2458497.75659120  12.84891 0.00396
2458498.77582420  12.86328 0.00306
2458498.77948710  12.92382 0.00200
2458500.83836390  12.85015 0.00416
2458501.74314780  12.94332 0.00579
2458501.76315480  12.94948 0.00383
2458503.75246830  12.87783 0.00470
2458503.80814070  12.93023 0.00773
2458504.74555790  12.88977 0.00281
2458504.76281460  12.83467 0.00377
2458505.77003680  12.91406 0.00490
2458506.76549150  12.95511 0.00528
2458507.79591950  12.94406 0.00530
2458509.86075210  12.92680 0.00504
2458510.80176610  12.84912 0.00469
2458511.73259930  12.98200 0.00371
2458511.81316590  12.83574 0.00354
2458512.73642610  12.94626 0.00308
2458513.72829580  12.84625 0.00366
2458513.87744200  12.88206 0.00318
2458514.85847970  12.89536 0.00385
2458514.87389500  12.95403 0.00327
2458515.82659500  12.84380 0.00412
2458516.77403720  12.95155 0.00443
2458516.85748310  12.88767 0.00270
2458518.85114540  12.93433 0.00369
2458518.86402040  12.91659 0.00175
2458519.73111560  12.81172 0.00320
2458519.73479010  12.85825 0.00254
2458523.68702370  12.88845 0.00251
2458523.70255040  12.87530 0.00276
2458524.69792870  12.91702 0.00337
2458524.70540480  12.91370 0.00226
2458525.65825390  12.95774 0.00426
2458525.68525330  12.95394 0.00302
2458526.67836510  12.87074 0.00400
2458526.69717500  12.92914 0.00277
2458527.66906370  12.85614 0.00339
2458527.68838300  12.89262 0.00201
2458528.86966290  12.92272 0.00219
2458530.71041950  12.89306 0.00553
2458530.72204580  12.88817 0.00376
2458530.88811790  12.95104 0.00424
2458531.71317040  12.95644 0.00313
2458531.74379320  12.92965 0.00472
2458532.87195310  12.87675 0.00349
2458533.66872450  12.84741 0.00741
2458534.69435690  12.93296 0.00531
2458535.86107040  12.91536 0.00434
2458535.86951720  12.92572 0.00835
2458536.79730190  12.84633 0.00449
2458536.87252540  12.97787 0.00898
2458538.86055510  12.90518 0.00442
2458539.64495690  12.98914 0.00503
2458539.66829820  12.94433 0.00302
2458540.61571850  12.87674 0.00313
2458540.76460830  12.86097 0.00290
2458541.83104620  12.87655 0.00310
2458541.87266280  12.92155 0.00320
2458542.79630130  12.93437 0.00253
2458543.81779190  12.93233 0.00252
2458544.79873580  12.95474 0.00302
2458546.88269650  12.96955 0.00536
2458547.86398020  12.85507 0.00362
2458548.77934320  12.95213 0.00284
2458549.71351110  12.87212 0.00274
2458550.73252610  12.85565 0.00288
2458550.79730360  12.85676 0.00418
2458551.72980700  12.93128 0.00252
2458551.75212140  12.85824 0.00271
2458552.78402330  12.88554 0.00264
2458552.83996520  12.84373 0.00284
2458553.71896410  12.91365 0.00369
2458554.64716680  12.91287 0.00252
2458554.69203170  12.80809 0.00324
2458555.61976130  12.92776 0.00330
2458555.65819290  12.96725 0.00301
2458556.76227380  12.82183 0.00469
2458556.86344260  12.93555 0.00255
2458558.70707470  12.90697 0.00249
2458558.74895510  12.92571 0.00372
2458559.62770510  12.94935 0.00276
2458559.72476850  12.89578 0.00387
2458560.71493980  12.88718 0.00382
2458561.85982610  12.90537 0.00543
2458562.69333070  12.94740 0.00575
2458562.69702820  12.95686 0.00761
2458563.70939350  12.91797 0.00768
2458563.75883270  12.97095 0.00664
2458564.57931870  12.96852 0.00552
2458564.60171520  12.97162 0.00799
2458565.74971770  12.87083 0.00368
2458565.77278630  12.86757 0.00583
2458566.70433700  12.95900 0.00412
2458566.76351830  12.80083 0.00524
2458567.58442500  12.80983 0.00386
2458568.58362680  12.87611 0.00282
2458568.79647230  12.94605 0.00319
2458569.61947060  12.94502 0.00344
2458569.66989910  12.78475 0.00456
2458569.80304700  12.93313 0.00363
2458570.70524320  12.83998 0.00336
2458571.78991350  12.88170 0.00375
2458572.48932440  12.88423 0.00235
2458573.26935020  12.88632 0.00227
2458573.79627220  12.92386 0.00421
2458575.38086860  12.89833 0.00236
2458575.83229100  12.93711 0.00299
2458576.25272420  12.94843 0.00281
2458576.29383890  12.93725 0.00227
2458576.62026090  12.84798 0.00262
2458577.51688010  12.92898 0.00386
2458577.76234070  12.91625 0.00338
2458578.56927490  12.91247 0.00338
2458579.27938500  12.86085 0.00313
2458579.36184050  12.93363 0.00259
2458579.56009000  12.91585 0.00372
2458579.87156550  12.84959 0.00429
2458580.57538470  12.93374 0.00407
2458580.71583740  12.85756 0.00263
2458581.34833060  12.86776 0.00248
2458581.70633320  12.90252 0.00284
2458581.74135190  12.87069 0.00225
2458582.48042220  12.93470 0.00271
2458582.75022560  12.90647 0.00238
2458582.75508880  12.88713 0.00327
2458583.69466740  12.94015 0.00280
2458584.24054000  12.90837 0.00169
2458584.66774380  12.87796 0.00229
2458584.78337640  12.95105 0.00473
2458585.63526610  12.94335 0.00272
2458586.53873450  12.86394 0.00303
2458587.24745100  12.95082 0.00422
2458587.65465230  12.92166 0.00287
2458588.58875360  12.85181 0.00465
2458588.68656220  12.95048 0.00383
2458589.68701550  12.88611 0.00342
2458590.80639360  12.94905 0.00620
2458591.21458640  13.00116 0.00595
2458591.57569950  12.87586 0.00620
2458592.49155900  12.93524 0.00643
2458593.62134590  12.84686 0.00504
2458593.65583890  12.89732 0.00812
2458594.52695550  12.94476 0.00708
2458594.74039630  12.95488 0.00504
2458595.56830870  12.92880 0.00384
2458596.70108010  12.80528 0.00563
2458596.72291640  12.85534 0.00493
2458598.42386680  12.88160 0.00293
2458599.31953920  12.94000 0.00253
2458599.61502820  12.81915 0.00310
2458599.78261320  12.93981 0.00334
2458600.32707330  12.90828 0.00180
2458600.50877590  12.89112 0.00384
2458600.80785530  12.96534 0.00440
2458600.80913740  12.97611 0.00503
2458601.23367720  12.93038 0.00247
2458601.31926640  12.86979 0.00259
2458602.24356490  12.95034 0.00332
2458602.29543150  12.91827 0.00203
2458602.50554090  12.88169 0.00315
2458602.54429560  12.85128 0.00346
2458602.70150000  12.94888 0.00289
2458603.27246470  12.92509 0.00209
2458604.44736950  12.86177 0.00257
2458604.48834400  12.91121 0.00240
2458604.74996940  12.90946 0.00457
2458605.24722750  12.84818 0.00355
2458605.26820720  12.82869 0.00292
2458605.50382670  12.86500 0.00248
2458605.53498210  12.95166 0.00261
2458606.26378530  12.89043 0.00130
2458606.42965530  12.93567 0.00303
2458606.70266310  12.79301 0.00400
2458609.74525310  12.94011 0.00299
2458612.56038710  12.81203 0.00349
2458613.44555360  12.96055 0.00340
2458614.41639310  12.86622 0.00249
2458614.72426010  12.94294 0.00273
2458615.38138920  12.94891 0.00292
2458615.46201740  12.83379 0.00331
2458615.70909210  12.92013 0.00331
2458616.48902930  12.92006 0.00299
2458617.56991820  12.86606 0.00292
2458618.23563760  12.91103 0.00388
2458618.33427860  12.87311 0.00421
2458618.55125420  12.81616 0.00539
2458619.67389600  12.87820 0.00645
2458620.22425780  12.84219 0.00581
2458620.33653980  12.91403 0.00435
2458621.40813260  12.93311 0.00726
2458624.66930210  12.88880 0.00550
2458625.31385170  12.91008 0.00306
2458625.60397200  12.90942 0.00432
2458625.67444770  12.88514 0.00443
2458626.48143170  12.84576 0.00315
2458626.60558750  12.88788 0.00490
2458627.21367650  12.95767 0.00268
2458627.47540070  12.91536 0.00225
2458628.19118510  12.91319 0.00276
2458629.42162170  12.87584 0.00348
2458633.39877560  12.90700 0.00219
2458635.66141140  12.87193 0.00308
2458636.65548610  12.89948 0.00329
2458636.69929900  12.87682 0.00265
2458637.65168640  12.95251 0.00341
2458638.21563390  12.95549 0.00259
2458638.50861840  12.86599 0.00431
2458641.40871920  12.93253 0.00321
2458642.20479280  12.90959 0.00141
2458642.61318410  12.94230 0.00256
2458643.46001600  12.96372 0.00342
2458645.24473250  12.88421 0.00220
2458645.56722360  12.91362 0.00531
2458646.62934480  12.90875 0.00537
2458647.62193560  12.94108 0.00417
2458648.19658220  12.90160 0.00391
2458648.29668840  12.87376 0.00434
2458648.54815650  12.86120 0.00423
2458649.29732730  12.94285 0.00457
2458650.24533090  12.86644 0.00476
2458650.59950930  12.83181 0.00516
2458651.61458950  12.87129 0.00721
2458652.66552620  12.89121 0.00677
2458653.57904190  12.93393 0.00659
2458653.64613840  12.96338 0.00450
2458654.57125980  12.84457 0.00592
2458658.25267390  12.94509 0.00286
2458658.60532240  12.91584 0.00755
2458660.66133410  12.92195 0.00286
2458661.31876920  12.96873 0.00372
2458661.38568580  12.90159 0.00204
2458662.57243940  12.93621 0.00435
2458667.55098830  12.95244 0.00296
2458668.31608020  12.86184 0.00326
2458668.52766050  12.87114 0.00292
2458669.52156040  12.90443 0.00261
2458670.35379180  12.90146 0.00186
2458671.55877650  12.92431 0.00402
2458673.24834110  12.93204 0.00356
2458674.54332970  12.87357 0.00313
2458674.55585630  12.86550 0.00402
2458674.60628960  12.91473 0.00410
2458676.53585120  12.90022 0.00519
2458676.60322800  12.89800 0.00364
2458677.25237870  12.80983 0.00441
2458678.34166710  12.86641 0.00462
2458678.51226350  12.79773 0.00654
2458679.32316510  12.83454 0.00581
2458679.54258380  12.82880 0.00577
2458680.52906430  12.88107 0.00768
2458680.58800290  12.85572 0.00603
2458681.51924320  12.88727 0.00896
2458681.55298610  12.97724 0.00651
2458681.58804690  12.89421 0.00601
2458683.52225660  12.82524 0.00522
2458684.51278420  12.81634 0.00461
2458684.57952170  12.90631 0.00353
2458685.32160120  12.88369 0.00250
2458686.30725800  12.92168 0.00217
2458689.56516020  12.90643 0.00257
2458690.52047820  12.93756 0.00247
2458691.56144430  12.91896 0.00253
2458694.48040770  12.87658 0.00449
2458694.55168020  12.87282 0.00348
2458695.46599620  12.95428 0.00484
2458695.53379230  12.89829 0.00303
2458696.27060490  12.94013 0.00260
2458698.21423040  12.94069 0.00301
2458698.50646460  12.89425 0.00407
2458698.53226600  12.90058 0.00233
2458700.46407860  12.91049 0.00476
2458700.52098670  12.91123 0.00227
2458701.46058810  12.88524 0.00659
2458701.51851120  12.99877 0.00388
2458702.20593650  12.91430 0.00903
2458702.53208420  12.99269 0.00481
2458704.51319450  12.85728 0.00370
2458705.50075430  12.92697 0.00395
2458706.49208610  12.94291 0.00404
2458707.49245500  12.93532 0.00462
2458708.49279980  12.87221 0.00489
2458716.46971930  12.94297 0.00455
2458717.47005460  12.90327 0.00388
2458718.46652770  12.87230 0.00584
2458812.83910410  12.98452 0.00523
2458814.59732630  12.84911 0.00797
2458815.85539870  12.86348 0.00759
2458818.59302590  12.87712 0.00709
2458819.57777210  12.83708 0.00388
2458820.57505780  12.91040 0.00332
2458822.56567100  12.93457 0.00290
2458823.55634890  12.85393 0.00324
2458823.85330980  12.88085 0.00730
2458827.81089080  12.97761 0.00769
2458828.55389900  12.86146 0.00761
2458829.58736640  12.86058 0.00886
2458829.80805620  12.87964 0.00807
2458831.81977780  12.82127 0.00705
2458836.84506770  12.88778 0.00422
2458836.84628480  12.87828 0.00761
2458836.84751340  12.86999 0.00798
2458836.84876520  12.87166 0.00398
2458837.84180640  12.92312 0.00259
2458839.83880020  12.91948 0.00763
2458840.50887660  12.94938 0.00526
2458840.84005290  12.86616 0.00663
2458840.84143330  12.89608 0.00276
2458841.84688500  12.85697 0.00276
2458842.84593270  12.91667 0.00282
2458842.84729040  12.82286 0.00432
2458843.85784840  12.93211 0.00558
2458844.82480700  12.94780 0.00307
2458844.83395880  12.94475 0.00522
2458846.55346250  12.93222 0.00255
2458847.54447410  12.92482 0.00283
2458847.57556300  12.92731 0.00235
2458848.80347270  12.93699 0.00281
2458848.81648500  12.96430 0.00425
2458849.59105020  12.88898 0.00311
2458850.56902560  12.84933 0.00317
2458850.59441120  12.83845 0.00451
2458850.80331660  12.81052 0.00363
2458850.85992350  12.90444 0.00415
2458851.51240260  12.89959 0.00369
2458851.78396230  12.92679 0.00297
2458852.54207360  12.91802 0.00271
2458852.81838170  12.89634 0.00344
2458852.85636020  12.86049 0.00356
2458853.81927750  12.95116 0.00354
2458853.85283540  12.92469 0.00260
2458855.79236100  12.88631 0.00498
2458855.81088050  12.88606 0.00258
2458856.82203470  12.85383 0.00706
2458856.84889180  12.85123 0.00329
2458857.78809980  12.95826 0.00763
2458858.82188870  12.92753 0.01132
2458859.78439930  12.88284 0.00666
2458859.78898950  12.86444 0.00797
2458860.82570970  12.92278 0.00496
2458862.46890380  12.86126 0.01026
2458863.87507940  12.89314 0.01864
2458865.77867090  12.85270 0.00495
2458867.71847370  12.95062 0.00563
2458868.79869480  12.94633 0.00312
2458871.78033810  12.85932 0.00342
2458878.86978590  12.80767 0.00521
2458879.82111420  12.94331 0.00293
2458879.88688560  12.80842 0.01589
2458880.81986580  12.94408 0.00337
2458880.87668440  12.92854 0.00914
2458881.81823410  12.88563 0.00217
2458881.87564330  12.90111 0.00445
2458882.68083630  12.86808 0.00278
2458882.82313300  12.86540 0.00252
2458883.67652470  12.82618 0.00287
2458884.46497990  12.88039 0.00483
2458884.72996200  12.85563 0.00476
2458884.83526700  12.95875 0.00337
2458885.51252500  12.82989 0.00512
2458885.83248210  12.93153 0.00267
2458885.88005930  12.93673 0.00631
2458886.69768990  12.94188 0.00678
2458887.84900070  12.88947 0.00438
2458887.88250450  12.92668 0.00425
2458888.55837330  12.94337 0.00824
2458890.46955690  12.92407 0.00765
2458890.87308080  12.95533 0.00660
2458891.47881990  12.92282 0.00494
2458891.48003970  12.93802 0.00709
2458893.61097050  12.88529 0.00425
2458893.81170160  12.89473 0.00570
2458894.44680140  12.89725 0.00412
2458894.65841970  12.91392 0.00434
2458894.72972810  12.86741 0.00335
2458897.41927650  12.86102 0.00317
2458897.73875980  12.88339 0.00318
2458897.85761280  12.91920 0.00238
2458898.70429390  12.90972 0.00512
2458899.71982390  12.87500 0.00333
2458899.75287620  12.86000 0.00322
2458900.66968920  12.93179 0.00269
2458900.75514170  12.88137 0.00518
2458901.86525870  12.95877 0.00360
2458903.51546360  12.88395 0.00356
2458903.63006790  12.86019 0.00353
2458903.86443800  12.83988 0.00347
2458904.66146500  12.87018 0.00297
2458904.74574510  12.91535 0.00436
2458905.62253800  12.96850 0.00320
2458905.72238410  12.84912 0.00403
2458906.64249780  12.94301 0.00361
2458906.81965640  12.87912 0.00393
2458907.67870930  12.95132 0.00311
2458908.36209630  12.94357 0.00375
2458908.75760820  12.89952 0.00225
2458909.39032290  12.96639 0.00336
2458909.70014630  12.89466 0.00216
2458910.55464780  12.91880 0.00410
2458910.64219380  12.95230 0.00324
2458911.57381940  12.86024 0.00471
2458911.61276620  12.95414 0.00435
2458912.56988800  12.81600 0.00525
2458913.61311840  12.82075 0.00536
2458913.64687420  12.84898 0.00438
2458915.66002000  12.94257 0.00449
2458916.78840250  12.87498 0.00513
2458917.65556560  12.90912 0.01240
2458919.63129490  12.87757 0.00493
2458923.48563870  12.92477 0.00342
2458923.57081690  12.91831 0.00247
2458924.62860230  12.82145 0.00450
2458924.74009680  12.94077 0.00316
2458925.57320410  12.89759 0.00475
2458925.66288720  12.87698 0.00234
2458926.32491800  12.86076 0.00300
2458927.30319290  12.91587 0.00222
2458929.50353990  12.87451 0.00231
2458933.30111460  12.95881 0.00336
2458976.25738840  12.85338 0.00496
2458978.21924180  12.94780 0.00515
2458979.31352730  12.89688 0.00398
2458980.21465260  12.86749 0.00241
2458984.46744070  12.97648 0.00392
2458984.52712130  12.95986 0.00789
2458989.34199970  12.86494 0.00276
2458991.43209230  12.85213 0.00372
2459000.30854760  12.93270 0.00366
2459009.40440280  12.95530 0.00741
2459014.44171500  12.99413 0.00430
2459015.38925750  12.87285 0.00302
2459018.32121410  12.92498 0.00238
2459019.24237090  12.92410 0.00218
2459019.28413630  12.91732 0.00274
2459024.27042310  12.87632 0.00224
2459024.27421370  12.88758 0.00268
2459032.22945640  12.84161 0.00479
2459032.37942360  12.94141 0.00437
2459035.32880530  12.87680 0.00869
2459038.30563660  12.88276 0.00446
2459046.30713500  12.94845 0.00347
2459047.35107410  12.94127 0.00289
2459049.26125010  12.90917 0.00269
2459050.28824840  12.90364 0.00188
2459053.32613900  12.91605 0.00215
2459054.24806360  12.88718 0.00354
2459059.24655470  12.89033 0.00418
2459063.25259230  12.87776 0.00811
2459066.21541050  12.91849 0.00357
2459068.23473020  12.84393 0.00372
2459072.27419420  12.94993 0.00294
2459088.23382690  12.86494 0.00327
2459174.82714760  12.96882 0.00467
2459176.85757730  12.85046 0.00544
2459178.81791820  12.93986 0.00399
2459179.82242720  12.92882 0.00368
2459180.83214510  12.90891 0.00464
2459181.81121450  12.89109 0.00645
2459181.85715440  12.86596 0.00819
2459185.82547140  12.90026 0.00709
2459186.83367000  12.84883 0.00442
2459188.82750640  12.94215 0.00429
2459191.78562430  12.86698 0.00439
2459191.81785720  12.86659 0.00368
2459193.81521660  12.95123 0.00454
2459194.77244730  12.91705 0.00277
2459194.82765080  12.94800 0.00314
2459196.75961960  12.90070 0.00353
2459199.78387280  12.89255 0.00415
2459200.55448380  12.83292 0.00315
2459202.49139220  12.91546 0.00187
2459202.59664460  12.85921 0.00619
2459202.86088500  12.81483 0.01142
2459205.76120700  12.85166 0.00429
2459205.79714300  12.89225 0.00489
2459206.53331370  12.88983 0.00181
2459207.73267900  12.97621 0.00619
2459208.53078410  12.94682 0.00250
2459208.83347090  12.87761 0.00596
2459209.74404600  12.84401 0.00657
2459209.85336990  12.94693 0.00395
2459210.71984080  12.86017 0.00542
2459210.78378810  12.90251 0.00515
2459212.77243040  12.91842 0.00565
2459214.46305190  12.85750 0.00560
2459214.60414090  12.91076 0.01581
2459215.79383900  12.84441 0.00682
2459216.54470430  12.90493 0.00559
2459216.78148060  12.85846 0.00497
2459217.83801970  12.83461 0.00374
2459219.79183300  12.91053 0.00620
2459219.79556260  12.94025 0.00385
2459220.73573630  12.82269 0.00492
2459220.75578590  12.87259 0.00501
2459220.79613050  12.92564 0.00404
2459221.79679670  12.85223 0.00662
2459221.83902130  12.91493 0.00242
2459222.86077880  12.86327 0.00547
2459223.48205710  12.88939 0.00424
2459223.72019400  12.96060 0.00453
2459223.86476090  12.82590 0.00468
2459224.71777880  12.84431 0.00364
2459226.69280100  12.91455 0.00291
2459226.76502230  12.87428 0.00288
2459227.82697330  12.85613 0.00399
2459228.70936250  12.90694 0.00380
2459229.57263100  12.92523 0.00285
2459229.67953670  12.85754 0.00479
2459230.67422180  12.90163 0.00497
2459230.73095670  12.84412 0.00286
2459230.75921110  12.88810 0.00290
2459231.69726240  12.87115 0.00396
2459231.74886130  12.84805 0.00293
2459231.79527040  12.89389 0.00276
2459233.65809840  12.84060 0.00465
2459233.68101180  12.86262 0.00312
2459233.75533150  12.93351 0.00270
2459234.71810530  12.85955 0.00403
2459234.83206300  12.94336 0.00320
2459235.68663060  12.92199 0.00397
2459236.70433240  12.91798 0.00201
2459236.77395400  12.87225 0.00301
2459237.40452650  12.89258 0.00258
2459237.78153290  12.85597 0.00303
2459238.64313050  12.85770 0.00825
2459240.86056380  12.92258 0.00223
2459241.76421650  12.87577 0.00582
2459241.78787400  12.89817 0.00475
2459245.72426180  12.85793 0.00492
2459246.74132050  12.83911 0.00406
2459247.70838600  12.94312 0.00408
2459249.58364950  12.94782 0.00443
2459249.61300180  12.89745 0.00384
2459250.81381390  12.91876 0.00275
2459251.79023570  12.88927 0.00256
2459254.64845020  12.84179 0.00308
2459255.48623880  12.85023 0.00307
2459255.64042890  12.90715 0.00200
2459255.68149300  12.87055 0.00320
2459256.63599620  12.95059 0.00324
2459256.67519500  12.92978 0.00241
2459256.70701530  12.91089 0.00269
2459256.74152820  12.81354 0.00426
2459257.82380320  12.90120 0.00225
2459257.85899150  12.93650 0.00277
2459257.87376300  12.90855 0.00392
2459259.59439020  12.91630 0.00455
2459261.75297240  12.87940 0.00266
2459262.82351080  12.90662 0.00212
2459263.78252700  12.87441 0.00580
2459264.45488350  12.87675 0.00282
2459265.85939460  12.89380 0.00331
2459266.61438760  12.97457 0.00413
2459266.79883730  12.88029 0.00394
2459268.57898920  12.88166 0.00696
2459268.60398750  12.82475 0.00493
2459268.61806500  12.87466 0.00502
2459268.81021110  12.85013 0.00308
2459269.60925800  12.88914 0.00417
2459269.70752900  12.89933 0.00607
2459269.73298150  12.93819 0.00473
2459270.61720350  12.90601 0.00566
2459270.74167130  12.89083 0.00548
2459271.86922930  12.91483 0.00519
2459273.75122810  12.91156 0.00513
2459275.64906630  12.82005 0.00567
2459275.67070210  12.83559 0.00513
2459276.32973060  12.89991 0.00483
2459276.77711070  12.88573 0.00403
2459278.75521300  12.86795 0.00370
2459279.57697610  12.91509 0.00359
2459279.83247200  12.83771 0.00439
2459280.74633370  12.97210 0.00293
2459282.82679670  12.93511 0.00287
2459282.90113460  12.88600 0.00583
2459285.54920890  12.94039 0.00378
2459286.82318710  12.94257 0.00475
2459288.70060820  12.95415 0.00333
2459288.71249080  12.87710 0.00310
2459288.71607890  12.87949 0.00232
2459290.67322830  12.90354 0.00197
2459290.69482920  12.85521 0.00365
2459290.69605870  12.85939 0.00521
2459291.76690490  12.92399 0.00266
2459291.77326150  12.93499 0.00429
2459293.38683720  12.87921 0.00250
2459293.67175250  12.93334 0.00322
2459294.63822090  12.88532 0.00249
2459294.68351540  12.91788 0.00300
2459296.55750070  12.94810 0.00326
2459296.59336850  12.93941 0.00468
2459297.64848760  12.92685 0.00270
2459297.70467250  12.86823 0.00482
2459298.63522400  12.87859 0.00448
2459298.68743460  12.93669 0.00745
2459299.52901980  12.92498 0.00590
2459299.61031230  12.83976 0.00447
2459299.65088950  12.90848 0.00510
2459300.67456980  12.87331 0.00481
2459304.51353090  12.95933 0.00556
2459304.56271140  12.87664 0.00425
2459305.82644280  12.85575 0.00543
2459306.70848920  12.86735 0.00342
2459306.75324010  12.95515 0.00623
2459307.29189580  12.89190 0.00225
2459307.40099260  12.94153 0.00374
2459308.23829980  12.87715 0.00323
2459308.58161500  12.90535 0.00247
2459309.43093780  12.93642 0.00388
2459309.84636260  12.90656 0.00286
2459310.37632110  12.89737 0.00209
2459310.84620960  12.83674 0.00309
2459311.36996770  12.92900 0.00213
2459311.49632430  12.92735 0.00259
2459311.66624380  12.84594 0.00467
2459312.25764850  12.92398 0.00237
2459312.74519810  12.92193 0.00223
2459313.23595910  12.89081 0.00247
2459313.33585780  12.85507 0.00286
2459314.23872400  12.93080 0.00277
2459314.55471140  12.87890 0.00373
2459314.79884030  12.82616 0.00320
2459315.26477040  12.89761 0.00255
2459315.55216740  12.94274 0.00321
2459315.57576810  12.91003 0.00230
2459316.57670990  12.91936 0.00545
2459316.60961280  12.88399 0.00217
2459317.45390500  12.91867 0.00289
2459317.71686610  12.83806 0.00354
2459318.43026390  12.94335 0.00291
2459318.58814860  12.91936 0.00246
2459318.61838450  12.97765 0.00460
2459318.71594120  12.86223 0.00323
2459319.22401770  12.93685 0.00316
2459319.59392600  12.87586 0.00249
2459319.73485440  12.92304 0.00512
2459320.23462040  12.87552 0.00285
2459320.28416580  12.93163 0.00337
2459320.53625090  12.93695 0.00378
2459320.53899290  12.92272 0.00289
2459321.21500010  12.88509 0.00200
2459321.61296080  12.89833 0.00229
2459322.24802980  12.89246 0.00156
2459322.33070860  12.93725 0.00262
2459322.63016500  12.89980 0.00413
2459322.64006190  12.95076 0.00333
2459322.65292890  12.89184 0.00224
2459323.60317760  12.95548 0.00368
2459323.60705910  12.95328 0.00362
2459323.68052640  12.91930 0.00283
2459324.54623290  12.83675 0.00490
2459325.25318690  12.93922 0.00421
2459325.53419160  12.90687 0.00573
2459327.27828420  12.84814 0.00526
2459327.30091230  12.86373 0.00411
2459327.59785710  12.94229 0.00401
2459328.22531670  12.95198 0.00413
2459328.36680940  12.90610 0.00509
2459328.54625070  12.89769 0.00365
2459329.60949560  12.88729 0.00532
2459330.53582940  12.94228 0.00874
2459330.62285370  12.88169 0.00519
2459332.68380240  12.84016 0.00909
2459333.54960050  12.83970 0.00611
2459334.49574140  12.92122 0.00265
2459334.51873890  12.90647 0.00367
2459336.36360970  12.90861 0.00328
2459336.51385550  12.93678 0.00521
2459337.46738910  12.82875 0.00448
2459338.21849700  12.96590 0.00428
2459338.49723490  12.85427 0.00309
2459339.26175430  12.98238 0.00410
2459339.42131860  12.92566 0.00288
2459340.22126060  12.90543 0.00257
2459340.24410490  12.92379 0.00277
2459340.57054950  12.86230 0.00242
2459340.69841210  12.97386 0.00497
2459340.75772440  12.89055 0.00257
2459342.45380930  12.88936 0.00371
2459343.25572080  12.87526 0.00238
2459343.51710140  12.87022 0.00225
2459343.58527830  12.96518 0.00402
2459345.19993230  12.92494 0.00401
2459345.27490080  12.93588 0.00221
2459346.43946590  12.88364 0.00624
2459347.48231550  12.90177 0.00304
2459348.33505380  12.93388 0.00259
2459348.35778970  12.94735 0.00385
2459348.77849350  12.94981 0.00393
2459349.64801780  12.96055 0.00329
2459351.48156500  12.91215 0.00425
2459351.72828620  12.94857 0.00326
2459352.20820380  12.89220 0.00323
2459352.68626340  12.92203 0.00289
2459356.62450310  12.88104 0.00423
2459357.36892210  12.93551 0.00363
2459357.47112470  12.87207 0.00431
2459357.66112030  12.83384 0.00794
2459357.74737980  12.96793 0.00610
2459358.63652950  12.91608 0.00589
2459359.74332580  12.87261 0.00809
2459360.26389030  12.92400 0.00880
2459360.39588960  12.88256 0.00928
2459360.71490090  12.96616 0.01319
2459361.24711970  12.86711 0.00623
2459361.44737700  12.92105 0.00940
2459363.66832410  12.85351 0.00739
2459365.52668250  12.85248 0.00314
2459367.59228430  12.91483 0.00226
2459368.53884050  12.92749 0.00348
2459368.55628560  12.93338 0.00235
2459369.56714150  12.86729 0.00273
2459369.65905070  12.94914 0.00441
2459371.30861430  12.95416 0.00370
2459372.48007690  12.87508 0.00313
2459373.58842730  12.99696 0.00525
2459373.68287750  12.86366 0.00310
2459374.57700020  12.92798 0.00431
2459374.68867720  12.88821 0.00372
2459375.63937030  12.92212 0.00244
2459375.70402400  12.89674 0.00347
2459376.22278140  12.91404 0.00373
2459376.69523850  12.95304 0.00343
2459378.39216960  12.94032 0.00395
2459378.49186670  12.84423 0.00366
2459384.47331300  12.82003 0.00412
2459384.49036730  12.82321 0.00531
2459384.59370700  12.94848 0.00489
2459385.51809230  12.82576 0.00542
2459385.62544910  12.94806 0.00562
2459385.62558060  12.90146 0.00479
2459387.56061690  12.89467 0.00420
2459393.57297630  12.95056 0.00447
2459393.58687780  12.95575 0.00523
2459394.60050860  12.96301 0.00687
2459394.64019020  12.92417 0.00514
2459396.53837920  12.85461 0.00350
2459397.64309820  12.90938 0.00323
2459403.24365820  12.86512 0.00329
2459403.32766750  12.98499 0.00369
2459403.49049180  12.93288 0.00464
2459408.54717440  12.91278 0.00420
2459409.47965950  12.87995 0.00208
2459410.50662340  12.90221 0.00363
2459411.52862350  12.86112 0.00521
2459411.53680520  12.91035 0.00451
2459412.26896490  12.93401 0.00398
2459413.25440490  12.89852 0.00438
2459415.50800270  12.85248 0.00473
2459415.52724080  12.87984 0.00663
2459416.52713420  12.85396 0.00454
2459417.48214370  12.89480 0.00770
2459418.53480560  12.91145 0.00819
2459419.27792970  12.87148 0.00710
2459420.48806840  12.84288 0.00611
2459422.46923860  12.94614 0.00328
2459423.51908760  12.97410 0.00335
2459425.31347150  12.91522 0.00296
2459426.26698250  12.92414 0.00303
2459431.54975970  12.91022 0.00271
2459432.21821990  12.94293 0.00428
2459434.47034170  12.87780 0.00367
2459434.47762290  12.89623 0.00469
2459437.23709690  12.92221 0.00373
2459437.50064190  12.88514 0.00293
2459439.51081660  12.95752 0.00374
2459448.46639610  12.97969 0.01944
2459459.47435920  12.91342 0.00644
2459522.86388590  12.81030 0.00845
2459524.85743140  12.96184 0.00585
2459528.84526420  12.94397 0.00515
2459532.84992770  12.80256 0.00622
2459537.58756300  12.91214 0.00852
2459538.85102600  12.86848 0.00944
2459541.84619160  12.84768 0.00771
2459543.85513060  12.84658 0.00589
2459545.82180030  12.92860 0.00663
2459549.79659730  12.91630 0.00436
2459551.83471500  12.92984 0.00264
2459551.84518440  12.90903 0.00469
2459553.77856850  12.95395 0.00534
2459553.85559400  12.91037 0.00722
2459554.85219610  12.93396 0.00698
2459555.79277140  12.94460 0.00563
2459556.83310630  12.90579 0.00268
2459557.78548280  12.85618 0.00491
2459558.81522980  12.92665 0.00269
2459559.57754010  12.96790 0.00387
2459562.77382700  12.92072 0.00538
2459563.77549700  12.96165 0.00538
2459565.76242760  12.83076 0.00724
2459567.73605630  12.96121 0.01139
2459567.79593480  12.87113 0.00815
2459567.83087070  12.84875 0.00544
2459569.74564700  12.89812 0.00645
2459570.82179400  12.95819 0.00637
2459571.83629380  12.93133 0.00463
2459573.73829410  12.91196 0.00680
2459576.79642170  12.90056 0.00367
2459576.83350760  12.97211 0.00424
2459577.76064350  12.83820 0.00363
2459578.70781550  12.90324 0.00460
2459578.74698560  12.91093 0.00491
2459579.72992960  12.93745 0.00479
2459579.77729530  12.96996 0.00353
2459579.85692540  12.81492 0.00505
2459579.86451810  12.86862 0.00902
2459581.71015980  12.89791 0.00430
2459581.75955470  12.84442 0.00280
2459583.69216320  12.94139 0.00430
2459583.70768730  12.89282 0.00680
2459583.76625120  12.91471 0.00241
2459584.78282260  12.96209 0.00522
2459584.78999920  12.93059 0.00255
2459584.79482180  12.99724 0.00500
2459585.85095480  12.94568 0.00393
2459585.85741940  12.93371 0.00547
2459586.85223820  12.97203 0.00424
2459587.83448160  12.87988 0.00298
2459587.85722850  12.93580 0.00435
2459589.67991040  12.91024 0.00468
2459591.75409770  12.86807 0.00464
2459591.81965490  12.95249 0.00391
2459591.82835000  12.85928 0.00702
2459593.43600720  12.90099 0.00465
2459593.48792840  12.94498 0.00413
2459594.83656020  12.85830 0.00560
2459595.75254400  12.92918 0.00985
2459595.79588410  12.91679 0.00864
2459597.72277090  12.90074 0.00881
2459598.44110090  12.91516 0.00818
2459598.73548890  12.88799 0.00421
2459599.64860890  12.85749 0.00846
2459599.70811760  12.92330 0.00689
2459600.44744680  12.86623 0.00482
2459600.70765170  12.92908 0.00442
2459600.74462480  12.96521 0.01092
2459601.61219940  12.97276 0.00686
2459601.77257080  12.87550 0.00428
2459602.69519990  12.93110 0.00454
2459602.81750700  12.87982 0.00606
2459603.77493700  12.81690 0.00723
2459605.81680880  12.89849 0.00393
2459606.77354530  12.93637 0.00316
2459606.82312710  12.92947 0.00358
2459607.38361640  12.93140 0.00360
2459607.82583360  12.94561 0.00367
2459608.37982630  12.85489 0.00380
2459609.41664400  12.88074 0.00233
2459610.69738800  12.88301 0.00350
2459611.65740520  12.87334 0.00506
2459611.72064240  12.88184 0.00375
2459614.57639850  12.93469 0.00348
2459614.87151800  12.88180 0.00457
2459616.54053320  12.87720 0.00260
2459616.68771700  12.84273 0.00450
2459617.76490600  12.89870 0.00308
2459618.73706060  12.91574 0.00202
2459619.36485700  12.85551 0.00338
2459619.36614550  12.86617 0.00380
2459619.81671130  12.84863 0.00316
2459619.85323040  12.91228 0.00246
2459620.35303010  12.94044 0.00555
2459620.74339690  12.96479 0.00370
2459620.74340850  12.90968 0.00246
2459621.42195550  12.93252 0.00362
2459621.73539590  12.89966 0.00236
2459622.61214410  12.94618 0.00924
2459622.81024390  12.89946 0.00239
2459623.81762210  12.90887 0.00193
2459624.38493040  12.84829 0.00821
2459624.82052800  12.84214 0.00385
2459624.83700180  12.92783 0.00222
2459626.67874760  12.83091 0.00829
2459627.80005130  12.90816 0.00886
2459627.80764520  12.91730 0.00632
2459627.83431220  12.94538 0.00788
2459628.33402500  12.89794 0.00868
2459628.76762380  12.82648 0.00441
2459629.75673670  12.90385 0.00420
2459629.78478810  12.87372 0.00528
2459630.68612820  12.93843 0.00552
2459630.72164680  12.87867 0.00487
2459631.50790790  12.92604 0.00546
2459631.69758750  12.87301 0.00361
2459632.54953370  12.84433 0.00494
2459632.65141090  12.89798 0.00361
2459633.31004510  12.88694 0.00364
2459633.31127380  12.88749 0.00444
2459633.37076300  12.90503 0.00198
2459633.70344050  12.90349 0.00589
2459634.31420020  12.88442 0.00302
2459635.81085870  12.86468 0.00342
2459636.82388290  12.92698 0.00297
2459636.82765020  12.88675 0.00660
2459637.71703320  12.80694 0.00317
2459637.75485450  12.89693 0.00251
2459638.74616990  12.84561 0.00288
2459638.77276640  12.86596 0.00226
2459639.82549590  12.89930 0.00258
2459639.82846360  12.81554 0.00460
2459640.65319790  12.90671 0.00236
2459642.35440500  12.89824 0.00198
2459643.38189030  12.95186 0.00406
2459643.74310050  12.85555 0.00283
2459644.44013980  12.93409 0.00402
2459644.75801500  12.86093 0.00272
2459644.78198950  12.82417 0.00289
2459645.67487990  12.88326 0.00213
2459645.88914940  12.89291 0.00314
2459646.58689520  12.89657 0.00197
2459646.82337930  12.87751 0.00325
2459647.58227140  12.89692 0.00192
2459647.67799550  12.87864 0.00269
2459647.80259590  12.95725 0.00360
2459647.80381330  12.97741 0.00494
2459648.64219460  12.92252 0.00180
2459648.74867180  12.85992 0.00173
2459649.65730620  12.91373 0.00143
2459649.84395770  12.88839 0.00313
2459650.74455670  12.89094 0.00197
2459650.75369360  12.93205 0.00246
2459650.78799040  12.83989 0.00235
2459651.77389390  12.92533 0.00210
2459651.78555650  12.94630 0.00357
2459651.80750470  12.91410 0.00164
2459652.76489170  12.92370 0.00237
2459652.80299160  12.95344 0.00441
2459653.62517230  12.93771 0.00596
2459653.79552060  12.91497 0.00287
2459653.83251470  12.91185 0.00334
2459654.74989500  12.86184 0.00330
2459654.75165010  12.83305 0.00463
2459655.68608460  12.93583 0.00340
2459656.76598880  12.89600 0.00509
2459656.84865460  12.84725 0.00697
2459657.60063810  12.96774 0.00919
2459658.79469380  12.96467 0.00665
2459659.60645280  12.88250 0.00548
2459659.68237160  12.87919 0.00321
2459660.69232760  12.90011 0.00306
2459660.69608350  12.89389 0.00491
2459660.73154980  12.95967 0.00425
2459660.73284940  12.97399 0.00534
2459662.63030960  12.84230 0.00276
2459662.63156270  12.83762 0.00293
2459662.81920540  12.94393 0.00434
2459663.30573620  12.84018 0.00342
2459663.66883900  12.91406 0.00256
2459663.85503400  12.92646 0.00509
2459664.82436470  12.91036 0.00214
2459664.82696570  12.87877 0.00457
2459664.84120980  12.90050 0.00341
2459665.68176090  12.90378 0.00261
2459665.73683870  12.96525 0.00312
2459665.75686360  12.88781 0.00272
2459666.59749600  12.85894 0.00253
2459666.59882120  12.87995 0.00241
2459666.62602790  12.78932 0.00346
2459667.34273770  12.92048 0.00237
2459667.35211810  12.94046 0.00405
2459668.70885390  12.79769 0.00294
2459668.86537940  12.87001 0.00216
2459670.33366990  12.87072 0.00301
2459670.89545090  12.97284 0.00388
2459671.33551760  12.95807 0.00429
2459672.63740200  12.85556 0.00326
2459673.40088130  12.95202 0.00295
2459673.58951360  12.93000 0.00325
2459674.56714550  12.84431 0.00343
2459674.64658390  12.92667 0.00342
2459674.82972630  12.95611 0.00302
2459675.63978040  12.91174 0.00229
2459676.52950060  12.96181 0.00307
2459676.66914540  12.91253 0.00289
2459677.52864810  12.90804 0.00192
2459677.62544660  12.85017 0.00261
2459678.33037610  12.87074 0.00284
2459678.59756790  12.87416 0.00323
2459679.69367520  12.88394 0.00363
2459681.44247370  12.87420 0.00588
2459681.53612350  12.93140 0.00603
2459681.53736380  12.92257 0.00301
2459681.53861590  12.93710 0.00411
2459681.66620890  12.94152 0.00354
2459682.35788570  12.93871 0.00432
2459683.56768270  12.96535 0.00450
2459683.56896940  12.97417 0.00554
2459685.27099450  12.95650 0.01409
2459686.28104390  12.89407 0.01524
2459687.22975900  12.81226 0.00714
2459687.76381010  12.90061 0.00865
2459688.27455300  12.85150 0.00691
2459690.81779140  12.90234 0.00634
2459691.77884860  12.87743 0.00369
2459691.83060090  12.84495 0.00432
2459692.57124400  12.92836 0.00254
2459692.61909510  12.88472 0.00307
2459692.65629940  12.83534 0.00281
2459695.52960490  12.89804 0.00329
2459696.24243670  12.90946 0.00392
2459696.24367690  12.90002 0.00637
2459697.51211080  12.91404 0.00205
2459698.47744930  12.84953 0.00329
2459698.50285920  12.87967 0.00345
2459698.50416900  12.89806 0.00465
2459698.50579200  12.91127 0.00589
2459701.26351310  12.91516 0.00278
2459701.26476500  12.91933 0.00495
2459701.26600740  12.93017 0.00601
2459702.42891920  12.87122 0.00308
2459702.46817430  12.92217 0.00218
2459703.58634650  12.95595 0.00258
2459703.71724440  12.88775 0.00289
2459704.60716790  12.87209 0.00196
2459704.60840820  12.90622 0.00231
2459704.67177980  12.88265 0.00338
2459708.24667090  12.82555 0.00440
2459708.56808310  12.93142 0.00311
2459708.56932360  12.96012 0.00416
2459708.57056400  12.91362 0.00436
2459708.59018600  12.97090 0.00322
2459708.61685250  12.86657 0.00315
2459708.66774020  12.83629 0.00299
2459709.62698270  12.93209 0.00234
2459709.62827800  12.91983 0.00399
2459709.64556680  12.90952 0.00366
2459710.64502040  12.87981 0.00368
2459710.71652500  12.86940 0.00843
2459711.34377990  12.85753 0.00351
2459711.66006020  12.90015 0.00338
2459713.64642070  12.82638 0.00469
2459713.68431940  12.86327 0.01101
2459713.68555970  12.81849 0.01099
2459713.68680010  12.82133 0.00922
2459713.71890620  12.89729 0.00725
2459714.56443360  12.88746 0.00439
2459714.66732380  12.81699 0.00645
2459715.48181580  12.85131 0.01174
2459715.71524060  12.85209 0.00505
2459715.71652720  12.89501 0.00564
2459715.71782650  12.81996 0.00910
2459717.49684930  12.98197 0.01989
2459717.49810830  12.97012 0.01139
2459717.62766940  12.87883 0.00672
2459717.67708920  12.83671 0.00441
2459722.45239510  12.90978 0.00283
2459722.46036040  12.90603 0.00469
2459725.34435630  12.91643 0.00260
2459725.54264230  12.83824 0.00263
2459725.69569180  12.86740 0.00423
2459727.32973160  12.93045 0.00311
2459727.37179170  12.85891 0.00326
2459733.33645200  12.94781 0.00301
2459736.32933920  12.85350 0.00290
2459738.30046000  12.90340 0.00334
2459738.56499940  12.92649 0.00451
2459738.63982910  12.80662 0.00318
2459739.51344160  12.86746 0.00563
2459739.51474030  12.85920 0.00738
2459739.65911240  12.86436 0.00356
2459740.57896620  12.93010 0.00470
2459741.39308940  12.90611 0.00561
2459741.61538860  12.94951 0.00588
2459741.61733900  12.90305 0.00454
2459743.52971440  12.94874 0.00662
2459743.55241610  12.89837 0.00464
2459746.59791640  12.88424 0.00452
2459746.60168360  12.92564 0.00688
2459747.64721930  12.91617 0.00415
2459748.50746340  12.92761 0.00297
2459749.64516810  12.83009 0.00341
2459750.22391530  12.91545 0.00351
2459757.32026450  12.92710 0.00356
2459758.58045100  12.85485 0.00356
2459758.59833250  12.83118 0.00325
2459759.63688930  12.84894 0.00289
2459761.26205450  12.89577 0.00249
2459761.34345800  12.91311 0.00310
2459762.51189940  12.89805 0.00332
2459762.64324420  12.90870 0.00201
2459763.55711740  12.86404 0.00207
2459764.48412990  12.88272 0.00148
2459764.55590940  12.92863 0.00374
2459765.55041870  12.89760 0.00287
2459765.57224470  12.91457 0.00438
2459767.47983900  12.91745 0.00310
2459767.55238160  12.81569 0.00344
2459769.53773670  12.98081 0.00657
2459769.54222270  12.92415 0.00523
2459769.57730520  12.91006 0.00304
2459773.30372600  12.91169 0.01139
2459773.56277860  12.82880 0.00540
2459774.34647500  12.84724 0.01204
2459781.27397690  12.84583 0.00409
2459781.28527000  12.83118 0.00325
2459784.55352940  12.94230 0.00261
2459785.26076020  12.90283 0.00326
2459785.48798030  12.91388 0.00263
2459785.54779050  12.92251 0.00257
2459787.31238500  12.84606 0.00343
2459787.50308210  12.87021 0.00492
2459789.23035250  12.90683 0.00305
2459789.31604050  12.96841 0.00411
2459791.47565770  12.84254 0.00426
2459792.29406290  12.83762 0.00342
2459793.47121420  12.98980 0.00541
2459794.48243860  12.86657 0.00218
2459796.24195300  12.84128 0.00442
2459796.29542810  12.84936 0.00441
2459798.22768030  12.94764 0.00516
2459800.25479270  12.85259 0.00597
2459801.22235190  12.88283 0.00760
2459801.48866980  12.81931 0.00576
2459805.22059190  12.83495 0.00405
2459807.46896540  12.86735 0.00521
2459808.51615540  12.88420 0.00235
2459809.46529790  12.97234 0.00999
2459809.48765010  12.94018 0.00280
2459812.21046000  12.93929 0.01025
2459812.47788830  12.85703 0.00303
2459817.49573470  12.87350 0.00378
2459818.47566160  12.93301 0.00323
2459820.23678390  12.88518 0.00400
2459828.21691860  12.96276 0.02408
2459899.59445870  12.97335 0.00706
2459900.84181120  12.94882 0.00473
2459904.81811610  12.88656 0.00330
2459906.82900950  12.89567 0.00342
2459907.85458150  12.88255 0.00462
2459907.85582460  12.88559 0.00708
2459908.84732080  12.88161 0.00423
2459909.85215460  12.86684 0.00416
2459912.59447880  12.89760 0.00626
2459913.59140830  12.83907 0.00609
2459914.85889970  12.80034 0.01345
2459915.56654760  12.91484 0.00380
2459916.79729530  12.90765 0.00480
2459917.83124110  12.93512 0.00249
2459917.84325320  12.95808 0.00461
2459919.79026470  12.85639 0.00385
2459920.57923390  12.89677 0.00513
2459923.58073980  12.90299 0.00636
2459926.77049990  12.94329 0.00559
2459928.84919810  12.92446 0.00303
2459928.85180610  12.95814 0.00610
2459929.84961400  12.84936 0.00537
2459930.79655040  12.96863 0.00524
2459931.76248660  12.88042 0.00330
2459931.76373840  12.87336 0.00458
2459932.82692180  12.86523 0.00254
2459932.82940340  12.85269 0.00394
2459932.83889880  12.91504 0.00343
2459932.84148370  12.92944 0.00636
2459934.76438220  12.92268 0.00336
2459934.83582050  12.90009 0.00341
2459936.72661780  12.88585 0.00197
2459936.72786980  12.86926 0.00259
2459937.78154880  12.89600 0.00257
2459940.52683240  12.93419 0.00264
2459940.52933610  12.93427 0.00284
2459940.59979280  12.92961 0.00835
2459941.53984340  12.90798 0.00186
2459941.58550360  12.92684 0.00391
2459943.72539630  12.93132 0.00386
2459944.83405900  12.83263 0.00328
2459945.52940830  12.94066 0.00380
2459948.83062960  12.87610 0.00314
2459948.84670200  12.92876 0.00226
2459952.69256190  12.91492 0.00808
2459952.78939400  12.90186 0.00382
2459953.74544970  12.86482 0.00670
2459953.74669020  12.87079 0.01190
2459954.73679530  12.93917 0.00614
2459955.79731400  12.92826 0.00322
2459956.78407770  12.95023 0.00524
2459957.66894700  12.95701 0.00574
2459958.82401710  12.86158 0.00399
2459958.83142420  12.93491 0.00293
2459958.86423080  12.89944 0.00427
2459959.50310230  12.94156 0.00379
2459960.78490590  12.92822 0.00282
2459960.78620990  12.94521 0.00364
2459960.82429880  12.81367 0.00369
2459961.77474690  12.95514 0.00461
2459961.80261360  12.96025 0.00324
2459964.54299440  12.89757 0.00200
2459965.50966520  12.91694 0.00237
2459965.55528580  12.98278 0.00321
2459966.41942280  12.94190 0.00241
2459966.55229810  12.96329 0.00341
2459967.82021030  12.95694 0.00468
2459968.76780060  12.83228 0.00284
2459968.79023360  12.89191 0.00361
2459968.79280720  12.88121 0.00687
2459969.79428870  12.86918 0.00337
2459970.79999500  12.84782 0.00273
2459970.81153030  12.84700 0.00249
2459972.69329310  12.83388 0.00271
2459972.69453340  12.84413 0.00357
2459972.78898020  12.89347 0.00326
2459972.82291780  12.93887 0.00410
2459973.69446660  12.86400 0.00202
2459973.71493690  12.88591 0.00404
2459973.77441170  12.84427 0.00270
2459974.71451400  12.92783 0.00296
2459974.78094840  12.85353 0.00322
2459976.44876610  12.85328 0.00467
2459977.45628990  12.86354 0.00345
2459977.65709500  12.91680 0.00540
2459977.82245460  12.95759 0.00320
2459978.67796950  12.98627 0.00756
2459978.71506080  12.84776 0.00489
2459979.69660710  12.96062 0.00739
2459979.74117270  12.88483 0.00455
2459980.70815950  12.92088 0.00734
2459980.73101670  12.91405 0.00517
2459981.76802950  12.95359 0.00744
2459982.68053690  12.82611 0.00580
2459982.81289960  12.96313 0.00622
2459983.69704910  12.89122 0.00620
2459984.65286970  12.91196 0.00427
2459984.85348900  12.92471 0.00635
2459985.67924190  12.87058 0.00359
2459985.80917280  12.80620 0.00481
2459986.65168300  12.85403 0.00678
2459986.67031420  12.83107 0.00438
2459987.85516510  12.86494 0.00369
2459988.58557300  12.90449 0.00243
2459989.71536280  12.86268 0.00330
2459989.76339230  12.85918 0.00290
2459990.73027330  12.97746 0.00445
2459990.75439940  12.94342 0.00293
2459990.89161600  12.92770 0.00394
2459994.60070220  12.89003 0.00414
2459994.60200270  12.88134 0.00635
2459994.63844300  12.93674 0.00305
2459995.66444020  12.91667 0.00241
2459995.71017250  12.91153 0.00315
2459997.57448290  12.99235 0.00469
2459998.50321130  12.85616 0.00224
2459998.79201560  12.88379 0.00329
2459999.74165230  12.83454 0.00232
2460000.39701900  12.85955 0.00232
2460002.55218770  12.90795 0.00335
2460002.60398510  12.98259 0.00339
2460002.60527170  12.99238 0.00442
2460003.62744990  12.97095 0.00402
2460003.63222710  12.91859 0.00312
2460003.65129780  12.91925 0.00459
2460004.70378080  12.86656 0.00198
2460004.71143190  12.83241 0.00232
2460005.70370690  12.90014 0.00252
2460005.83333960  12.84486 0.00269
2460006.74706310  12.92396 0.00429
2460006.74831500  12.92902 0.00873
2460007.71686510  12.90579 0.00578
2460007.88566580  12.84090 0.00329
2460008.77088370  12.88181 0.00605
2460009.74211260  12.82653 0.00441
2460009.80804830  12.88747 0.00637
2460011.63616690  12.82217 0.00759
2460011.71140980  12.90988 0.00645
2460012.89330320  12.90837 0.00781
2460013.56915990  12.93181 0.00635
2460013.65882190  12.89111 0.00394
2460013.67606760  12.83860 0.00392
2460014.80492570  12.90964 0.00558
2460015.41838810  12.87653 0.00393
2460015.73520580  12.90308 0.00353
2460016.39579000  12.80543 0.00437
2460016.71136620  12.96289 0.00419
2460017.38600510  12.83764 0.00355
2460017.82034200  12.83880 0.00317
2460018.40732600  12.92777 0.00277
2460018.63768650  12.92180 0.00336
2460018.81883340  12.97214 0.00355
2460019.65931080  12.93212 0.00325
2460019.82282900  12.92800 0.00287
2460020.62190100  12.90123 0.00230
2460020.62321560  12.91183 0.00319
2460020.66668420  12.85685 0.00235
2460020.74935550  12.78669 0.00352
2460021.86577690  12.87689 0.00214
2460022.81969380  12.85159 0.00241
2460023.32575560  12.97168 0.00295
2460023.81565810  12.92136 0.00282
2460025.26587230  12.96993 0.00333
2460025.70937110  12.94706 0.00265
2460026.68442200  12.89758 0.00269
2460027.55394920  12.90894 0.00239
2460027.77946370  12.94382 0.00441
2460028.72909770  12.88676 0.00319
2460028.78771550  12.94017 0.00262
2460029.69688480  12.85142 0.00256
2460029.72351660  12.88066 0.00343
2460029.76704050  12.92027 0.00202
2460030.69351820  12.97225 0.00444
2460030.69585970  12.91704 0.00245
2460030.72233180  12.91092 0.00379
2460031.64280470  12.88849 0.00177
2460031.64404500  12.88708 0.00271
2460031.69210310  12.90526 0.00334
2460031.70433420  12.96713 0.00435
2460032.65835380  12.90637 0.00153
2460032.69100260  12.90112 0.00293
2460035.38723140  12.89547 0.00189
2460036.67543790  12.95895 0.00579
2460036.67666670  12.93345 0.00665
2460037.55238240  12.92594 0.00437
2460037.67488030  12.84580 0.00370
2460039.69139540  12.80261 0.00574
2460039.71802630  12.83054 0.00513
2460039.73388520  12.91564 0.00458
2460040.71756380  12.84976 0.00497
2460042.50050110  12.91157 0.00433
2460043.32585140  12.93247 0.00506
2460044.36306360  12.92524 0.00359
2460044.59372870  12.89024 0.00265
2460044.59861230  12.96704 0.00613
2460045.37479700  12.86349 0.00242
2460045.55202700  12.86396 0.00438
2460046.25428150  12.91388 0.00200
2460046.66804090  12.91539 0.00365
2460047.67908420  12.88797 0.00280
2460047.73267520  12.88842 0.00243
2460048.78334790  12.94532 0.00355
2460049.30722980  12.89144 0.00238
2460049.33404360  12.91661 0.00216
2460049.74210000  12.89700 0.00310
2460050.38751300  12.89571 0.00185
2460050.53359550  12.83005 0.00286
2460051.27649510  12.89586 0.00132
2460051.59362480  12.86149 0.00321
2460052.23448990  12.92029 0.00247
2460052.28902300  12.91081 0.00223
2460052.53441180  12.91463 0.00340
2460052.62441610  12.85217 0.00286
2460053.35586340  12.92079 0.00322
2460054.66701140  12.78619 0.00352
2460054.67079160  12.82696 0.00277
2460056.56510210  12.86584 0.00302
2460056.57697430  12.88401 0.00311
2460058.61918990  12.77436 0.00335
2460058.79865700  12.94027 0.00282
2460059.50656700  12.81592 0.00364
2460059.50831750  12.92336 0.00229
2460060.41979370  12.93131 0.00250
2460061.38791550  12.90366 0.00256
2460061.70187600  12.93214 0.00382
2460062.47074680  12.84935 0.00238
2460062.56631360  12.89403 0.00276
2460063.46684160  12.86650 0.00228
2460063.51176360  12.89259 0.00247
2460063.55496550  12.92155 0.00204
2460064.22900080  12.88983 0.00311
2460064.44373540  12.84423 0.00592
2460064.48245980  12.82874 0.00319
2460065.54945590  12.88630 0.00636
2460065.60645960  12.96951 0.00379
2460065.79637260  12.90786 0.00265
2460066.49673440  12.92826 0.00543
2460066.59988380  12.91941 0.00447
2460067.32412510  12.89992 0.00373
2460067.48221260  12.94088 0.00435
2460068.23050320  12.85534 0.00519
2460068.40676490  12.86020 0.00415
2460068.47885230  12.85771 0.00483
2460068.54009170  12.95824 0.00573
2460069.22510440  12.84473 0.00620
2460069.47066620  12.81992 0.00817
2460069.76045580  12.88187 0.00746
2460070.21815480  12.91836 0.00542
2460070.49178050  12.89365 0.00526
2460070.49648670  12.82460 0.00635
2460071.23430690  12.89820 0.00278
2460071.33964890  12.89214 0.01014
2460072.20552540  12.88614 0.00298
2460072.29549000  12.96128 0.00476
2460072.52602880  12.82962 0.00343
2460073.45053500  12.86771 0.00404
2460073.45813930  12.89556 0.00555
2460073.58340820  12.89587 0.00325
2460073.78825780  12.90599 0.00417
2460075.44013630  12.91644 0.00311
2460075.72104890  12.85883 0.00906
2460076.52798840  12.76447 0.00359
2460076.58889080  12.90121 0.00257
2460076.71602110  12.91496 0.01149
2460077.71618440  12.96401 0.00509
2460077.76421840  12.87008 0.00292
2460078.71196900  12.95920 0.00522
2460078.76380100  12.93161 0.00258
2460079.70783260  12.88943 0.00453
2460079.76120770  12.94209 0.00471
2460080.29305930  12.83300 0.00308
2460080.70750660  12.83674 0.00540
2460080.76106500  12.93595 0.00378
2460081.28879110  12.89221 0.00226
2460082.70262910  12.97545 0.00510
2460082.75221820  12.84892 0.00371
2460084.29523530  12.90959 0.00300
2460084.74762000  12.91603 0.00330
2460085.28909360  12.83928 0.00333
2460085.69400140  12.86026 0.00425
2460085.74358590  12.92045 0.00265
2460086.74195890  12.85064 0.00297
2460086.74324580  12.87694 0.00357
2460088.68531880  12.93410 0.00449
2460088.73484480  12.95974 0.00321
2460089.68107960  12.87852 0.00585
2460089.73329140  12.94634 0.00316
2460091.67682540  12.86922 0.00422
2460091.72641340  12.85091 0.00309
2460092.67469220  12.91435 0.00766
2460092.72613170  12.90328 0.00294
2460093.20163570  12.86383 0.00386
2460094.71782450  12.93727 0.00338
2460096.66159610  12.94286 0.00821
2460096.71431110  12.83236 0.00536
2460097.71165760  12.93518 0.00572
2460098.65790190  12.88371 0.01094
2460100.64984740  12.82562 0.01117
2460101.64969110  12.90753 0.00871
2460101.69911550  12.87276 0.00546
2460102.32480450  12.85470 0.00622
2460103.64164610  12.91043 0.00781
2460103.69514120  12.93939 0.00428
2460104.64165070  12.85698 0.00414
2460104.69120110  12.94348 0.00305
2460109.46874440  12.91908 0.00293
2460109.53935030  12.95012 0.00349
2460110.64012860  12.86786 0.00381
2460114.57998910  12.89792 0.00210
2460114.61958870  12.89503 0.00503
2460120.48176040  12.84921 0.00309
2460120.53991170  12.95289 0.00454
2460120.65527460  12.85661 0.00319
2460122.58056810  12.84554 0.00408
2460122.61443960  12.92161 0.00416
2460124.53190640  12.87177 0.00312
2460124.57009890  12.84999 0.00379
2460126.32684250  12.91255 0.01097
2460126.46361160  12.84185 0.00860
2460126.53613860  12.90219 0.00476
2460128.52179610  12.86845 0.00971
2460129.53315500  12.86415 0.00520
2460130.25367430  12.86677 0.00516
2460130.60583420  12.85545 0.00942
2460132.19343170  12.94974 0.00777
2460137.31849710  12.87324 0.00258
2460137.36864680  12.93512 0.00284
2460139.30142420  12.92607 0.00294
2460139.46063730  12.95780 0.00312
2460139.56317700  12.82081 0.00288
2460140.51954950  12.92369 0.00269
2460140.55890650  12.93304 0.00447
2460141.54413710  12.92159 0.00391
2460142.51960280  12.77471 0.00355
2460142.54071770  12.92234 0.00428
2460142.59018910  12.97135 0.00346
2460148.33883070  12.87556 0.00261
2460148.51511160  12.78812 0.00382
2460150.54509540  12.92346 0.00642
2460154.49469140  12.96159 0.00419
2460160.29978680  12.95596 0.00643
2460160.46396400  12.91892 0.00447
2460161.25285980  12.89083 0.00324
2460170.22623400  12.92250 0.00304
2460171.23666980  12.87153 0.00252
2460172.21961420  12.84687 0.00353
2460184.23574910  12.91797 0.00498
2460189.22416070  12.91437 0.00316
2460191.21972480  12.86391 0.00366
2460259.84503070  12.84834 0.00339
2460261.84271180  12.90184 0.00402
2460266.83329380  12.98109 0.00523
2460268.82303250  12.85525 0.00415
2460270.82914920  12.90255 0.00324
2460272.55863580  12.85258 0.00344
2460274.85542890  12.86331 0.00489
2460275.81431530  12.87137 0.01105
2460276.81121030  12.89440 0.00841
2460278.80985390  12.82528 0.00669
2460283.84181050  12.87160 0.00386
2460285.54101910  12.96650 0.00538
2460288.77045720  12.83271 0.00538
2460288.81861310  12.89933 0.00192
2460290.53865110  12.96256 0.00559
2460291.76702580  12.94327 0.00438
2460296.50517530  12.87816 0.00396
2460297.49804940  12.90688 0.00319
2460299.74338980  12.90514 0.00338
2460300.59039200  12.87700 0.00581
2460301.53053900  12.89964 0.00347
2460301.59019300  12.98474 0.00409
2460304.57387760  12.87480 0.00574
2460305.74444610  12.94418 0.01035
2460310.74188120  12.89143 0.00551
2460311.71475260  12.88460 0.00476
2460311.76390260  12.93268 0.00344
2460313.69808840  12.93649 0.00403
2460314.54765230  12.91327 0.00500
2460315.59273330  12.82455 0.00389
2460316.75712980  12.95611 0.00334
2460317.84396780  12.93560 0.00298
2460319.74667720  12.87195 0.00295
2460321.79010610  12.93042 0.00239
2460322.45716480  12.92370 0.00318
2460322.79767370  12.90653 0.00206
2460322.83880030  12.84964 0.00351
2460324.44533580  12.99040 0.00338
2460324.78978500  12.85574 0.00214
2460324.84059190  12.91658 0.00335
2460325.44635970  12.91961 0.00270
2460325.80139230  12.86467 0.00239
2460326.80123820  12.92421 0.00247
2460326.87722320  12.86993 0.01670
2460327.45345850  12.84523 0.00444
2460327.80093290  12.93847 0.00254
2460327.87783250  12.88418 0.01413
2460328.43170210  12.96925 0.00335
2460328.81139590  12.94238 0.00275
2460329.43861780  12.98068 0.00484
2460329.79760150  12.86263 0.00353
2460330.45493170  12.91588 0.00419
2460330.82347620  12.87161 0.00337
2460331.74253770  12.95201 0.00403
2460331.81174140  12.86498 0.00388
2460332.75720380  12.95963 0.00464
2460332.82088870  12.89231 0.00327
2460333.46679630  12.96337 0.01363
2460333.79917770  12.93789 0.00804
2460334.48579320  12.99341 0.00664
2460337.50177410  12.93145 0.00663
2460340.82324040  12.88702 0.00470
2460341.81555680  12.85169 0.00303
2460359.39247000  12.88547 0.00281
2460360.42929770  12.93240 0.00379
2460367.47754290  12.96569 0.00458
2460369.77346640  12.91492 0.00623
2460369.79341790  12.95710 0.00434
2460370.72351040  12.86844 0.00328
2460370.76492690  12.82891 0.00476
2460371.82372580  12.86413 0.00431
2460371.84779130  12.91152 0.00268
2460372.83488200  12.86216 0.00330
2460372.84536110  12.83728 0.00478
2460373.65567750  12.84897 0.00340
2460373.84836940  12.86235 0.00269
2460374.67715660  12.83863 0.00367
2460374.83610460  12.95076 0.00306
2460375.81678690  12.88336 0.00190
2460376.77684990  12.86523 0.00221
2460376.84590150  12.93239 0.00368
2460377.75017770  12.91115 0.00217
2460379.80072640  12.93848 0.00273
2460379.83205970  12.87401 0.00404
2460380.83856300  12.90044 0.00193
2460381.79472290  12.87219 0.00209
2460382.81071740  12.83040 0.00284
2460385.72466160  12.82931 0.00298
2460386.56186580  12.86073 0.00387
2460386.58996510  12.87143 0.00224
2460386.78803620  12.84685 0.00306
2460387.61405480  12.83825 0.00255
2460388.62074550  12.82421 0.00443
2460388.63972070  12.84017 0.00349
2460388.80562210  12.92246 0.00340
2460388.86606140  12.84508 0.00363
2460389.57227740  12.91509 0.00464
2460389.82737870  12.92101 0.00320
2460390.62561510  12.95669 0.00840
2460390.82282090  12.93503 0.00306
2460395.63279350  12.93398 0.00714
2460400.62675710  12.94605 0.00411
2460400.76514530  12.91195 0.00362
2460400.81439990  12.95689 0.00550
2460401.62557130  12.92020 0.00423
2460401.79628810  12.89615 0.00298
2460402.62857080  12.88966 0.00249
2460402.80092230  12.84861 0.00271
2460403.63554450  12.86045 0.00258
2460403.64683480  12.85241 0.00252
2460403.83076640  12.86786 0.00317
2460404.78120130  12.94601 0.00294
2460404.80399550  12.95103 0.00390
2460405.78749370  12.94183 0.00275
2460405.79310410  12.91250 0.00334
2460406.77947110  12.87269 0.00208
2460406.78578990  12.86391 0.00297
2460409.75578620  12.91647 0.00226
2460409.77832160  12.94490 0.00402
2460410.75510160  12.90333 0.00207
2460411.77541340  12.90183 0.00270
2460411.78108250  12.89500 0.00330
2460416.50629800  12.88232 0.00205
2460416.55898550  12.81253 0.00345
2460417.78210020  12.85276 0.00488
2460418.72093660  12.95052 0.00346
2460418.73960070  12.94097 0.00385
2460419.76946620  12.94256 0.00336
2460419.77323350  12.96922 0.00426
2460420.77257970  12.95665 0.00385
2460423.76696250  12.89977 0.00640
2460424.63340470  12.84862 0.00632
2460425.67971170  12.80331 0.00549
2460428.56817370  12.82341 0.00440
2460430.23560820  12.81163 0.00277
2460430.48582590  12.88127 0.00660
2460432.23743390  12.92442 0.00275
2460432.61539580  12.89305 0.00302
2460433.52770740  12.84742 0.00417
2460433.63759790  12.85500 0.00299
2460435.50077090  12.89121 0.00240
2460436.66946070  12.85854 0.00290
2460436.77052970  12.90018 0.00286
2460437.66226310  12.94663 0.00363
2460439.23853700  12.86960 0.00216
2460442.20302710  12.97274 0.00544
2460442.70181620  12.89176 0.00293
2460445.47278880  12.89450 0.00437
2460446.75502220  12.89701 0.00226
2460447.54947370  12.83124 0.00405
2460448.62020120  12.90273 0.00356
2460448.63523730  12.86766 0.00374
2460449.60427170  12.87568 0.00367
2460450.25933970  12.88155 0.00866
2460452.37399440  12.93227 0.00889
2460457.57635550  12.88926 0.00473
2460457.60521970  12.92020 0.00375
