2458223.9352413	15.335732846652764	0.0124308666408201
2458224.924572	15.574839346634214	0.0254410137100798
2458228.9119492	15.319095414646352	0.0150505646231983
2458229.908712	15.298433045142168	0.0158505343166196
2458256.8667664	15.29606155602108	0.0166280218116146
2458262.8205217	15.297105739999964	0.0230080439991315
2458264.8048729	15.284036490803617	0.0336408441439421
2458265.8221959	15.601377485285669	0.0630081399609932
2458282.7832789	15.357639966412664	0.0130396731459894
2458283.5273653	15.549824901672828	0.0222865574923815
2458283.8204636	15.48050248033662	0.0212125680500517
2458290.8807188	15.315191581496094	0.0186051219767414
2458292.8470218	15.03808828800082	0.0183834852226721
2458301.5597207	15.113925690888896	0.0217396549906957
2458304.8812423	15.335578401087824	0.0214173096230882
2458316.4948578	15.09711961830396	0.0190634886727869
2458318.801994	15.524614709581058	0.0264455249808864
2458329.7238387	15.38062292829399	0.0578132157662357
2458335.7061695	15.28708763315244	0.0148728487759339
2458336.7388681	15.236527917223777	0.0173789668364619
2458339.6703263	15.300492328953576	0.0174156459819569
2458349.7042852	15.528965960276697	0.0218130841513149
2458355.5530652	15.348715697806217	0.0361305070423825
2458356.6311105	15.147578377627244	0.0470618451450576
2458358.5354061	14.915852995968988	0.0252422388251423
2458359.5370431	15.173228056109313	0.0310921874184795
2458372.5552706	15.082796533724936	0.0178746471193484
2458373.6955328	15.324335592193473	0.0137738008822555
2458374.6914449	15.328211103921756	0.0105247846135642
2458382.4966843	15.451923025379743	0.026799230893175
2458383.6151521	15.096734342559923	0.0255157210070685
2458385.5560193	15.016619997266766	0.0224857423131617
2458386.6185441	15.2336460780034	0.0329019586363302
2458389.6438826	15.285846775427183	0.0260937384749045
2458392.6550538	15.350388720605316	0.0169116868915394
2458394.6469494	15.280030088750838	0.0115085089808142
2458395.6456036	15.384411498277617	0.0178440436842185
2458399.6175333	15.291610652977866	0.013779148288535
2458401.6153434	15.298678119987288	0.0129849168278535
2458404.5558604	15.43916665285306	0.0193705990487655
2458417.5168723	15.209469496126	0.0236383206284593
2458419.5159579	15.45814937953696	0.0177564895722556
2458423.5016325	15.636367850351318	0.0419698956544752
2458535.890502	15.246654486911757	0.052484676320296
2458538.8843881	15.55566548465122	0.0381909713700916
2458547.8847819	14.811664615040224	0.0250875511660117
2458548.8965663	15.14307389213185	0.0236028041939298
2458550.8859489	15.298251300440334	0.0262365618945932
2458551.8958201	15.366428243979229	0.0383092613273781
2458552.8881159	15.560308171838455	0.0209062917879266
2458553.8589114	15.513237349877166	0.023912102771935
2458554.8620314	15.642683976662898	0.0291984908319346
2458555.8533052	15.659360144058184	0.0397140267149319
2458556.8525011	15.629458552254082	0.0291357142670339
2458557.8476571	15.745172700125456	0.042393849151818
2458558.846719	15.665665419428034	0.0285789042596987
2458561.8480961	15.014698828827813	0.020727211597237
2458562.8350444	14.560291114530532	0.0296898464925535
2458568.8575846	15.629759204193444	0.038777154196795
2458573.8014889	15.591447581548582	0.0340074912765662
2458574.7952598	15.62736201830286	0.0288966672836421
2458575.8435735	15.339908581180811	0.0209428166743241
2458575.983834	15.294790957128066	0.0163481856411354
2458577.5303511	15.4145032486459	0.0194031005753765
2458578.120935	15.51243123898124	0.0231602961362656
2458579.1321778	15.442659115032448	0.0221734188697543
2458580.7839892	15.267504957196856	0.0243196704569109
2458581.1016482	15.48860980697464	0.0187519195368562
2458582.7810837	15.271917022930204	0.0320262002338568
2458582.939231	15.193214404760791	0.0213134662754031
2458583.7749998	15.376781289443333	0.0215914090038035
2458584.7623071	15.376312875436582	0.0184006653259781
2458585.7694674	15.509577693726726	0.0188977493038851
2458588.7585121	15.610409640399345	0.0362999758959264
2458589.7567706	15.54763768789753	0.0326509976405127
2458591.8178908	15.10796416155724	0.04399267694911
2458591.9257264	15.204933099526718	0.0342705173064461
2458593.8445036	15.114422667338964	0.0329130306703379
2458594.8749672	15.292506687908514	0.0289907396964487
2458596.084845	15.544838767335534	0.0462433270096795
2458600.8674172	15.664963384150086	0.0381775688337547
2458602.6376776	15.438572167358682	0.0298971548911596
2458602.9131094	15.308498860898872	0.0157172262193922
2458605.9427967	15.2900667453372	0.0147690907089767
2458606.513496	15.51753352832906	0.0208097239355348
2458608.7703811	15.009611858858795	0.0217734368181191
2458611.0673718	15.573370604568003	0.0219522763898274
2458612.8492954	15.587951663382428	0.0250860996355625
2458613.8676236	15.672241570063068	0.036669743757385
2458614.8115729	15.557544062342789	0.022165030040116
2458615.6793786	15.496022888179985	0.0214803584176622
2458616.5079169	15.089792797221072	0.0159407693209726
2458617.8487079	15.461127357942695	0.0333935801448819
2458618.6748061	15.723476474322304	0.0384314453888646
2458619.6663859	15.611644424594775	0.0507506291305166
2458620.6926244	15.575469687996852	0.0430825397502593
2458620.8162278	14.844148451221796	0.0202933205570483
2458621.7222374	15.277239852042891	0.0440565987589966
2458627.9793364	15.514286546873826	0.0351164366069023
2458630.9723203	14.790000168889172	0.0148074368773269
2458632.8188723	15.465537747159113	0.0257965094755717
2458634.9621829	15.312480640035378	0.0136844753160852
2458637.5161411	15.515921524013496	0.0180686292043911
2458638.6847579	14.889540030183168	0.0189670439273846
2458642.4133356	15.581051837232684	0.0243683087090165
2458642.7916667	15.27029541257318	0.0167816697652916
2458643.7819581	15.297708022695195	0.0179358004605553
2458644.6039107	15.336186002239163	0.0225879700633954
2458645.3685949	15.501819062442108	0.0330151326151872
2458646.6059247	15.473598936543514	0.023803747662871
2458647.9261761	15.224033356145082	0.0288408775041719
2458650.675662	15.50204096663026	0.0402175831286909
2458657.7322639	15.384047244348045	0.0316550462555044
2458657.9201815	15.45461941822544	0.0370738672886412
2458659.9405763	15.090682330773635	0.0126307420461871
2458661.4866845	15.25654095377989	0.0134961818786624
2458662.9449713	15.214917085993058	0.0110657074101902
2458667.7768843	15.194029453720084	0.0202242424540894
2458668.8617886	15.53393132956636	0.021290167833483
2458669.8371733	15.455697947075803	0.0260250468473409
2458670.9273518	15.413147278450008	0.014162030806451
2458671.9351055	15.41008747179193	0.0219971367931694
2458673.263094	15.532645879641445	0.0237311676910806
2458674.8703896	15.031034555335117	0.0167974680450533
2458675.8746626	14.915554230503352	0.0190801459769404
2458676.5433998	15.515646798684964	0.0291959551462253
2458677.8588622	14.997954083094756	0.0289819333093876
2458683.7264326	15.334067464287244	0.0303369858059535
2458684.8036295	15.623495843827572	0.0450012979698406
2458685.7538897	15.420606699722958	0.0322552120900094
2458686.8038547	15.296736259377894	0.0327954281737086
2458688.7970125	15.314647005508023	0.0208112850345009
2458689.7143029	15.511454322690126	0.0271581692543604
2458690.4048973	14.968661464217654	0.0192561296068632
2458690.7542477	15.281951606382368	0.0182286886590848
2458690.8551166	14.727483376689804	0.013534292929979
2458691.4146313	15.228509985491856	0.0185447552565057
2458691.8736571	15.007878728067157	0.0130618587462148
2458693.4774172	15.56422014832772	0.0446315472699965
2458693.8732823	15.32629471120147	0.0132478105972174
2458694.7631552	15.297805245991253	0.0146789024521838
2458698.4753008	15.586770882191662	0.0303302797991156
2458698.6293231	15.037309939127862	0.0231431609331758
2458698.75202	15.295948091228963	0.0150314132012336
2458699.2941882	15.632701453186854	0.0269172733223154
2458699.761009	15.601249154249468	0.020768587474568
2458699.8516803	15.593946388906373	0.0237772993466017
2458700.2825286	15.71521048420813	0.0357322048093475
2458700.8295665	15.53315394242469	0.0217847530284263
2458702.2477179	15.56317331851287	0.0378348117917295
2458702.711228	15.587982439050572	0.028272029936743
2458703.8062628	15.338450515959828	0.0191696726224613
2458704.7682122	15.541470101115088	0.0250497162002085
2458704.8051152	15.308706951340636	0.0209753143170449
2458705.3221759	14.799354535103864	0.0264725947880562
2458705.4768683	15.367044792996902	0.0280282131988215
2458716.4592615	15.168046324098658	0.0245256909221433
2458726.7159335	15.253706869492548	0.0191743460440575
2458740.5384916	15.452835264382635	0.0379970254821701
2458741.6011142	15.117576583389598	0.0331023190245892
2458742.6209223	15.058929195770578	0.038207513882948
2458743.390873	15.499607744951303	0.0576477228281875
2458743.5687149	15.13078125103172	0.0283972587490625
2458772.5482757	14.938884003888749	0.0287774444476618
2458772.565512	15.248229654552022	0.0308764778966879
2458776.5583421	15.524665760760213	0.0203445061420517
2458777.53624	15.352893084578684	0.0332274456032458
2458781.5195422	15.535103143287042	0.0244931763507867
2458783.5191504	15.519040388058391	0.0386096094618933
2458785.5614796	15.318473508168168	0.0154217685693745
2458786.2527609	15.425453608741307	0.0229089400205436
2458786.5610996	15.359181232460568	0.0193311496111347
2458787.2492382	15.486095858671668	0.0371923735344129
2458792.5509686	15.482171531905752	0.0368049483069616
2458921.5927263	15.382749226861684	0.0393163434340917
2458928.5737023	15.255991349765631	0.0175755385303663
2458943.112492	15.175272160316169	0.0126644153764173
2458957.0733192	14.927589397148282	0.0145712948724183
2458958.943032	15.236563748477518	0.0276039716468277
2458960.0763305	15.35717276743646	0.0133769424906423
2458971.0579588	14.91378749458557	0.0123907835045655
2458978.5143861	15.72361814629147	0.0949113271999607
2458984.0085005	15.50535432730328	0.0254969246791965
2458986.5539354	15.057260528241208	0.0218560146539469
2458988.0078732	14.939464725551709	0.0132873426482839
2458990.8786393	15.30943559204388	0.0192254591086958
2458993.822618	15.322132147582296	0.0163181367548968
2458998.9772514	15.443283184179844	0.0173246829973998
2459000.9656223	15.280167366220155	0.0168004674339884
2459010.9389741	15.41455503465412	0.0286752015988643
2459014.9299076	15.401691875102175	0.01621622387386
2459016.9855401	15.18427858213174	0.0107328676263293
2459018.8704389	15.294417006107428	0.0120560005712062
2459025.7354246	15.275757326931494	0.0249160091176149
2459028.8946616	15.510294178920727	0.0263028644467651
2459031.3619994	15.158279309057896	0.0253656560122173
2459039.8945583	15.47116067246444	0.0269315224033574
2459040.8106148	15.55078886593975	0.0412239624276953
2459042.7833592	15.363621914047618	0.0240774784264203
2459048.53636	15.508749831621165	0.0187825440134594
2459050.8977362	15.232682905120043	0.0102570913636238
2459054.4761411	15.601602644230478	0.0256291969954677
2459066.8538999	15.21767402473024	0.0319917714367271
2459073.7652952	15.38944867746273	0.0152159652724216
2459074.7743501	15.302945658142592	0.0110992534807915
2459075.7854463	15.39132896158254	0.0175030514631063
2459078.8040663	15.093491177486264	0.0121038765085438
2459083.7973382	15.41002972585556	0.018309502049645
2459084.76171	15.356235450497188	0.0151145741620255
2459085.723236	15.24056696282616	0.0248453062888552
2459088.2903525	15.544088264734391	0.0314803805356161
2459098.7620642	15.479351462332996	0.0222140352853967
2459101.7614284	15.506929378117404	0.0191834192190386
2459104.734366	15.451775836055964	0.0170885216711438
2459108.7328443	14.84593716026824	0.0149003897893914
2459126.6422333	14.920332602386008	0.0351194687662055
2459129.621162	15.254654089941402	0.0149588816428753
2459130.640344	15.31402323780692	0.0173531946619729
2459131.6278838	15.268415402394533	0.0220556005421468
2459134.291316	15.327668732930146	0.0159292358066338
2459136.6505061	15.22984523291649	0.016156334044339
2459139.629819	15.008112103804852	0.0227255150675094
2459140.6022436	15.359711167850262	0.0130715851284382
2459147.5135267	15.379340249372946	0.0235867191312754
2459149.502895	15.45279202975578	0.0372288273831543
2459155.4987719	15.536728653198642	0.0521008076906453
2459268.6264626	14.99109282442505	0.0203991777342936
2459269.8774138	15.617522350529882	0.0269875282426047
2459272.8712033	15.625528682527502	0.0602148585099407
2459273.8716065	15.622796853757649	0.0532013931654026
2459274.8659066	15.228541734970367	0.0297347369487733
2459277.6364787	15.414933547518736	0.0334656702470552
2459278.8953336	15.330946210525372	0.029123497479759
2459285.8305863	15.535995940260928	0.0211500744935165
2459287.8184179	15.48445673002086	0.0199038371402041
2459291.5869951	15.45072439470304	0.017179618546184
2459293.819025	15.228009235168711	0.013314207934098
2459294.8579441	15.403635256169885	0.0187534225477543
2459295.8112474	15.447662020328202	0.0147523515655904
2459295.9072684	15.435386651304544	0.0176459513899718
2459296.810363	15.389680734451057	0.0211694023860194
2459298.792691	15.529155491124875	0.0240270299032266
2459301.8474608	15.496831137788355	0.0598997459900188
2459301.9064291	15.17922299816736	0.0271586693491835
2459305.7775252	14.97404683825892	0.0394626159357541
2459306.8288175	15.17648313328361	0.0351745262058455
2459310.7542894	15.414363262118671	0.0200697577375887
2459311.9127194	15.543834713767025	0.0276608267025697
2459312.9418388	15.304913444979082	0.013684183999517
2459313.7498968	15.547249078905176	0.0265401643838433
2459314.7609106	15.50251698074965	0.0259300286528363
2459314.7863789	15.590392400728268	0.0263816658686265
2459315.7478584	15.534863100405424	0.018573582503253
2459315.7490885	15.512356154408026	0.0271625375182366
2459315.8627096	15.620456879160834	0.0259710755814548
2459315.8639838	15.624665096957877	0.035711295988293
2459315.9330097	15.283162915406148	0.0207142768831183
2459315.9342619	14.905711177407884	0.0246581481918587
2459316.7494237	15.180897479413026	0.0129181558084874
2459316.7820182	15.58480005934272	0.0288853984966449
2459316.9608697	15.323231722307971	0.0145604366938065
2459317.8349568	15.38494118394228	0.0135779917262365
2459317.8362506	15.311612142524051	0.027587927425135
2459318.510446	15.451484071713883	0.0209761551144744
2459321.5148947	15.53522432512769	0.0197557915727029
2459322.8766101	15.441407060681527	0.0116461708188466
2459322.8778852	15.428090173535402	0.0271915963489677
2459323.4737199	15.485154301707071	0.0213956868889469
2459323.7856421	15.2744721019778	0.0132698497149126
2459323.8605585	15.47727845867178	0.0164181776533512
2459323.8618394	15.45838632717414	0.0182931116329336
2459325.5251325	15.470199998549656	0.0223994624538637
2459328.9209432	15.50301273644538	0.0273424131456124
2459328.9221803	15.46927186522476	0.0333619916036335
2459330.7029152	15.603898276955384	0.0261679261889201
2459330.704187	15.554826456053934	0.0254126808521983
2459330.863009	15.456317284133888	0.0381861224504419
2459332.7080278	15.595174325811582	0.0485011701567549
2459338.8559499	15.453379963110166	0.0291030855665354
2459340.9289416	15.58219049013388	0.0304402300551727
2459344.4161331	15.212442849014462	0.0136702166635874
2459345.8031147	15.459429619412512	0.0210162826862316
2459346.709956	15.56021843712466	0.0202754765892661
2459349.6519619	15.509639611667378	0.0222467535925223
2459351.4015125	15.418934755332582	0.0131587138556821
2459351.6749948	15.283380371873337	0.0179447353645039
2459351.7132032	15.16022464722807	0.0143554863532952
2459351.8277513	15.315323418105152	0.0209278103219822
2459352.7788388	15.25459426484238	0.0201359690062762
2459353.8973697	15.344521361575383	0.0142840231850076
2459356.0268104	14.976197804559249	0.0171830918529953
2459357.8437568	15.455655783073857	0.0296385347262054
2459359.8753463	15.184162376979538	0.0263577433125974
2459365.6129222	15.390981860743311	0.0153651441163566
2459365.6618498	15.144967677571472	0.0171775952737026
2459365.9576041	15.326146157485269	0.0221314775339635
2459366.7300847	15.138438332855715	0.023123393069328
2459371.3881932	15.555198142836693	0.0196959842016629
2459371.8838104	15.571616133837134	0.0167883050690923
2459372.5900514	15.45763727239448	0.0132472759705766
2459372.7284359	15.512798599144542	0.0189054276054931
2459372.7816741	15.278015555596888	0.0117011666388202
2459372.9757894	14.8706099108424	0.0130195762486101
2459374.8239349	15.32909239063499	0.0113258183135779
2459376.5080109	15.43736847070736	0.0143082607000206
2459377.6602059	15.4754581604853	0.0150478708134611
2459378.8837862	15.346032889142156	0.0176082931422637
2459379.5678348	15.115995914287652	0.0135779094079134
2459379.8537052	15.34880959613453	0.0208139460417396
2459379.9921445	15.510677146970703	0.0180626947281244
2459382.9563117	15.530060709412188	0.0199999886549389
2459384.9063402	15.401597715560158	0.0226801169593655
2459386.3917525	15.208601055614924	0.0176988595496291
2459386.5540465	15.342012709749447	0.0163480636498157
2459386.8508519	15.605933946571373	0.02340449356422
2459387.83919	15.605527800371847	0.0382550908933314
2459393.5309618	15.375543583149527	0.0136279869726742
2459393.5806106	15.200300419484147	0.0198032962257807
2459394.6042083	15.54413886889026	0.0283329935854391
2459396.6622219	15.020106827723811	0.0175881161495877
2459398.8892173	15.452919142628	0.0146624910260575
2459399.8498268	15.5190166328636	0.0290035583367389
2459400.5609642	15.29088277981219	0.0176261870908334
2459400.7969044	15.27736490594794	0.0154801897817258
2459401.6627688	15.454569642776155	0.0139840577201703
2459402.9157307	14.875579854542108	0.013241119531244
2459404.8799058	15.338246095795444	0.0204029765906078
2459405.8082272	15.044111558876924	0.0189825514275625
2459407.5879532	15.311031803408069	0.0124486296943553
2459407.669147	15.251924758942678	0.0136381121138574
2459408.6197915	15.502561338769343	0.0239913970570245
2459409.7341364	15.197227169875593	0.0158868826418678
2459411.8302745	15.34136308119659	0.0144799781420622
2459412.7147932	15.340346205477598	0.0126688589737535
2459412.8023018	15.552929924975022	0.0254784027782884
2459413.7193524	15.429988851401246	0.0236278726014924
2459413.934164	15.403974377553222	0.0352033067586405
2459414.6511484	15.23261274954783	0.0224125872557757
2459421.3667158	15.48905558353227	0.0836709628438551
2459421.5437598	15.57059907506278	0.0351200943015859
2459421.5780458	15.282831973867593	0.0185335171737051
2459422.7091717	15.074048682846891	0.0243798828758091
2459423.7548718	15.290238749693408	0.019853515147645
2459427.3899919	15.442164989110408	0.0255913247476058
2459428.5164742	15.325006417054416	0.0117315986631707
2459428.6325975	15.373190159858767	0.0105417547453006
2459428.8014967	15.464019095796228	0.0163800934459632
2459429.6769673	15.513534388025413	0.0207152081483164
2459430.6672617	15.53767988332539	0.0169631558419525
2459431.6352049	15.441913258141994	0.0154182464710422
2459432.5710892	15.437768445834289	0.0164568438774004
2459433.3741902	15.106743060089975	0.0193453150681908
2459434.3655926	15.148753991250413	0.0149920364919548
2459435.5416369	15.31358750501406	0.0106522264188517
2459435.64439	15.590362186328727	0.0212412098112362
2459442.2788158	15.506696009053456	0.0288799110776935
2459449.2188309	15.39729290756842	0.0614164757239076
2459449.5412857	15.415554388351076	0.0269089505164021
2459453.7761893	15.304342092352632	0.0105819652247821
2459454.7376133	15.562095301328496	0.0879588621028832
2459455.5737726	14.929486242079484	0.0167891132291315
2459456.5375623	15.071372945170584	0.015765516873226
2459456.5988984	15.211559233713125	0.0171087181134748
2459456.773962	15.460936260258515	0.0178847059388147
2459460.573413	15.421226720776229	0.018609032259588
2459461.6041421	15.537939883634742	0.02625647439415
2459462.5664117	15.49522462650052	0.0198217649180713
2459463.5751644	15.636979270629162	0.0235202226098709
2459463.7279536	15.276586719776663	0.0242945631666241
2459465.5140576	15.534564021773654	0.0188433946642355
2459468.7277283	15.241913997837717	0.0148381791486968
2459470.4899498	15.313735100704465	0.0141901590473224
2459470.6644284	15.24496857007418	0.0240939784129279
2459475.4836304	15.130688886627992	0.0332606986853794
2459477.3852891	15.07842897130795	0.0471450110161778
2459477.4965439	15.54143557446694	0.0251429881721789
2459478.5092942	15.480276558944947	0.0400154467252218
2459480.6651696	15.498360361877864	0.081864462831912
2459483.3617928	15.42465055319916	0.0235730830754166
2459484.5229187	15.389978570716329	0.0163824741297334
2459485.5615859	15.13010484105938	0.016352006463292
2459486.6483336	15.35629524235976	0.017013530197717
2459487.6516511	15.360010120664365	0.0164491314337562
2459489.5054274	15.347268595206598	0.0153581408026873
2459490.5200621	15.400290343783643	0.0187095716316342
2459491.4903709	15.38362172093327	0.0198131707475603
2459491.5904322	15.57221948246951	0.0211545013705791
2459492.5668613	15.410198473118514	0.0185737892840013
2459494.2909002	15.159159481353084	0.0166703247232427
2459495.6317143	15.356989673504756	0.0220866130763705
2459497.3132122	15.454618866847396	0.022228014368696
2459503.5566917	15.535463505944948	0.0480028915951092
2459503.5897223	15.575520326324575	0.1224614325463209
2459504.549931	15.421042297926393	0.042231954272434
2459505.4935335	15.429220150608964	0.0366045869275542
2459506.2839216	14.896228265555678	0.0285429926847005
2459507.5954257	15.749575186591551	99.999
2459508.5373866	15.543145993749985	0.0441418110965233
2459509.5376794	15.632718641800354	0.0453473897518564
2459510.5908884	15.214269525544813	0.0815601024252386
2459511.516129	15.559341811460836	0.0182822314357927
2459512.5258452	15.01405338933765	0.0180137455278709
2459514.5204602	14.963422985315107	0.0170565742166186
2459515.5194669	15.186496607799702	0.0194056505273525
2459516.5189242	15.275029920628771	0.0219399977056009
2459518.5617372	15.294689738057343	0.0162371920667328
2459519.2581018	15.496320872008196	0.0296969348359769
2459523.5475157	15.64098903497229	0.0362179077505751
2459529.5387552	15.12888175627396	0.0652410783980994
2459530.538388	15.126398316539207	0.0938513174780972
2459624.8887818	15.493062077898738	0.0618782168539667
2459633.6273003	15.539010868614092	0.0523631662482982
2459634.8616718	15.144994386212808	0.0255479622912752
2459638.868403	15.430984055067892	0.026739057841325
2459641.9031794	15.535973257104311	0.0502992219036502
2459642.888947	15.5561951181553	0.0233840293972716
2459646.8462781	14.764872572324526	0.0177379166984114
2459649.0079303	15.300693926554318	0.0390604285008555
2459650.8260305	15.283544397673364	0.0191777044646612
2459650.8747338	15.454501170833655	0.017559805533598
2459650.8760264	15.455613034632428	0.0226420734372007
2459651.9977729	15.298668151813162	0.0156292150257562
2459651.9990263	15.65165339136756	0.0575944467903886
2459654.8286519	15.63153970125346	0.0513405494528872
2459655.8705622	15.60094602727052	0.0355858520232249
2459659.5585476	15.232275731999408	0.0587618723566824
2459666.1407875	15.396488043848786	0.0239788453508946
2459667.5398587	15.611951689640648	0.0368909451684946
2459668.8730551	15.556675866201084	0.0189585289151735
2459671.7842887	15.587381179283032	0.0229833309776584
2459676.8043556	15.163619879678691	0.0158979920281263
2459677.9090459	15.328077303001796	0.01602002274473
2459677.9630689	15.482126455637218	0.0426719667491344
2459679.9845126	15.513677149656722	0.0566842729622738
2459681.5622259	15.579305859255628	0.0368622020490652
2459681.9310574	15.391746617988131	0.0358837555144022
2459684.7280501	15.498227016895164	0.0481970263465375
2459687.9415907	15.356998482549349	0.0372163352174085
2459693.8566947	15.32186914147583	0.0175029310491648
2459694.7073355	15.082841169767134	0.016433168172042
2459694.778014	15.200502062332635	0.0185467234204264
2459697.5806235	15.286337720983155	0.0280914799187567
2459697.5831155	15.218111825672944	0.0218432335605003
2459699.0612624	15.031912967255352	0.013367756988258
2459701.6121766	15.32886417668767	0.0173082552015009
2459702.8135864	15.571666843690588	0.0192781870104139
2459704.5496527	15.417733566516898	0.0186497150248737
2459706.8174404	15.127358274115076	0.0182535451648873
2459708.8580635	15.387970850376798	0.0238773727350298
2459710.0383936	15.466148348818114	0.0163617808236422
2459710.0541996	15.419688096823894	0.020864926746662
2459710.0554641	15.50177466790906	0.0230198486752019
2459711.9412242	15.258066950966382	0.0161958375994229
2459711.9425125	15.468167422323214	0.0493521495024429
2459711.9437991	15.19480495360629	0.0354947532799533
2459713.8781672	15.420885160401198	0.0692165941079427
2459714.6521012	15.35188967213708	0.0908041326073989
2459721.0321279	15.453827916906688	0.0315907565335226
2459721.6611195	15.630847152413857	0.0257814714977015
2459723.9924541	15.469630170898906	0.0176812546060505
2459725.8217874	15.26616539769826	0.0298363752491421
2459726.8738573	15.61479879244109	0.0267228635692903
2459729.8369125	15.356147875580284	0.0142380015203615
2459732.78419	15.27477077904354	0.0156422524602128
2459736.4660525	15.504182573350825	0.0202026617840907
2459737.7802255	15.350613465661311	0.0232727648141064
2459738.703668	15.303611862840484	0.0110230219187116
2459738.7471325	15.361717424997469	0.0102982962436382
2459739.8117548	15.471114474913945	0.01585172482808
2459750.9024699	15.331458786605236	0.0129974671308221
2459753.79811	15.287097442735408	0.0137086150772917
2459754.9204742	15.302706336037462	0.0145558356657568
2459756.7605485	15.456231123159831	0.020268904668502
2459758.5840801	15.341113646599997	0.011216192225155
2459759.8104469	15.524060551197334	0.0192606900998622
2459759.8129175	15.46060351284625	0.0234173768682957
2459759.8643564	15.416678290259824	0.01127007206976
2459760.7726772	15.539686244434575	0.0187473210109486
2459761.7884392	15.453502121144762	0.0156109871956934
2459761.8450152	15.356029728203582	0.0147892539146312
2459761.8474956	15.058515476228637	0.0320924675600345
2459763.6622365	15.47140496698081	0.0202777748437048
2459764.7608191	15.17148429790141	0.0137466688593883
2459765.8284066	15.344045582712155	0.0186381644749698
2459765.8296897	15.346930187410567	0.0304678679474674
2459765.843078	15.267599515276713	0.0155818333129009
2459768.3124608	15.372252929197751	0.0283195942063295
2459769.7942465	15.460774402868047	0.0154501099280439
2459776.3710492	15.215647493267678	0.0514041210154069
2459777.2425797	15.308120521038322	0.0191009913045924
2459778.7393837	15.303317419155508	0.0509724301487029
2459780.8219494	15.35854178876033	0.0329576010493965
2459781.8475255	15.3136945394568	0.0405378732252749
2459782.7658299	15.500542205618192	0.0361599003991903
2459785.8577228	15.47909487464562	0.0194319192907183
2459786.6539704	15.4470840678097	0.0155991276159342
2459787.7709812	15.634511820124814	0.0229769797272994
2459788.7558454	15.619602587377956	0.0200599716950439
2459791.8664665	15.09693947208935	0.0118638366744151
2459792.777234	15.34971735946295	0.0145279162492901
2459793.7286527	14.79761302700638	0.0184265335240037
2459793.7299045	15.399470800950333	0.0370582606454039
2459795.690714	15.330040151909936	0.0174365734014443
2459796.6600831	14.98760951873015	0.0166859273561967
2459796.6626623	14.96383731046114	0.0228387361008851
2459799.4626517	15.525810622500206	0.0519610873425659
2459804.8037994	14.976078297872547	0.0405438321732524
2459807.8157758	15.03359299630058	0.0119348973592556
2459811.7421252	15.292993522100652	0.015217188866631
2459813.6085036	15.231690128818574	0.0170316621273852
2459814.7274955	15.516549014879272	0.0168345754712798
2459815.4524692	14.89756477337484	0.0209454296696238
2459816.5337393	15.242947194313905	0.014487802885085
2459818.5173506	15.36125709369983	0.0135287453698544
2459819.4792289	15.338515189807572	0.0229919323067622
2459819.5606334	15.504404689376711	0.016384971359724
2459824.6530989	15.074538453067069	0.0175366053478931
2459830.3974816	15.31733189055082	0.0620693722377804
2459832.4174902	15.033676858800131	0.0712829675296058
2459833.6756668	14.855842454713246	0.1548190706215892
2459834.6411642	15.466522989226856	0.0384830290841126
2459837.725277	15.096547694135069	0.0129286043775354
2459838.6679296	15.384434093713814	0.0235797648890544
2459840.6861342	15.332530831348794	0.0140379934617157
2459842.3761934	15.558955227286004	0.0265578212495089
2459843.5739073	15.251729991939255	0.0156947686731698
2459844.5576087	15.2304701083645	0.0180466509933293
2459845.6418664	15.486384592423384	0.022210609195523
2459846.62297	15.452701846122237	0.0217605787029622
2459847.6720124	15.364376607044749	0.0164340986519505
2459849.3356973	15.058657562861026	0.019213412181756
2459850.565209	15.555853966603902	0.0190342923827296
2459851.5875729	15.478267075460336	0.0168123176534484
2459851.6480074	15.375081084649729	0.0204340145754213
2459852.6025502	15.439437334172132	0.0184761551002357
2459858.59173	15.505420520915198	0.0419158677898146
2459860.2958508	15.357192878756855	0.0479779352719314
2459862.5727373	15.404218888948083	0.0448938129292177
2459863.5473635	15.658356344262645	0.0460976465901292
2459864.5958489	15.563653386817586	99.999
2459865.6425281	15.020322360397218	99.999
2459867.5030359	15.501295051560554	0.0177953292257038
2459868.5578891	15.3780880281927	0.0164497563127443
2459869.5545524	14.62523357749344	0.0161222417249965
2459870.539131	14.699593096763174	0.0174948828753609
2459871.5356941	14.918697574288071	0.0170431738057873
2459872.5362932	15.139620506668557	0.0157340180555871
2459873.5408156	15.345776527022307	0.0171947324310243
2459874.5235977	15.302620947443078	0.0142844010418493
2459877.5292031	15.653990874942576	0.0255375096018717
2459885.5441453	15.342793538725497	0.0422455950163728
2459893.5404967	15.40982653350482	0.048822327817846
2459989.8918403	15.08530363322479	0.0656177648894557
2459998.6289437	15.146850804942096	0.0348538107956257
2459999.8756414	15.659085341553515	0.0315608046086516
2460002.6104167	15.484988295911332	0.0209305691730914
2460003.8765748	14.8525908949236	0.0195258685434689
2460005.8909041	15.37478823463226	0.021068866561741
2460007.8896781	15.500713482897284	0.0230335755016478
2460012.8348676	15.63184969864231	0.072143358350071
2460012.8373484	15.995070100748173	0.1543778885758344
2460021.8131819	15.19385389415308	0.0165797962422227
2460023.5736825	15.504180737622985	0.038751677553992
2460024.9049621	15.56250977939133	0.0250360875746816
2460027.9875164	15.21445997561909	0.0193946369481807
2460029.8420013	15.622187454762244	0.0236988266383333
2460030.8472364	15.532448672382984	0.0199346670994431
2460030.8498298	15.531411567354112	0.0350562289095135
2460032.5646275	15.360491259087802	0.0132353028743409
2460033.8026629	15.269130267064964	0.013887275402973
2460034.8679203	15.337453753575357	0.0187311453336996
2460035.852298	15.292943877470888	0.0141458906440362
2460036.8012301	15.196252298919564	0.0174652056898538
2460036.8316219	15.321351872126144	0.0180138945190265
2460037.8591655	15.439141606747258	0.0147710604264737
2460037.8646163	15.47012142249291	0.0177797994281014
2460040.5682355	15.107168650732968	0.032018876462778
2460043.7560754	15.505083883556988	0.0378446983302665
2460043.7843844	15.574001712209588	0.050676957435103
2460044.7636299	15.69727979449024	0.0522674330478375
2460048.8893542	15.229033625672765	0.0179167913417736
2460049.7612735	15.192192559909856	0.0190321082909102
2460052.9451745	15.582311006731135	0.0294370386156099
2460055.9014088	15.52410012820188	0.0231251275848502
2460058.7326576	15.642022547094196	0.0291176970095389
2460059.0590076	15.305932704162483	0.0132431714727281
2460065.5848625	15.671660408630698	0.0363107268268032
2460066.8624067	15.585037886965155	0.0236977866306424
2460068.9221613	15.686700400446156	0.0288882448867805
2460071.4614847	14.854636044776043	0.0368902064792591
2460077.0629097	15.596688654181916	0.0329384144360816
2460078.0743765	15.561989244893226	0.0261163382446488
2460079.0813181	15.52079218058443	0.022087630954486
2460080.0478042	15.499772202222214	0.0203786373303306
2460080.6563242	14.7247983703487	0.0173851088580248
2460080.7214815	15.114890513474284	0.0169811014353263
2460081.0524568	15.46547512648517	0.0177429541069683
2460081.6596304	15.005472268433104	0.0203550191581989
2460082.6816909	15.278042572337029	0.0179660118182803
2460085.6815061	15.479990247126205	0.0228633898800477
2460086.0079873	14.832250516579808	0.0138583404628135
2460087.0384173	15.155073875046249	0.0126238210557697
2460088.034839	15.235222976878775	0.0204283729589878
2460088.391014	14.85845094011632	0.0188605035443132
2460088.7116858	15.58307765057245	0.026875978344551
2460089.0353492	15.279843385487837	0.0125859072466244
2460089.6950013	15.59724414094534	0.0225549348950745
2460090.9765279	15.305525260899406	0.0113237311891263
2460091.6583859	15.59322103990666	0.0254071469332127
2460091.9726082	15.336369401778557	0.0265250848889049
2460092.3769533	15.179623811080226	0.021846930432004
2460092.9873773	15.455184436035198	0.0240459392802687
2460093.3722919	15.36434472027466	0.0258469397301921
2460093.9692296	15.414359742907592	0.0253927030988863
2460096.6711622	15.252656168759255	0.0283266555448486
2460097.6411714	15.217234700669168	0.0889120042231628
2460098.6370584	15.388398367358969	0.0680620571001755
2460103.9982194	15.21562863411758	0.0257113612177169
2460104.9946334	15.223504352192068	0.0203402867211599
2460105.9996485	15.358109826763084	0.0204800808158439
2460110.9213976	15.3722575431021	0.0153127857881851
2460112.9794675	15.392007589940633	0.0206526670571297
2460114.846471	15.569567377736416	0.0240475896225722
2460118.9146134	15.056778943697664	0.0139998396791054
2460121.5472184	15.585553909352166	0.0490832023390924
2460123.5553635	15.576416531489592	0.0239326395692505
2460125.5894495	14.925038857813163	0.0423119627259025
2460130.7770985	15.634863070588338	0.0639600343290354
2460132.3651402	14.75657162610677	0.0842681610064977
2460135.8864901	15.372848969330152	0.02391697927447
2460139.8337714	15.628349782735684	0.0233868145934505
2460141.5813199	15.09608377941117	0.0157018951165962
2460141.5930542	15.172312503799445	0.017579574330688
2460150.8571351	15.28938772156124	0.0124663628530197
2460154.8556628	15.439825695073246	0.0367297920316703
2460161.8409678	14.84207758364182	0.019007506282582
2460163.8770489	15.152576007393698	0.0138391127313693
2460179.7632046	15.04532891143166	0.0179863512230998
2460187.7392886	15.621814910004282	0.0487714092721164
2460192.7548225	14.804950960896283	0.0135003022728869
2460194.7422015	15.134511766816344	0.0141292056585337
2460195.7377518	15.157355443588632	0.0145918739858691
2460201.7195924	15.386521102673791	0.0343674002243371
2460204.751967	15.389502404839924	0.0143735279781511
2460216.5926701	15.493658939507016	0.0528673721702114
2460218.4979255	15.416110286374458	0.0165690320869011
2460224.5026682	15.570643941626036	0.0197341809926036
2460225.5524366	15.469886754977692	0.0182505162477801
2460226.5638309	14.906751440339594	0.0166031174988759
2460231.5009835	15.221855992172708	0.0171578610730806
2460235.508087	15.55286446811206	0.0214071081342744
2460236.5094944	15.594483470051165	0.0223037631680951
2460241.4965391	15.40640902533511	0.0446987688704851
2460251.5545552	15.553584343995048	0.0268780852203423
2460253.5039362	15.525643161629487	0.0338806350962439
2460256.5451311	15.098404310843566	0.026779236852788
2460356.8916535	15.695280954464057	0.0817375371511825
2460364.8794619	15.65346369296118	0.0646273267044077
2460386.8413002	15.533776412721505	0.0190946977615486
2460388.6521757	15.615001264255527	0.065395643847171
2460392.1435614	15.412241607842931	0.0367661310368649
2460396.9926018	15.522141357414345	0.0503515690968384
2460398.8281678	15.735850992190192	0.0592673770142837
2460399.8075749	15.643297624432371	0.0368256873483519
2460407.9904336	15.859772988987697	0.1852432199566823
2460408.9872679	15.524018594426304	0.0519786718687134
2460409.9839393	15.497126530485756	0.0347468465239465
2460411.9811922	15.60266268500271	0.0353286967162462
2460413.6307106	15.288172456604062	0.0172909913781752
2460417.1307903	15.481739820151883	0.0408552348191195
2460417.596323	15.449863426207646	0.020631056660524
2460418.1271834	15.489093329806048	0.0218905975314922
2460418.5944906	15.506205467528671	0.0221081300449371
2460421.5622434	15.361558319504132	0.0594646439001045
2460423.7593547	15.312807304070288	0.035160704299973
2460432.0388679	15.403783478667163	0.0288742677071781
2460432.7087327	15.6355503619622	0.0302233243215855
2460433.8922342	15.173579667709564	0.0184092547235113
2460435.5836894	15.48164098136912	0.0212411759952888
2460437.6661336	14.869835057669569	0.0172685720946803
2460438.8796958	15.563431250465127	0.0222445811421969
2460439.7946423	15.489061619339932	0.0185086612541067
2460440.7825019	15.488378445739215	0.0193162103360069
2460442.9451874	15.428490402219564	0.0279753637659389
2460444.5600987	15.259984818139012	0.0195529766159421
2460446.4230536	15.142644602088469	0.019931850287433
2460446.6665055	15.45684333732819	0.028731087329757
2460448.4136921	15.428973057974655	0.0707854901644636
2460449.4028863	15.51109113897283	0.0492115596606609
2460449.7946418	15.044173550005146	0.0193927335324066
2460454.6561529	15.145997489580768	0.0593654099096651
