2458220.9188104	13.739050817082374	0.0052056677675819
2458223.9092555	13.78500696389012	0.0039373683401514
2458228.8924699	13.781057981349264	0.0043765423551356
2458229.88941	13.779420622127192	0.0053109660539061
2458231.8843711	13.752433533838095	0.0075670745296257
2458232.879852	13.732589393475717	0.0051854217120565
2458252.8261239	13.795044948817852	0.0055764267783102
2458261.8208941	13.775581571081672	0.0068777427963703
2458264.8310346	13.804786132670738	0.0107045679670545
2458282.7918457	13.573652777783709	0.0039621270951292
2458283.514273	13.359527056573627	0.0043634332337354
2458287.8583767	13.803863323603856	0.0045583535835298
2458289.5594177	13.526369984439716	0.004774231741694
2458289.8498815	13.78707591286317	0.0042101727187244
2458291.7634707	13.543572510295398	0.0062042171069837
2458292.8154522	13.80677567073798	0.0058001161497421
2458300.7607468	13.53157397310245	0.0074753451985189
2458301.7494062	13.597032947899056	0.0060664237350507
2458318.8318425	13.806335300221257	0.0056358404266354
2458319.8070329	13.750153751913349	0.0049349944276952
2458329.7399228	13.553453625012253	0.008502275063098
2458331.5406781	13.544166609405789	0.0036912279694451
2458336.7301625	13.792465490563702	0.0043142810286972
2458348.7426087	13.777490031649764	0.0056946998986727
2458355.5493886	13.569343929746916	0.008824167535346
2458359.6474237	13.490598805015493	0.0084706361109845
2458360.5099458	13.572976395688404	0.0038170597281842
2458363.5705221	13.577759806653184	0.0042408402040926
2458365.5228965	13.591093511916757	0.0045199107599678
2458366.5161113	13.58762138337898	0.0037845731927091
2458368.5129158	13.572069964599642	0.0031370703200446
2458369.5094479	13.554397157416012	0.0040083196626273
2458372.6705382	13.798144605732352	0.0043823348615469
2458373.6732078	13.751499467433804	0.0048637399110043
2458374.6688764	13.79476324650074	0.0043310225032059
2458375.6644233	13.777436502049596	0.0045725230534261
2458376.6651173	13.77750844923986	0.0066561614692677
2458385.636145	13.768280492708314	0.0106616876707087
2458386.6316805	13.80384517201907	0.0116270266521161
2458392.6326297	13.746580095204806	0.0051068365425687
2458393.5667713	13.652848162051466	0.0038297645396248
2458394.6281418	13.752375275083384	0.0049358587567651
2458396.6080608	13.816333028094602	0.0061871336815229
2458399.5948484	13.74983483038369	0.0049278931772096
2458401.5905366	13.786742570670846	0.0053402818730768
2458404.5339852	13.626377867416812	0.0041741694357541
2458410.5057649	13.649623130366738	0.00448758873445
2458416.4948079	13.633395088745088	0.0104052660369466
2458417.4965323	13.57717230211123	0.0179611940253998
2458527.8898452	13.63220393431394	0.010316861845791
2458528.8851828	13.641022706754072	0.0063438643146355
2458529.8845845	13.619178927891632	0.0059622450849471
2458539.8738871	13.545859579774206	0.0096365694352832
2458540.8735726	13.661370687820195	0.0063345678466415
2458546.0114934	13.740643448658844	0.0068296106923194
2458547.9028719	13.574121202434222	0.0072536051591712
2458551.9007231	13.655464941710717	0.0045914466845218
2458558.985541	13.755379313766092	0.0058419942091897
2458559.8415064	13.570113630130496	0.0054559217446176
2458560.8306973	13.637868523169905	0.0048146341554288
2458561.8754551	13.67201655646147	0.004569339280411
2458562.8127885	13.528121607681287	0.0107075211053254
2458565.9938397	13.819576785740214	0.0097839027075709
2458566.8018629	13.558262013044107	0.0081088436884214
2458567.8247782	13.617864747743146	0.0061587337408003
2458572.6289662	13.30921070251387	0.0052413047776529
2458573.1115583	13.488989962359302	0.0057271904705827
2458574.5246343	13.380533838682132	0.0051391662391989
2458575.8472362	13.597014105747103	0.0048950723477553
2458576.772523	13.582683864364544	0.0055200138296406
2458577.5081002	13.325649039640162	0.0055234881299499
2458578.7658687	13.639944442163545	0.0048765766232689
2458579.7744453	13.553657914927015	0.0058278549693782
2458580.7644329	13.669105210284618	0.0045856160888353
2458581.6100439	13.366182027013483	0.0048486504859858
2458582.088264	13.492264858159686	0.0052106413946222
2458582.5343184	13.340876647385244	0.004444082675144
2458583.1099069	13.444392038491504	0.0040668756617784
2458583.8140599	13.551030913842103	0.0045353949997642
2458584.746195	13.54725274689048	0.0065619836788792
2458585.5237609	13.349013846436772	0.0046032667335208
2458585.9131482	13.56167714283329	0.0057302061429237
2458586.8020656	13.632504785182398	0.0034565268445858
2458587.8014655	13.584972465718588	0.0044621095164114
2458588.7275004	13.549507929993572	0.0063934633990088
2458589.7280243	13.54997171972984	0.0061627904746032
2458591.5221231	13.292224416697746	0.0100628167287497
2458594.721538	13.626516272246317	0.0129473035145036
2458595.817234	13.620475220201952	0.0063695681461114
2458600.037837	13.421792638584307	0.0066158945168596
2458600.8266372	13.587535307592187	0.0056635138668998
2458601.7143112	13.562796529393228	0.0034780314460242
2458602.6866389	13.608819977784744	0.0059713847215354
2458605.0241006	13.513224476905412	0.0059099258142588
2458605.9354246	13.80285803250784	0.0043199094798815
2458606.4334919	13.33841905444424	0.0042266707809923
2458611.0181987	13.503011937350417	0.0054784585805306
2458612.7698267	13.589633872222045	0.0054514624483551
2458613.6713644	13.589823412781188	0.0048102898778518
2458614.6980807	13.540080663906284	0.0039713116731711
2458615.6867563	13.566941764582804	0.004259690301508
2458616.66429	13.573750846041923	0.006565008443099
2458618.0203857	13.530952041866849	0.0067722547188329
2458619.047891	13.439917255811434	0.0062455049424137
2458620.6409143	13.632333450789435	0.0078718528397957
2458621.765512	13.542914203398473	0.010328316474356
2458631.9211146	13.8065311825029	0.0047672260233249
2458632.9490265	13.42521070012526	0.0056320407295815
2458634.9855023	13.46902838039338	0.004250325990436
2458635.8866581	13.567458167780138	0.004010185951138
2458638.6873107	13.638952570790511	0.0034181969565583
2458640.6594612	13.533710624775557	0.0053538962478773
2458642.4805102	13.370160403970289	0.0046331443833394
2458643.3463814	13.34791204806325	0.0041247742218839
2458644.63751	13.6666168449546	0.0052214377222869
2458645.4306877	13.36693985486836	0.0064497379090528
2458646.6525742	13.65144421414302	0.0037740083854009
2458647.6592912	13.51534584859741	0.0068656421421196
2458649.4150249	13.364033927701126	0.0079293583327048
2458655.3846285	13.305086759977874	0.0125011966715959
2458656.8224901	13.756444660105544	0.0075048947374824
2458657.8054764	13.667655652251508	0.0043415944807893
2458658.7780771	13.770693670703771	0.0046919852976299
2458660.8209286	13.557139879316637	0.0045727792460334
2458662.5373642	13.656555649326128	0.0041939837118913
2458662.9061265	13.525214363603128	0.0075033521084765
2458666.8101713	13.652906900301463	0.0031464939689834
2458667.7379006	13.790051065112545	0.0044565475933993
2458668.6944086	13.552007708332454	0.0051029227561823
2458669.7586935	13.786897325770834	0.0054449418805841
2458670.9118684	13.4597771500727	0.0056316258102952
2458673.255769	13.360504819266	0.0055757210016808
2458677.3641451	13.369235101238337	0.0080375095471845
2458683.7721974	13.64581903640262	0.0071376585420928
2458684.6506861	13.664175926753597	0.0060648959419429
2458685.3856404	13.352623287420364	0.0115002682320271
2458686.3925658	13.343267288595976	0.0047578068153159
2458688.7388527	13.70138568574323	0.0067917408640446
2458689.7691194	13.538845744358817	0.0054501230960959
2458690.6373961	13.562406461702174	0.003766220136853
2458691.7421884	13.616825157279688	0.0044776463478281
2458692.7976216	13.78623588586203	0.0052243847998035
2458693.6744232	13.590298391358022	0.0045671820117078
2458693.8500164	13.46367117387395	0.0048892322504968
2458695.6286163	13.60262557965279	0.0057797149948002
2458697.8017308	13.75091525893945	0.0105816472551011
2458698.486373	13.359077667713892	0.0039897554271149
2458700.8141597	13.487665716464168	0.0047912643799887
2458701.665017	13.632034733968077	0.0044527456199424
2458702.4723155	13.573405631026356	0.0031467304059158
2458703.7016915	13.543273634547202	0.0057209316255819
2458712.6067025	13.682097867328228	0.0069266246854797
2458713.5565376	13.557111054014566	0.0121105811187485
2458715.5638109	13.547409408566246	0.0045717236902855
2458715.7260002	13.778807777011536	0.0086252511784659
2458716.3090519	13.328217590721549	0.0044631532605627
2458716.6801708	13.823719279440144	0.0052099918726369
2458717.6868434	13.73679945524479	0.0050463314966529
2458720.6144816	13.534491066547911	0.0049299519560269
2458721.632952	13.796152291698542	0.0054454543553213
2458722.5244411	13.57837363611327	0.004422464739424
2458723.7491828	13.4826966732244	0.0031307469034968
2458724.3010064	13.37095887532362	0.0048521105997963
2458724.58941	13.57923346616782	0.0035678169711229
2458724.7447576	13.448877495099472	0.0047240493469068
2458725.4092196	13.320237445458948	0.0048444461799167
2458725.5518601	13.55895324213433	0.0037991512906138
2458725.7440657	13.5105231300577	0.0065366895332094
2458726.5935437	13.66993252707874	0.0043688614770599
2458726.739404	13.464724594216111	0.0044105423416444
2458727.3720631	13.346564905846057	0.0042931337378332
2458727.5859856	13.63395290101667	0.0047588772411275
2458728.3957377	13.35617209608529	0.0041500110620016
2458728.5824408	13.662558085484292	0.0045379918752357
2458730.252743	13.334478897350746	0.0052818169352785
2458730.5739776	13.669199064097269	0.004402490691394
2458730.7278894	13.518658627353748	0.0136730423600309
2458731.706285	13.738193364385715	0.0074544315328485
2458738.4997914	13.529117877362912	0.0087152324945635
2458739.4963459	13.583193668234914	0.0099070496293479
2458740.4937045	13.678394077740668	0.0068799081645739
2458744.579957	13.63948058025012	0.0054220667801689
2458747.3562608	13.330590435725986	0.0077332009158051
2458750.3372348	13.366680575063082	0.0052365224218179
2458750.6498732	13.758177639260897	0.0057445073448293
2458752.3308793	13.33701663919811	0.0048297375012995
2458752.6381555	13.799296297785183	0.0054452495274965
2458753.3226377	13.366541743343118	0.0061657368769752
2458753.6403534	13.802183689531706	0.0051144316939382
2458754.3350462	13.353461474377257	0.0057785893436361
2458754.6405042	13.807152305616434	0.005919201643625
2458755.5470286	13.54691005517398	0.0045915559778242
2458758.3240852	13.313162463027146	0.0056723045306285
2458758.6324969	13.764443189238158	0.0066038300851543
2458764.4842985	13.66030124991708	0.0063275899645679
2458764.5339089	13.592351667722058	0.0081371032745814
2458768.2484646	13.335095806235795	0.0099124194450549
2458769.2748053	13.36053155920994	0.0104065343460574
2458769.5830568	13.758032269436812	0.0086732475567552
2458770.2568963	13.27478327545762	0.0121417343258947
2458771.260015	13.34971645341362	0.0082013599983589
2458772.5218453	13.568319193310945	0.0050725766237455
2458773.5185547	13.576741180427229	0.0052275052221883
2458774.5172868	13.52583323624476	0.0048482507784746
2458775.5172546	13.574568311939618	0.0036049499901042
2458776.5222465	13.62113833450688	0.004278720686271
2458777.5126914	13.557296014350053	0.0038271512031845
2458779.5501982	13.785045479370808	0.007846883434559
2458781.4972643	13.604318236238935	0.0059103882595732
2458781.5456731	13.55638631878837	0.0047489411465859
2458783.4958223	13.631261715945207	0.0042466834706756
2458785.5475819	13.645903576205448	0.0041752480953959
2458900.8815764	13.64929780044456	0.0053547634699446
2458901.8807166	13.572092419684434	0.015922365497817
2458901.8820059	13.381548666638494	0.0170819716408618
2458902.8782336	13.551337961530445	0.0072135929374056
2458905.8700151	13.6593188515293	0.0036548538191402
2458909.8563123	13.636368109129574	0.005535828052405
2458911.85427	13.652965093293902	0.0050450374382085
2458914.9984861	13.75020989451153	0.006336047429508
2458916.8386429	13.617477414239104	0.0080771822830345
2458921.8361637	13.59539296369569	0.0116220025040771
2458927.6296474	13.35929037912619	0.0056499688950704
2458929.5617201	13.37484139127663	0.0066891477912406
2458957.0535207	13.5043783654973	0.0038307184261568
2458958.9061644	13.756044061950083	0.0056965362883115
2458961.0406931	13.532289427772575	0.0049099222662297
2458963.9106203	13.77942417166498	0.0039002304647719
2458968.0237452	13.50469068420357	0.00421141349194
2458985.9435856	13.802627539572878	0.0043344398668081
2458988.9848852	13.464451347812656	0.0051812857284587
2458991.5222244	13.36508736917628	0.0051713577211196
2459011.9034245	13.501126706137722	0.0059603619871951
2459014.9018626	13.479441141343203	0.0040207803066386
2459015.8467208	13.80076229311574	0.0039263515408256
2459016.8845161	13.727587399804753	0.0059088293556054
2459023.8828434	13.47336766431746	0.0041103243650817
2459026.692106	13.724646609746031	0.0056742503087237
2459029.9040382	13.482458705511933	0.006972112807678
2459030.8704053	13.444588877372386	0.0055047369334369
2459031.2784327	13.365456764236276	0.0090668432597812
2459033.3617754	13.377664029862292	0.0124533230198418
2459037.898331	13.429434870747963	0.0089880307627759
2459040.8873933	13.478455936144227	0.0050955807739229
2459041.8056121	13.790154472019672	0.0146677610720056
2459044.8173361	13.459414416022696	0.0040924060996456
2459046.8301399	13.78453449298007	0.0041396595840347
2459050.8841862	13.515074206115	0.0043971127811247
2459055.8090438	13.513979037330529	0.0057322069021669
2459068.748725	13.456072432103936	0.0051481801998574
2459072.7998928	13.538206624496087	0.004857171302757
2459074.7874879	13.512574351588803	0.0043762047646852
2459075.7203397	13.745519239658554	0.0048087556444216
2459080.780274	13.48176430873588	0.0041921321132584
2459081.7194778	13.789608344105195	0.0053555442413892
2459082.7406056	13.712597022959214	0.008057634626053
2459085.7430194	13.49743750368004	0.0064886298964965
2459091.7508084	13.52977992709806	0.009883722705195
2459098.7307409	13.522010280833022	0.0071819109782554
2459113.2288099	13.391690511036405	0.0110000383123854
2459129.6138024	13.797135778039513	0.0055001394487884
2459131.6041605	13.77421049448528	0.0061366204339689
2459147.4951068	13.639017236820589	0.0107151797011268
2459150.4995433	13.657198119747722	0.0069842602034269
2459255.8763259	13.607190076879906	0.0054053923655178
2459257.8862504	13.684834711380184	0.00925751765022
2459259.8654777	13.667646668222586	0.0050070877128034
2459260.8646673	13.625675602777289	0.0052059425644418
2459264.8708434	13.66578328682102	0.0044447754647879
2459266.8636529	13.665360926490717	0.0057141493624776
2459266.8862196	13.595407812260154	0.0060382894405509
2459267.6098598	13.356126995073144	0.0064367230258151
2459267.8626927	13.662220956231106	0.0093742056589987
2459268.8620992	13.655189367019398	0.0040719929429734
2459269.857461	13.609738982818415	0.004609963792281
2459274.8383287	13.644780030601336	0.0089516667357594
2459282.9070729	13.565926073648036	0.0113243339326291
2459286.7934227	13.65169038610404	0.0055072681231886
2459292.841355	13.666248885243489	0.0057985224062757
2459293.7990921	13.635124783043327	0.0032902644195758
2459294.8204906	13.564189152140637	0.0039327241768846
2459295.788969	13.605337875184755	0.0058237250566205
2459296.7871266	13.64859175451311	0.0045111366623167
2459297.7797028	13.554013306915166	0.0035758722530573
2459299.5707186	13.34478026779081	0.0064760203373952
2459301.8438903	13.669958594325552	0.0087100741423455
2459304.7450975	13.692321467193144	0.0101221601335635
2459305.7784872	13.628761876176675	0.005785482004005
2459310.7422812	13.639629725083497	0.0042282967128693
2459311.8940197	13.51801280090832	0.0058289988686295
2459313.7992489	13.584106313695	0.0048950312251907
2459314.7669272	13.612386121385692	0.0041501601821928
2459314.8178328	13.552553145264184	0.0052257155032659
2459314.819064	13.280254768739642	0.0067156369070469
2459315.7334532	13.655547088132488	0.0025527530217916
2459316.7222387	13.649433235018806	0.0025124510586926
2459316.856627	13.555868278795735	0.0050981382074313
2459318.5333747	13.374299625694416	0.0061971800112126
2459320.4651521	13.299417395218908	0.0062580552010498
2459322.0569439	13.53176896171338	0.006127441852334
2459323.4551579	13.372828315053074	0.0060767027957926
2459323.8189236	13.538710060214648	0.0055838886605749
2459324.7663393	13.56648752163949	0.0057744046044704
2459325.8768939	13.622776184251473	0.0040864745858991
2459329.6800344	13.645561656248002	0.0080849245480418
2459330.6794554	13.665764842045109	0.0117759874756308
2459330.7955322	13.519798364060398	0.0085576461377872
2459333.7802895	13.50063576908934	0.0095335612899465
2459337.6615277	13.678037050739494	0.0064934787955594
2459337.7695678	13.548874387957028	0.0051790478465247
2459338.7499855	13.555530458489317	0.0058136492132928
2459339.8194216	13.680319196911446	0.0038895479906955
2459340.8325069	13.668438847646652	0.0042074863639801
2459344.4086272	13.348764745596602	0.0052057001471881
2459344.9985429	13.485526078770004	0.0055647154025395
2459345.806824	13.557632294128116	0.0043939378183835
2459346.8328928	13.579604342846148	0.0039345419631185
2459348.7545668	13.663799701851286	0.0034096133067958
2459348.8240527	13.571943224588043	0.0040517786907531
2459351.3841881	13.356514819816208	0.0074116103383626
2459351.6243301	13.655220258689642	0.0029950471372088
2459351.8390387	13.761601787051324	0.0045024346282043
2459352.0407298	13.475173410084167	0.0046140359714628
2459352.7745476	13.65084853167662	0.0041873947742259
2459354.9791359	13.476639490530523	0.0051136794032134
2459357.3625129	13.355352555543492	0.0088800718284027
2459357.8587557	13.605882076888893	0.0057749928281733
2459358.3589437	13.360295598004637	0.0074699226884308
2459358.59633	13.639621778149005	0.0113556854246538
2459360.9177537	13.600044895478502	0.0089160248826911
2459365.5908789	13.641462538490597	0.0040158029159241
2459365.7968076	13.556142327859956	0.0068371114614245
2459365.954572	13.79599241136317	0.0427072721841119
2459367.61195	13.66864548395836	0.0032170735194613
2459370.9454581	13.759596586112709	0.0080100589918639
2459372.3106915	13.343890037269608	0.0052989255946689
2459372.5627849	13.647588840180278	0.0031192625747238
2459372.8345592	13.520419322445534	0.0084841245445024
2459374.5620723	13.345396296499777	0.0054586478047256
2459377.3075604	13.326059721005535	0.005610057424869
2459379.3990313	13.379572226290868	0.0065564370744139
2459379.5477895	13.574640052874878	0.0050573897699761
2459379.8043983	13.637950812142645	0.0048795948619135
2459383.7534311	13.647692006628803	0.0045120466313846
2459384.8695624	13.53319270376494	0.0065585170791196
2459386.2769548	13.30975065323486	0.0112272848849621
2459386.5421808	13.659396527548068	0.0071063072784442
2459386.9235708	13.475448796140448	0.0118413287127417
2459387.7894173	13.57247302134597	0.0056204012698769
2459393.5033626	13.652066691399812	0.0042665752698138
2459393.6150717	13.576857288311311	0.0084919636818775
2459396.9159442	13.484730281161488	0.0043508974884579
2459400.4817003	13.649717473956258	0.0074003174836099
2459400.865846	13.489285348300104	0.0053680849935956
2459401.6588639	13.6301719836324	0.0036864908115812
2459402.8925476	13.508858962187972	0.00470098790552
2459403.8248012	13.638775966994878	0.0042219474706082
2459405.2702678	13.327625121471227	0.0048226323219445
2459407.4601133	13.628850999496764	0.0075066553221222
2459407.5696972	13.576415289863489	0.0033544924117102
2459410.8188082	13.491809314608108	0.0043941355941826
2459413.821388	13.492438873257733	0.0059698354221274
2459414.7787481	13.701409125769615	0.0074526031083022
2459420.3506618	13.360468795943529	0.0164089689074538
2459421.4618823	13.39282641977075	0.0105821552834711
2459421.5440384	13.564745513333886	0.0056049729030091
2459421.6760749	13.656003032962383	0.0064707428847138
2459422.2689389	13.362153028020014	0.0060231853681745
2459422.8116211	13.87442029454416	0.0131492250942273
2459423.7160229	13.922297186681572	0.0075466951797159
2459425.4235338	13.317643020741114	0.0069861765592216
2459425.7554303	13.822171729493103	0.0058997514003168
2459426.6704917	13.601032655041273	0.0066713311402204
2459427.6352505	13.649137799249743	0.0035771315659263
2459428.6926388	13.670046967226522	0.0048595082532926
2459428.8131248	13.5395413063302	0.0046730171406442
2459432.6812983	13.58122403891202	0.0052554030893706
2459433.6331333	13.58536525580802	0.0054212352794225
2459434.5770177	13.53353269305494	0.0059505780687176
2459435.6813422	13.659418349981532	0.0043438574712831
2459436.6284291	13.52887175156393	0.005409410780576
2459437.5614358	13.574907031393249	0.0040387640866459
2459439.5804079	13.646108864429314	0.0034775140584326
2459440.6589767	13.669733206739734	0.0047280515700688
2459442.2704697	13.32402434482075	0.007000794408878
2459448.6084777	13.55214495549084	0.0093668585584536
2459452.7578356	13.434321156892835	0.0047249940046213
2459454.7600957	13.504768556575636	0.003706260389733
2459455.5896524	13.536585515737798	0.0049300132119559
2459457.7427103	13.504529720984236	0.0045402349670078
2459460.4127224	13.310499740126644	0.0047418613331663
2459462.3885397	13.357220345408551	0.0045291037948142
2459462.7140207	13.772819420930348	0.0065854585618232
2459463.4755606	13.57329618550213	0.0072155481670705
2459463.6615097	13.817743106589491	0.0055316627691041
2459465.5559377	13.55410719547416	0.0043108341348195
2459466.5298164	13.581196822294736	0.004932613767732
2459469.5917702	13.735443482112611	0.0067026498221553
2459470.5465274	13.557040074148563	0.0053275847761147
2459470.6445454	13.645594518018084	0.0058760441009377
2459474.5564484	13.649927141077018	0.0076665671137164
2459475.5453356	13.667483724661327	0.0070952934777857
2459476.5335918	13.579023169944042	0.0091786421927435
2459477.3623929	13.30857860632861	0.0144210021112808
2459477.5071531	13.535844163834588	0.0093088849415287
2459480.6383216	13.806418104849667	0.0092325973583486
2459481.5777119	13.626929702207374	0.0062707754076465
2459484.5941382	13.659917984061202	0.0055774344896121
2459486.6255749	13.805127986846584	0.005239411040133
2459488.6411157	13.76004313594837	0.0068826788366153
2459491.3175574	13.304262278876044	0.0055206581021975
2459491.5741138	13.57703859454817	0.0055395539685751
2459492.5516173	13.57951021694478	0.0059730442225478
2459493.5639405	13.563281091781327	0.00520938449409
2459494.5029626	13.654609238844102	0.0049497133653248
2459496.5906708	13.945649454381606	0.0053583793153221
2459497.5353593	13.623103817414815	0.0052317277305206
2459501.5411897	13.669151174248332	0.0090957300657967
2459503.5783498	13.52602651922832	0.0087721987252198
2459505.275333	13.316481709778447	0.0107121289727686
2459505.5813308	13.824077158830564	0.0129180066935362
2459506.2689347	13.330104759301577	0.0097316798229848
2459507.5172399	13.51923677752553	0.0094620449107217
2459508.5181489	13.560257073514984	0.0095992174106237
2459509.5148848	13.52879666620323	0.0097289523765376
2459511.5643767	13.761266676143238	0.0049706162453571
2459512.2495641	13.33203596345824	0.0069734423041262
2459513.2540288	13.379347341137445	0.0080924043575574
2459514.4986719	13.528042206960864	0.0085228081883779
2459515.4996063	13.630125624365595	0.0059803398647464
2459517.5456827	13.847774371293518	0.0119902922723632
2459617.8861069	13.66731480882486	0.0140892529910627
2459618.8855013	13.620454310862474	0.0103025492502145
2459620.8791587	13.52455416410141	0.0086628394304419
2459621.8900805	13.61310493396388	0.015781568361806
2459623.8900716	13.65324851153524	0.011019097444568
2459625.8768933	13.625996011622313	0.0060781173253562
2459628.6352149	13.334815694203463	0.0184664893717961
2459628.6377262	13.320635245784544	0.0323733575332045
2459629.8789685	13.670198506094025	0.0135993452953985
2459631.8695813	13.6597649752047	0.0084386338871854
2459632.8935811	13.62084424366556	0.0080992526648999
2459634.6011068	13.355189412536472	0.0098052951494903
2459638.8569266	13.555260493053057	0.0052588007431344
2459639.880167	13.555695225934272	0.0051771833785279
2459642.0044859	13.771753652161426	0.0054496933278918
2459643.9978385	13.527778433867862	0.0045693983933907
2459646.8323663	13.61650396203395	0.0047884542499917
2459647.8369548	13.58973563298555	0.005138630980826
2459648.8339455	13.66059134227064	0.0028729286333107
2459651.149001	13.433145334250614	0.0068246619418988
2459654.1419311	13.524028776509631	0.007579476932425
2459655.5457533	13.400986805899574	0.0110942043055884
2459656.5422768	13.314483528885557	0.0129291802832989
2459657.8755282	13.655668638022934	0.0062682580962945
2459659.8046297	13.676152090693725	0.0061699256582953
2459666.524182	13.317182572897057	0.0065086089904622
2459669.6251755	13.439817574358104	0.0126313375243672
2459671.7763738	13.648872977500709	0.003462537305847
2459672.9191561	13.818528303278317	0.0045037016008049
2459674.8713027	13.530788234201871	0.0037147729471205
2459675.8136959	13.582094335410655	0.0034688126235917
2459675.8161775	13.593147927851382	0.0070913628053216
2459676.777786	13.549324733553672	0.0043570658307194
2459677.9284314	13.895285609408305	0.0075910424201823
2459681.5274626	13.348905065354934	0.0063898440777792
2459684.708279	13.623618804898374	0.0096019340793497
2459685.8443947	13.572928290323024	0.0072648900826972
2459692.7908711	13.65936508749975	0.0054497953380212
2459693.7690744	13.545775249861276	0.0039732457521671
2459694.8574258	13.671028542292804	0.0040248437430378
2459694.8587021	13.67475484124394	0.0056891318479787
2459696.0602631	13.493913073512346	0.0040523994693584
2459696.0615161	13.494241816285374	0.0050319018010066
2459696.8279925	13.455797704823937	0.0032151225756506
2459696.8616703	13.576466638300136	0.0045317010639018
2459700.43887	13.38029896332415	0.0051609214448104
2459702.8434254	13.784183349940689	0.0064605282187558
2459703.7822979	13.569038501653791	0.0029348698745036
2459704.839519	13.586519078328491	0.004135316781991
2459706.8890645	14.031561533407547	0.0100542703710532
2459710.6506884	13.419087582351244	0.0062130010628442
2459711.727001	13.444489864091755	0.0048149442764063
2459711.7282947	13.44781527375449	0.0081391650202447
2459711.729581	13.441751236521512	0.012327499074007
2459713.8282735	13.840163006924737	0.0607524864424394
2459713.8295738	14.036983638643772	0.0500632050461369
2459713.8308848	15.433247187091228	99.999
2459713.8581956	13.252196949247764	0.0351945547059794
2459714.8665947	13.5862429623005	0.013024373174071
2459720.9605563	13.513038129952486	0.0086949368329119
2459721.9644751	13.509365141642496	0.0078439430112315
2459722.7319914	13.425614048445366	0.0047771581894324
2459722.7345794	13.415548918714464	0.011200970052877
2459724.9961579	13.512185662804594	0.0062980062974052
2459724.9974213	13.471443205188098	0.0078018413376468
2459727.5142254	13.322633484894952	0.0060605175677835
2459729.8520402	13.838893501131771	0.0072982276607879
2459732.8031351	13.574044689197477	0.0072501050666817
2459736.9373439	13.504650719392377	0.0048912355615504
2459737.7307951	13.595175638887664	0.0047918931455967
2459739.3662447	13.316989251203404	0.0071997849200987
2459741.3075977	13.379087226157363	0.0121659099289829
2459747.5326887	13.36456902629517	0.0280034899603947
2459749.5581072	13.453540067188348	0.0045915914564945
2459750.8664535	13.589959919161537	0.0078110967448706
2459753.8169944	14.018163987983048	0.0081112523984946
2459753.818223	13.886486062847842	0.0070993963636335
2459756.2665234	13.362081175504125	0.0058317630654718
2459756.609568	13.572221823512123	0.0052259823593255
2459759.8762209	13.516145888874174	0.0047019192439373
2459760.8417018	13.584280540116556	0.004572080356447
2459762.8117966	13.808353769567075	0.0054483229498228
2459765.2384628	13.296242118134634	0.0067133373612947
2459767.8612836	13.507457075555804	0.007389335530905
2459767.8625237	13.954315975485612	0.0104801542869019
2459769.7603268	13.58466365301316	0.0067096541540334
2459769.8514227	14.014559393751924	0.0086741809175032
2459769.8526629	13.97575604323263	0.0086524475214644
2459776.3672936	13.364788330484512	0.0124795099717776
2459779.8217996	13.98111191590646	0.0126495341805437
2459783.8492103	13.424618090758964	0.0077925950760999
2459784.7247965	13.88746619540956	0.0072166919559704
2459786.4700539	13.465962351694715	0.0045425968140534
2459787.7313958	13.426900793677945	0.003931926373387
2459788.6964882	13.45821393822915	0.003197977251723
2459791.8255659	13.761119712270276	0.0058240729004176
2459793.2852543	13.280794168225826	0.0090187803201278
2459793.7268765	13.571756448008776	0.0037859928150462
2459795.497154	13.563560733664868	0.0039181598008004
2459796.5325579	13.579970894255265	0.0048687913128315
2459797.5568959	13.427537950384608	0.0049066738469032
2459804.7960726	13.470319922679806	0.0097640231563912
2459806.7177964	13.533271228255384	0.005973411062518
2459807.6896932	13.580249958876935	0.0057482842829886
2459808.6103212	13.551417158544943	0.004146566418893
2459809.6677936	13.458137669084309	0.003773745822502
2459810.6743282	13.677244574828046	0.0052328789700686
2459812.5402614	13.460848355850535	0.0042337663558803
2459814.6135226	13.5657638095344	0.0028252966083972
2459815.6565836	13.40812584687182	0.0044410329608106
2459816.6905249	13.564015911903375	0.0069687740709172
2459820.7782933	13.507054016799067	0.0057588949367823
2459822.5012008	13.444166865539447	0.0034624345186036
2459822.5025037	13.440106413835824	0.0036195098932789
2459823.5370657	13.655401606473266	0.0028680448894737
2459825.5025622	13.532012683142815	0.004721346284289
2459826.318975	13.335365155741886	0.0082812792491719
2459833.722734	13.506797076596552	0.0178886194660633
2459835.2274715	13.342633967450306	0.0060745089823852
2459837.3632066	13.629409058660704	0.0068725073305001
2459839.5957209	13.99429531103556	0.0068930853678557
2459840.6635425	14.012285142984627	0.0067826791488628
2459842.4925817	13.649453933865177	0.0031977327846359
2459843.5859422	13.670624130481354	0.0044556779609077
2459844.5821694	13.62095241990097	0.0057211661855746
2459846.2975689	13.361669916879537	0.005171614887378
2459847.6189709	13.83394216565186	0.0062677297644139
2459849.2902131	13.33051172399014	0.0045882685125399
2459850.5641684	13.56598850262882	0.0038502665239201
2459851.5639312	13.425408001406725	0.0043874973550403
2459851.6214444	13.75142696172899	0.0066372892425025
2459853.4964011	13.56869463488484	0.0044566975334814
2459858.5460301	13.426662740468554	0.0072682324221779
2459859.5521581	13.561809942325064	0.0077147876269444
2459859.5533786	13.580130325132906	0.008065473592047
2459864.588558	13.827813204923324	0.0152652482470028
2459866.5106377	13.57414837416161	0.0047224864502375
2459868.5241153	13.43429986828638	0.0035604160923862
2459869.500368	13.57145627006636	0.0043183944522843
2459870.5112347	13.627420189736306	0.004399765089065
2459871.5244001	13.562809913173894	0.0047250267125762
2459873.502695	13.55135667661306	0.0067418132385859
2459875.2591631	13.312858247119102	0.0076776043401498
2459875.2604081	13.295308694962657	0.0096005045261722
2459877.50552	13.42830275217232	0.0048108525848099
2459880.4953664	13.555209578887355	0.0104746148824337
2459983.8844875	13.507916304886976	0.0181469816973066
2459984.8809439	13.619592323216413	0.0096483969832215
2459987.8832422	13.639725958995417	0.0081571785565385
2459998.6251592	13.325403734824182	0.0048785121105814
2459999.8676616	13.669029064693646	0.0045585839870108
2460001.8511422	13.646961985398178	0.0054165110993557
2460007.0079105	13.774172087945242	0.0087108136749489
2460010.8287391	13.6396950578244	0.0102908791134743
2460010.8300361	13.634252936889736	0.011083725507862
2460014.0035785	14.066101786526096	0.0192063194353811
2460016.5708193	13.646972931682273	0.0083331690401057
2460016.8700671	13.736348451885352	0.0097536795419747
2460017.6399906	13.38174014632018	0.0082028710945746
2460021.7916344	13.60620688783746	0.0052474049174992
2460022.7990971	13.687657647981414	0.005159983383563
2460023.7887487	13.642358673036815	0.0054465238860271
2460023.7968083	13.733178697129338	0.0064598546732203
2460025.9077277	13.53011641286062	0.0064975882854258
2460027.7772248	13.588952265267377	0.004187424836706
2460030.1175226	13.453074006424352	0.0065047089792123
2460031.855823	13.580812868321471	0.003483123129172
2460032.7938426	13.66261624983633	0.0043808850877855
2460034.7613302	13.573517749315222	0.0045853129631281
2460034.7625763	13.57023548330451	0.0054191909727877
2460036.5266506	13.368283163507986	0.006282837403216
2460036.5278921	13.388280927869792	0.0073241333643534
2460039.5002378	13.336513213302435	0.007277131247905
2460049.0669388	13.427965666495805	0.0083057760997346
2460049.7231233	13.555638527601356	0.0056876126486368
2460049.7395963	13.6143121760945	0.0035997614664362
2460052.7285589	13.64863431978236	0.0033820969220628
2460053.8901997	13.580913013016971	0.0035768157299517
2460058.0409669	13.54184522501178	0.0062663374881914
2460060.6908472	13.669382822931617	0.0059597505036911
2460061.0488591	13.466950373796484	0.0097120221017107
2460061.8342105	13.650727494323831	0.0043169037171838
2460061.8482811	13.5846885733255	0.0042709763359004
2460062.8228283	13.585730866658205	0.0037274335616759
2460063.8378868	13.634536874057058	0.0030346444017714
2460067.9109426	13.807374234402204	0.0181110652967546
2460068.8663372	13.571931939061017	0.0055532298377415
2460075.7351528	13.616320078462936	0.0066362257447644
2460076.7803842	13.666503552761114	0.0070580208448567
2460077.8814804	13.768508408015537	0.0049426037352963
2460078.8667578	13.657893547404932	0.0047277365965318
2460079.8546176	13.636172600092422	0.0037314206907939
2460080.8616544	13.577274547638542	0.0040057992678944
2460082.8576025	13.654367731856269	0.0041226035843232
2460083.8532962	13.66707590632749	0.004764983975993
2460086.8304267	13.628409721932432	0.0071314635524752
2460089.6227797	13.569486063345394	0.0058041670488485
2460090.859176	13.656502461424331	0.0048305027394224
2460091.662885	13.680928921638111	0.0052664755981489
2460092.6984329	13.602466584611316	0.0044438375780768
2460094.7944239	13.791471272701122	0.0133472062925315
2460095.7959456	13.806093690541935	0.0147205484262841
2460097.6374303	13.593936855133595	0.0117190776808829
2460097.8661786	13.638204375088216	0.0110827728015231
2460103.797653	13.576784693555588	0.0083862320156759
2460107.8004635	13.792823846309936	0.0054612490626668
2460108.7396778	13.62793605651662	0.0084829271528398
2460109.8138364	13.651527004982462	0.0039685028532788
2460111.8695716	13.711709066761806	0.0116773866154516
2460113.7006826	13.603105921391943	0.0039876794544586
2460113.7185808	13.716017941727614	0.0120008224359433
2460115.9454438	13.667029426910489	0.0047289010673676
2460119.7168561	13.67520757263825	0.0045538354126448
2460120.7481958	13.59829907265912	0.0042388765363143
2460123.5896223	13.573870011178164	0.0045177833411479
2460125.5056812	13.571542374436028	0.0117861646445966
2460131.414997	13.293211444031082	0.0186625725377237
2460133.9188337	13.45722305919736	0.007499364568414
2460134.6906457	13.585146950887127	0.0057168147508979
2460137.4455539	13.370090862102389	0.0035732648520736
2460138.8040511	13.550816656497208	0.0054303066586889
2460141.8100412	13.512019038991369	0.0070916897872689
2460148.8042413	13.71219349053964	0.006160657461453
2460153.634319	13.637533662376336	0.0053188168629938
2460162.7534147	13.486329748736503	0.0098400839243253
2460167.4750779	13.313425664281011	0.005263029312257
2460179.7707044	13.52898448397122	0.0093461491183905
2460185.4204321	13.612258083488047	0.0212230886359119
2460187.7469097	13.63906206400824	0.0103144311815835
2460192.7395319	13.639860195518969	0.0060670748247643
2460194.3547523	13.623593518610168	0.004530533253372
2460216.5874618	13.616799675520372	0.0153843484238485
2460217.5871666	13.65970719094631	0.0075172303496962
2460218.5566654	13.758077222475	0.0072216129418476
2460219.5187175	13.782994678286254	0.0039907513870393
2460220.5133885	13.801799534141262	0.0061467748715609
2460221.5698267	13.6574948988598	0.0047961682398147
2460223.5096755	13.541428564017949	0.004436846457493
2460224.5450742	13.65351213346571	0.0043611697673865
2460226.4961929	13.780440494478976	0.0042366455625298
2460227.5369527	13.802629261592031	0.0061285106334626
2460228.5442626	13.662721319147126	0.0044767999126251
2460235.489419	13.546400426776874	0.0081845272462018
2460236.2641827	13.33333154784392	0.0065398598212689
2460240.2440897	13.3765275852745	0.0101726065002686
2460243.2460686	13.33731547220774	0.0106945525498232
2460244.4985991	13.661865385247454	0.0108920780597224
2460245.5017896	13.65287388481475	0.0209714938743593
2460378.9102926	13.773733827740628	0.0206735372624076
2460382.9105956	13.817665640033097	0.0181413329122274
2460386.138404	13.632422912187137	0.0058647772381361
2460386.8921536	13.791451348666534	0.0052860309432154
2460387.1386116	13.708048197893568	0.006666340910242
2460390.6507657	13.676951096870836	0.0088280740637089
2460391.6498608	13.615508671129788	0.0083943409531543
2460395.5604455	13.482289958207158	0.0318036890058451
2460395.8421744	13.620558386711217	0.011153216615088
2460408.9082037	13.79808267584739	0.0052335207491842
2460410.9216622	13.75886817350012	0.0096533083488522
2460411.9208422	13.800878807303205	0.0085501040218319
2460413.6645759	13.623708135012036	0.0122365834455356
2460414.9715098	13.970712586406652	0.0047234296429244
2460418.641766	13.677693695618478	0.0078726088542159
2460418.8004284	13.69636789841756	0.0045401917806158
2460419.735408	13.621239026577408	0.007431573443103
2460421.5320104	13.622195172789976	0.0216941793544206
2460431.4138292	13.640497507265067	0.012350447694792
2460432.0158215	13.717875776072924	0.0072809257818254
2460433.020301	13.61276235610722	0.0060106118065645
2460434.7094404	13.687185714681734	0.0046601336973325
2460435.7997247	13.768698493013671	0.0071098930842552
2460436.8397942	13.790208476022476	0.0052564151691123
2460437.911107	13.957031353951193	0.0056365591840943
2460439.6417226	13.79389550711196	0.0064704231191131
2460440.6554864	13.775627610531966	0.0051772682250021
2460442.660038	13.789361325939424	0.0088287053410169
2460443.8216852	13.979454191994826	0.0060168592007785
2460445.4598174	13.67662623370176	0.0059220038046312
2460447.646996	13.805526044217508	0.0078469579195364
2460448.7352791	13.65220554230648	0.0053622513352417
2460449.7955596	13.915995542201625	0.0119135333499941
