2458014.4833982	14.396203816007112	0.0066952877990438
2458015.4935332	14.163648172297956	0.0086557825446682
2458016.4767576	14.121041433018998	0.0113034592817078
2458018.4849038	14.842118835380491	0.0138059467580269
2458029.5082756	14.684549233114996	0.0139093949719502
2458032.4946008	14.141617336746313	0.010653651367297
2458056.5229025	14.467662750851876	0.0083300074453908
2458057.5536657	14.39018582093614	0.0095477455884247
2458058.5164242	13.93594938173842	0.0112990503912768
2458170.8938301	14.794977298751418	0.0197249246118838
2458171.8893882	14.774244452997207	0.0148044563535597
2458173.8879001	14.436693563319352	0.0086558223193722
2458181.6232667	14.854918077085625	0.0309638435148117
2458181.8758112	14.513345996116666	0.0193297480723186
2458182.62432	14.800805749856815	0.0201118517376205
2458182.89913	14.378823497941829	0.015108062895033
2458190.6319261	14.846791726154963	0.0136304590607541
2458190.9019911	14.487472388775243	0.0067376854120196
2458192.8890856	14.033638390328672	0.0093960716396192
2458195.8447948	14.788949750197911	0.013132296597493
2458196.6109958	14.027916385357443	0.0100921130104142
2458197.60857	14.494517211097929	0.0067031831335389
2458198.6040078	14.854029406033373	0.0141478737623379
2458200.5752261	14.711633999904436	0.0094188139878732
2458201.5706261	14.60330623460689	0.0062768214517354
2458205.5589367	14.651307728861829	0.0075091102781225
2458207.8114045	14.16505297191531	0.0139378131444953
2458208.8106109	14.09909505202932	0.0136456855080076
2458209.8247219	14.594402173392323	0.019973088918689
2458210.8321355	14.844531835496252	0.0225684122050472
2458211.8974323	14.822708866939951	0.0195719852552161
2458223.8305651	14.41219835593339	0.0070162555539646
2458224.8665312	14.324711669789812	0.0076850847223452
2458227.8408245	14.866055260253985	0.0147388601382095
2458230.5548175	14.682638588009093	0.0082827479143588
2458230.7486579	14.410936206418164	0.0073053009217913
2458242.4822539	14.590289130385123	0.0139197873506346
2458245.8575582	14.83361589581854	0.0166370973139021
2458246.7774697	14.704784688745384	0.0107667863204665
2458249.8215258	14.122497970097871	0.0090324693641653
2458252.838949	14.984919006371252	0.0180990254720083
2458255.7663654	14.587955178334449	0.0091850821563643
2458256.5210619	14.894359663481644	0.0144614261726069
2458256.7837951	14.3861585897121	0.0072485391740419
2458257.5168689	14.89024690326975	0.0145543770548317
2458259.7277781	14.945071894978923	0.0184420268326501
2458261.6719217	14.84323241320141	0.0143509469532294
2458264.6632588	14.19674319695935	0.0092409419849816
2458265.6517412	14.495010547448931	0.0130810495629434
2458272.9282373	14.886793736602405	0.0187357401661645
2458273.8370678	14.568943516821529	0.007582997784507
2458274.6787757	14.632789157494967	0.0107178921885621
2458275.7663284	14.057968546323297	0.0097454339573743
2458280.4713399	14.932798367503528	0.015234212383583
2458281.4603171	14.921012775608208	0.0155316995701766
2458282.4604036	14.887328936308482	0.0147423113373288
2458283.5500786	14.895296789891022	0.0164233626814596
2458283.9061674	14.476940131512904	0.0059722372746531
2458287.6070399	14.387475006104388	0.007073692297014
2458288.5966636	14.342075577360951	0.007123488600608
2458289.75019	14.50060054509308	0.0051158296184099
2458290.4831708	14.9279083477827	0.0159310328711194
2458296.6268403	14.326754049031818	0.0134073414561592
2458301.5548047	14.805376487852458	0.0145051177933531
2458305.380579	14.844142650428932	0.0136219572034125
2458306.3846644	14.879711995608336	0.0141507220760729
2458307.3731813	14.753358219774327	0.0102929214475059
2458308.3707417	14.6068408846181	0.0062051153755741
2458308.7295309	13.737841516169144	0.0093639452003903
2458310.375355	14.075779606317871	0.0095546451594233
2458310.7168631	14.901154833039437	0.015123250389344
2458313.687072	14.605061626091098	0.0077354137126116
2458314.7461457	14.606952645080025	0.0071665607831149
2458316.7468615	14.063963114765205	0.0092990133137855
2458317.3060778	14.212373462846909	0.0101963115737988
2458323.2364504	14.65286836377494	0.0168471788708478
2458331.5369677	13.87122293209699	0.00946794788322
2458332.5299442	14.56500860314135	0.006880750286958
2458333.2989762	14.561884671341987	0.0054556206467117
2458334.2965258	14.296092953357952	0.0087736893303305
2458334.5749601	14.84603366685436	0.014819982333076
2458336.7474232	14.889040557855536	0.0147966762791042
2458338.6152909	14.579319673352993	0.0070249081919956
2458339.2792003	14.816798254086534	0.0125821145123053
2458339.6250676	14.379811443346542	0.0071127776734665
2458340.2758031	14.7336803223422	0.0094049002333794
2458340.6292926	14.093311315284794	0.0088665912004452
2458341.2840074	14.604615759907375	0.0055852797757492
2458342.2685082	14.342653264326673	0.0083543193823124
2458342.7706696	14.184565073612658	0.0089055911366885
2458344.2737475	14.02057137907222	0.0100255778053605
2458346.2895212	14.883077505025168	0.0152694879073688
2458347.6738669	14.64939136172844	0.0087245419114825
2458350.5067143	14.79607342131452	0.0162121616834284
2458351.4958107	14.808199258043189	0.0183123818931475
2458354.3959025	13.954786717265062	0.0131299408303452
2458354.5818804	14.648897393490229	0.0172192723628604
2458355.6127796	14.567368041365349	0.0146292555419698
2458356.571474	14.188368821706897	0.0126412426587902
2458360.2434016	13.9616172707214	0.0098928791897316
2458360.5136302	14.665560716874287	0.0110862060549064
2458363.727014	14.868336502365754	0.0183693590394113
2458365.2711333	14.747178262106011	0.0104737900387794
2458366.5384743	14.470533507803706	0.0048732644034408
2458368.6504477	14.593048284379504	0.0074572356549279
2458371.5879897	14.63285665225041	0.0087069686888523
2458373.540499	14.050162845939898	0.0090783735747851
2458378.6435129	14.735964217801984	0.0136039014712487
2458390.2564874	14.732786872915993	0.0098602581095418
2458393.6478676	14.678723702957765	0.0084427875552767
2458394.6413965	14.871396009253422	0.015074100275063
2458396.2817814	14.797377684522314	0.011899590878212
2458396.6384855	14.742218848309196	0.0103572140710602
2458397.6356513	14.60416061203702	0.0074427850810694
2458398.6321766	14.41731448965876	0.010346501694758
2458401.3566472	14.617133940651424	0.0079447026752548
2458401.5692547	14.811242720336075	0.0129721671159841
2458402.2706138	14.173132000477578	0.0093303215060075
2458404.6097829	14.770652997862069	0.0125752502337257
2458409.3296629	14.632823180193071	0.0137845634464117
2458409.5323008	14.887578933947168	0.0188878205149619
2458410.5947995	14.920132627298525	0.0201710912092285
2458411.5884164	14.895764625067493	0.020300747218491
2458412.5182329	14.674686847427932	0.0148815032938253
2458413.5139668	14.404229056066972	0.0115049014404617
2458414.5819059	14.452817226000189	0.0158087579190761
2458417.3127137	14.72769993085797	0.0265263194848179
2458417.5711723	14.887708012230965	0.0248244041525838
2458418.5685903	14.909306786575376	0.0210238709993474
2458419.5623561	14.87519513124725	0.0147886835473278
2458424.5529242	13.755893581203988	0.0104660673242749
2458425.549621	14.744528995945316	0.0118950109146087
2458426.5466944	14.923855212091707	0.0162205980317701
2458427.5393523	14.901708831170222	0.0151815101168209
2458428.5347117	14.802202438847038	0.0135994058302
2458429.5328377	14.662385020771822	0.0086966235510185
2458430.5320663	14.503002825524252	0.0065361216925534
2458431.5290114	14.13795150383392	0.0093509009144179
2458432.5260045	13.690732963918547	0.0095159177126951
2458433.5229868	14.743265138117636	0.0119895116044378
2458535.8943832	14.880840436601384	0.0527435747729077
2458536.8935352	14.758881525741138	0.0205234693529564
2458538.8842877	14.575473441159923	0.0120451260416166
2458539.8836084	14.314498182505718	0.0105400991644268
2458541.8819183	14.340182930579378	0.0095774787462568
2458545.6263763	14.152095623531595	0.009657424984056
2458548.6050912	14.812972893636063	0.0124637168404227
2458549.6166564	14.694845308688766	0.0096871587444373
2458552.9024074	14.78912103250036	0.0171377364033022
2458553.8665616	14.707844594582502	0.0101878028913207
2458554.8651341	14.615676602786028	0.0081625033773926
2458555.5855117	14.843900261885166	0.0139063489958733
2458555.8605331	14.4257540424183	0.0081094249455111
2458556.8559353	14.125596473625407	0.0095479197950993
2458557.5847832	14.675713331910782	0.0093771992495243
2458557.8593605	14.079768531151602	0.0104938494119274
2458561.855831	14.704546527219415	0.0138728225576682
2458562.8387448	14.619985053994778	0.019758566180023
2458563.5778207	14.801703033277231	0.0260086313672305
2458563.8462751	14.470094928509614	0.0157362494813804
2458564.5959489	14.781456836772266	0.0280027284133509
2458564.8346106	14.152534987995836	0.01461046353904
2458565.8561621	13.97182471224911	0.0125205191627385
2458566.851405	14.564119767451311	0.0141725777264119
2458568.8299961	14.812837447981364	0.0197095031398545
2458571.8096357	14.379343852445665	0.0101275946677114
2458573.8079656	13.88703886701894	0.0104799373521766
2458575.5585593	14.490121097875305	0.0063222902593517
2458575.7986995	14.856844869934063	0.0153238954342626
2458576.7910913	14.788902983491942	0.0129047582954799
2458577.5949565	14.134183688647086	0.0094157692794734
2458578.7881538	14.590265017811369	0.0063238918596126
2458579.7893121	14.39977001896358	0.0077111256111262
2458581.7830787	13.786245276294768	0.0105113648834689
2458582.5249917	14.685998389652406	0.0091538608559325
2458583.8883756	13.985144818612516	0.0102614305836742
2458583.8896534	14.00559289506342	0.0106114353028756
2458584.7685083	14.829629128185143	0.0139486233026277
2458585.7658477	14.748333771744583	0.0115629091822105
2458586.7488264	14.57797810892613	0.0073514546326674
2458587.7566931	14.387246010558083	0.00725975463614
2458588.7623552	14.112356655900612	0.0107808625658346
2458589.7651547	13.758131657858046	0.0118388519160459
2458590.8609624	13.95671467495564	0.0109352320120706
2458591.8802462	13.675671126278475	0.0150731195412234
2458592.5358487	14.357901086823128	0.0209204132686121
2458594.7463823	14.685060165903804	0.0207559518653676
2458596.7411028	14.158582423918729	0.0142266320611216
2458599.4825633	14.54979440210877	0.008684376906894
2458600.5762279	14.647742196940976	0.01174554070811
2458601.5653032	14.325989664396792	0.0092497462786835
2458602.7089542	14.63503653713446	0.0094034303511599
2458603.9032969	14.928375721471692	0.0165992896310375
2458604.7219184	14.145961880573363	0.0105982245506561
2458604.8039104	14.594146014474704	0.0084513424083847
2458605.7176602	13.705230989400812	0.0105955254642981
2458605.8826364	14.572193895813452	0.0066218231994138
2458607.4662758	14.609339956892226	0.0073274517952929
2458610.6553368	14.5630712629604	0.0075432666076944
2458612.814543	14.653136790721955	0.0091338661441624
2458613.8258737	14.525707502417102	0.004826355927028
2458614.7168195	13.884900371180615	0.0096106288416051
2458616.4383115	14.341840814055578	0.0089156036463765
2458617.9096636	13.790467148356152	0.0098467394066956
2458618.7752023	14.968854230723185	0.0215194784665072
2458620.4597053	14.85523011394047	0.0218379726241824
2458620.7558067	14.617088963431376	0.0171665702049861
2458620.8579341	14.912223490483129	0.0191439598604281
2458621.7858412	14.489636715014392	0.0134094612254136
2458626.658666	14.768697211790997	0.0194295960150868
2458631.6600613	14.885473604344485	0.0179982360161411
2458635.6328971	14.564563442075023	0.0088935247693527
2458637.6214824	13.850978807860468	0.0104028045091143
2458640.6434352	14.93603603441828	0.0172757272408982
2458642.6287951	14.813141201675275	0.0136553757631209
2458643.6432978	14.693555447107334	0.0104307049391615
2458644.6651242	14.565241188156207	0.0077003183074838
2458645.6645492	14.331772176288	0.0110018716707666
2458646.6897467	14.157420791097191	0.0101497227616617
2458647.6741282	13.764542272654973	0.0102974645395569
2458650.3716868	13.90015529132137	0.0132212856379523
2458650.8045792	14.772019625933355	0.0241078137520803
2458651.7528725	14.931454419364808	0.0326367119242704
2458657.6787554	14.937194494547484	0.0194924429479355
2458659.5402861	14.580193008663834	0.0084573417299498
2458659.7522239	14.87047034756048	0.0160205225091138
2458660.7013858	14.654771021674197	0.0093006788378106
2458662.8270137	14.74625321807487	0.0132377087779763
2458666.8561526	14.095202807055715	0.0091458121823166
2458667.7880391	14.870371588057958	0.0155763690946193
2458668.5315986	14.505514463448758	0.0073404343161188
2458668.7887387	14.866527729131036	0.0151942963260599
2458669.4531662	13.842255170176072	0.0099518603489308
2458669.7188639	14.724562270695088	0.0108692159532245
2458670.3811847	14.849881289477777	0.0132625646855576
2458670.786016	14.753079583467969	0.0131904243264824
2458673.4541626	14.807722248109474	0.0125173902005132
2458674.3954936	14.600274546087364	0.0094049663927728
2458674.5709987	14.569281604924944	0.0080727652267338
2458677.2899246	14.835766666073296	0.021363880491516
2458678.5005239	14.329294824406324	0.0120073374508206
2458679.5527028	13.924759173874994	0.0127569340000159
2458683.6627405	14.901234483628356	0.026255089545427
2458684.6925454	14.77703575957834	0.0175920152437104
2458688.7516097	14.605966635818708	0.0091339665370474
2458689.6674802	14.06476689053366	0.0095670648280566
2458689.6804848	14.116592307170526	0.0102270379565151
2458690.4221597	14.796523791337409	0.0124346146932626
2458691.4345794	14.698815215807768	0.0091747346829395
2458691.6679469	14.82496309190071	0.014827019778795
2458692.2580935	13.999183852194738	0.0102013536739936
2458692.8274794	13.962498962052525	0.0107439430360253
2458694.6083717	14.709622494758852	0.0098526475958878
2458695.7077359	14.721372550304944	0.0099154508348755
2458697.519606	14.659388549698182	0.01221491818812
2458697.8213189	14.701115249896011	0.0174445596294983
2458699.2520294	14.22373555657144	0.0092458003315894
2458699.7961183	14.29185175778606	0.0094125870014803
2458700.7212921	14.375737262372647	0.0082251260682497
2458701.6753289	14.830121400220657	0.0150199195740908
2458702.3134988	14.327708393513957	0.0090206242282295
2458703.7240883	14.783526768855875	0.0128549064717572
2458704.5737852	14.291149811679718	0.0105606280746295
2458705.7792972	14.699924569610207	0.015552919665845
2458708.5633581	14.784340842384283	0.0249355978338511
2458709.4745047	14.653142039694458	0.0214230476104242
2458711.4085298	14.038594849033036	0.0159862041614568
2458711.6015195	14.616202070485125	0.0195185670749025
2458712.5597169	14.50188463102446	0.0098626150760836
2458713.50755	14.079669332654026	0.0147808970778032
2458714.5005755	14.654211525490858	0.0177831849804041
2458715.5865878	14.525327489898524	0.0058691136386758
2458715.7632454	14.40968767854726	0.0124766706438436
2458716.6533401	14.427294883969209	0.0090691946343252
2458716.7470528	14.069909461107654	0.011306628651826
2458717.5124778	14.732841761386087	0.0132996961824734
2458717.5919856	14.791991411186514	0.0123554561831828
2458718.562952	14.710024098159868	0.008739603401553
2458719.3733857	14.11767292570616	0.0099920432863191
2458721.7245505	14.616891079393689	0.0083545308005969
2458722.4089048	14.85906354182797	0.013772162569496
2458722.7516355	14.57861240614298	0.0069252176708719
2458723.3473824	14.700370434694518	0.0089388208769296
2458724.3935963	14.70093427350201	0.0090943913369162
2458725.6913176	14.348850647083156	0.0080598989266897
2458725.7337576	14.112508708285675	0.010381912250771
2458726.6915988	14.861627236763615	0.014385908343979
2458727.5820658	14.660358270924846	0.0090498777129468
2458727.7040771	14.844409005654065	0.0141624572206565
2458730.7129217	14.560575369985294	0.006396777429301
2458733.2503635	14.171128375862525	0.0111194426399645
2458740.5395235	14.785062069641551	0.0315905263615026
2458741.5877396	14.85014621756427	0.0252062264554788
2458742.687555	14.704219477415428	0.0184304219572458
2458743.4394077	14.48359500854412	0.02182879887845
2458743.4978003	14.62578595506728	0.0087348908229321
2458743.6944543	14.833433329345942	0.0287554752882007
2458744.5018964	14.480824148646713	0.0066882402637648
2458745.4986246	14.25518799238288	0.0089565378097832
2458746.4960303	13.969086481480202	0.0103121322918147
2458750.5823526	14.852163444133508	0.0169956469414372
2458753.6682739	14.80341086425922	0.0160611882931082
2458754.2337556	14.829011708892809	0.0148741105332136
2458754.6622468	14.703024330162496	0.0110443060042289
2458755.5544403	13.992425093843655	0.0094114456842953
2458758.2872431	14.518587632951585	0.0056545670842779
2458760.2961745	13.749397365412111	0.0101729136039495
2458764.4881845	14.850020800219545	0.019598902654282
2458765.371358	14.808243584275145	0.025242634230069
2458768.3303714	14.045999890825064	0.0146340636912225
2458769.3503001	13.809326146866209	0.0153636936161788
2458770.3586142	14.37092884261688	0.0241064254577632
2458772.2508562	14.763872825941352	0.011761010428564
2458773.2772158	14.727813009141876	0.0110739792443577
2458775.3504498	14.603555015294145	0.0083612500092478
2458775.608513	14.915310651729676	0.0213593970181689
2458778.2961849	14.92348826068662	0.0163438698183003
2458781.5382973	13.883255940411647	0.009678695811963
2458782.5834882	14.345045142716812	0.0097115693719492
2458783.5454745	14.93081139037	0.0157811101419956
2458786.3194389	14.033786134529231	0.0098789969635587
2458787.3159975	15.003571083285063	0.0191948940967244
2458791.2932151	14.581991336199565	0.0113494193995641
2458792.54333	14.996120117885187	0.0224752541435305
2458793.540312	14.880552873715471	0.0194190694567378
2458794.5368479	14.79238190070108	0.0189404616846478
2458795.2697355	14.925260026456629	0.0228487695917855
2458795.5335019	14.535188804987014	0.0140192037954433
2458797.5269168	13.67484643460444	0.0124775210720522
2458798.5229104	14.536940557235802	0.016674245364532
2458799.5205157	14.955448374414566	0.0369289516848592
2458800.2622591	14.29325554173478	0.0212787342366285
2458800.5172796	14.931715626454254	0.0290515913858747
2458801.5139631	14.844838327426814	0.0182352034837561
2458802.5108093	14.687576457562065	0.0209942224668427
2458803.5088572	14.491600745350436	0.024451350640555
2458899.8875204	14.91998058715242	0.0178625256669138
2458923.846348	14.921453585529804	0.0284944740048305
2458924.8399474	14.896817967949056	0.0192005180198607
2458928.6517455	14.906737010311875	0.0189254230559187
2458931.570773	14.64778962518903	0.0090144188496632
2458978.4350057	14.985757751467473	0.0722447442290278
2458983.4576744	13.707192895497991	0.0108539456775397
2458989.4588136	14.492961506290726	0.0078590042241803
2458992.4027806	14.877050885766492	0.0145569749635093
2458997.3927573	14.423482051584472	0.0075462612878541
2459002.3769341	14.775125012952364	0.0204649746567281
2459009.4081865	14.880142841828157	0.0347544295432452
2459017.3655131	14.883440352091409	0.0149702667497102
2459022.4417336	14.66620664941307	0.0090661147403207
2459025.3138668	14.91777640808168	0.0160509533027355
2459031.3170404	14.201659468917551	0.0113174071545635
2459038.4592556	14.79774011762833	0.0202777029064676
2459039.2708223	14.153338583430752	0.0097928731352377
2459046.2453021	14.434436834366906	0.0091730552976808
2459049.2275545	14.718475842228976	0.0111531644971879
2459050.3675026	14.0529480768253	0.0096815621737497
2459051.2208705	14.808271852076514	0.0134669448334991
2459052.217628	14.720239477501828	0.0112761607840477
2459053.2140991	14.563974819947973	0.0068694381141938
2459054.233266	14.52461225194255	0.0065071054668623
2459057.230591	14.354160551781554	0.009546774328657
2459059.4024211	14.03889075887066	0.0117395254134054
2459069.3662902	14.882722838667046	0.0196182908499613
2459085.5093738	14.17631542290011	0.0101883239864643
2459096.2714741	14.61480640384124	0.0117525136978737
2459127.2302482	14.778772931294592	0.0225797866571882
2459142.5742785	14.761130196988988	0.0128864771878221
2459146.5010755	14.914156532520158	0.0206055153035379
2459148.5057505	14.860672743393826	0.0232868364211894
2459152.2932069	14.86113190041004	0.0363842981576658
2459153.556946	14.147727935843172	0.016394293174266
2459155.5498223	14.784013380231595	0.0178988426311702
2459156.54663	14.954270902407504	0.0190764686771334
2459157.541187	14.88128808826518	0.017306590078086
2459159.5370408	14.679960228995546	0.0103481263286296
2459162.5407576	13.892008693775836	0.0099584917011501
2459167.5285518	14.73432777978224	0.0118310997101974
2459169.523996	14.308852162804689	0.0101350152623844
2459259.8929819	14.580991311447471	0.0340741279964858
2459260.8902786	14.416756360482118	0.0185401448436581
2459267.8819339	14.584260597098025	0.0150291506760859
2459268.8748008	14.403162204678722	0.0091395919275808
2459269.8736652	14.1207284937821	0.0100788115055554
2459271.88658	14.578977028085408	0.0102474648792547
2459273.8747031	14.961231257341508	0.0299735976577728
2459274.8698419	14.750589919162758	0.0225898397039677
2459277.6401864	14.890451304247732	0.0240477662834006
2459278.884044	13.994956472679243	0.0106228932482211
2459282.8845726	14.796561478130585	0.0163536402622228
2459287.8231714	14.85733293699714	0.0149802288533092
2459289.8251015	14.875778643547497	0.0148637416833806
2459291.805505	14.702613881396791	0.0121506885627846
2459293.8274751	14.263805198933213	0.0096323351186787
2459295.8136389	14.475336190995138	0.0072712643739812
2459296.8069189	14.959708895990858	0.0206124704818904
2459297.8545841	14.837531472331484	0.0164995085052349
2459299.7894011	14.729079458563382	0.0185162129588112
2459300.8040826	14.604132530022833	0.0267785595739935
2459302.8290398	14.09743461538099	0.0171013215323067
2459302.8807401	14.365447687920431	0.0217859264917088
2459304.8123386	15.05898894993524	0.0337517210326859
2459305.8023084	14.822170399466394	0.0230713194789241
2459305.8226177	14.974383593442324	0.0240674021603132
2459309.8908756	14.71495000456947	0.0126445229716908
2459311.6262825	14.870627187400878	0.0162654271465037
2459312.8478575	13.734816989378038	0.0104745938658205
2459313.7537855	14.903521609483883	0.0151311954907203
2459314.7646557	14.88744107859927	0.0149375309561047
2459315.755295	14.770106138881555	0.0138944180649312
2459315.7883404	14.813498733450787	0.0136747150367766
2459316.5152526	14.858673771516376	0.015554403912677
2459316.7447461	14.68850247108154	0.0097350772134895
2459318.5259838	14.864760934146831	0.0159322532197443
2459319.8376	14.12894132032174	0.0098567283410484
2459319.8709017	14.306612194439792	0.0083886596852958
2459321.4736909	14.310624676837175	0.0095182310782059
2459323.5109259	13.734532513641335	0.0102682117942981
2459324.7551138	14.65885939320875	0.0109225722885082
2459325.8488094	14.734846690311326	0.0114996963806857
2459326.8353183	14.493773634002034	0.0070866390126804
2459327.755251	13.736111965041705	0.0107650602061291
2459327.7785209	13.855737601527666	0.0112201917607092
2459328.7287319	14.930484317786105	0.0320132225529559
2459329.7597029	14.95671697057909	0.0278965202177507
2459329.76234	14.994434888848057	0.0245752949488924
2459330.7067965	14.928885444233988	0.0272516747111172
2459332.7202889	14.658141023989131	0.0190115593564746
2459333.6930304	14.4103573389894	0.0148379325895766
2459333.7136255	14.335921506411992	0.0221813466113416
2459337.615047	14.828984837967557	0.0197964664358609
2459337.6926799	14.889514305438476	0.0191138671951658
2459338.6834518	14.830556965271576	0.0176043889575262
2459340.6826083	14.656750143233664	0.0096034411854257
2459343.4503395	14.808082316877396	0.0144585269555798
2459344.8249193	14.159620306903667	0.0114502414736385
2459345.867351	14.05615499125269	0.0097638553727867
2459347.4478522	14.0166694676713	0.0103008729085795
2459349.6534506	14.395987059871318	0.0083069800617122
2459349.6876577	14.558907810386543	0.0051025066095245
2459351.651577	13.743602647124597	0.0106443289679919
2459356.6362447	14.634557024043598	0.0138807135168052
2459356.6736241	14.70936169071498	0.0137498886435539
2459357.6964118	14.759775745126316	0.0120087394923722
2459358.3927326	14.839843086298735	0.024404386314102
2459358.6289879	14.581211033623202	0.0123620857034102
2459359.7685122	14.581769601966323	0.0128583298059769
2459360.8160444	14.48537697688497	0.0385025753470446
2459360.8372699	14.54354765431756	0.021549747868695
2459365.6133025	14.611658319099334	0.0114112451320427
2459367.8016374	14.683828977018084	0.0107488054507234
2459368.8272475	14.588298111760183	0.010191326803404
2459369.785707	14.246742965715493	0.0090569626046246
2459369.8201798	14.403319201544091	0.0088514222216734
2459370.7357928	14.078632436174807	0.0090738709317727
2459371.7407193	14.361941481171218	0.0081894329826747
2459371.8193229	13.85151385332297	0.0098300635134362
2459372.3429409	13.976360184872773	0.0116046577795733
2459372.5856334	14.681860223851348	0.0110556800626206
2459372.7746358	14.923319442637927	0.0164920518626475
2459374.9284119	14.869961788316344	0.0146650564018354
2459376.3343596	14.765327849409832	0.0116091076486795
2459378.3218305	14.43990973078625	0.0101022129806365
2459379.5663722	14.312405972192494	0.0082119989960059
2459379.756511	14.229471706786192	0.0114543746571267
2459383.5654678	14.231348886077749	0.0099985222897499
2459384.621548	14.197522892234634	0.0105034528325393
2459385.6679488	14.122957426318717	0.0107281568827102
2459386.5502552	14.430747421866988	0.0111792283723494
2459388.580249	14.907377182443696	0.0463983973797622
2459392.7092395	14.576428653387072	0.0224656731285811
2459393.5312017	14.579240853151298	0.0086426080786211
2459400.7709102	14.777339986228515	0.0145059239724174
2459401.7082456	14.472544137654625	0.0068478456469978
2459402.5986205	14.124657012191085	0.009654342591915
2459402.6563187	14.039383941245912	0.0107010764296238
2459403.6851525	14.006954392614112	0.0098059421002561
2459405.5201745	14.704606124895763	0.0120130868107472
2459407.5204094	14.41943180794832	0.0084119553335022
2459407.7457244	14.770088726404143	0.0130338943784574
2459408.6427752	14.553627130767763	0.0076989506161668
2459409.7741632	14.70996138681407	0.0109225655851382
2459411.8243108	14.565411398426448	0.0067120884863818
2459412.7566713	14.203005519657715	0.0090485859498855
2459412.79026	14.229639982870571	0.0100310179577579
2459414.3225133	14.019462473745406	0.011811874974022
2459414.6399488	14.788195308584038	0.0252698838496397
2459414.7044844	14.802871210081152	0.0214107423659652
2459416.553867	14.396507625312465	0.0150658566789129
2459420.769158	14.311673018892348	0.018206733546
2459421.5478089	14.34245765621306	0.011453468553911
2459422.260683	14.132961213587876	0.0097462001534028
2459422.5636703	14.736477425172245	0.0153788723692396
2459423.5348723	14.601707610721302	0.0077739669718753
2459425.3754721	14.731461941958974	0.0141258710585313
2459425.7527993	14.799753034003768	0.0146960980299863
2459428.494796	14.838641242640524	0.0148032999755056
2459428.6648148	13.919346188134297	0.009812972921738
2459433.3513708	14.807117846074302	0.0145974396939538
2459434.3541967	14.845675197340205	0.0138513821039398
2459436.5836769	14.403639047435885	0.0090831647025474
2459439.7758933	14.358394869720955	0.0100548803614975
2459442.2953146	14.847637984912348	0.0244014547226447
2459444.4871683	14.949236333405429	0.0229200117261232
2459447.5173505	14.758508831879375	0.0252501438068032
2459448.5819053	14.733316851511187	0.0257014305570036
2459451.3920579	14.964429938755591	0.0326330644632347
2459456.646569	14.889735332298049	0.0160456611948051
2459459.607617	14.373858848570151	0.0075052410864755
2459460.6312085	14.187494365236088	0.0101626114334571
2459461.6238087	13.753798447828345	0.0103902819546134
2459462.3438521	14.664460018660034	0.0090262125093287
2459462.6198045	14.758977296553477	0.0118134245829893
2459465.4583935	14.42256998916362	0.0084059911326665
2459468.2238076	14.698801141892805	0.0174935672486406
2459470.5691354	14.96268486175023	0.0203381702310027
2459477.609947	13.952018356999954	0.0131558345646585
2459479.4272049	14.793529777170267	0.0303970474790377
2459480.5275155	14.885597657500645	0.0174154169504542
2459481.5049336	14.739186909537016	0.0135252802485553
2459482.5514136	14.649665702367855	0.0098433362567632
2459483.5134173	14.289224432257717	0.0085723699548691
2459485.5079795	14.14905398331812	0.0106965736529716
2459488.5081824	14.839891336389815	0.0146911139608382
2459489.6412112	14.831017427316612	0.0166070164031939
2459490.6038779	14.840947246239477	0.01608482892081
2459490.6386292	14.903577439225524	0.0179226337978837
2459492.5152923	14.159437271947352	0.0090366901872653
2459493.6098375	14.324796241198769	0.0091445751680905
2459496.5307827	14.903548121879956	0.0167515085391772
2459497.5057101	14.809054477241975	0.0160241590337818
2459498.5277077	14.745882019406697	0.0137912375688046
2459501.4995939	13.809903765848786	0.0119774337965754
2459502.553226	13.769536418964918	0.0112296500059789
2459504.5917489	14.844024759511994	0.0324436010211218
2459505.5661518	14.90764423341098	0.0274684101304571
2459507.5902529	14.73942177652308	0.0281802252798571
2459508.5827271	14.620927000589257	0.0268353824200857
2459511.5159843	14.696965806471926	0.0124155585641159
2459513.5739875	14.896385578201324	0.019073289217811
2459514.5480815	14.812031821994324	0.0160149909304294
2459515.569079	14.781794685784517	0.0133637986876525
2459517.5158147	14.303687094506692	0.0094830658033429
2459521.5488529	14.951867093203091	0.0213857760448837
2459524.2918608	14.045423593397713	0.0108602488494661
2459525.5338362	14.581821105590931	0.0104902404717733
2459530.2805908	14.419741095555034	0.0109405146908497
2459531.50938	14.817573664345057	0.0316583843487413
2459532.5328297	14.685543528822574	0.0191090014936344
2459533.5218839	14.655095967038374	0.0167855399515971
2459534.5106417	14.293575614847892	0.0251797786573024
2459535.2710373	14.734477610675402	0.0264626380351821
2459624.8927108	14.374496925552371	0.030847795512176
2459625.8927007	14.476697860571567	0.0370336490412781
2459627.8893664	13.822481548269304	0.0181912296979725
2459631.6347408	13.821933557622613	0.014956309028436
2459634.6329101	14.816237892250768	0.0209256026691749
2459634.6353936	14.889145533573108	0.0404115595338717
2459638.8758163	14.942870830041391	0.0185084300886105
2459639.9029121	15.195615661306425	0.0988922814366113
2459641.8785411	14.533586275992146	0.0069688673234508
2459643.8766785	13.80617051888568	0.0096301025280122
2459644.9024886	13.69022443211314	0.013238997430663
2459647.8483566	14.803384614150788	0.0133149260025185
2459648.8951758	14.76638696125062	0.0124671022627873
2459650.8297987	14.117622114191038	0.0094437108048153
2459654.5806752	14.289362887633157	0.0134372645683278
2459655.8316416	14.903301887425942	0.0260768055561919
2459656.8349011	14.809809856877276	0.0219667847925792
2459658.8447566	14.368231369340895	0.0143728561676181
2459660.8308991	14.05921826957634	0.0127152751212306
2459660.8321922	14.039688084051642	0.0141211893028459
2459660.8562663	13.621593924944651	0.0120357609094878
2459665.8161983	14.600362815967324	0.008922432895462
2459666.7884256	14.21043726958679	0.010099996684192
2459666.7897067	14.235082157047536	0.0109097144373141
2459667.8024297	13.905450209133216	0.0103983244027768
2459668.8085065	13.910105605630672	0.0094497340338963
2459670.7951228	14.871657282446138	0.0155640623028165
2459671.8511579	14.897655097248029	0.015887430389649
2459675.7946367	14.09187049735914	0.0097000970226129
2459676.7663739	14.206659789570775	0.0086602985674008
2459677.7717746	14.758873136156286	0.0104354831816123
2459678.7749863	14.913612970000171	0.0155236513936793
2459679.8039632	14.893377042906303	0.0147979378041049
2459680.8326946	14.882801488168392	0.015682623959245
2459681.8037663	14.717586748694668	0.009975381180517
2459681.8554676	14.715361410066304	0.0097757762796564
2459682.8510529	14.687544865516337	0.0109828593960594
2459683.9048364	14.663279824385418	0.0092721707903285
2459685.7428792	14.880370390666492	0.0284733025409342
2459685.7681258	14.676390000295726	0.0244232012877482
2459687.7583013	14.876796547930704	0.0202065390419421
2459689.7129398	14.64748127223344	0.0168161375313837
2459692.8524669	14.41834461911492	0.0101505997452108
2459696.6227885	14.575830483546913	0.0105513405301605
2459696.9311528	14.46386514372512	0.0222135321192245
2459697.7009842	14.642723678510718	0.0078583048852797
2459698.7231253	14.524448397057045	0.0065709337492343
2459700.9269275	14.715910248281885	0.0140103025096243
2459704.4610792	14.153732780749417	0.0098907933289874
2459706.6913551	14.601183766284844	0.0066986589806386
2459706.7454559	14.7028973011979	0.0107454749716044
2459708.7119926	14.13477577152204	0.0105793523947342
2459708.7172785	14.184037364114964	0.0085708095678153
2459708.7185197	14.180228583669711	0.009154693712508
2459711.9260609	14.297348764632527	0.0108785357487552
2459711.9273442	14.277782499976505	0.0149394581496206
2459711.9286478	14.338578436567156	0.0153422970380399
2459713.7049207	14.79286608917857	0.0214522577564381
2459713.7335733	14.759344764374667	0.0161496129243735
2459714.7095723	14.73828369480766	0.0244125209627208
2459714.7108271	14.664065076937716	0.0353707651433398
2459714.7120677	14.707272240608972	0.0374320947164755
2459715.7414329	14.614406759327462	0.0191535632189685
2459716.7986656	14.61459370427126	0.0168100461630722
2459716.8581146	14.7327457965147	0.022300266342944
2459721.6281699	14.717465428989325	0.0118396422867343
2459723.4160206	14.86403972497467	0.0159563744373624
2459725.4278469	14.772118917946711	0.0132672065797268
2459726.9248875	14.678408172939344	0.0104158166177737
2459727.7955014	14.110258638494654	0.0101225489251888
2459737.3454574	14.152555463722564	0.0114237700687005
2459738.5926585	14.67275925863908	0.0094265550404633
2459739.8539541	14.8816532634558	0.0165379708035147
2459740.8072949	14.79744747520212	0.0135907956115911
2459740.8578818	14.821350879466076	0.0132242994783979
2459741.8359513	14.715657444801078	0.0112891778580408
2459743.5679056	14.94749354246316	0.0415229723598202
2459747.7086764	14.72522446074606	0.0169467461129799
2459749.6611219	14.442555900017354	0.0098057075639574
2459757.5683739	14.201819297779814	0.00997629540614
2459759.5420905	14.684594521192038	0.0094795574771548
2459759.5446947	14.681517687214887	0.0113403503641904
2459760.6341613	14.44815985984702	0.0110413907609861
2459761.561743	14.7572752304127	0.0127685926829271
2459762.6475016	14.787859715984402	0.0132698806259915
2459762.7152317	14.768853750464409	0.0116432735321198
2459763.807748	14.47989673132633	0.0082050472740712
2459765.5444641	14.17812781591277	0.0106286757635397
2459766.8765381	14.74921872911066	0.0119416022512325
2459769.3298674	14.433478313562302	0.0162022583227556
2459772.6815863	14.76558448286982	0.0328213093357233
2459777.2887699	14.393780783642132	0.0094663276005584
2459785.2225479	14.208996240007052	0.0099500585485722
2459786.4372933	14.729451469096317	0.011666750732838
2459787.6396419	14.860657314723838	0.0157128900449367
2459791.236714	14.765962523701418	0.0134751433801546
2459795.4759199	14.79773547372268	0.0155545105230118
2459796.5135327	14.686328549354574	0.0117048184898577
2459797.5328453	14.534863757908411	0.0123473986780439
2459797.5340857	14.540340720155234	0.0140963271539468
2459805.5487113	14.672308999180528	0.0141374153530084
2459806.630938	14.750289435119786	0.0154631066094807
2459806.6362028	14.702484867496617	0.0133202499079714
2459808.6422764	14.327122844916628	0.0094413839881935
2459810.5593637	15.040077017945691	0.0213322662479105
2459811.6178082	14.99204643203335	0.0190744713698612
2459813.4592516	14.512028592512277	0.0074217171872593
2459814.6011664	14.740465150520258	0.0113363514036678
2459815.6209435	14.629967236271632	0.0072626099247996
2459816.6624234	14.548546340932608	0.0070526720916307
2459817.6921131	14.41207709092711	0.0087676483922553
2459817.6946931	14.395736729085083	0.011183557500144
2459819.3689339	14.72414659890717	0.0104286622195194
2459819.3701741	14.726367829127987	0.0119495202769568
2459820.4322988	14.654172402218125	0.0109896852019131
2459821.4811679	14.666980703140048	0.009972826711446
2459822.5645827	14.69988897220184	0.011119061818476
2459823.567007	14.508601856940505	0.0064627715529259
2459824.5897308	14.326297835471903	0.0103310073677319
2459825.5919845	13.96402836568488	0.0105356362532554
2459826.6622708	13.95800443481188	0.0101620562187872
2459829.6795011	14.974825749497514	0.0290810790650027
2459832.3057059	14.858938714705577	0.0307862579595149
2459834.6565037	14.120319501088003	0.0123527110038216
2459835.5197172	14.977001664989428	0.0184313410611541
2459836.5088918	14.888964859610782	0.0162269571974191
2459842.2735195	14.823074558715096	0.0132028275744109
2459843.5700008	14.5345827020421	0.0064093075127622
2459844.5538045	14.905335524514562	0.0167491683991794
2459845.559149	14.926613598798768	0.0164608303733982
2459847.5362501	14.682467501912503	0.010666896271707
2459848.5208184	14.389778973122311	0.0088342340225152
2459850.5065376	13.71589718464828	0.0095267124956637
2459851.6551949	14.141801916679086	0.0104201639854185
2459853.5011958	14.900122022462496	0.0186096586353147
2459854.5046351	14.778695739888471	0.0150113968905272
2459857.2949123	14.92441442899553	0.0291068938777421
2459859.629098	14.178423484068814	0.0175146348772734
2459865.6197897	14.7058579649038	0.0178526634171276
2459868.5123627	14.824676391877862	0.0139774164156273
2459870.3476845	14.557735285058293	0.007674785810284
2459871.5556964	14.80372530158012	0.0139259496564876
2459872.5481138	14.688791442701389	0.0097084871613545
2459873.544709	14.639427070872904	0.0083144835683679
2459874.515981	14.299893412997092	0.0089796265240273
2459875.5340205	14.068946259432604	0.0102763920948444
2459876.5385536	13.871283023926836	0.0107388143527072
2459877.5427192	14.718069322062934	0.0128010101111529
2459878.5724419	14.95069969467268	0.018404866588921
2459879.5561649	14.80688593434682	0.012814880539852
2459880.5483249	14.750760406690402	0.012886942635558
2459881.2634013	14.662448242042291	0.0108738819491934
2459885.5541059	13.942684126638683	0.0119870830385108
2459886.5507919	14.886329843264466	0.0250639242435401
2459887.5474881	14.908380964826204	0.0244397942977697
2459889.5368495	14.77919651236081	0.0237060700897232
2459891.2798318	14.878727486054402	0.0402077738546194
2459891.5340037	14.472148151007296	0.0192975713104383
2459894.2874498	14.668460155404166	0.0123675491771837
2459897.5325111	14.782429263048154	0.0132624327082147
2459897.5337993	14.76013922385216	0.0132361235954873
2459898.5232428	14.655475366655338	0.0097682772519712
2459900.5197471	14.294436657495016	0.0092363036254731
2459903.2642841	14.546969589291304	0.0245905339675702
2459998.8736826	14.43314409684424	0.0091908162385368
2460002.6142083	14.543984527510863	0.0064802539184238
2460002.6166885	14.589878368805266	0.0128636211721854
2460003.86904	14.850264092128556	0.0150879984048391
2460005.8776848	14.714103842556362	0.0162004890262414
2460011.8415776	14.850795381532508	0.0336282271857414
2460014.6342319	14.582772853760764	0.0131300992783149
2460018.6391689	14.718401376969112	0.0146645590807969
2460018.6419518	14.73950572638735	0.025318874644169
2460022.8616306	14.656691007122571	0.0095693780630367
2460025.563297	14.782303138676076	0.0116837049774562
2460026.8673031	14.24353451226792	0.0096753866112983
2460028.8354042	14.888019064706407	0.0171912763164475
2460029.7989223	14.72796619210579	0.0117662511993672
2460031.5428784	14.857055438609398	0.0147586772269989
2460033.543309	14.781933612403051	0.0125122712642543
2460034.7803711	14.811156289581142	0.0135349997628649
2460035.7736165	14.830784372536982	0.0141070253329608
2460036.7744348	14.774336104103208	0.0182832999504126
2460036.7756796	14.75357553144677	0.0210015240969972
2460037.7950535	14.78170226210571	0.0189413488597959
2460038.8222853	14.725918834060783	0.0165482988823298
2460039.7986832	14.568889655362842	0.014593914409677
2460040.8198333	14.332718714184304	0.0169509893669932
2460049.4993274	14.818866131505557	0.0127198486522106
2460050.8810721	14.229346468691311	0.0094399000871144
2460052.7639926	14.866134623943225	0.0152935142383401
2460052.8001176	14.841548380101104	0.0147778993597332
2460053.7533788	14.786707413167685	0.0123564212152801
2460054.735269	14.635062232942674	0.008694128849393
2460056.7296292	14.325950766039217	0.0083404845058526
2460056.7383726	14.336317508831712	0.0099088064182864
2460057.7211875	14.011483140916985	0.0102360603057346
2460057.8010128	14.354763836441045	0.0094913811754155
2460059.7167896	14.803946771913925	0.0132008689161667
2460060.7226294	14.880860352284396	0.0164894060015032
2460061.7263433	14.7863794534285	0.013340452020845
2460062.7092819	14.71219835733372	0.0099515036623309
2460062.792463	14.722830779719065	0.0110252442938002
2460063.7706449	14.714058810787694	0.0104380779705142
2460064.8155058	14.663439879475597	0.0102573865688332
2460064.8750187	14.751706029542149	0.0130167939421489
2460065.8651612	14.61098552678608	0.0080157636868291
2460067.462959	14.70280432689008	0.0183711515397635
2460068.7027641	14.74950894973035	0.0199990788283725
2460069.7718051	14.808672357484784	0.0280155480160509
2460071.748015	14.697422573656349	0.0221248323830542
2460072.8653975	14.779788716024672	0.0232452599674899
2460077.9259118	14.18979518885494	0.0112207581448841
2460078.7379776	14.757591994268626	0.0144969817456495
2460078.9284533	14.074074818429615	0.0107610242773595
2460079.913118	14.619442383440663	0.0084816524349675
2460080.5779613	14.206341312353944	0.0094918911463972
2460080.9088842	14.81730894718326	0.0140328874135911
2460081.5660622	14.095878288090724	0.0095745953992316
2460082.835426	14.574787116474113	0.0095842457420075
2460085.8347119	14.057584509138842	0.0106034207185946
2460088.402424	14.602143817841494	0.0061443625905464
2460089.8171152	14.700954404339278	0.0117094831372062
2460091.6668268	14.130808759988367	0.010451797489707
2460091.835761	14.538995828705929	0.0069043562247215
2460092.3846639	14.603972308822746	0.0085677030137495
2460093.3799295	14.437171213251096	0.0094766921670778
2460094.7215802	14.792274985526625	0.0166639502620697
2460095.7374485	14.723477675508445	0.0189825538191809
2460096.7414366	14.780290563193986	0.0221339382817773
2460097.8235601	14.729560272935489	0.0247199524462758
2460098.8244744	14.75287053398799	0.0198779463292873
2460103.8307269	14.4551945268879	0.0103267202089514
2460107.9045742	14.736548869978352	0.0138313734296227
2460108.8620962	14.57677019661189	0.0075382517321672
2460110.8689795	14.217454630001864	0.0101460318811791
2460110.9392128	14.482105591154596	0.0149856621187074
2460111.9048517	14.11795953968748	0.0101929658313477
2460112.7786931	14.820045236192918	0.0215852462268536
2460114.6315219	14.354345332116692	0.0102369101520442
2460119.914023	14.234821735056338	0.0101833298230778
2460120.6489919	14.739523149413987	0.0130743358501381
2460121.5426583	14.411169014160327	0.0104325763063391
2460122.5400378	14.143681296015064	0.0106404603941948
2460123.5518625	13.93476477538615	0.0118368355026486
2460125.6653914	13.988277097650888	0.011731590131412
2460126.5585113	14.889435732459336	0.0320027038827271
2460126.8330607	14.25606729205132	0.0158927555851781
2460127.5590609	14.81620571207294	0.0572494178475048
2460130.5131498	14.113683731056952	0.019064977121507
2460131.2655924	14.813999679535945	0.0187897325241081
2460131.5184477	13.894177758991644	0.0116586519157823
2460132.2596536	14.632017498586167	0.0099748729399602
2460132.8163401	14.583706064065652	0.0317794724470355
2460133.8222407	14.570041481163456	0.010645528053055
2460136.530339	14.6749128195083	0.0160871205302543
2460138.2409889	14.802169484171532	0.0125101388816222
2460138.8384614	14.818201960244632	0.0157084609824023
2460139.3649651	14.336776953010885	0.0079803953207621
2460141.270015	14.61377466311938	0.0103973375581322
2460142.2268283	14.123636578620136	0.0099107887334549
2460142.6796788	13.70212620715775	0.0104932618437898
2460142.7168778	13.89661163616024	0.0100981130181107
2460147.507741	13.9630775795372	0.0102150726611429
2460149.214506	14.538952492856446	0.0069801866684439
2460149.7762687	14.621115091160105	0.0112785969379344
2460150.535393	14.951895839565664	0.0233381010494934
2460151.7985438	14.081698298927884	0.0106012398772676
2460153.602579	14.840126694287004	0.0193316668475817
2460161.4923229	14.614212574950834	0.0189419171137572
2460162.4803761	14.437069257332922	0.0168087074125312
2460162.5154249	14.590665484475608	0.0329373830668049
2460163.5106337	14.219896149754849	0.0117907514491374
2460167.4408161	14.890092516055148	0.0161442541355973
2460180.2490721	14.907235207175088	0.0166994543635474
2460185.2247675	13.80129507419337	0.0145797815903991
2460194.461455	14.725733552116385	0.010492583005543
2460206.4126614	14.409686708783653	0.0088022426843006
2460215.4096852	14.828877011198207	0.032075257948454
2460218.5804594	14.992606187826247	0.0266429240466041
2460219.6197063	14.942749992110151	0.0256622491497232
2460221.33127	13.90050798667319	0.0103489965642692
2460221.6003371	14.788040243868355	0.0133279034431703
2460222.6408311	14.7002670101772	0.0143145269379356
2460223.5133967	14.126029066227604	0.0094615110873644
2460224.5552525	14.08122828366155	0.0097846956889207
2460225.6084007	14.013293903847812	0.011257679214563
2460227.3102173	14.52002662466468	0.0061988728770296
2460231.2764892	14.869884564592253	0.0149616529683552
2460233.3289887	14.776058027682076	0.0118562722535169
2460235.4973072	14.8491601602261	0.0182603226657489
2460236.5385175	14.800949526348589	0.0142589572228075
2460240.270287	14.822755833412526	0.0231675301121553
2460241.5636472	14.24675938329921	0.0127355901594212
2460243.5172049	14.771671826058622	0.0191299740756489
2460245.5331401	14.80555941727274	0.0279858608909669
2460247.5693726	14.652885146959475	0.0197512543360542
2460250.2582509	14.764598784438006	0.0147474386571763
2460253.2666104	14.387747054143102	0.0090741821664793
2460256.2701432	14.699738662018088	0.010992051148549
2460257.5178533	14.347795090114133	0.0083219865952345
2460260.2717457	14.599337627452226	0.0079667921304639
2460261.5284396	14.840525792474972	0.0151152600358915
2460263.5146958	14.655844956469153	0.012745178472118
2460372.8857255	14.438300680266742	0.0116106593754601
2460378.8766306	14.752534649884678	0.011887411592883
2460379.8720402	14.655485724036678	0.0105209500541556
2460383.9062828	13.680528737678134	0.0137592121164676
2460386.8450558	14.801041982240346	0.0183262136075015
2460387.6480798	14.112910991153797	0.012025427415955
2460388.6333281	14.33611643596642	0.0108860820673158
2460388.8395503	14.556190535988032	0.0064844723347617
2460400.8446209	14.288104376671688	0.0119758891745107
2460406.8946689	14.501570424460724	0.006897810607744
2460407.8938544	14.34212403640402	0.0075538923044628
2460410.9178934	14.489371278007386	0.0078323317201586
2460411.9170624	14.87148077494787	0.0173673969797611
2460412.5870898	14.070057911879964	0.0104986819486571
2460413.5906466	14.182963129164069	0.0109103935154015
2460416.5876618	14.851630797322883	0.0151509129802706
2460416.8194396	14.018501912910486	0.0113766493818177
2460417.5652177	14.773883999546344	0.0134766812073405
2460417.8388543	14.125117748560802	0.0090309642560921
2460418.5718974	14.596252308332438	0.0085593752769299
2460418.7928817	14.888204814882098	0.0158490663362071
2460419.8489896	14.89014689779329	0.0157792589634977
2460420.8218816	14.81020767114156	0.0141223861128951
2460421.5023231	14.946164983985756	0.0500101993907055
2460423.8312997	14.378096292923244	0.0126007205325668
2460424.4897226	14.331204861862927	0.0506393019506879
2460425.4899649	14.569198204902191	0.0267978139516255
2460425.7389113	14.822190862583351	0.0218539915380016
2460432.4648993	14.740984570542988	0.0155183190469016
2460437.4462659	14.45255536131162	0.0096063584933516
2460437.6699142	14.541991789653355	0.0078287855593628
2460438.8684627	14.7074138256961	0.0123529006866675
2460439.7182988	14.270316190750547	0.0093573258885143
2460440.6871666	14.136705543723284	0.0095153439880189
2460442.4217399	14.463549631359228	0.0081608905695593
2460446.4308317	14.77768653559599	0.0119139897994042
2460446.6830587	14.458562089033736	0.0107261607612811
2460447.4030956	14.773233745747444	0.021999335711744
2460448.6429598	14.137955969783857	0.0116178860319635
2460449.6463863	14.544859451632057	0.012291266627757
2460454.6446535	14.393684834661816	0.0209787333373318
