2458119.8588433	14.77349347601373	0.0257657739204962
2458121.8405766	15.114626996699656	0.0416508703542176
2458122.5848184	15.190438918349429	0.0319523110729611
2458124.5922048	15.292889644203315	0.0318271486093301
2458124.8324928	14.98470901152203	0.0211706472142229
2458125.8370541	15.204282317445886	0.0228435578552477
2458126.8519414	15.157976676835522	0.0223211502474848
2458127.8556332	14.961435351017316	0.0174793452259841
2458130.8514835	14.821158981414476	0.0149744057578067
2458131.5944158	15.036738453010216	0.0100893988440318
2458132.5562429	14.9105016123176	0.0131145972965279
2458132.8094527	15.086113041873572	0.0139534818816891
2458133.8056055	14.83523722829001	0.0136613710685249
2458134.8053734	15.175686159783783	0.0161541438849721
2458135.8015518	15.039950640799212	0.0121823475958193
2458136.7975263	15.13918606139736	0.0152073398485003
2458141.8415255	14.960322747421817	0.0126923704471636
2458142.8373129	15.272590083510972	0.0202924047773353
2458143.821499	15.148919704770757	0.0151295566556682
2458144.8208639	14.755889477248726	0.0127172805136258
2458154.5123879	14.758125594846526	0.0186546099872514
2458155.5155762	15.18561521000372	0.0202542083361502
2458156.5185465	15.015522841682357	0.0134593030531004
2458157.5066483	14.898529894373503	0.0143703572809683
2458163.5365103	15.280420984975333	0.0158538913965646
2458164.5431694	15.123791088764978	0.0131492652154907
2458165.5386271	14.878486133350188	0.0131265097458563
2458165.7256009	15.16150004044846	0.0158087671562708
2458171.8459291	15.141526944086852	0.0142480860301332
2458172.5375728	15.15795160084762	0.0241654124890992
2458174.4408874	15.230088283025625	0.0191885341390454
2458174.8212418	15.051106514946683	0.0123218578942272
2458175.7444497	15.063726459362844	0.0213434866953814
2458180.6898788	14.871151218036117	0.0254910369914873
2458183.4551047	15.195680006440757	0.0247723718410901
2458184.4771259	14.994550418264144	0.0160143081875842
2458186.6687782	15.272857136876237	0.0238113878189035
2458189.721703	15.18581851662866	0.0171040349081187
2458191.7909105	15.020269087374189	0.0099681417874076
2458195.7619039	15.24138589961158	0.0174165382540837
2458197.5447722	15.193210664262566	0.0141066631822365
2458197.7187418	14.716608676656918	0.0133944490197269
2458198.5426098	15.022957636560127	0.0106008403923912
2458200.4844127	15.136239146300332	0.0109245944433313
2458200.7512036	14.75585342839955	0.0142933332621495
2458202.6291333	14.830746645957294	0.0156745595262388
2458203.7843839	14.787868709912772	0.013079718047217
2458204.5530019	14.997108449911927	0.0102717686063874
2458204.6083413	15.130019142609656	0.0153881287692756
2458207.72958	15.152177533414982	0.0285347362631439
2458210.404374	15.21809465786241	0.032665479504892
2458213.6965316	14.97594100987852	0.0180442833364991
2458217.7765244	14.79263194930499	0.0148511352022842
2458218.5212377	14.96692117494711	0.0198418678133132
2458220.5469696	15.163448700808877	0.0147325969121866
2458220.801062	14.907122808213414	0.0162162631437884
2458222.5338667	15.218536274152225	0.0150565255432078
2458222.5664221	15.239677942228107	0.0188957275005202
2458223.5258042	15.071076526489428	0.009903189602145
2458225.7445698	14.80297951661528	0.0139788811911704
2458228.5255875	15.123665602945175	0.0142553935069526
2458229.5261905	15.008412379900008	0.0094789930235175
2458230.4482983	15.266309190679554	0.0166521207011279
2458230.548501	14.831509864093434	0.0171507795185542
2458231.4027771	15.112673798582932	0.0116837879467752
2458231.5588566	15.24535855033486	0.0216244621559543
2458233.5917563	14.830442860508866	0.0232575345646047
2458236.8010642	15.043040676044347	0.0424066689489493
2458238.5694492	14.92285610899031	0.0449082920969667
2458241.3272961	15.15240285630276	0.0229250621356518
2458241.7830927	15.157238609170406	0.0478932501125101
2458244.8138014	15.070417518680388	0.0241187299912574
2458245.3972878	15.065412230988326	0.0086080869352328
2458248.4825117	15.068061452402146	0.0117781978422726
2458251.4628623	15.036036200721906	0.0116724750597868
2458252.4624372	14.755120928926573	0.0120165229597676
2458253.4619732	15.09475712044664	0.0111511312841205
2458254.4579176	15.02076961330223	0.0094264772311251
2458255.4475764	15.069221375668372	0.0118548890574136
2458256.4373709	15.159572463705928	0.013912894891786
2458258.6988971	14.967596878973817	0.012786613652307
2458262.6475667	15.12686335702898	0.0296912648542993
2458263.4478556	14.879027293953662	0.0187019768258292
2458265.2684321	14.716403979772558	0.0186199613488253
2458271.687797	15.12828753914729	0.0263348017847077
2458274.343892	14.915550351861974	0.0110926173623135
2458275.3783879	15.17296244187662	0.0127311180450677
2458276.4101041	15.013779743771089	0.0206358301998501
2458276.4499183	15.080609872251138	0.0225693417440443
2458280.3725333	15.263423845119522	0.0175707244292621
2458281.3802026	15.170283689692356	0.013545313259891
2458283.3827849	15.229580767048688	0.0186848325338184
2458283.6796544	15.02042617495305	0.0093126195513669
2458296.6194205	15.27997711090935	0.0385537849917468
2458298.6274642	15.275451182608764	0.0395297550697712
2458303.3155284	15.187804189708192	0.0121834491175392
2458304.3324618	14.977201242354138	0.0101808478163673
2458305.2849171	15.219039870148	0.0148074429125392
2458306.2669453	15.11021696327489	0.0104636499456384
2458307.2820235	14.807902364321777	0.0134414517600691
2458308.2786672	15.17823982381058	0.0140509533420466
2458309.2788406	15.07892321528114	0.010341706642981
2458310.2717634	14.785470539547116	0.0116830057677978
2458311.2612356	15.169638777703884	0.0182342188768956
2458311.6311316	14.932618659457258	0.013229899649762
2458314.610399	14.847828212152356	0.012682956448315
2458320.3825808	15.267545775638586	0.0333315286264025
2458321.3340408	14.90911829904704	0.0207189089729774
2458322.363835	15.283725668762964	0.03644256990752
2458324.4935897	15.09460548294821	0.0292779613159147
2458330.2205579	15.215750434887864	0.0146481619609241
2458334.5526147	15.123718079600271	0.0131621537166513
2458339.5843389	14.894900288643134	0.0129873842812405
2458341.5778096	15.168024257367168	0.0155450303450221
2458345.5046487	15.143415421699908	0.0200220841180164
2458346.5012793	15.232875318969148	0.0265140835028852
2458347.5585454	15.085396348906452	0.0213458989352403
2458354.5372044	15.158009139311606	0.0346316902323536
2458356.5009328	14.917684952472012	0.0345967908267217
2458363.5072875	15.153616939633547	0.0171620667996122
2458366.5049365	15.075364535308111	0.0143932407607701
2458367.4975809	14.77726078671035	0.0149102363280734
2458369.4945689	15.064328586554844	0.0164328966053331
2458370.4912558	14.890673463071291	0.0136734486141486
2458371.4914983	15.210020098230714	0.0222586632733859
2458372.4881963	14.928577466797693	0.0144623085311709
2458376.4785438	15.27920138863722	0.0440497466543717
2458476.5975484	14.933299300625514	0.0709893278009891
2458476.8559805	15.04386182529126	0.0534968482131016
2458477.5976843	14.842507452281415	0.0342616424799668
2458477.85231	15.03951508026934	0.0285443290434349
2458478.5981584	15.174906226505954	0.0545443629712193
2458478.8486387	14.64464714543886	0.0207155152600291
2458479.5910526	14.882649489139482	0.0280247031344912
2458479.8450102	15.047533084191882	0.0271313996770268
2458481.8444288	14.932119369142358	0.024461407574597
2458483.8497943	14.934461795607742	0.0139040283941539
2458484.8633444	15.159448688075477	0.0547252299070349
2458486.8499459	14.85290662969011	0.0131814705600318
2458487.5737047	15.043933097644848	0.0107023377762695
2458487.8461068	15.175246997318194	0.0159661520146827
2458489.8452525	14.789405365680484	0.0121625004595207
2458490.8463323	15.087611542292096	0.0159643497242634
2458493.8292334	15.123945569207413	0.0152660453171148
2458495.8473665	14.86384470061839	0.0184953963668949
2458496.8212879	15.08943026524947	0.0170342164610037
2458497.8252693	14.999852843267012	0.0165488402914986
2458498.5673867	15.089327867851658	0.0114744623057539
2458498.8170822	15.178677617772395	0.0164716228400457
2458502.8394416	15.018027135201695	0.01373677415927
2458503.8491228	14.8837673361718	0.0300229746689607
2458504.7924293	15.200276561554752	0.0591715452723649
2458505.5357758	15.144574837710955	0.0290700143269894
2458505.7967038	14.847635036063195	0.0359335542124991
2458507.528777	14.869540510049797	0.0251201068802156
2458508.7838253	14.9801806098492	0.0307889240411999
2458509.8204417	15.023151301252422	0.0241600640710564
2458510.8714505	15.32730614688893	0.0464488162317213
2458511.5702388	15.212924957663176	0.0201334916283531
2458511.8709263	15.046047743311178	0.0272675755714485
2458512.5500842	15.132279786433326	0.0157463552291812
2458515.8616886	15.22102770232848	0.0258791066114055
2458516.8516263	15.06924146578222	0.0134044163882428
2458519.8461504	15.075611112897448	0.0142491564433651
2458520.5194738	15.1846319985576	0.0140411424715056
2458522.520786	15.25313354230587	0.0162949679638585
2458522.7920472	14.977796634930607	0.0148307038508141
2458524.7906672	15.195538362889089	0.0170037558762647
2458525.7398438	14.749929192295824	0.0122431564163678
2458526.8514722	15.03757775685268	0.0138284007663229
2458527.8620005	15.186642739426851	0.0197046429813777
2458529.8179031	15.250391683046676	0.0228667983373559
2458530.7483962	14.942350696534533	0.0171517629113897
2458531.8799182	14.89644729939934	0.0140306492636507
2458532.7191124	15.007467889074372	0.0304194548164568
2458533.5111048	15.374689921123302	0.0471411220343367
2458534.7152292	15.189499332053757	0.0680312950389744
2458536.8727843	15.00808275237093	0.0245735635568501
2458537.7743997	15.105552257882856	0.0242269070825174
2458538.7888025	15.24101175465074	0.0375679265492751
2458539.8404531	14.930165326361127	0.0179529741036296
2458540.7720156	15.26895015432356	0.0271634988632973
2458542.4520791	15.151873243837128	0.0138763979830294
2458543.5012838	15.030513103955007	0.0097605146447344
2458543.8631401	15.251224583327108	0.0218573658339101
2458544.5181993	14.877138380256188	0.0134735482595645
2458544.8518946	15.143089063976454	0.0145973591965934
2458546.7531429	15.188029201236466	0.0180600711514363
2458547.7659477	14.948691168509862	0.0099477114865214
2458548.679689	15.2300459805611	0.0214598278594022
2458549.4231963	14.74492404230529	0.0131152586218004
2458549.7749827	15.108157294676836	0.0149264206502672
2458551.8380687	14.712419805674228	0.0123241470106477
2458553.6607484	14.8146439757587	0.0161830217143776
2458554.4490922	14.994925383338646	0.0103759347946436
2458554.6627489	15.068794289807157	0.0136697012775707
2458555.8493537	15.206312731667031	0.0213873823240059
2458556.7285586	14.724292109891689	0.0149593014841576
2458557.6457857	15.272491233603825	0.0327025375193392
2458558.4021938	14.926279018382768	0.0122108199315021
2458558.7236317	14.990867945052456	0.0151221201358818
2458558.8714708	15.073975215735144	0.0134896137276482
2458559.6780394	14.991917589226704	0.0118750150704147
2458560.7557888	15.213072187076346	0.0321837310782707
2458561.7230785	14.974869380449004	0.0158807579681303
2458563.7254964	15.138490779940046	0.0551445052189333
2458564.4738571	15.23397591906726	0.0433648733392037
2458565.8860563	14.795401119946112	0.0332040181988168
2458566.7561115	15.20440502634468	0.0370517144981653
2458567.777108	14.89251971778181	0.0265432150943468
2458568.8274065	15.001762880315583	0.0131923509778718
2458572.5950634	14.83487909623416	0.0124923320119381
2458575.7055539	14.897932092381968	0.0143872060767975
2458576.6954948	15.148111719070483	0.0131023486674243
2458577.6901189	15.187453602685752	0.0212523414009313
2458578.7106594	14.88841987748354	0.0147844516791873
2458579.7187833	15.303987829918295	0.025255785891418
2458580.7267901	15.032709688440784	0.0079609526886302
2458581.7450612	14.882356703137226	0.0129854645332154
2458582.7427724	15.261006591107456	0.0224547030303285
2458583.697294	14.990873004922229	0.0095603052065228
2458584.7985568	14.890978239195018	0.0135850711641628
2458585.657776	15.178903728416078	0.0179808652860442
2458586.6257242	14.878305854759212	0.01823107009177
2458587.6509541	15.328544710309671	0.0292428986632384
2458590.6993979	15.17264124285473	0.0324621234410011
2458591.8141235	15.001653641712831	0.0443988963952678
2458594.8040453	15.327227728694002	0.0508852928945526
2458595.605744	15.085888542387297	0.0255056105893107
2458596.5189625	15.10675782680286	0.0176204479896143
2458596.7867259	15.14746894830072	0.0280464642498258
2458598.3636193	15.121572426631394	0.0152716633133886
2458599.2751225	14.87220825206974	0.0112052898478305
2458599.7083819	15.275277317624186	0.0269492966202167
2458600.3016293	15.188128656349818	0.0166270189971212
2458600.5532901	14.736528348948095	0.0142050207343788
2458601.4413718	15.19123017886313	0.0143675137868252
2458602.280447	15.027088880680036	0.0084085983921961
2458602.7072204	15.121590834947709	0.0169603320922443
2458603.3021072	15.167167759155191	0.0136693567136739
2458604.242581	14.973470266883872	0.0099206732964031
2458605.257023	15.203768778886362	0.0181062672468767
2458605.5544236	14.92948809922691	0.0127634443520202
2458605.7925187	15.190329319218336	0.0187540171585008
2458606.3371654	15.192271780262963	0.0128039019704072
2458606.7513319	14.942640148645516	0.0151223976250035
2458607.5008337	15.11973782866762	0.0143422627125725
2458613.2820086	14.898382597281918	0.0125609896051989
2458614.3005494	15.12434763841714	0.0132098632035778
2458615.277354	14.951585120092677	0.0145996960799686
2458616.7904419	15.256476956968015	0.0240596995751334
2458621.4749473	15.203794299044125	0.0462662154622922
2458621.7144347	15.12693159386168	0.0474643495714627
2458624.6390643	15.109028762071407	0.0274154159265627
2458625.5396681	14.90038039414774	0.0202469745719554
2458628.4528091	15.103570100033858	0.0184103831507386
2458634.5352438	15.155103952054594	0.0169257704302661
2458637.4639337	15.222270968874843	0.0147252674728526
2458642.624863	14.891807765446591	0.011291372354335
2458643.6527547	15.116212586676914	0.0142922017855539
2458644.4916942	14.964092846078572	0.0170137972664874
2458645.5059765	15.073477196849836	0.0217193241392905
2458646.5368032	15.168610164984065	0.0312358155492633
2458647.5629276	14.972680371608778	0.0206284179533321
2458648.5614991	14.945185792811753	0.0261105238254411
2458650.3009426	15.222201054164394	0.0391600343644869
2458650.7300273	15.211053596955226	0.0597065533566016
2458653.6498476	15.054077006222862	0.0281202870088865
2458657.6264265	15.303183372854464	0.0220767293348908
2458658.5215731	14.948199818158246	0.0085077406385871
2458660.7071223	15.05527317148714	0.0142336834744581
2458667.5002619	14.661058645264708	0.0129903960095862
2458668.5474211	15.116756975087554	0.0156658071429182
2458669.5395671	15.027379127336712	0.0118451688702515
2458670.5834362	14.783186775834809	0.0133486996043001
2458673.4232519	15.215432171164595	0.0351344868613594
2458674.680682	15.140095022573131	0.0405137248737154
2458676.6717656	14.780920358596406	0.0283647432291825
2458678.379084	14.8876845450757	0.0292262511995489
2458679.6335656	14.644180581779551	0.0302272326490579
2458680.2148169	14.942403767317249	0.0276693685950456
2458680.4755284	15.138089095908656	0.0440742469208146
2458681.3056587	15.05291961303196	0.0468173928907802
2458683.4655065	15.02440404734104	0.0153830768278993
2458686.3854011	14.756994989108165	0.019414738403843
2458688.6448788	15.179941994333024	0.0182289405480446
2458689.6352683	15.023824310879608	0.0124586849258803
2458690.2494334	15.10669800534731	0.0120015654885485
2458691.2378663	14.786081612972923	0.0121277039034223
2458692.2156411	15.1828116868674	0.0233557949975984
2458693.6311951	14.714164370436698	0.0153695786602309
2458697.3460747	14.838642998377932	0.0123190572251597
2458697.6210402	15.20288737485031	0.0319819084486234
2458698.6184009	14.88016807694168	0.0212308989176837
2458699.6149293	15.17682685356388	0.0225541528400588
2458700.6101363	15.061494770612446	0.0132454255616143
2458701.6069523	14.765317008262963	0.0145655593278656
2458704.601102	14.573770100303172	0.034292373261053
2458705.3296221	14.923497879071297	0.025598555087864
2458705.5979644	15.03508196799902	0.0366946824672141
2458707.5714129	15.08360071643502	0.0431853891185261
2458709.237204	15.156555588856548	0.0272295371145159
2458710.3062253	15.141882659823764	0.049368371791668
2458711.5803178	15.042410241897963	0.0321962921094705
2458715.5634317	14.668450739396622	0.0132859039681664
2458716.300927	14.97810235971453	0.0112302443182756
2458716.5553414	15.127379271833217	0.0166014927941095
2458717.2906572	15.152423611900083	0.0156497259049561
2458717.5490374	14.91222434406221	0.0123119722148181
2458718.2872985	15.178695168416091	0.0159341861054542
2458718.5507053	14.86106247717201	0.014845205959824
2458719.5436492	15.232498756333522	0.0243333368625579
2458722.5342568	15.142777244941158	0.013852271529722
2458723.537004	14.851567351954149	0.0128994028731274
2458724.2543013	15.016533619707817	0.0113503538072818
2458724.5330337	15.254098633802345	0.019286603971229
2458725.5316267	15.096865030373012	0.015329626489223
2458726.5271988	14.768573075366657	0.0164840571388745
2458727.522354	15.183120600055949	0.0158659796621144
2458728.5182733	15.031525470624745	0.0115452591560077
2458729.5130584	14.832688860115368	0.015735688513903
2458730.5097785	15.159231735567108	0.0173631768635247
2458731.5064246	14.940480000936684	0.0224482419835186
2458734.4983677	14.934784699866157	0.0256096323559664
2458740.4820086	14.741238213080695	0.0268135662171598
2458742.475073	15.02822954726497	0.0551604548885581
2458846.8636868	15.477994816301504	0.0751107734736402
2458847.8601228	15.130456670663529	0.0324189431567328
2458849.5992915	14.94339104535857	0.0246883582190346
2458849.8605339	15.19617099732388	0.033887963347563
2458850.6030816	14.803167565649051	0.0350360549998037
2458850.8606396	15.061291546120712	0.0318436671590508
2458851.596899	15.164264596549025	0.0232831023345277
2458853.860254	15.02150243879511	0.025546736867592
2458858.8292495	15.219445304931485	0.0627973601624357
2458859.5760967	15.236297374161849	0.0501631659729207
2458859.8295107	14.818280280269288	0.0533281554745043
2458860.6101361	15.075394573301791	0.0423420878000375
2458860.826732	15.025769712355554	0.0290851971093951
2458861.8683508	15.092195075851013	0.0381435654054125
2458862.8720101	14.679786813222297	0.0295082496731873
2458863.578208	15.076873711482587	0.0293026918622608
2458871.8675593	15.01243552101419	0.0192604857962592
2458882.5441463	15.095595613064932	0.0145647316785938
2458883.5378991	14.85108863432368	0.0123081495459278
2458884.5603634	15.259965132164965	0.0204968683917756
2458884.5615689	15.28380166325682	0.0233192979715129
2458885.8734083	14.899097464300894	0.0144145385729519
2458886.8756478	15.127783773095974	0.0153080956875829
2458891.6271124	15.10050842098849	0.033350458695856
2458893.8331916	14.781395042330498	0.0257509146885787
2458894.6353667	15.056156332609214	0.028008080819356
2458897.7313367	15.142412503089142	0.0192123298352792
2458898.8565065	14.989898368261594	0.0149098812998252
2458900.4518679	15.139218683006684	0.0156536080436656
2458900.8533886	15.196602194339183	0.0199132009046796
2458901.8130422	14.783559827116475	0.0125111622310317
2458903.7109661	15.067048628211388	0.0180676446584192
2458904.6863104	15.085974533242515	0.0136676911316889
2458905.7299033	15.27068256339115	0.0311186859806326
2458906.6921579	14.861892666422264	0.0139058364476438
2458908.6883179	15.0617493660783	0.0181340075905262
2458909.6844866	14.733354104761524	0.0140254278946853
2458910.6761431	15.15062382146712	0.015007251253286
2458911.679035	15.001769010677414	0.0127705742691063
2458912.6594135	14.930977699452075	0.0183141855580569
2458913.6992933	15.07705520688491	0.0282780111695758
2458915.8055323	14.765332969946895	0.0148537150951213
2458916.7475522	15.039924278169911	0.0277199081262038
2458917.7864863	15.023606170510217	0.0438310697399314
2458920.7100394	14.889350128518508	0.0317410487822195
2458922.3865914	14.93349004232078	0.0237365467823828
2458923.6342071	14.730654550926612	0.0178928677302405
2458924.7476229	15.152177342731534	0.0288693339929562
2458925.6688585	14.999303363888622	0.0130169842417872
2458927.3701721	14.855425491974984	0.0134486272023933
2458933.3532998	14.892140316810783	0.0105267908726898
2458997.442827	14.960027197668197	0.0113773232559181
2459002.2828984	14.921798751741305	0.0223619094867847
2459007.31713	15.170475885413408	0.0384228472382359
2459017.2837301	15.151258707047347	0.0153533463332863
2459025.3820517	14.941989404421545	0.0111142907870299
2459032.4231694	15.137355216951851	0.0426903710581388
2459035.2844179	15.093854062127589	0.0388620681484698
2459051.3882656	14.937168341677005	0.0123314623516203
2459059.3355176	14.827188801680112	0.0247182186700442
2459062.2618007	15.192305295512424	0.0297341647670251
2459200.8510924	15.04012973043549	0.0270940874409405
2459202.8534212	15.065621958342504	0.0290980920242059
2459205.8444143	15.177940558673344	0.0199835270044344
2459207.8373147	14.677241007154896	0.013614074886758
2459210.8258412	14.859750897301502	0.0153930328680042
2459212.8502353	14.999443490522562	0.0278855059140788
2459215.8228149	14.911284144015417	0.0311916221274946
2459223.8391651	14.96636816563878	0.0117260219273481
2459229.787011	14.764774667934311	0.0130290784566178
2459232.7816494	14.663382063020729	0.0136164412118777
2459233.7741616	15.187418278072238	0.0242822948670638
2459234.7807091	14.951426832395711	0.0140918912184459
2459235.8149523	14.72159827938013	0.0159133134184905
2459238.5523031	15.073091076071922	0.0140150337449344
2459241.7802158	15.231726940832386	0.0431406574029927
2459242.8098131	15.044751527617157	0.041145014388971
2459243.7342202	14.654647617882476	0.0309516167263829
2459251.8549312	15.018559160939294	0.0277804877846926
2459252.7987562	14.99761610211593	0.0191979201851664
2459256.7037881	15.102514558432922	0.0222676957100298
2459257.8275353	14.949707183011538	0.0164429955597391
2459259.6951573	14.883685923720908	0.0148742868370182
2459259.7542943	15.145034308743224	0.0201153439716639
2459261.6856569	15.145278062736978	0.0181215510431405
2459262.8208559	15.07920341222615	0.016355536236185
2459263.7746358	14.775743715516734	0.0149151607215393
2459264.7438891	15.16401051031009	0.0230245172116937
2459266.7116667	15.265125309884644	0.026394998537612
2459269.6695888	15.004898548486532	0.0273488096503621
2459273.7362352	15.14526998903163	0.0468987993330631
2459275.6669866	15.22973251938522	0.0358367101713315
2459276.769705	14.972779901620797	0.0266449366424809
2459283.7654335	15.201362225350175	0.0179988814058588
2459287.6897669	15.07610333982604	0.0165829776128044
2459288.7409112	14.706852246355862	0.0132423425652041
2459288.784151	14.838726909860346	0.0139942163346881
2459291.7631715	14.842028635231008	0.0151922593451538
2459293.6517899	14.738955977954438	0.0150007261559535
2459294.6830345	15.126168854456786	0.0129627835238212
2459296.6012308	14.95605664301676	0.0200883675630631
2459297.7081369	15.06015556234036	0.0182227104377789
2459298.6676027	14.977428392841077	0.0151449866691818
2459299.6548379	14.870980069277524	0.0260448016062419
2459300.6782984	15.196305852853996	0.0390589318072167
2459305.8379535	14.758720085897272	0.0239634555846187
2459308.555528	15.114519373772964	0.0185478427156341
2459310.5582994	15.147146438211562	0.0189343364587063
2459312.3813577	15.067047449466326	0.0109694651495127
2459314.355104	14.82654170845704	0.0115378669549361
2459315.5482719	14.711630187739615	0.0137405919135446
2459317.5438314	15.00463485310333	0.0150452171817058
2459318.7460793	15.088217663081718	0.0182324157640793
2459319.675652	15.102061929865211	0.0114939213974831
2459320.7023489	15.07157981120361	0.0156122834308275
2459321.6368255	14.73076656825431	0.0131886567721628
2459321.6760962	14.896776960741	0.0142316091932877
2459322.6902797	15.171550084527798	0.0169858811085348
2459324.6006224	14.851082479347644	0.0165394530660589
2459324.6221849	14.854138914450552	0.017827336711872
2459327.6726859	14.700255823425818	0.0156687157323617
2459329.7146344	15.064502077132712	0.0362964192348718
2459331.7440853	15.197524574859536	0.045722475747794
2459333.6180737	15.065278533842836	0.0287252192846598
2459337.8111159	15.151427199066871	0.0230479446501538
2459338.4930651	15.12540283998588	0.0188141191275039
2459338.5427882	15.079730560913744	0.0145015896448333
2459341.258654	15.093233126873454	0.0111618994346593
2459342.5813155	15.128781592470904	0.0200369863396324
2459343.3332892	15.19279936647277	0.0129967587620315
2459343.6310912	14.927723308483037	0.0176264235520308
2459344.8069893	14.845778074348168	0.0270840249257224
2459345.3470422	14.801704134779964	0.0133681581540206
2459347.5761703	15.07896858178169	0.0133847439361556
2459348.3425767	14.837635338010012	0.011165615845086
2459348.6466653	15.031919480445543	0.0121113246926337
2459349.4507528	15.026354123524897	0.0222735863847537
2459349.4519931	14.870892523482308	0.0211684029500002
2459349.6757278	14.79479413786521	0.0140646336113291
2459350.7397484	15.117720271427345	0.0218052795838362
2459352.3140362	15.072277473679703	0.0124651070452317
2459357.1991535	15.18366684137925	0.0226053389774272
2459357.6930178	14.980365436190406	0.024310592503856
2459358.6629847	15.02087681011878	0.0345487579494539
2459358.6857088	14.877555379130634	0.0276550665075388
2459359.7264148	15.087272159226156	0.0449674635190141
2459360.5104135	14.872636707557398	0.0343585866655176
2459361.6965723	14.985606420509344	0.033235080764837
2459361.7280104	14.860591221734143	0.0348772047300569
2459363.530872	15.060051648880652	0.0182668289574447
2459364.7231422	15.19510092860996	0.0355852842652986
2459366.7816258	14.908801780533942	0.0207006855554092
2459367.7462367	15.097737707919933	0.0162379720932083
2459368.648836	14.947862761192011	0.0109233023317046
2459369.64243	14.850811047349437	0.0129669502200057
2459370.700121	15.170307351556646	0.0240391531585069
2459373.5771252	15.09007518741864	0.0179696441679172
2459375.3121266	14.958177153556328	0.0146756719250305
2459376.6479898	15.091040434873651	0.0112173879393342
2459377.7485462	14.973606128685084	0.0141523382880033
2459378.695839	15.12578786744939	0.0132246825329809
2459383.5416249	15.15940620936118	0.021839695243625
2459384.5976383	15.084649227183656	0.0227893911477644
2459385.6175829	14.864605977590204	0.0166323167259468
2459387.6294527	15.14401014858086	0.0429580715371332
2459401.4182592	14.943306801201787	0.0144774964253294
2459401.6702504	15.169503957141062	0.0187882541638757
2459402.5303091	14.785463480821562	0.0130006186432148
2459402.5890631	14.702514954109096	0.0137808566440424
2459403.5982478	15.286537580976145	0.0232759570627967
2459403.6176715	15.082136822666952	0.0141451210637447
2459405.5320882	14.843817681088089	0.0137969675199062
2459405.6142125	14.771260722147444	0.0180942890673065
2459410.2127536	15.096202768299992	0.0176609932571611
2459410.4724363	14.759605790481276	0.0166719342824214
2459412.2766683	14.780079980421926	0.014309581369828
2459413.4923131	14.775050998004415	0.0247254044376172
2459415.5427851	14.91126305958365	0.0218114481167902
2459416.5729216	14.935735349886292	0.0355171900927695
2459417.4706685	15.08905471803496	0.0387373976725755
2459418.5512442	14.99328808911211	0.0329879500134792
2459421.5122107	14.854712220909647	0.0192062328605528
2459426.4943521	15.028835391319388	0.0158081492378483
2459427.551831	14.785447920812793	0.0116486481454728
2459439.2073212	15.080877534156848	0.0286816450495334
2459439.4749837	15.119327843924353	0.0180850755878239
2459443.5066336	14.96001482834856	0.0248798619225932
2459451.2900994	14.849898016733787	0.0283210999568937
2459455.2564582	15.138433857252329	0.0189876469592964
2459457.2726731	14.885803169201314	0.0154216103677656
2459459.4780921	15.21362595015117	0.0294653377164206
2459460.2609198	15.166471260536596	0.0197304750002274
2459460.4944239	14.99328537494292	0.0147577334921366
2459462.5044621	15.160630532902902	0.0171223419601682
2459466.2566047	15.127408247329049	0.0172961186308025
2459467.4811923	15.171360114267	0.0215626604393478
2459473.4912656	15.022081178304576	0.0296748175024306
2459563.859753	14.907405704412842	0.0875985790808038
2459567.8472584	14.934708423748038	0.0424690221328115
2459576.8638585	14.932847720429706	0.0658147399575895
2459577.8329698	14.67890933827256	0.0266632728515114
2459579.8456455	15.06125222923779	0.0195169027106791
2459580.5983832	15.109770347315886	0.0440278350958245
2459581.8387572	15.128829848121798	0.0224572369816202
2459584.5813474	14.954775832045598	0.0282563381925674
2459593.5769762	14.915710010769365	0.0140794894712741
2459594.8364442	14.731036192129052	0.0174215069047962
2459597.7667924	15.09110701202221	0.0526147992211086
2459598.7846654	15.091499982545988	0.0563353071950064
2459598.7916308	15.20446918727934	0.0505551067861885
2459599.7676743	14.87984455331948	0.0353900450597397
2459600.7673113	15.171387731550078	0.0325928363446142
2459602.7528448	14.349439246618406	0.0547746417147459
2459603.8102182	15.053634598421176	0.033055030494155
2459607.6247338	14.658797904522068	0.0348586181945954
2459607.8598304	15.056139576787436	0.0192936002083118
2459608.8274145	14.648523203240188	0.0163165275270314
2459610.7450203	14.818145922084105	0.0175578308225224
2459611.7365876	15.169644895370658	0.0215450979139901
2459613.8299048	14.900306171131133	0.0163357443531349
2459618.7331308	14.959576461383108	0.0151847193661408
2459619.7165095	14.95361997721469	0.0193536051764447
2459620.7196711	15.05492091968382	0.0197326839666452
2459621.7184579	14.900052366952682	0.0208653903900491
2459622.7189875	15.409370981643068	0.0459399662103436
2459622.7590171	14.928450608484043	0.0156027965295913
2459623.7247576	15.117220160579734	0.0467622059445351
2459623.74518	15.317614494474949	0.050574352511179
2459624.7122663	14.753135855010225	0.0331342200282083
2459625.7217505	15.118196971025224	0.0394577626077891
2459625.7551589	15.127870965221277	0.0416596234594287
2459626.7588999	15.164788255109478	0.0509497371411536
2459626.7732211	15.249971229710646	0.0405697635677383
2459628.7169269	15.114524903400955	0.0556201461299779
2459629.7031407	15.045248011553548	0.0510389290875141
2459630.701893	14.738029207726983	0.0215128295733928
2459631.6967587	15.06377007601824	0.0243595295841648
2459632.6731821	14.901730722100954	0.0261701372988606
2459633.8035615	14.777934169967104	0.0221933584977577
2459634.8578231	15.274232649405814	0.0303814478938479
2459635.6676611	14.851912209305766	0.0145487464888116
2459636.7216048	15.078545819888143	0.0180616248163178
2459637.6632908	15.118585630666107	0.0212183810008427
2459638.4178684	15.174817113298715	0.0175794757834131
2459638.6775093	14.78627800285421	0.016995116159514
2459638.703744	14.794222046409534	0.0157038615028433
2459639.6777973	15.165647605128465	0.0223189294978034
2459640.5061437	14.779065382409392	0.01416976535041
2459640.5073957	14.79480408650479	0.0164874431459721
2459642.4415519	15.040204305931947	0.0143000356691877
2459643.7352029	15.024137060993874	0.0121643576770596
2459643.7365013	15.047610544067007	0.0149642875625437
2459644.7020645	14.783339944361837	0.0125296559831104
2459645.7188295	15.105618243349632	0.0143703330125404
2459646.6370353	14.87628216986423	0.0104232476443044
2459647.6977965	15.03536835083544	0.0138770203373082
2459648.6649365	15.177724785030716	0.0174983535234973
2459648.6899033	15.082971854102992	0.01330779858705
2459649.7129458	14.88977177281078	0.0107857609926983
2459649.7637813	15.032664186752484	0.0119742186997148
2459650.7563495	14.817381103565978	0.0119300375555936
2459651.7466769	15.057300982445591	0.0108862111505451
2459652.7496916	14.954237310693408	0.0154357615201321
2459652.7521726	14.958029567190778	0.0297934639176787
2459653.7992767	14.972185701543452	0.0160034904875281
2459654.745969	15.0756504142087	0.0191642541031225
2459656.705155	15.162123746250026	0.0372615798599082
2459656.7681798	15.12384614810976	0.0389915635684857
2459658.6831835	14.780635017889937	0.0309973040328623
2459658.7175649	14.797220393440869	0.0251648458835812
2459659.644263	15.168278399996918	0.0251733549276312
2459660.6430194	14.867900897929506	0.0246741870271925
2459661.7394146	14.784278419513132	0.0222273538793079
2459663.6236442	14.798323406625425	0.0134647203125256
2459666.3442263	15.17933531164668	0.0137562475183717
2459670.5741683	15.09189820699154	0.0181195643774028
2459671.5733587	14.80903307891372	0.0127890209421161
2459672.5641939	15.21634068100229	0.0192662871338454
2459673.5081031	15.025294843207108	0.0123975137748467
2459673.5657517	15.053934745607048	0.0146248613824386
2459674.6624699	14.920290317516503	0.0094751556801114
2459675.7232359	14.792119136778314	0.0118755196853446
2459676.847892	15.09440798607313	0.0137662849850878
2459676.913698	14.966588036162598	0.0219002907981655
2459677.7797855	14.999151349830113	0.0126708594929892
2459678.7196154	15.170348328651125	0.0171666894842028
2459678.7550145	14.848286730711566	0.0140800383855277
2459679.7230042	15.16789082405274	0.0133666754846186
2459680.7095328	14.915186707118432	0.0115980121264428
2459680.7951087	14.981922439714005	0.0103175635197311
2459681.7490802	15.097330054248612	0.0126247459340776
2459682.8271361	15.13896500980682	0.0179894151673143
2459682.8650493	15.021705012249246	0.0110213900712243
2459683.9079105	15.095266276869738	0.0298533736146544
2459684.8764218	14.702700011131334	0.0240123527486137
2459687.2754051	14.583817929853764	0.0636616582021824
2459687.5993644	15.03802070176237	0.0309986127383366
2459689.8715231	14.975329302101358	0.0294365130929607
2459691.7827958	15.015731345852055	0.0177596101000267
2459694.2788327	15.09876119208301	0.0108335987237947
2459697.6262069	14.783052664876	0.012361502387813
2459700.2620413	15.022248809911812	0.0150820570946332
2459701.6900503	15.077814864534156	0.0157380819301336
2459702.8184702	15.157831374418882	0.0164447444108731
2459703.7688183	14.696671395815772	0.014167169039395
2459703.8318433	14.842234819199046	0.0155915929402471
2459704.7061788	15.18371662181991	0.0206159387152696
2459706.6389212	15.147641867006577	0.0162469959525663
2459708.6099323	14.774429983222465	0.0134958292072004
2459709.7857489	14.877593976472037	0.0136118115889454
2459713.6214512	14.889280092538478	0.0282058979984724
2459713.6227495	14.96584918089088	0.0334297370168624
2459715.3667341	14.927067473833477	0.0419919382497801
2459716.6175468	14.98505524468984	0.0215315426088277
2459717.7843208	14.787491324856692	0.0357964551323017
2459719.491066	15.087215120722613	0.0141789413450593
2459721.2034252	15.159703439325275	0.0186900242721189
2459721.6646205	15.142018055516164	0.0167582615852487
2459723.3129235	14.9590920758105	0.0138264633727023
2459725.3366937	15.17478842207214	0.0145237508518325
2459725.3974732	15.184523462259442	0.0169044773576665
2459725.7141845	14.746811326486185	0.0132942224319729
2459726.4594357	14.960932448225917	0.0141500053402005
2459731.3410925	15.0491026928527	0.0149445084360629
2459733.3555113	15.130343412812728	0.015224624477707
2459734.3117318	14.951795041166903	0.0122972858582569
2459737.5365975	15.105030049122457	0.0205135726521191
2459738.5768379	14.918774844676795	0.0154030946523347
2459738.6550813	15.091439510729876	0.0198732094819002
2459739.6629088	14.727301734097711	0.0168976504876688
2459740.7093273	15.04724027228713	0.0217156359478833
2459741.7047389	15.14674004019544	0.0249556600672572
2459742.7305303	14.688195341550918	0.0297443610102553
2459742.7588051	14.781315053498863	0.0533682077791899
2459746.6992128	14.995087067846049	0.0355577462904599
2459748.6568865	15.146076627517326	0.0586460151279206
2459749.6337031	15.1401453939808	0.0203976192161247
2459756.4597942	15.17565677419734	0.0172402406104389
2459758.5980427	14.876564114899953	0.0141822638477278
2459760.4189603	14.94061873164429	0.0156776609144225
2459761.5807576	14.774746417525002	0.0138653181212617
2459762.5978305	15.191456790842077	0.0161774072671586
2459763.6641762	15.046785336044108	0.0138574774024701
2459764.5785756	14.82624574791606	0.0138495242479542
2459764.6612088	14.789651909052656	0.015598605495176
2459765.6027602	15.17911866362329	0.0194977351936553
2459767.4760487	15.229815877159542	0.0186316423593099
2459769.5044777	14.758454088409604	0.0221837025996867
2459769.5069815	14.73082946763953	0.0379659128205279
2459782.4553805	15.160972293060766	0.0366803503460319
2459782.4566139	15.13361449222835	0.0374369253346296
2459782.4578542	15.235929949093276	0.0436713478084342
2459783.5353445	14.896096098941884	0.0132359650526053
2459783.6206162	14.9520724404461	0.0153337866518178
2459784.5742111	15.251279246041005	0.0181058974103559
2459784.6367429	14.811167131878358	0.0147379148610558
2459785.5788826	15.061684351631095	0.0145239286677539
2459785.6123843	15.172899383990927	0.0187745218271272
2459787.6034804	15.221486279286374	0.0195837880323483
2459788.6291671	15.107154118021333	0.0173457085780871
2459793.2106118	14.785669366603695	0.0197337750075294
2459794.476061	14.897985000209047	0.0141610377214377
2459800.4846727	14.80755211282145	0.0263958571381804
2459800.4871651	14.901879842269343	0.0357326846600535
2459800.6014116	14.863152750443644	0.0525617061868826
2459801.5117701	14.945416470301836	0.0506878745044552
2459808.5594532	14.948050691188516	0.0140914453357465
2459808.5607399	14.96463698733039	0.0153855006519997
2459810.5079231	15.107029546345403	0.013866452608999
2459811.5388064	14.82061041355612	0.0174304462164897
2459811.5400986	14.838629291151564	0.0208424597158677
2459814.5231824	14.743260262300549	0.0136599704735292
2459819.2511729	15.206149131536282	0.020354028326464
2459823.4858504	15.14570064890844	0.0194478436795658
2459827.4978874	15.14947839802689	0.0294003556198297
2459830.2555894	15.084634466859775	0.0449836527716842
2459833.4884152	14.921932445412589	0.0364015520059616
2459834.2308205	15.190803159108327	0.0273335420080088
2459836.4982113	14.831533741535113	0.0158707223492141
2459933.8434741	14.831015706179054	0.0155026227906407
2459937.863292	15.223557231101053	0.0969830803861842
2459941.8641155	15.050698282236016	0.0781065455101402
2459942.8603271	15.036322658430032	0.0429867537711373
2459943.8606481	15.115062351773505	0.0436604911690694
2459944.6018005	15.07326861356294	0.0519547950335867
2459945.8545412	15.13043783536818	0.0203962738846891
2459953.5452636	15.263620416241215	0.0512257988852094
2459959.7837735	15.214170278904628	0.0321746726808694
2459961.8281177	14.739904315321544	0.0195135964074031
2459964.5467274	15.19731341467721	0.0167730987242812
2459965.5362947	14.991764992804487	0.0159256293287012
2459966.5484792	15.12582333047748	0.0137421666309554
2459967.7729799	14.995204690109825	0.0122132937683512
2459968.8178362	15.155184385706914	0.0186304233010491
2459969.7700553	14.84256280729764	0.0125449861005868
2459970.8153104	15.054057953634278	0.0113304595549587
2459970.8178026	15.093564790080494	0.0194566697134914
2459972.7392203	14.761057091272075	0.0153161915432094
2459972.7873071	14.780253635416766	0.0125715924356776
2459976.7308911	15.167377921969187	0.0314055748575991
2459977.7329532	14.9428328083371	0.0240622242277054
2459978.7372838	14.865708935131323	0.0324864638488906
2459979.7522553	15.128511402526694	0.0422138994626592
2459980.7411985	14.829518526148348	0.0322199142681231
2459981.7684816	14.986240847926162	0.0457261694953771
2459984.7327716	15.279973464368709	0.0438815941241536
2459985.7365593	14.99463140169137	0.0343655164893602
2459986.7121506	14.653393632908724	0.0312932065356252
2459987.7503391	15.047946704079578	0.0329501697406329
2459988.8507178	15.284648217923616	0.026942979127699
2459992.7135985	15.122526341533309	0.0180143472305713
2459992.7148391	15.142388188428637	0.0230842437446401
2459993.6988759	15.108633204100297	0.032691215773713
2459994.6798702	14.81726433814426	0.0173775011797016
2459995.7013359	15.21302524132514	0.0218726238264436
2459996.7935687	15.050621297268036	0.0123344074619676
2459996.7948622	15.113244771332376	0.0155642253428524
2459996.7961734	15.08648234140667	0.0185737978191899
2459999.477733	14.797608077385934	0.0118023247613928
2460001.4585108	15.017364195484577	0.0081108368979578
2460002.8716524	15.09077434317835	0.0159652647930398
2460004.6530866	15.083065576535745	0.0237583729036169
2460004.6556831	15.038037654576438	0.0329365183927108
2460005.8371438	15.160978957204517	0.0151703492597922
2460006.7500652	14.770688445151404	0.0167622310428417
2460007.818304	15.19473677699708	0.0210732423319573
2460008.8239805	15.074217935930715	0.0258837246967256
2460010.6900248	14.98042181948886	0.0299422087893668
2460010.6913237	15.064649329893358	0.044209661857538
2460010.7318627	15.3686170450704	0.059897079766165
2460012.6772709	15.228651496284618	0.0617740976936112
2460014.6679691	14.839586167887571	0.0195100123365438
2460015.7750848	15.069797168661674	0.0229940578122547
2460016.6315652	14.963229524028096	0.0215268223339984
2460017.7560784	14.710698185297	0.0196427203893925
2460019.7721905	14.982852803469257	0.0132586762979695
2460020.8022542	14.7845507105339	0.015189512620175
2460022.850166	15.131472416907243	0.0127900941673294
2460023.8789814	14.772916982755522	0.0128781851511998
2460025.6975802	14.784457426418856	0.0138587728904127
2460026.8442312	14.78052924082762	0.0137505128249486
2460028.6980941	14.734460126991769	0.0136852456811951
2460028.706069	14.74301539789504	0.013287284381783
2460029.6798998	15.101598138712422	0.0163847180459382
2460030.6462793	14.968508655871108	0.0118488371288799
2460030.6619888	14.920941651482693	0.0162660895150869
2460030.6645638	14.990574773835906	0.022401681839879
2460031.6047558	15.118119382261	0.0170052856949969
2460031.607364	15.169114155046175	0.0336080373881882
2460031.6239773	15.232074090711388	0.0210681704036266
2460031.6264694	15.224773308389745	0.0249544774246119
2460032.6031122	15.091523117302955	0.0191336269651058
2460032.6464817	15.114571758084931	0.0146318527680518
2460032.6477685	15.128712899188791	0.0148258688698979
2460033.8665277	15.175590294267536	0.0190467925209911
2460036.3299907	15.143394584620555	0.0171543494147523
2460038.5673415	15.01721249324744	0.0814976320312645
2460040.4242701	15.10000123153744	0.0412956119515447
2460041.492342	14.892194689911612	0.0289633754779182
2460041.8736923	15.35138129867764	0.057086737267339
2460042.7186882	14.774031305863671	0.037071416410124
2460043.665824	15.163681946307465	0.0293322608935443
2460044.3784596	15.18725530615568	0.0307264898329403
2460044.6241824	14.928962466200666	0.0271940214493588
2460045.3049019	15.132152534836736	0.0123954841901673
2460045.8363471	14.878404442601903	0.0225540541331958
2460046.300564	14.880216205812324	0.0112026362210395
2460048.2899169	15.006730831771216	0.0099563233568192
2460048.6205545	15.150842614889273	0.0159107264868435
2460049.2883038	15.063253619184229	0.0082593677712044
2460049.6855864	15.15271469566219	0.0162777239958406
2460050.3164826	15.14873341882658	0.0114312725284609
2460050.9140536	15.051271379546671	0.0191088579266281
2460051.4305904	15.149567683233665	0.0106947320382625
2460051.7206928	15.18538380050827	0.0182347842714387
2460052.3290709	15.16844083261696	0.0129047241414333
2460052.6322641	15.01667260283322	0.0108957896802472
2460052.6481097	15.070997888545802	0.01220724015844
2460053.5285042	15.148903844434852	0.0177042063261772
2460054.5173808	15.146443720988737	0.0181952294725367
2460056.8826631	14.97492202718728	0.0108467167890931
2460056.8839497	15.018771902538315	0.0153271339112079
2460058.8256828	15.192896269706452	0.016462442567372
2460060.3903474	15.037121474407462	0.0092289545471085
2460060.8160481	15.292295694765814	0.0216515756455823
2460061.3960697	15.14440345067496	0.0197100353772848
2460061.5313135	14.69563487601861	0.0169465309218426
2460062.6061961	15.131859040378306	0.0219296961935226
2460063.459029	14.965528428696434	0.0116239637806019
2460063.5193376	15.015977940055746	0.0122065868768535
2460065.5526823	15.21936889284648	0.0364908552680084
2460066.4860525	14.787280896934416	0.0246578862878682
2460067.2414643	15.08243015095411	0.0260442627608699
2460067.7882173	14.99091863405054	0.0329670767988714
2460068.4561648	14.998686615671732	0.0378807537352013
2460069.6732363	15.075027165428274	0.0504692125260501
2460071.2307595	14.89596980571942	0.0296695531115085
2460071.56732	15.149776688303008	0.0561438771659472
2460072.2206178	14.764324889425248	0.0298277290765252
2460072.6135549	14.993724620668733	0.0336430061794913
2460073.2238125	14.980961269919783	0.0170598055013812
2460073.6139795	15.185179415618792	0.0331064674451727
2460074.7464435	15.19001151753416	0.0290241845705725
2460075.5506133	14.684952976867937	0.0214719755432879
2460075.6501649	14.996423090550032	0.0236573574057846
2460076.6632434	15.024303379833327	0.0225826345616714
2460077.5883038	15.069887717994996	0.0125610651073517
2460077.8058598	15.073063918969272	0.0190945908491387
2460078.791285	15.027225356758702	0.0156905809964931
2460079.781821	14.74529173784932	0.0178122607102274
2460082.7775495	15.0293220394612	0.0147008887537155
2460086.7769377	15.007244714809998	0.014299414094315
2460089.7801457	15.060115791048725	0.0163806041391555
2460091.7811908	15.093695175276522	0.0186621446199589
2460092.4851286	15.24412896404698	0.0236917613591992
2460094.7831822	15.006906237336104	0.0178020487889882
2460098.7519364	15.135310748742985	0.066540945991524
2460101.5526431	14.929176702375608	0.0241231000985529
2460103.5962913	14.788218046551878	0.0155077730433184
2460104.5864682	15.210331405849969	0.0196941623930038
2460108.7557578	15.076974169667828	0.0155745684020526
2460111.734444	15.108194925421826	0.0202909657113744
2460113.601879	15.187509743609091	0.0187472138971322
2460121.5084677	15.149796666026225	0.021614378897992
2460124.5977993	15.098411498726913	0.0263905782223225
2460124.6385668	15.092216500506405	0.0374480883249248
2460126.6139909	14.80788278936053	0.0381907253019042
2460126.6576012	14.602762533033854	0.0500670937497153
2460128.486267	14.704330119638234	0.027643734088235
2460130.6020555	15.04348284814792	0.0547909805476104
2460133.6861642	15.028484019215645	0.0243392277270994
2460137.3800363	15.19275791407782	0.0144508942884577
2460140.6094925	14.772344218604664	0.01420840897199
2460142.578433	14.913608356911377	0.0113465034298426
2460148.5225881	14.905380187072462	0.0144339857243321
2460148.570275	14.762263166571906	0.0145531775360759
2460150.5278925	14.940294185099797	0.0241999770006608
2460153.5856645	14.916539218274728	0.0335861625331123
2460155.5146589	15.154256574112388	0.0337790411159665
2460157.5875097	15.375241091010787	0.1043439695344743
2460158.5609999	15.167658306194053	0.0525856369736593
2460159.5616033	14.781260706185668	0.0342372055596861
2460185.2323493	15.027354059701016	0.0301706604134238
2460196.2405637	15.103662924640664	0.0235919241634741
2460317.8478727	14.835230239590038	0.0135625509890482
2460332.8034201	15.155141035985752	0.0227709844445953
2460341.830488	15.113769148584222	0.0285910379114537
2460357.7101076	15.093302115534158	0.0172039089289354
2460359.7046822	14.62640750856715	0.0176548477244666
2460369.5716878	15.03547081979458	0.0404064483278178
2460369.7763047	15.05657156012724	0.0269474631532309
2460370.733908	14.813882441124814	0.0188874683408495
2460376.5951027	15.246041712448228	0.0209566388206116
2460377.569807	15.103393846199571	0.0148746748386106
2460378.5814864	14.772884530407149	0.0152777009956074
2460379.5717941	15.243777461132002	0.0208942040298999
2460380.5604515	15.090504393415449	0.0155920234966509
2460381.5741771	14.833115776958085	0.016319559095483
2460382.5697742	15.241355944642516	0.019965085970845
2460384.5651439	15.233942342663385	0.0204754803930253
2460386.4894583	14.855823905026302	0.0161090993546125
2460388.465087	15.034931323052326	0.0246738124502727
2460389.4486653	15.271082555087744	0.0483810816348651
2460391.3945669	15.287868707801412	0.089694635765019
2460402.401065	14.87437627874211	0.0217385785990707
2460403.5260718	14.84639517300515	0.0216728928090137
2460404.5357087	15.159460725316375	0.0246609383148526
2460405.5059731	15.067111360671507	0.0150609532657488
2460412.4705227	15.222968090573524	0.0196403625678962
2460413.4614697	15.050988984360105	0.0114826174503862
2460414.4343214	14.893979214535287	0.0134035108377721
2460417.3680268	15.220601376685414	0.0239442411418647
2460417.789774	15.08071117097564	0.0145580338842138
2460418.3225799	15.022301679183796	0.0199525717114344
2460418.7474487	14.678559558589912	0.0131678558344718
2460419.6464504	15.086355602629276	0.0191504607602341
2460420.343942	15.207694020255918	0.0275048794512942
2460421.3510784	15.196855219994202	0.0378705569285459
2460427.6827509	15.03805690492429	0.028561680779987
2460432.4059544	15.102432942906344	0.0190499971858285
2460434.5116702	14.83424867295697	0.0116291338183872
2460439.4551949	14.77494890386282	0.0206284988511228
2460440.6378895	14.673814867804449	0.0127611182143513
2460442.6380356	15.002348426143255	0.012562490753392
2460446.2267855	15.039220627067492	0.0262095626957125
2460448.4948438	14.908360698685732	0.0184939990809468
