2458283.53464820  15.4059
2458575.52874240  15.2165
2458576.53131710  15.2669
2458577.56746060  15.2815
2458585.50496550  15.2624
2458607.45525200  15.2481
2458622.52539510  15.2520
2458627.60066190  15.2537
2458628.44529110  15.2519
2458642.33883310  15.2516
2458643.47507070  15.3622
2458648.32625480  15.3246
2458659.50300720  15.2660
2458668.25998750  15.1904
2458669.25886000  15.3019
2458677.27472780  15.2922
2458686.33063190  15.1915
2458692.28044490  15.2822
2458699.30789300  15.2501
2458700.27268820  15.2092
2458728.42992070  15.3158
2458729.25242020  15.1848
2458732.21673810  15.3204
2458742.35999540  15.2178
2458749.36798470  15.2741
2458750.37902610  15.3557
2458758.35131930  15.3584
2458764.26864600  15.2738
2458766.29396830  15.2897
2458771.31402870  15.3943
2458786.25665270  15.3713
2458906.62782610  15.4477
2458909.87305600  15.1836
2458922.59118750  15.2551
2458928.57003910  15.3500
2458930.56069210  15.2167
2459038.49284900  15.3692
2459049.38866570  15.3309
2459052.50352290  15.2920
2459097.41729720  15.2165
2459101.42048200  15.3595
2459115.28166440  15.3414
2459122.37367000  15.2738
2459295.53644140  15.3043
2459296.61181630  15.3153
2459316.51154470  15.2701
2459323.50346980  15.2877
2459344.43499540  15.3316
2459351.41641130  15.3479
2459357.39895910  15.2151
2459378.30675130  15.2295
2459403.25896850  15.3092
2459414.24274550  15.2953
2459425.48434750  15.2720
2459459.25825320  15.2591
2459460.33851500  15.3120
2459466.28709160  15.2925
2459470.23117630  15.2339
2459475.23355970  15.3284
2459495.29232770  15.4304
2459497.30550350  15.3197
2459506.27646990  15.2263
2459524.25020920  15.4730
2459701.56668020  15.2278
2459712.40725680  15.3959
2459739.32722860  15.2783
2459740.45606220  15.3591
2459766.25020530  15.3777
2459776.32564500  15.5874
2459777.36438630  15.3932
2459785.30619850  15.3171
2459789.21621060  15.2528
2459792.32833760  15.2821
2459808.42220170  15.2862
2459812.38822130  15.3528
2459822.43096110  15.3825
2459835.37177100  15.2298
2459837.30381630  15.1807
2459857.30715030  15.2401
2459880.26274110  15.1922
2459999.61880360  15.4002
2460021.57124750  15.3536
2460063.50740560  15.1802
2460064.48720520  15.6242
2460066.51192620  15.2806
2460077.75316980  15.2438
2460092.36933580  15.3699
2460093.36469910  15.3929
2460150.21115100  15.2860
2460168.28279590  15.1934
2460220.52365970  15.2792
2460228.51218320  15.2197
2460235.50061750  15.1800
2460240.27397300  15.2008
2460399.85684340  15.4980
2460445.45190020  15.2923
2460446.45661070  15.2476
2460448.67332800  15.1916
2460454.65225800  15.3855
2458282.76852150  14.6357
2458284.69296700  14.4827
2458286.63652290  14.7127
2458288.67865590  14.6228
2458295.57850580  14.5576
2458300.67331810  14.7060
2458319.77098820  14.5759
2458320.80109780  14.5337
2458328.58434350  14.6291
2458335.58650670  14.6715
2458338.52109970  14.5730
2458359.65859840  14.6603
2458367.49016870  14.5728
2458368.49182570  14.5117
2458412.50602520  14.4004
2458413.53436040  14.5798
2458417.52381710  14.6586
2458419.50272340  14.4677
2458532.88896490  14.7044
2458538.89166710  14.7286
2458549.86229710  14.7149
2458556.84541640  14.6333
2458565.82856850  14.7102
2458579.79299810  14.6740
2458585.91684340  14.5393
2458586.79748700  14.6521
2458587.82746490  14.6841
2458590.85466220  14.6493
2458591.89722780  14.6489
2458593.81855010  14.5268
2458595.85772190  14.6355
2458600.86796400  14.4933
2458602.89015160  14.7143
2458603.87051670  14.6538
2458605.82619770  14.6148
2458620.68464940  14.5724
2458637.73377000  14.7211
2458645.59909130  14.6817
2458648.78524750  14.6509
2458655.55588460  14.4641
2458657.80729330  14.4873
2458660.84746050  14.7371
2458674.55463150  14.6807
2458683.73388200  14.6418
2458687.66848200  14.7343
2458692.62398090  14.7069
2458693.67074590  14.4353
2458694.76974810  14.4301
2458697.61241910  14.5965
2458699.60697220  14.5257
2458700.75844350  14.5317
2458701.67901490  14.5329
2458703.68923650  14.6747
2458705.55381420  14.5935
2458711.53267570  14.5540
2458712.52585240  14.5307
2458713.57379200  14.5829
2458715.54893910  14.6971
2458723.53784900  14.6564
2458725.52219410  14.5864
2458726.51939840  14.5822
2458728.50729830  14.4974
2458744.64880920  14.6170
2458757.58535800  14.7047
2458772.56934550  14.5147
2458774.56810630  14.6554
2458782.52354680  14.6883
2458786.50807120  14.5555
2458908.87251310  14.5597
2458918.84198610  14.6582
2458920.87029370  14.5952
2459151.51199380  14.7193
2459255.89173980  14.6322
2459258.87675990  14.6109
2459259.87604680  14.4422
2459260.88028830  14.4312
2459266.88348910  14.7413
2459267.86693300  14.3287
2459278.83439110  14.6174
2459288.79966270  14.5544
2459291.80106160  14.7323
2459295.79941760  14.6702
2459302.87293120  14.5146
2459305.78871140  14.6729
2459310.74315620  14.6900
2459311.81596180  14.6276
2459315.90003120  14.6515
2459316.78067340  14.6673
2459320.72355710  14.6596
2459323.89498730  14.6474
2459333.76900550  14.5728
2459340.75812120  14.6574
2459345.83318820  14.5840
2459351.67942740  14.5493
2459360.65189010  14.5304
2459367.59766210  14.6645
2459371.69697370  14.6763
2459372.57066210  14.5917
2459373.81217060  14.6992
2459379.55999110  14.7348
2459386.53127690  14.4382
2459400.49601690  14.5287
2459401.67402610  14.6267
2459407.47483990  14.4952
2459408.77546900  14.6988
2459414.60952900  14.6905
2459421.55536940  14.6278
2459422.64797840  14.5963
2459428.78294490  14.5868
2459429.67356830  14.6249
2459431.61622040  14.5435
2459432.57517080  14.7371
2459435.49220290  14.6529
2459436.60547060  14.6425
2459455.60893460  14.5056
2459456.53380590  14.6478
2459457.67164320  14.6534
2459459.63812370  14.6993
2459479.61863490  14.6762
2459489.51725670  14.7287
2459490.52770800  14.4326
2459491.59842610  14.6624
2459502.49943470  14.5648
2459503.54163370  14.5573
2459504.55865320  14.6351
2459505.55691470  14.4867
2459508.54861840  14.6097
2459509.54539080  14.6435
2459510.50780210  14.5268
2459511.54259140  14.4387
2459515.52261210  14.6532
2459518.51709310  14.7286
2459623.88361160  14.6216
2459631.87040520  14.5925
2459632.89327230  14.6653
2459633.87973170  14.6468
2459639.88781670  14.5719
2459646.88183360  14.6492
2459648.83785580  14.5143
2459651.82346950  14.7106
2459653.89874790  14.6517
2459667.83525980  14.6654
2459669.89618050  14.6378
2459671.90586390  14.5005
2459675.87092480  14.6539
2459677.82728190  14.5325
2459678.86811080  14.5396
2459685.72201220  14.7359
2459694.70923960  14.6523
2459702.84130160  14.6696
2459704.70998950  14.6091
2459708.82258910  14.6398
2459709.92261850  14.5761
2459713.82480150  14.5943
2459713.82604240  14.6039
2459714.80532330  14.5003
2459721.75583760  14.5278
2459722.86159830  14.4213
2459726.91337610  14.6886
2459727.79993450  14.5605
2459741.81154800  14.6244
2459749.66814510  14.5763
2459749.85942100  14.6403
2459756.79367090  14.6111
2459758.72932520  14.6923
2459758.73056650  14.6525
2459759.87525610  14.5367
2459760.74239420  14.7140
2459761.74284370  14.6895
2459762.82029410  14.6945
2459769.81678440  14.6618
2459780.80681150  14.7008
2459782.52734590  14.5526
2459795.75276910  14.5403
2459795.75402410  14.5344
2459796.69617760  14.6904
2459796.69741800  14.6860
2459797.60639730  14.6405
2459804.65018240  14.5794
2459809.72639790  14.6242
2459815.69121670  14.4499
2459818.55149190  14.6533
2459820.70096630  14.6572
2459823.64030260  14.6729
2459823.64153140  14.6809
2459824.63776380  14.6501
2459843.53418130  14.6694
2459844.53478250  14.7103
2459849.53317590  14.6847
2459858.57287260  14.6280
2459859.55965490  14.6925
2459864.57344190  14.4660
2459869.54572360  14.6575
2459877.52800920  14.5871
2459885.50258730  14.6637
2459886.50042870  14.5721
2460001.87385870  14.4147
2460001.89028230  14.4797
2460007.83020710  14.6411
2460007.83269570  14.6723
2460029.78315230  14.7058
2460094.72533610  14.6732
2460224.52391520  14.7063
2460245.52546590  14.7050
2460367.86918440  14.6967
2460433.84478840  14.6807
2460440.77495530  14.5998
