2458226.94716630  13.91300 0.01457
2458228.92436260  13.92705 0.01431
2458228.96476650  13.92846 0.00910
2458229.91999070  13.93083 0.01497
2458231.91346820  13.95339 0.02443
2458256.86921690  13.94732 0.01138
2458264.81612150  13.92779 0.02391
2458265.84744090  13.93338 0.06307
2458282.91283680  13.96423 0.02104
2458283.51816000  14.05356 0.01080
2458283.53465300  13.93193 0.01841
2458283.70550890  14.04463 0.00924
2458283.88662150  13.97280 0.01405
2458283.90520640  13.97361 0.01026
2458284.71526040  14.08366 0.00901
2458284.87940670  13.95537 0.00997
2458284.88309290  13.98601 0.01073
2458286.64762840  14.06262 0.01324
2458287.63677130  14.08471 0.01064
2458287.87705390  13.94974 0.01636
2458287.89961800  13.98722 0.00920
2458288.69352760  14.07110 0.01051
2458288.87167430  13.94423 0.01374
2458288.89761900  13.93326 0.01175
2458289.86733980  13.95236 0.00941
2458289.87101990  13.99419 0.00980
2458290.83859400  13.92914 0.01379
2458290.85351790  13.92558 0.00864
2458291.83759190  13.98675 0.01031
2458291.84519510  13.95133 0.01146
2458292.86096240  13.96327 0.01264
2458292.86853840  13.97009 0.01054
2458293.86922500  13.95695 0.01685
2458300.67816990  14.07833 0.01078
2458301.74572000  14.10304 0.01386
2458304.82543880  13.97792 0.01730
2458304.85145130  13.94884 0.01225
2458306.64405310  14.10678 0.00785
2458312.63830690  14.06508 0.01000
2458314.50953320  14.05519 0.00526
2458314.76353880  13.95716 0.01396
2458316.78917420  13.98520 0.01934
2458318.78837170  14.01514 0.01884
2458318.81321910  13.98815 0.01138
2458320.78626550  14.03144 0.00806
2458328.58066850  14.08185 0.01579
2458329.54752940  14.05549 0.01154
2458329.71635460  13.99339 0.03594
2458332.74416780  13.88676 0.01841
2458332.76914840  14.03426 0.02790
2458335.56419790  14.07117 0.00715
2458335.73472610  13.97242 0.01272
2458335.76086480  13.94481 0.01465
2458336.55377930  14.04156 0.00995
2458336.72647640  13.91341 0.01238
2458337.72951860  13.98743 0.01126
2458337.75546990  13.98183 0.00942
2458338.54350830  14.10317 0.01186
2458338.69567830  13.93659 0.01035
2458338.71423940  13.92663 0.01247
2458339.55455030  14.03869 0.00912
2458340.54369440  14.11417 0.01426
2458341.54053590  14.06347 0.00942
2458343.54149550  14.12802 0.01318
2458344.53789900  14.06048 0.00838
2458345.70894980  14.00168 0.01415
2458349.56230000  14.07770 0.01188
2458359.47990200  14.09711 0.01154
2458360.48396150  14.03961 0.00897
2458362.66820010  13.94075 0.01297
2458362.69447680  13.92492 0.00996
2458363.61883970  14.07850 0.01050
2458370.65310000  13.92210 0.01190
2458371.63067500  13.93927 0.00994
2458371.66954570  13.97447 0.00939
2458372.62231750  13.96863 0.01349
2458372.65185350  13.96996 0.00822
2458373.62498600  13.92737 0.01092
2458374.62422280  13.99025 0.01322
2458375.64567850  13.97478 0.01031
2458385.57826390  14.03378 0.01907
2458392.61022030  13.93118 0.00948
2458393.57444450  14.11708 0.01000
2458394.56351590  14.08339 0.01171
2458396.56078430  14.11597 0.01178
2458398.55947750  13.96674 0.02974
2458399.57999900  13.95789 0.00894
2458401.53059470  14.08499 0.00931
2458409.49731700  14.08241 0.01491
2458410.51738000  14.05730 0.01126
2458412.50282480  14.07639 0.01472
2458413.50336520  14.02079 0.01587
2458417.49801490  14.05439 0.01377
2458523.88813280  14.10442 0.02704
2458524.88761430  14.15390 0.02231
2458525.88324980  14.10759 0.01249
2458526.88229890  14.06545 0.01035
2458527.87800350  14.13343 0.01672
2458528.87359240  14.07415 0.01759
2458529.87663050  14.11245 0.01289
2458531.88744090  14.08515 0.03323
2458533.88416740  14.13647 0.02742
2458534.87900060  13.95803 0.03365
2458537.88507150  14.09839 0.01490
2458539.87044550  14.06655 0.01558
2458546.90371170  14.09122 0.02217
2458547.89636740  14.08241 0.00926
2458548.87979220  14.00313 0.01283
2458549.83984390  14.14048 0.01053
2458550.83515120  14.10752 0.01120
2458552.85187780  14.14122 0.01161
2458553.82873660  14.13212 0.00971
2458554.82405250  14.14536 0.01211
2458555.82316050  14.13832 0.00922
2458556.81832410  14.16709 0.01300
2458557.81746030  14.16551 0.01142
2458558.82848760  14.07561 0.00964
2458561.84079480  13.90475 0.02248
2458564.79699620  14.05855 0.01817
2458565.81445510  14.10846 0.01554
2458566.83174510  14.01365 0.02182
2458567.83639870  14.07679 0.01585
2458573.76616000  14.08945 0.00914
2458575.52874450  13.93805 0.01066
2458575.76058510  14.15296 0.01018
2458576.53131980  13.89768 0.00911
2458576.75981480  14.10994 0.01089
2458577.56745610  13.96329 0.01056
2458577.59128400  14.05654 0.00795
2458577.75533100  14.09191 0.00963
2458578.77762970  14.10711 0.01235
2458579.79127090  14.10855 0.01227
2458580.76831720  14.14688 0.01373
2458581.77093870  14.07501 0.01375
2458582.96179900  13.98612 0.00947
2458583.75060980  14.08196 0.01371
2458584.73823620  14.11492 0.01319
2458585.50496320  13.97898 0.00978
2458585.73454060  14.12560 0.01410
2458589.71689410  14.06517 0.02079
2458590.83761480  14.12624 0.01157
2458591.89411340  14.03502 0.01556
2458595.70787000  14.04814 0.01461
2458599.59667350  14.06106 0.01425
2458600.87521260  14.09178 0.01099
2458601.46731270  13.99515 0.00928
2458601.92113590  13.99061 0.01189
2458601.94810880  13.93782 0.01363
2458602.53137890  14.02267 0.01306
2458602.89382700  14.06836 0.01336
2458604.88203120  13.95663 0.01475
2458605.76257680  14.11342 0.01283
2458606.78385330  14.07076 0.01219
2458607.45525570  13.96332 0.00991
2458610.88260960  13.93981 0.01862
2458611.89321390  13.90714 0.01169
2458611.93031920  13.94026 0.00900
2458612.86335370  13.96430 0.01278
2458612.90409440  13.98726 0.00944
2458615.42256790  13.93770 0.01195
2458616.38601120  14.05400 0.01415
2458616.41225700  13.95220 0.01304
2458617.39028090  14.01536 0.01986
2458617.87869590  14.01781 0.01140
2458618.38268110  14.00734 0.02718
2458618.63990510  14.06768 0.01257
2458618.89138480  13.95429 0.01435
2458618.89504410  13.91816 0.01820
2458619.84421360  13.87881 0.02600
2458627.35116890  14.07103 0.01349
2458627.60066860  13.95424 0.01284
2458628.35626400  14.09261 0.01123
2458628.44528580  13.96440 0.01711
2458632.83350970  13.90888 0.01258
2458633.87060070  13.94250 0.01210
2458636.58608230  14.09238 0.01130
2458637.60187710  14.10564 0.01414
2458638.64863660  14.12124 0.01269
2458640.64458960  14.08211 0.01238
2458640.83196120  13.93896 0.00953
2458642.33883310  14.00338 0.01365
2458642.62021510  14.07551 0.01269
2458643.47506340  13.92600 0.00809
2458643.65665140  14.13333 0.00929
2458644.68310230  14.05630 0.00905
2458645.67002120  14.08252 0.01178
2458646.70464560  14.08883 0.01777
2458647.70373310  13.94350 0.01537
2458648.32625550  13.83605 0.01350
2458648.67557410  14.10692 0.01523
2458655.27157020  14.10797 0.01449
2458658.26373250  14.04875 0.00746
2458658.39680460  13.87461 0.00958
2458659.26140730  14.02989 0.01260
2458659.74611640  14.07560 0.01114
2458660.85552560  14.07613 0.01174
2458661.42676030  13.98142 0.00995
2458661.59323020  14.01147 0.00998
2458667.73054400  13.98014 0.01166
2458668.25243670  14.01908 0.00759
2458668.25998750  13.92498 0.00654
2458670.82734610  13.95818 0.01039
2458671.65489360  14.09922 0.01186
2458673.22509500  13.96676 0.01221
2458673.25943100  13.90263 0.01144
2458674.25617780  13.98801 0.01194
2458674.83823970  14.08371 0.01028
2458675.27965790  14.03344 0.01540
2458676.60715720  14.11603 0.01572
2458677.27472780  13.93369 0.01156
2458677.33685180  14.03764 0.01220
2458683.76805730  14.05501 0.01583
2458684.65459540  14.06730 0.01344
2458686.33063190  13.91807 0.01295
2458686.78545810  13.96906 0.02076
2458686.81623310  14.00096 0.02275
2458688.66436110  14.08302 0.00969
2458689.76578940  13.93467 0.01394
2458689.77681540  13.95817 0.01286
2458690.43051930  14.01420 0.00970
2458690.47974950  13.92896 0.01051
2458690.77299220  13.95137 0.01505
2458691.44573680  14.00780 0.01238
2458691.56209700  13.99754 0.01418
2458692.28044190  13.87838 0.01590
2458692.76320510  14.07575 0.00778
2458692.79002900  13.93670 0.01222
2458694.72824830  13.93140 0.00911
2458694.76684060  13.93128 0.01211
2458695.76261130  13.95745 0.01365
2458695.76628580  13.94802 0.01884
2458697.57705630  14.07572 0.01194
2458697.75776730  13.96245 0.01550
2458697.78010070  13.88166 0.01405
2458698.45944340  13.92439 0.01434
2458698.49002570  14.06746 0.01165
2458698.57879280  14.09557 0.00761
2458698.74424090  14.01433 0.01514
2458698.78177420  13.96945 0.01396
2458699.24062690  14.03057 0.01262
2458699.30789230  13.95429 0.01007
2458699.58324550  14.12838 0.01437
2458700.24101000  13.97087 0.01189
2458700.27268820  13.92097 0.00912
2458700.73833680  13.92601 0.01714
2458700.75475940  14.04464 0.01082
2458700.76980680  13.91246 0.01909
2458701.64148930  14.04978 0.00993
2458701.74033640  13.98817 0.01283
2458701.74780300  13.96748 0.01314
2458702.21581170  14.00992 0.00817
2458702.22314210  13.91313 0.01107
2458702.73399900  13.94812 0.01519
2458702.76793630  13.92020 0.01895
2458703.76812330  13.93667 0.01694
2458712.62857000  13.97165 0.02568
2458713.52238580  13.99588 0.01069
2458715.44773290  14.04166 0.01765
2458716.64323060  14.07525 0.01100
2458716.67649680  14.00234 0.01490
2458716.68766970  13.95106 0.01434
2458717.70057020  13.99588 0.01152
2458717.73072960  14.01680 0.01492
2458718.69706990  14.02271 0.01204
2458719.51387640  14.05113 0.01193
2458721.48995640  14.09748 0.01238
2458721.67668090  13.94597 0.01135
2458721.71901520  13.95578 0.01303
2458722.34005940  14.01669 0.00912
2458722.49022550  13.95079 0.01462
2458722.67601190  13.99450 0.01867
2458723.25470690  13.95056 0.00938
2458723.32154910  14.08120 0.00983
2458723.49072490  13.98280 0.01695
2458724.32168120  14.01088 0.00907
2458724.38623140  14.01487 0.00838
2458724.48732480  13.96123 0.01831
2458725.42402750  14.00561 0.01368
2458725.44387000  13.94893 0.00946
2458725.66559980  13.91956 0.01838
2458726.70337530  13.97773 0.01616
2458727.40720900  14.05139 0.01439
2458727.43289620  13.89621 0.01057
2458727.68303260  13.97479 0.01579
2458728.40398390  14.10366 0.01143
2458728.42990950  13.92554 0.00901
2458729.22282330  14.02199 0.00920
2458729.25242320  13.96454 0.01077
2458729.65420200  13.92071 0.01616
2458730.24168940  14.01521 0.01174
2458730.24538130  13.89067 0.01126
2458730.65287920  13.99365 0.01569
2458730.69246890  13.97233 0.01376
2458731.69127960  13.98565 0.01414
2458732.21673810  13.91919 0.01484
2458736.65133240  14.14719 0.01746
2458738.64156240  14.10822 0.01774
2458741.37877570  14.11854 0.02604
2458741.39475220  14.00904 0.03187
2458741.59374130  14.08245 0.01552
2458742.28832620  13.99166 0.01448
2458742.35999540  13.93594 0.02174
2458744.62675360  14.06573 0.01210
2458746.37054340  13.90666 0.03170
2458747.38150620  13.88691 0.01340
2458749.36798780  13.93050 0.01064
2458750.34825810  14.05891 0.01314
2458750.37903090  13.92925 0.01031
2458750.59195310  13.92333 0.01369
2458752.30764820  13.90043 0.00896
2458752.34342140  14.08247 0.01060
2458752.58638060  13.95563 0.01497
2458752.63070130  13.99722 0.01479
2458753.33868010  13.99450 0.01078
2458753.58553000  13.88429 0.01050
2458754.34242600  14.04705 0.01673
2458754.36090470  13.93691 0.01054
2458754.59708810  14.13616 0.00899
2458754.60318540  13.98995 0.01300
2458755.52483420  14.03530 0.01144
2458756.57628720  13.96895 0.01235
2458756.57997330  14.02956 0.01705
2458758.32773540  14.05079 0.01250
2458758.35130710  13.91182 0.01095
2458760.28623350  13.94151 0.01646
2458764.26864000  14.17573 0.04100
2458764.52286180  14.12014 0.01653
2458764.53757870  14.01234 0.01588
2458765.56713910  14.05112 0.01978
2458766.29396830  13.93327 0.02853
2458766.56427660  14.04177 0.01826
2458768.25211180  13.98527 0.02052
2458768.31559490  14.00552 0.02259
2458769.26002690  13.97186 0.01668
2458769.56466790  13.94240 0.02160
2458771.31402720  13.93613 0.01964
2458772.52711550  14.13555 0.01164
2458774.52514610  14.06392 0.01598
2458775.52096390  14.05446 0.00859
2458776.52701240  14.07668 0.01181
2458777.51517270  14.03377 0.00882
2458778.51089620  14.11506 0.01269
2458781.50115780  14.10538 0.01090
2458782.49784500  14.06188 0.01432
2458782.54244120  14.06378 0.01272
2458783.49838330  14.11303 0.01866
2458786.25788100  13.93985 0.01583
2458894.87689030  14.16097 0.02127
2458894.87816600  14.19901 0.02261
2458900.87511940  14.12038 0.01174
2458901.87303480  14.08929 0.01479
2458903.86364880  14.07698 0.01023
2458904.85481330  14.09722 0.01432
2458905.85705760  14.11246 0.01418
2458906.62782820  13.90928 0.01091
2458906.87284010  14.07549 0.01085
2458908.84942880  14.10920 0.01196
2458909.84598270  14.05836 0.01149
2458910.84374960  14.15954 0.01511
2458911.84178230  14.03756 0.01624
2458912.83794880  14.16295 0.01318
2458913.85117850  14.09847 0.01493
2458915.82846820  14.06095 0.01458
2458916.88165830  14.14402 0.01620
2458918.82120780  14.11406 0.02382
2458919.88996550  14.09092 0.01954
2458920.83269080  14.06839 0.02019
2458922.59117880  13.93429 0.02168
2458927.54222270  14.07850 0.01558
2458928.57003510  13.97318 0.01570
2458929.54459430  14.09678 0.01731
2458930.53094780  14.05040 0.01004
2458930.56069630  14.01853 0.01267
2458955.97254990  13.90940 0.01285
2458957.92960570  13.99294 0.01237
2458957.94829180  13.94937 0.01513
2458958.93935000  13.99508 0.01288
2458959.91197450  13.91663 0.01408
2458960.94282560  14.02353 0.01435
2458962.93090240  14.00113 0.00999
2458965.91899330  13.99213 0.01235
2458967.88702140  13.94942 0.01220
2458968.91327850  13.96701 0.01004
2458968.94539540  13.94155 0.01247
2458974.95973820  14.01690 0.01402
2458983.38261310  14.05042 0.01382
2458983.40847240  13.93560 0.01252
2458985.43667310  14.10448 0.01199
2458986.94422470  13.93665 0.01152
2458990.86000250  13.95258 0.00942
2458990.94635430  13.95929 0.01039
2458991.92144230  13.94425 0.01291
2458992.46246280  14.01372 0.01147
2458993.81893220  13.94914 0.01119
2458993.85171190  13.92746 0.00801
2458994.87456920  13.89439 0.01036
2458996.87721710  13.91952 0.01352
2458998.82552180  13.95932 0.01316
2458999.81114240  13.95881 0.01169
2458999.84821170  13.96816 0.00818
2459009.30487960  14.08817 0.02622
2459010.86029290  13.89944 0.01441
2459013.78033010  14.02218 0.01232
2459014.86527050  13.95898 0.01196
2459017.44464930  14.04188 0.01085
2459018.37537180  13.93742 0.01017
2459019.37173120  13.85747 0.00937
2459022.77378090  13.98697 0.01013
2459025.26681870  14.00019 0.01170
2459025.31767340  13.94431 0.01086
2459031.28243070  14.04507 0.02131
2459031.30179060  13.91908 0.01519
2459038.48917450  14.06005 0.01767
2459038.49284270  13.97708 0.01606
2459040.78823510  13.94883 0.02425
2459044.70396620  13.95271 0.00877
2459045.67486480  13.96633 0.01228
2459045.80140350  13.92572 0.01153
2459048.48734480  13.94606 0.00951
2459048.52122060  14.00412 0.01077
2459049.38866990  13.90636 0.00978
2459051.38452560  14.04150 0.01209
2459052.50352290  13.92822 0.01138
2459052.79173630  13.94560 0.01088
2459056.49858770  13.89024 0.01142
2459060.31721840  14.01770 0.01287
2459066.75058990  13.98826 0.04642
2459067.76038010  14.01254 0.02464
2459067.76798540  13.98328 0.02775
2459068.76752500  14.00536 0.02718
2459069.76180550  13.98406 0.02376
2459070.76093870  14.03259 0.02007
2459082.60709980  13.98525 0.02056
2459095.69429170  14.07116 0.06264
2459097.41729720  14.06467 0.06433
2459112.27521800  14.05592 0.01129
2459122.37367000  13.93894 0.02522
2459126.57504090  13.95574 0.01666
2459128.58835040  13.89726 0.01307
2459129.59501830  13.90608 0.01330
2459133.56728980  13.95071 0.01243
2459138.25187720  13.98476 0.01815
2459146.50500540  14.10859 0.01449
2459148.51232310  14.10934 0.01641
2459150.50326820  13.99370 0.02231
2459248.88435520  14.03224 0.03266
2459249.88245030  14.13500 0.02668
2459255.86844400  14.15850 0.01487
2459257.86298060  14.07942 0.01114
2459259.85345410  13.98645 0.01264
2459260.85681110  14.12792 0.01237
2459262.85165680  14.06904 0.01269
2459262.86273190  14.06250 0.01542
2459263.63482260  14.01408 0.01883
2459266.59786620  14.03048 0.01537
2459266.87093000  14.08105 0.01521
2459267.84436240  14.03846 0.01480
2459268.85026470  14.11006 0.01146
2459269.84148720  14.11506 0.01397
2459272.84457080  14.19339 0.03773
2459273.83817420  14.13939 0.02437
2459273.86358790  14.15390 0.03018
2459274.83437140  14.11197 0.01741
2459275.83691820  13.99979 0.02030
2459278.83528070  14.06146 0.01679
2459282.88083690  14.08499 0.01165
2459285.81410460  14.07227 0.00827
2459290.78803140  14.09977 0.01274
2459291.91457510  14.11735 0.05451
2459292.62346260  13.91464 0.01332
2459292.90623090  14.10441 0.01600
2459295.51356580  14.10356 0.00940
2459295.53644140  13.96510 0.01390
2459296.61181630  13.93180 0.01060
2459296.77533060  14.08024 0.01008
2459297.78359040  13.94778 0.01286
2459297.82952560  14.08749 0.01133
2459298.53966510  14.00420 0.00897
2459299.57440080  14.10811 0.01404
2459310.76202840  14.04201 0.01224
2459311.81079220  14.11886 0.01011
2459312.97541160  13.95025 0.01068
2459315.82646500  14.09145 0.01403
2459316.51153980  13.92565 0.00961
2459316.77086590  14.06394 0.01112
2459316.97561770  13.98243 0.01405
2459319.70742530  14.13152 0.01187
2459320.70691000  14.09485 0.01403
2459321.50742770  13.97045 0.00985
2459321.52615740  13.93911 0.01048
2459322.46437650  14.03720 0.01013
2459323.47003380  14.00713 0.00914
2459323.50346980  13.92616 0.00934
2459324.75883330  13.99499 0.00935
2459326.94900220  13.91297 0.01013
2459327.42287690  14.02950 0.02139
2459328.51302710  13.99477 0.02038
2459328.54308590  13.93387 0.01040
2459329.66836650  14.11754 0.02378
2459330.67170330  14.02195 0.02022
2459332.79839380  13.91930 0.02512
2459333.67939850  14.07067 0.02539
2459337.64876860  14.12409 0.01401
2459339.95224170  13.96216 0.01018
2459344.42748060  14.00919 0.01091
2459344.43498500  14.01397 0.01633
2459344.88423030  13.91037 0.00939
2459347.72632200  14.09520 0.01563
2459348.39555590  13.93254 0.01059
2459348.62714610  14.16746 0.01521
2459351.40643790  14.04548 0.01191
2459351.41640620  13.94342 0.00880
2459351.60845180  14.09819 0.01429
2459351.94404540  13.99860 0.01139
2459352.80135020  13.98845 0.01391
2459355.84652020  13.95913 0.01398
2459357.34545580  13.98042 0.01890
2459357.39895690  13.97314 0.01720
2459358.36280740  14.02651 0.02758
2459358.58764140  13.98061 0.01760
2459359.86443690  14.13018 0.02309
2459365.57610580  13.97420 0.01212
2459368.80263660  14.07710 0.00849
2459368.86867460  13.99386 0.01661
2459371.40345860  14.03240 0.01070
2459371.88384280  14.06099 0.01655
2459372.31534400  14.01166 0.01775
2459372.55923050  13.97706 0.01077
2459376.41702800  14.02537 0.01319
2459377.29971660  14.01428 0.01076
2459378.30675130  13.98627 0.01457
2459379.28917310  14.11348 0.01959
2459379.52906260  14.07146 0.01011
2459380.79437650  14.09942 0.01292
2459381.77196860  13.98245 0.01182
2459382.70934010  14.08675 0.01389
2459384.32229840  13.94420 0.01251
2459384.51883330  14.02530 0.01538
2459385.85886690  14.07186 0.00977
2459386.51222890  13.99142 0.01080
2459387.82788930  13.99382 0.02035
2459393.49943950  14.12213 0.00945
2459393.84416420  14.01271 0.02479
2459396.75733930  14.06437 0.01258
2459396.80337150  14.11804 0.01230
2459397.77469440  13.99290 0.01249
2459397.83342310  14.11941 0.01202
2459400.47110190  14.10873 0.01595
2459402.41321980  13.97861 0.00946
2459403.25896850  13.93771 0.00870
2459403.82777630  13.97037 0.01636
2459405.73589540  14.06273 0.01653
2459407.48240260  14.09202 0.00822
2459409.80875320  14.00339 0.01841
2459410.78163700  14.00423 0.01655
2459411.78796260  13.95171 0.01472
2459412.25747180  13.89665 0.00758
2459412.68093980  14.14205 0.01428
2459414.24275070  13.89824 0.01475
2459414.79489030  13.94375 0.01493
2459421.33514030  14.08082 0.05527
2459421.55165020  14.11939 0.01318
2459422.70748860  14.03560 0.01691
2459423.75333590  14.10654 0.01389
2459424.70704940  13.91274 0.01242
2459426.57340330  14.09779 0.01059
2459427.59946140  14.08792 0.01076
2459428.48691830  14.06508 0.01191
2459428.63819370  14.02062 0.01067
2459433.61669510  14.16712 0.00996
2459435.49976180  14.12571 0.01032
2459436.61688640  13.98638 0.01220
2459437.55381650  13.95336 0.01201
2459438.73506920  13.96947 0.01383
2459440.48718140  14.14230 0.01383
2459442.29148930  14.01166 0.01651
2459442.51387610  14.06354 0.01481
2459447.56526870  14.10723 0.02845
2459448.65042690  13.99477 0.02340
2459451.42605010  14.07185 0.02783
2459452.69815290  13.93498 0.02303
2459453.65811880  13.97581 0.01060
2459459.25825320  13.93698 0.01356
2459459.42099230  13.95148 0.01216
2459459.67150220  14.07752 0.01226
2459460.33851500  13.92256 0.01190
2459460.42038560  14.02535 0.01330
2459460.65922060  14.06314 0.01308
2459462.69470930  13.93211 0.01371
2459464.69273160  14.00737 0.01456
2459466.28709160  13.91906 0.01224
2459469.26035020  13.96686 0.02992
2459469.58802630  13.97503 0.01820
2459469.62576260  13.98876 0.01757
2459470.23117630  13.97730 0.02663
2459474.53506490  14.11111 0.01411
2459475.23355970  13.88919 0.01684
2459475.51208720  14.07920 0.01638
2459476.51831070  14.00434 0.01926
2459477.61532300  14.14017 0.02088
2459478.49330690  14.08365 0.01433
2459480.58921170  13.95031 0.01486
2459483.35392400  14.05282 0.01414
2459484.60217870  14.09337 0.00891
2459486.58025660  13.94915 0.01859
2459489.51219500  14.03021 0.01556
2459490.51632030  14.08100 0.01335
2459491.57828550  14.04456 0.00923
2459493.48761200  14.10090 0.01140
2459493.59564190  13.98858 0.00977
2459494.54966310  14.05488 0.01171
2459495.29232770  13.95142 0.01323
2459496.49615120  14.06799 0.01254
2459497.30550350  13.90225 0.00880
2459497.49727460  14.00679 0.01708
2459501.54508770  14.11821 0.01570
2459503.53816250  14.11555 0.01940
2459504.53879500  14.07863 0.01795
2459505.53726310  14.07940 0.01870
2459506.27646580  13.88484 0.02284
2459506.28019220  14.02733 0.01844
2459507.52044080  14.08601 0.01957
2459508.51570670  14.12039 0.01811
2459509.51223460  14.09301 0.01251
2459510.50384720  13.93096 0.01452
2459511.51220070  14.10411 0.01169
2459512.51364510  14.09380 0.01327
2459513.25779380  14.04277 0.01665
2459514.50440700  14.11098 0.01121
2459515.50354900  14.11364 0.01651
2459522.25024440  13.96400 0.04352
2459524.25267760  13.90482 0.04872
2459616.87888370  14.17863 0.02752
2459618.87373590  14.07956 0.01927
2459621.86780020  14.07147 0.01470
2459622.88570010  14.02873 0.02614
2459624.85460090  14.11363 0.01778
2459625.85713270  14.10485 0.02656
2459627.85799670  14.09848 0.02796
2459630.86415130  14.03121 0.02880
2459631.60245550  13.99149 0.02858
2459632.85839120  14.11311 0.02010
2459634.62001120  13.98501 0.01707
2459638.59891860  14.05464 0.01967
2459639.83236440  13.99363 0.01919
2459640.82155490  14.00768 0.01328
2459642.81630110  14.09301 0.01273
2459644.58900350  14.04260 0.01097
2459644.82136930  14.14544 0.01163
2459645.81876230  13.93587 0.01036
2459647.58522520  14.04219 0.01455
2459648.87372880  14.01000 0.01704
2459651.00880260  13.92654 0.02057
2459653.83637510  14.10319 0.01351
2459654.79339840  14.13585 0.02053
2459654.80504600  14.09022 0.01656
2459655.79263290  14.08637 0.02220
2459656.53099770  14.01683 0.03330
2459657.83425190  13.98085 0.02488
2459659.57746910  13.95183 0.01793
2459659.57870940  13.99522 0.04147
2459659.58124410  14.04423 0.02172
2459660.76342710  14.10637 0.01621
2459661.77030030  14.13198 0.02626
2459665.83618260  14.11978 0.01056
2459665.83748550  14.13941 0.01383
2459665.98925980  13.92971 0.01962
2459666.74907410  14.10786 0.01043
2459666.75037620  14.09554 0.01314
2459666.79910670  14.09056 0.01384
2459666.80036130  14.01849 0.01969
2459667.75542140  14.12274 0.01274
2459667.82241950  14.08948 0.01060
2459669.74564770  14.08089 0.01242
2459670.77156970  14.07361 0.00731
2459671.76849530  14.08286 0.01106
2459671.80965140  14.07087 0.01280
2459671.97370010  13.97669 0.00915
2459673.74312970  14.12529 0.01245
2459673.98916390  13.93710 0.01522
2459674.74974100  13.97834 0.00815
2459675.82663300  14.10158 0.02519
2459676.83142470  14.09269 0.01150
2459677.89735330  13.96713 0.01102
2459677.94389540  13.94618 0.01149
2459680.97020670  14.00167 0.01118
2459681.51238960  14.04010 0.01309
2459681.51996320  13.97441 0.01508
2459682.60261630  13.92810 0.01308
2459684.70842770  13.91377 0.02151
2459685.79860090  14.03375 0.01689
2459685.89563250  14.15022 0.01381
2459692.78696630  14.09686 0.01386
2459693.77282700  14.05189 0.01043
2459694.85438520  14.05100 0.01240
2459695.76725980  14.07651 0.00962
2459697.42537220  14.07616 0.01575
2459697.92167520  13.96867 0.01114
2459698.90121500  13.96775 0.01152
2459698.90498650  13.99641 0.01126
2459700.89170170  13.95361 0.02964
2459701.56668020  13.93748 0.01013
2459701.89961590  14.00656 0.01124
2459702.76015580  14.11138 0.00880
2459703.87000310  14.08212 0.01044
2459708.89938470  13.92233 0.01254
2459709.95193820  13.94765 0.01129
2459712.38298220  14.06110 0.02176
2459712.40725680  13.85726 0.01480
2459712.40849700  13.88245 0.02395
2459713.95030150  13.93646 0.01648
2459719.85718140  13.97632 0.02716
2459722.67761410  14.03017 0.01184
2459725.58201640  14.14491 0.01433
2459727.81890310  13.91719 0.01348
2459727.82014810  13.96485 0.02180
2459730.87088650  13.92722 0.01680
2459731.47876660  13.90143 0.01566
2459731.82680730  13.95578 0.01461
2459733.86442940  13.96417 0.01229
2459733.91078390  13.87788 0.01489
2459736.92330350  13.95635 0.01046
2459737.31888390  14.07131 0.01117
2459738.47517170  14.02980 0.01228
2459739.32722860  13.93656 0.01534
2459740.45606220  13.90963 0.01662
2459740.91341480  13.97530 0.01068
2459747.48877780  14.04605 0.02870
2459747.49146690  14.06861 0.06338
2459747.68966010  14.06887 0.01096
2459747.80036060  14.08267 0.01364
2459749.73319150  14.02071 0.01271
2459753.80559790  13.95712 0.01399
2459754.77291160  13.98298 0.01155
2459756.25898900  14.01021 0.01689
2459756.74173020  14.11761 0.01243
2459756.74433170  14.15258 0.02498
2459756.87633220  13.99643 0.01102
2459758.72321520  14.06461 0.00921
2459759.82261110  14.08371 0.00696
2459760.73865560  14.13374 0.01368
2459761.79220140  14.08691 0.01562
2459762.81809150  14.09712 0.00638
2459765.24633240  13.99428 0.01517
2459766.25021690  13.94541 0.01305
2459767.83484450  13.99098 0.01549
2459769.66764360  14.04975 0.01126
2459776.25472580  14.01232 0.02168
2459776.32563340  13.92143 0.02002
2459777.36438510  13.98272 0.01791
2459777.78094090  14.00401 0.02680
2459779.79130480  13.94400 0.01445
2459780.80681150  14.00042 0.01310
2459782.78642960  14.10600 0.01376
2459785.30619450  13.91489 0.00942
2459785.36701290  14.01015 0.01063
2459788.74017350  13.91230 0.01045
2459789.21621060  13.87179 0.01363
2459789.73300520  14.09740 0.01246
2459790.79034840  14.03624 0.01355
2459791.67882890  13.92459 0.00938
2459792.32833760  13.93374 0.00852
2459792.72461950  14.03987 0.01210
2459793.76963940  14.12537 0.01674
2459794.69275300  14.06869 0.01084
2459795.73346740  14.07478 0.01247
2459797.28049390  14.00054 0.01304
2459806.69572140  14.07522 0.02236
2459808.42220170  13.92852 0.01215
2459812.38821620  13.92055 0.01093
2459812.44046380  14.03573 0.02555
2459812.65877110  14.11040 0.01547
2459814.61727860  14.07846 0.01295
2459815.61904410  14.01892 0.01233
2459816.65173230  14.10091 0.01124
2459817.68097610  14.08395 0.01573
2459818.64401090  14.06061 0.01104
2459819.48299610  13.92956 0.03202
2459819.64026020  14.14797 0.00894
2459820.63998270  14.05591 0.01118
2459821.67056560  14.03854 0.01102
2459821.67180590  14.06341 0.01304
2459822.43096110  13.96579 0.01960
2459825.47844530  14.08972 0.01269
2459826.25627560  13.93917 0.02752
2459830.26312410  14.11949 0.02491
2459830.26689170  13.93474 0.02704
2459831.59105600  14.04818 0.01968
2459835.35257690  14.13907 0.02411
2459835.37177100  13.90732 0.02484
2459837.26985910  14.11613 0.01556
2459837.30381630  13.94287 0.01716
2459839.61086000  14.04711 0.01134
2459842.24329930  14.11156 0.01128
2459843.35263470  14.03480 0.01359
2459846.56743510  14.14394 0.01075
2459847.59701340  14.04388 0.01709
2459848.50965260  14.07838 0.01108
2459849.51747510  14.07693 0.01519
2459850.57345820  13.97463 0.02006
2459851.58012120  14.00979 0.01491
2459852.55321290  14.05130 0.01394
2459853.28778470  14.00299 0.01676
2459857.30715030  13.94961 0.02039
2459860.31107050  14.06512 0.03317
2459861.31601070  13.87490 0.01858
2459864.57344190  14.04467 0.02123
2459868.52022350  14.11206 0.00979
2459869.51684570  14.08130 0.01029
2459870.51614240  14.07045 0.01410
2459872.24727580  13.91819 0.02099
2459872.51864650  14.10993 0.01107
2459873.24323450  13.93346 0.03087
2459873.51281710  14.07428 0.01019
2459874.25016240  13.88091 0.01620
2459874.51214280  14.06237 0.01443
2459875.24395980  13.93793 0.02177
2459875.51909470  14.02892 0.01460
2459880.24761080  13.98403 0.01885
2459880.26273260  13.89499 0.01626
2459981.87895130  14.05108 0.03454
2459982.87454110  14.09425 0.02831
2459984.87313550  14.07022 0.01925
2459985.88347490  14.09443 0.02411
2459987.86662360  14.04732 0.02213
2459993.85483780  14.19968 0.01413
2459995.87042910  14.11394 0.01863
2459998.83420200  14.10567 0.01466
2459999.61879820  13.96411 0.01041
2459999.85259860  14.10028 0.01144
2459999.85384470  14.07024 0.01399
2460001.84328280  14.13677 0.01171
2460003.57358050  14.09632 0.01020
2460003.59644080  13.95394 0.01311
2460004.82825600  14.16537 0.01164
2460004.87615480  14.11412 0.01550
2460010.81296500  14.07742 0.01758
2460012.79688110  14.12279 0.01769
2460012.88855630  14.08222 0.01720
2460014.58744380  14.00384 0.01740
2460014.82402940  14.06253 0.01924
2460020.88630610  14.13474 0.01341
2460021.57124750  13.99686 0.01378
2460023.53203560  14.03371 0.01176
2460023.78089470  14.09904 0.01008
2460023.80430800  14.14984 0.01581
2460025.57942380  13.93394 0.01226
2460025.90401750  14.09719 0.01053
2460026.61525560  14.00153 0.01037
2460027.75550800  14.05274 0.01322
2460027.83077500  14.08033 0.01312
2460029.75910880  14.11658 0.01257
2460029.79198140  14.07086 0.01239
2460032.50649910  14.02176 0.01105
2460032.52321700  14.01353 0.01323
2460036.54595290  13.98763 0.01166
2460037.74328430  14.13030 0.02370
2460039.55780760  13.93188 0.01524
2460043.72061890  14.08708 0.01883
2460049.46177060  13.96855 0.00948
2460049.94839490  14.00452 0.01109
2460051.46497420  14.00104 0.00653
2460052.92227970  13.96142 0.00934
2460056.68679670  14.07796 0.01391
2460057.68741150  14.09121 0.01489
2460060.68380950  14.13603 0.01351
2460060.96592000  13.92905 0.01571
2460061.67810240  14.10969 0.01198
2460061.68703200  14.06414 0.01317
2460062.86134310  14.07376 0.01227
2460063.50739510  13.91897 0.01376
2460063.88535390  14.06943 0.01123
2460064.48720520  13.92920 0.01654
2460066.51191870  13.92101 0.01614
2460067.40560400  13.96750 0.01579
2460075.73905890  14.12112 0.01323
2460076.77995530  14.05183 0.01488
2460077.87114940  14.04800 0.01123
2460078.86238920  14.09628 0.01931
2460079.84676210  14.07748 0.01056
2460081.94379650  13.86374 0.02154
2460082.85327910  14.03339 0.01755
2460084.59672290  14.02840 0.01056
2460086.82651720  14.09311 0.00940
2460086.95019930  13.92828 0.01988
2460087.83069630  14.07795 0.00908
2460087.94700020  14.05135 0.01600
2460088.37962400  13.95485 0.01023
2460089.38089540  13.91160 0.01712
2460089.85510850  14.07383 0.01048
2460090.85528610  14.10615 0.01337
2460091.37358190  13.90261 0.00975
2460091.63423630  14.08447 0.01532
2460092.36933580  13.89946 0.00877
2460092.66400430  14.03300 0.01296
2460093.36468920  13.96681 0.01164
2460094.83693080  14.12434 0.01186
2460094.91268280  13.95967 0.01069
2460095.83261360  14.13320 0.00853
2460095.83391180  14.15313 0.01121
2460095.83520670  14.12001 0.01831
2460096.62542550  14.06952 0.01793
2460096.82073020  14.07685 0.01338
2460096.93246920  13.98143 0.01673
2460097.79859420  14.04807 0.02336
2460107.75496070  13.97167 0.01816
2460107.77754180  13.96979 0.01262
2460109.54333970  14.04666 0.01062
2460110.87008080  14.05036 0.01076
2460111.79101920  13.99596 0.01232
2460112.78090480  13.93736 0.01919
2460113.52292120  14.11263 0.01159
2460113.88008360  13.93048 0.01783
2460114.64340770  14.08829 0.00684
2460114.69135780  14.04956 0.01189
2460116.37455930  13.90304 0.01089
2460117.50324130  13.92367 0.01239
2460118.28930440  13.93667 0.00728
2460119.50196580  13.96290 0.01077
2460122.89475760  14.00682 0.02342
2460124.76700630  13.97162 0.01642
2460126.51210360  13.85612 0.01213
2460126.69726130  14.11857 0.02202
2460130.48031520  14.12704 0.01492
2460132.86302560  13.92423 0.02679
2460133.79851290  14.15351 0.01352
2460133.85851870  14.13822 0.04359
2460136.56999780  13.96421 0.01292
2460137.52996890  13.97788 0.00986
2460138.22944060  13.94101 0.01020
2460138.80762250  14.14976 0.01446
2460139.70787860  14.04198 0.01279
2460139.81092990  14.13720 0.01252
2460141.61103020  14.08238 0.01038
2460142.84063110  14.08116 0.01367
2460143.69023590  14.02146 0.01402
2460144.74163250  13.97819 0.01340
2460145.77147330  13.96590 0.01072
2460146.72776200  14.15429 0.01350
2460148.72449650  14.11654 0.01383
2460150.21114280  13.90944 0.01161
2460150.23005750  13.97137 0.01184
2460151.78239760  14.07197 0.01111
2460161.46209810  13.99371 0.02181
2460162.52066310  13.91088 0.02735
2460162.78008530  13.94194 0.02501
2460166.47843970  14.01799 0.01547
2460166.48694760  13.87926 0.01201
2460168.28279590  13.95434 0.01113
2460168.29037730  14.05381 0.01318
2460172.75336270  13.96739 0.01335
2460175.74184570  13.92047 0.01220
2460177.72542710  14.03210 0.01984
2460178.72612330  13.96201 0.01476
2460190.69209640  14.10930 0.03203
2460192.68331430  14.06914 0.01494
2460194.67754090  14.10225 0.01424
2460195.68105970  14.09153 0.01740
2460196.69431000  14.09242 0.01434
2460198.67373250  14.13078 0.01750
2460202.65914480  13.97632 0.01630
2460203.65793340  13.97950 0.01422
2460205.66207480  13.95926 0.01671
2460206.35918890  14.07828 0.01083
2460207.60952890  13.94986 0.01503
2460217.59751810  13.97110 0.03595
2460219.22835410  14.01851 0.01754
2460219.56346280  14.09648 0.01345
2460220.54992740  14.14337 0.01551
2460221.56957160  14.14616 0.01125
2460222.56956030  14.09706 0.01242
2460224.50824060  14.03267 0.01393
2460227.29877650  13.90808 0.00990
2460227.51146610  14.02025 0.00907
2460228.52868390  14.04718 0.01090
2460229.53265090  14.14033 0.01248
2460230.53962560  14.11205 0.01505
2460231.26567470  13.91998 0.01386
2460232.54164040  14.12491 0.01146
2460233.32148910  13.91925 0.01051
2460240.26657770  14.04900 0.01640
2460240.27397300  13.91297 0.01575
2460243.25731230  14.11678 0.01911
2460244.50246160  14.20147 0.02130
2460245.50962280  13.98628 0.03163
2460247.50014860  14.08119 0.01531
2460248.50098460  14.03061 0.02187
2460369.85695120  14.04729 0.01774
2460371.89738190  14.08898 0.01382
2460380.90110820  14.15393 0.01491
2460387.82517740  14.14078 0.01179
2460388.86984020  14.13293 0.00937
2460390.91567370  13.99617 0.03642
2460397.80165200  14.03025 0.01388
2460404.80354410  14.07582 0.01050
2460405.78927890  14.07248 0.01194
2460406.76700870  14.17586 0.01084
2460408.78299970  14.08614 0.01168
2460410.78367070  14.03978 0.00979
2460411.79422180  13.98544 0.00717
2460416.74011850  14.13154 0.01019
2460418.83829950  14.04722 0.00913
2460423.75182030  14.08889 0.01570
2460430.95707710  13.95136 0.01968
2460431.89593990  14.06061 0.01522
2460432.66073110  14.07421 0.01733
2460433.70234960  14.13123 0.01721
2460437.48997810  13.92422 0.01238
2460437.85497000  13.97722 0.00956
2460438.87984610  14.09455 0.01256
2460438.92115730  14.03680 0.02291
2460439.63404900  14.10992 0.01221
2460440.64924970  14.16519 0.01414
2460442.65628220  14.06709 0.01231
2460442.88271940  14.04960 0.02253
2460443.85536640  13.98034 0.01784
2460443.87784470  14.11731 0.01968
2460445.45190020  13.90568 0.00987
2460446.40167850  14.11551 0.01008
2460446.45661070  13.89201 0.01775
2460447.38024800  13.92062 0.01197
2460447.60906740  14.10621 0.02022
2460448.72272410  14.12766 0.01260
2460449.66915350  14.05306 0.01046
