2458226.9471663	14.85000218611014	0.0124079571114136
2458228.9647665	14.602669106201006	0.0159132026508849
2458265.8474409	14.894536801616344	0.1014477115411282
2458282.7685205	14.851548214882772	0.0106964827699444
2458282.9128368	14.89817644636113	0.041060082107277
2458283.534653	14.982845848559297	0.0151807197700104
2458283.9052064	14.910313170161352	0.0178565684309119
2458284.6929687	14.615579647248854	0.0115337010090105
2458284.8830929	14.86910841503223	0.0162294431210803
2458286.6365252	14.86342519081516	0.0119240990915776
2458287.899618	14.897180880254826	0.0131583812469408
2458288.6786559	14.839019668006472	0.0103167355121132
2458288.897619	14.919104174079514	0.0149246669785841
2458289.8710199	14.88039575648003	0.0141144200772136
2458290.8535179	14.795280683608585	0.0126802393397209
2458291.8375919	14.718081073164557	0.0152442423836815
2458292.8685384	14.57781877513114	0.0172343606285242
2458293.869225	14.959933127029649	0.0312079365069499
2458295.5785057	14.709683261103896	0.0234681485266822
2458300.67332	14.79208843671428	0.0164684627560207
2458304.8514513	14.727486628629432	0.0200611813315446
2458306.7819478	14.844801820577354	0.0121602635183261
2458318.8132191	14.860614302131683	0.0150428386970753
2458319.7709852	14.805284500815649	0.0082124906081703
2458320.8010978	14.713530943287273	0.0108874320699046
2458328.5843435	14.788894330301574	0.0224502963253802
2458332.7691484	14.652770145056213	0.0381211569867148
2458334.5971621	14.865037259632125	0.0120750841505156
2458335.5865067	14.780307813040178	0.0094533252883218
2458335.7608648	14.836669950006833	0.0127596190859418
2458337.7554699	14.760271608683205	0.0150593473631631
2458338.5210981	14.882126966348263	0.012662747417474
2458338.6956783	14.912495462963683	0.0140361090612328
2458359.6586012	14.77758499678268	0.0168131798735996
2458362.6944768	14.929287491237474	0.0170811257857817
2458367.4901738	14.871067691662391	0.0122296609415806
2458368.4905967	14.82903893171775	0.0110185324963425
2458371.6695457	14.805124295288731	0.0155386530836844
2458372.6518535	14.674538934701822	0.0144100360614166
2458375.6456785	14.872676990904598	0.0145764209762107
2458385.5154207	14.895264454121431	0.0196112244689068
2458392.6102203	14.846366048751792	0.0106730330294663
2458393.5929077	14.827974460769472	0.0113017643782565
2458394.5906763	14.801896162739297	0.0122952730789615
2458396.5880728	14.882194399965806	0.0118169098283103
2458399.579999	14.849771986835927	0.0110390822316741
2458401.544267	14.649807620662552	0.0113956020043798
2458404.5591799	14.856251977910276	0.0128448561767618
2458410.5445804	14.89578508347688	0.0186656142251765
2458411.546785	14.755083575788356	0.0226741908436929
2458412.5060244	14.607525957056136	0.0177026312274353
2458413.5343604	14.890768043697893	0.0249559316057788
2458414.5274705	14.956497202274626	0.0243417904781782
2458415.5271877	14.811409967821035	0.0264401887520875
2458416.5205234	14.861554322515222	0.0187293025679015
2458417.5238171	14.85068295092043	0.0233525249212694
2458418.5209156	14.659579093178168	0.0123398534842098
2458419.5027237	14.813485740182648	0.0141624365408177
2458424.5023907	14.59622568557931	0.0157267931135072
2458530.8942878	15.071484159955272	0.0525197839991141
2458532.8901819	14.796012345651794	0.0251819171841077
2458538.8916671	14.855658819618514	0.0189240233555995
2458546.9047941	14.764279893215551	0.0219314591348135
2458547.892469	14.85816015693456	0.0124701296175045
2458548.8875913	14.907922157413992	0.0125661900807737
2458549.8622959	14.87192677043902	0.0138304791167296
2458550.8614581	14.897885738373196	0.0115876982097115
2458551.8775298	14.803961523599003	0.0101505212999401
2458552.86371	14.676293659798157	0.0105675562753069
2458555.8463779	14.82880189376094	0.0100577558368793
2458556.8454147	14.813936486598656	0.0149200312561281
2458557.8405475	14.733585305102984	0.0127604893926206
2458558.8401637	14.646853076853535	0.0128234622092548
2458575.5287445	14.974824168393525	0.0142236605628823
2458576.5313198	14.945734669246995	0.0113739440752224
2458576.7831501	14.85623343416519	0.0121332135332703
2458577.5674561	14.836705835846164	0.0114399953216312
2458578.7814889	14.83515984425816	0.0125511473846517
2458579.7929981	14.823860859723585	0.0144011535360469
2458580.7721846	14.710637651630464	0.0126607305786725
2458581.7783884	14.62409246813966	0.0135158274692095
2458583.8794219	14.850067142194234	0.0128002860119143
2458585.5049632	14.96027828006481	0.0141875688407092
2458585.9168379	14.87906608903102	0.017645226394087
2458586.797487	14.743499996796883	0.010729656163176
2458587.8274601	14.659500135601489	0.0150167932498378
2458588.7505824	14.89433690930089	0.0143814027439797
2458589.7644849	14.824959905444183	0.0184983138403311
2458590.8546609	14.855220980102374	0.0184481622378455
2458591.8972278	14.822812669687114	0.0175676702255185
2458593.8185529	14.692386565819362	0.0211290611614387
2458595.8577212	14.76536059114197	0.0205884227357895
2458600.8679595	14.844413219450868	0.0126249770279574
2458601.9211359	14.930244161033038	0.0196900288365797
2458602.8901476	14.87397308170225	0.0152295303954872
2458603.8705073	14.862058937393565	0.0122000652292662
2458604.7062986	14.723117649050792	0.0127867279723751
2458605.7017579	14.865847328217365	0.0139776836863733
2458605.8261977	14.623684375625905	0.0120720913312713
2458607.4552557	14.710542878334472	0.0134632240158612
2458608.6962471	14.797210160024823	0.0142175403684951
2458609.7152166	14.722282466723458	0.0096820594451226
2458611.9303192	14.79780696333036	0.0111650990615386
2458612.9040944	14.677576066226624	0.01544583988651
2458615.4225679	14.952291565396706	0.0116718200937636
2458616.412257	14.953448942950072	0.0173178663673788
2458617.8786959	14.65590576462513	0.0193581660477239
2458618.8913848	14.825124283569036	0.0202870019532413
2458627.6006686	14.966541594984694	0.0265953574103931
2458628.4452858	14.8701896794285	0.0216486900099156
2458631.625906	14.797735265102888	0.0122660790338918
2458635.6275772	14.84523805334959	0.0082700231780635
2458636.7292252	14.869574763421555	0.0118448909486787
2458637.7337644	14.842240084299842	0.0134242474396468
2458640.8319612	14.719343485794576	0.0141419581701328
2458642.3388331	14.996663344256708	0.014662410399718
2458643.4750634	14.851184028426728	0.0122683550469875
2458644.5948366	14.617551814611494	0.0132977800083203
2458645.5990808	14.894855002119469	0.019920883259006
2458646.660361	14.869459165499851	0.0157258344352879
2458648.3262555	14.868357149415806	0.0247330285024215
2458648.785242	14.867684872915053	0.0228534069699674
2458657.5481928	14.86174739542254	0.0157270180272746
2458657.8072933	14.725777656290497	0.0195987382125688
2458658.3968046	14.8876096591453	0.0124420323127854
2458660.8474497	14.862158601975183	0.0130560305513381
2458661.4267603	14.98653048517344	0.0142076299921202
2458667.730544	14.821644734065517	0.0149537580964741
2458668.2599875	14.941036951408408	0.0099771467610823
2458669.8412318	14.779549925160405	0.0125806900162978
2458670.8273461	14.62909223753275	0.0165586281351587
2458671.6617032	14.84619546308489	0.0146558969805117
2458673.259431	14.980251439076795	0.0157787437777164
2458674.8293503	14.796479809846252	0.0130771824350529
2458677.2747278	15.022921309182848	0.0223291638411344
2458682.7722769	14.755826518215216	0.0262208930690954
2458683.7338741	14.895535002539509	0.0325976919815177
2458684.6730424	14.818001950579072	0.0194577571522259
2458686.3306319	14.949823934486462	0.0165891144628047
2458686.8162331	14.848812802018935	0.0325853161880171
2458687.6684758	14.8620417587586	0.0166677946663881
2458689.7768154	14.889642432679713	0.0177262682333535
2458690.4797495	14.744054479811016	0.0118214259813355
2458692.2804419	14.913463258837048	0.0153515179458164
2458692.6239832	14.783602740337848	0.0092270482077956
2458692.790029	14.779801425375885	0.0189233040700509
2458692.7912577	14.742637878829925	0.0352750631574533
2458693.6707452	14.874934085935289	0.0134497636452223
2458694.7282483	14.909123116803675	0.0202649748128166
2458694.7697374	14.835763038865466	0.0169559448069139
2458695.7626113	14.902372916990783	0.0188430102636109
2458697.6124186	14.705520174487742	0.0103011783366268
2458697.7801007	14.852480932884657	0.0192193522137476
2458698.4594434	14.949355259979813	0.0129676056461525
2458698.6145087	14.883970575401325	0.0102833208439044
2458698.7817742	14.807080711081984	0.0148947247929701
2458699.3078923	14.850112491871045	0.010722765298709
2458699.6069664	14.809921932264338	0.0111920880371306
2458700.2726882	14.85392426755718	0.0154321829146034
2458700.7584328	14.88803898228204	0.0156382744904212
2458700.7698068	14.910957623254346	0.0279078926187335
2458701.6790149	14.817024049411495	0.0113848272565546
2458701.747803	14.910429893017682	0.0183938537461348
2458702.2231421	14.951137032749129	0.0174974117305259
2458702.7679363	14.909189316444731	0.0225181442553132
2458703.6892402	14.775594017199056	0.0217917288936534
2458703.7681233	14.804696175364889	0.0238135102330594
2458705.5538142	14.791000812132175	0.0230652880537491
2458711.532672	14.82856006825248	0.0318691241037766
2458712.5258466	14.83661013853968	0.0225626873385883
2458713.5737914	14.820922115190353	0.0325229026465348
2458715.5489434	14.855405097240803	0.0133159294693597
2458716.6764968	14.668860965033124	0.0181494438870311
2458717.7307296	14.840329572965809	0.0207274941703905
2458718.5050622	14.823435228415214	0.0095992409199755
2458721.5364648	14.869346256792833	0.0131927268906133
2458721.7190152	14.774345221694537	0.0193756138194517
2458722.7088216	14.61779102263746	0.01080297331148
2458723.2547069	14.719954790191707	0.0138116447560292
2458723.5378442	14.858342313437792	0.0129690577390348
2458724.3216812	14.69649512281331	0.0137157630646373
2458724.5233079	14.82758693759168	0.0109323531666724
2458725.44387	14.669815713358574	0.0151199019622378
2458725.522188	14.70619138564394	0.0113412891726463
2458726.5193893	14.599139456678456	0.0119868502232918
2458726.7033753	14.840023160284792	0.0217643057510454
2458727.4328962	14.968557963428388	0.0139651056565764
2458727.5126153	14.907762826009316	0.0119265885894363
2458727.6830326	14.755446058383278	0.0183199047764403
2458728.4299095	14.978034834640184	0.0143162936683728
2458728.5072932	14.877302019656057	0.013811190451085
2458729.2524232	14.656880317656253	0.0162824521098266
2458730.2453813	14.994562546618626	0.0154195902457972
2458730.6924689	14.889965849981674	0.0175492351589516
2458731.6912796	14.803594657749697	0.01851335135888
2458732.2167381	14.989708096624671	0.0256792983019102
2458741.3947522	14.893283969201152	0.0360260567280974
2458742.3599954	14.74852038899497	0.0318750305310501
2458744.648807	14.703103377391823	0.0196635563026649
2458746.3705434	14.896962308489687	0.0239866179573658
2458747.3815062	14.862494371454964	0.0182478208668931
2458748.5815909	14.849538222621772	0.0194654106784874
2458749.3679878	15.001408875075064	0.0168602455145443
2458750.3790309	15.006826482160935	0.0165746002036078
2458752.3076482	14.821178614283047	0.0134611807259908
2458752.6307013	14.955622543056508	0.0166811151865874
2458754.3609047	14.703554176283902	0.0192180477929629
2458754.6031854	14.843967348997998	0.0119126739832286
2458755.5350553	14.72722716198996	0.0117276779987588
2458756.5799733	14.633826078165129	0.0172144715488207
2458757.585358	14.908372121901486	0.0192640872469662
2458758.3513071	14.873613208486132	0.0127335288812685
2458760.2862335	14.948557165988564	0.0198529475654062
2458764.26864	15.0046303110731	0.0668099971090765
2458764.5761406	14.850033476132444	0.038105138570515
2458766.2939683	14.998138034003318	0.0382852190273108
2458768.3155949	14.912889836681256	0.0283330065330343
2458769.5646679	14.899209290780986	0.0469678337040831
2458771.3140272	14.617290431000718	0.0259504641117145
2458772.5693455	14.74491985941214	0.0222431796678273
2458773.5699035	14.707179120944476	0.0162586805719866
2458774.5681037	14.676400489074188	0.0152500806683013
2458775.5654809	14.893322420146342	0.0163201074948758
2458776.5622333	14.911751722046438	0.0173219841261874
2458777.5587654	14.864662636979665	0.0152411454088577
2458781.5281242	14.924407915566562	0.0125326524387628
2458782.5235468	14.86923189810145	0.0137876382099783
2458782.5530244	14.846199796000924	0.0121595326676079
2458783.5217703	14.832505948475555	0.0112433679260581
2458786.257881	14.945722732047134	0.0220353770682258
2458786.508071	14.918545096726255	0.0139630138025566
2458791.514869	14.619872327537792	0.017207406560655
2458906.6278282	14.9666212393373	0.0158082961231544
2458907.8800427	14.665074904389469	0.0187732469723198
2458908.8712351	14.949556864236746	0.0157407215256082
2458909.870497	14.92235961329478	0.0178827149058683
2458917.8495871	14.89244891285086	0.043071395691547
2458918.8419861	14.737955215072695	0.0354038912432944
2458922.5911788	14.7090481844382	0.0236359294888673
2458928.5700351	14.844579884565912	0.0114173954707741
2458930.5606963	14.9614909154166	0.0183996733232703
2458957.9482918	14.831054728419426	0.0331771938748352
2458958.93935	14.898394245939288	0.0160408439606818
2458960.9428256	14.722413787897228	0.0164468298816443
2458962.9309024	14.956298927301589	0.0180234808922626
2458965.9189933	14.855929354067568	0.0142480275686568
2458968.9132785	14.8850986892022	0.012587888619128
2458974.9597382	14.897525862548024	0.024386637022456
2458983.4084724	14.91509857770919	0.0153822360478353
2458986.9442247	14.952122998156236	0.0176338669752422
2458990.8600025	14.658875745352876	0.0143168554160336
2458991.9214423	14.861241723899752	0.0129016892023708
2458993.8517119	14.898410399905348	0.0129907150243072
2458998.8255218	14.880776841836536	0.0138793321001241
2458999.8482117	14.855419903020817	0.0144856508743078
2459013.7803301	14.689288878101973	0.0159396067769633
2459018.3753718	14.88675979981869	0.0125024766644678
2459019.3717312	14.831031172481804	0.0129604957966528
2459022.7737809	14.889620546844109	0.0181978222990199
2459025.3176734	14.768668418632682	0.0149704388426207
2459031.3017906	14.716262193439	0.0227679864169213
2459038.4928427	14.91495291488599	0.0305693096050167
2459044.7039662	14.852798294916536	0.0183081517752826
2459045.8014035	14.877236258212186	0.0179790242820378
2459048.4873448	15.038777503746086	0.0164934953308966
2459049.3886699	14.853579687246548	0.014170449273083
2459052.5035229	14.985567186565072	0.0172075516519476
2459056.4985877	14.847579662985977	0.0172142665299184
2459066.7505899	14.872900030900354	0.0649391308196706
2459067.7679854	14.850746011226528	0.0493366929050326
2459068.767525	14.868272944537257	0.0381325192236229
2459069.7618055	14.954533462148266	0.0385825246132698
2459070.7609387	14.860933851779563	0.0278016810368863
2459082.6070998	14.655667815516278	0.0271223248109882
2459095.6942917	15.08283278076201	0.1133219744185959
2459097.4172972	14.83959705461704	0.0872023100136333
2459122.37367	15.01229607837474	0.0365991623772824
2459128.5883504	14.748753360588388	0.0163350203740521
2459129.5950183	14.573973279429213	0.0198911410337344
2459133.5672898	14.834379622600732	0.0161712960198845
2459146.5088933	14.647105230092784	0.0186342327023666
2459148.5162343	14.89419757921215	0.0203328723215155
2459151.5119855	14.739518337973523	0.0173781273945469
2459153.509414	14.885075950084726	0.0263790132959421
2459156.5007035	14.786585195491831	0.0307475587417405
2459255.8917343	14.748346473293005	0.0983598921972813
2459258.8767489	14.881831228153516	0.0218779851932475
2459259.8760427	14.82246778459485	0.0193158609381827
2459260.8802877	14.80687628217601	0.0160143732543812
2459267.8669301	14.72996833917862	0.0134234952111722
2459268.8757094	14.62815507918972	0.0129704189681792
2459271.8772622	14.848128419612024	0.025495660582198
2459277.8322196	14.883729385029527	0.0275228413030027
2459278.8343934	14.856016132279189	0.0247050832887308
2459283.8076288	14.793839601999553	0.0147232540353706
2459285.895429	14.750722202827538	0.0125681140388546
2459288.7996619	14.930382247145422	0.0239422274392083
2459290.8203326	14.78986268543848	0.0095996920560765
2459291.8010616	14.649593242870884	0.0128986338907284
2459292.6234626	14.937339110277332	0.0198067295923627
2459294.7971091	14.90624943414009	0.0153364209183327
2459295.5364414	15.045200374572216	0.0195359121613573
2459295.7994215	14.80817724339939	0.0122924833564967
2459296.6118163	14.982186095269345	0.0180857731855797
2459298.5396651	14.89980381328618	0.011430838931181
2459305.7887114	14.844745422581092	0.0313292266327336
2459310.7431526	14.880178992653244	0.0162317831496784
2459311.8159633	14.820598150785052	0.0153774007696044
2459312.9754116	14.957547994967191	0.0170473133211502
2459315.9000278	14.694975049182538	0.0133337096664225
2459316.5115398	14.8952253517607	0.0102677526684542
2459316.7806711	14.909908026528305	0.0200942685514255
2459316.9756177	14.692636583975409	0.0148167997842883
2459319.7284402	14.70685388713212	0.0159709090630465
2459320.72355	14.708514070769445	0.0125177127052497
2459321.5261574	15.012105374225191	0.0162115568459135
2459323.5034698	14.766648652350414	0.0143535338027315
2459323.7629074	14.85147013684946	0.0134607556202408
2459323.8949976	14.869717597995852	0.0163484862333302
2459326.9490022	14.847617532981426	0.0125907995578698
2459328.5430859	14.970064742959908	0.015616360065194
2459329.6996844	14.87984474952783	0.0274609051545768
2459333.7690118	14.867062240046115	0.041304378191853
2459337.6732455	14.609469603622056	0.0148800086537823
2459339.9522417	14.772374845789264	0.0175818138874183
2459340.7581119	14.871910959982191	0.0132120745489486
2459344.434985	14.940553849767664	0.0141053755559366
2459344.8842303	14.72055839083936	0.0143576062276403
2459345.8331798	14.79924292534726	0.011256149682118
2459348.3955559	14.983127714462876	0.0169401090731226
2459351.4164062	14.865712990811598	0.0115403935918108
2459351.679426	14.86585815193957	0.0173033268452133
2459351.9440454	14.745239960403936	0.0179023140549247
2459352.8118587	14.905384079119086	0.0138806550273398
2459355.8465202	14.880805297057446	0.0189873205843353
2459357.3989569	14.822468682753394	0.0222072311251708
2459365.6051284	14.756055055907398	0.0117604710212034
2459367.5976668	14.90743231025338	0.0175796687133049
2459368.7063754	14.864052578612275	0.0146610846219646
2459369.8765156	14.736119887345014	0.0116931524598274
2459370.8401744	14.883299301230888	0.0114649302083842
2459371.6969737	14.839542734301446	0.0112024533984772
2459372.570651	14.834377194642173	0.0111826587715007
2459373.8121613	14.763917707070124	0.0139264743878371
2459374.839661	14.626568875100189	0.023900378465546
2459378.3067513	14.866904920219266	0.0153855727055723
2459379.5599955	14.911751468388289	0.0167923497403839
2459379.742363	14.61830537449738	0.0144108715479279
2459381.7719686	14.90541268358494	0.0154649973995051
2459384.3222984	14.947222624002505	0.0206951833292971
2459386.531288	14.721789162215536	0.0298454439274446
2459386.721944	14.953083513952368	0.0216335703806699
2459392.8480017	14.584830172126622	0.0226309949024142
2459393.5230825	14.786346746624211	0.0127408687551086
2459400.4960169	14.59340248310657	0.0165419279272159
2459400.6363829	14.862809689906516	0.0201003651246548
2459401.6470135	14.717799487695515	0.0126936000237629
2459401.6740324	14.680208517346609	0.0150868301417441
2459403.2589685	14.827013737107062	0.0120125760356003
2459407.4748445	14.894876105962425	0.0196815770463699
2459407.5005982	14.920987831001309	0.0155619066621639
2459408.7754676	14.775701607662748	0.0134395201907521
2459409.8024347	14.64477689874146	0.0131531061144273
2459412.2574718	14.94955427741708	0.0158123797119888
2459414.2427507	14.869447997409583	0.0203909437462662
2459414.6095309	14.7907708369797	0.0121664488024393
2459421.5553713	14.89197680272249	0.0271836807632724
2459421.8022252	14.62811651806861	0.0262149757558191
2459422.6479779	14.79588298994428	0.0198394300370615
2459423.6945	14.86225183353416	0.0150491997149465
2459424.6923263	14.81804627292447	0.01152817488393
2459425.4843456	14.98786369423829	0.0198741443842566
2459426.6450025	14.864618679272525	0.0097469273484588
2459427.6313301	14.907443525897811	0.0123509494858083
2459428.4829877	14.85735155604635	0.0081031927894932
2459428.7829314	14.89246422145245	0.0206830206943188
2459429.6735688	14.825775752382544	0.0137329297649603
2459430.6633164	14.808933417242766	0.0107207278547941
2459431.6162196	14.617013747028697	0.0142795961278593
2459432.5751589	14.871796447748762	0.0127743586762586
2459435.4922034	14.677107200183496	0.0137771268977424
2459436.6054653	14.727081846226842	0.0127975945679131
2459437.5574457	14.902353338020315	0.0128154616542656
2459443.5728368	14.878294089954906	0.017522873882106
2459449.5932565	14.845443747021283	0.0401133304422925
2459452.6981529	15.030681085098257	0.0434851980333249
2459453.6581188	14.888274096418757	0.0158581689375137
2459454.5857485	14.650154742833449	0.0154615770168875
2459455.6089346	14.796783370275094	0.0141872370188574
2459456.533795	14.873469225034642	0.0167369965399416
2459457.6716432	14.859094646431814	0.0165613477367527
2459459.2582532	14.955179945507478	0.0171302987640427
2459459.6381217	14.84447027744006	0.0123249362898559
2459460.338515	14.972708985011058	0.0166357852544401
2459460.6909598	14.790773269000594	0.0112765129995368
2459461.6955939	14.668141371606144	0.0134632447932002
2459462.6947093	14.90335012446864	0.0234489155570987
2459464.6927316	14.856954638091796	0.0160706882366126
2459465.5979942	14.848535156254032	0.0144420964225461
2459466.2870916	14.942997821200908	0.0166116612353741
2459469.2603502	14.960727566052768	0.0355929933727957
2459469.6257626	14.884118234116244	0.0298851568443973
2459470.2311763	15.029870514548875	0.0455918261709984
2459470.5930753	14.813842864600185	0.0138298130245735
2459475.2335597	15.017594153420855	0.0335878421630823
2459478.5846733	14.578527508411378	0.0244379842330427
2459479.618624	14.850895456730754	0.0337055697706938
2459482.6039565	14.898149883786884	0.0172639540692898
2459489.5172504	14.602166071572364	0.0127515514127284
2459490.5277028	14.861706164736372	0.0168788067230685
2459491.598417	14.90250076087538	0.0137942464161263
2459493.5956419	14.858872790796871	0.0141820615177916
2459495.2923277	14.907949598067429	0.0146921488915394
2459497.3055035	14.859089398550031	0.0154525971708868
2459502.4994347	14.807959314318555	0.0266736874808253
2459503.5416228	14.784062659849626	0.0307205654083914
2459504.5586491	14.831891226726864	0.0396867945630265
2459506.2764658	15.00008668776999	0.0357485523087012
2459507.5485415	14.58950632089116	0.0255657273864291
2459508.548614	14.928703772640675	0.0338887462338323
2459509.5453895	14.822760749474703	0.0372132554704235
2459510.5078021	14.800959272534165	0.0155474083113103
2459511.5425914	14.77336013567339	0.0142970601999445
2459513.506369	14.84412429377682	0.0140588319752929
2459514.5243657	14.901992787141449	0.0169162328543088
2459515.5226121	14.830145694539736	0.0194623736509554
2459516.5264486	14.849464874937883	0.0209426079421335
2459517.520463	14.782968652376278	0.0143077644350998
2459518.5170888	14.687448059936738	0.0142233825212952
2459522.2502444	14.840723466396229	0.0441037271869414
2459524.2526776	14.98251152345528	0.0936998388023316
2459621.8875556	14.904184591272278	0.039259708826381
2459623.8811146	14.616551512073002	0.0253226549602103
2459624.8848306	14.92244214751877	0.0328993557713749
2459632.8932723	14.88900600069089	0.0340733371100977
2459638.8600258	14.871517370195573	0.0160763757525874
2459639.8878143	14.776315432942056	0.0182966718547511
2459644.5890035	14.76358849189766	0.0121487642131364
2459646.8402266	14.664840487310013	0.0119647466299098
2459646.8818272	14.708307915042267	0.012319824637741
2459648.8378591	14.884563445096695	0.0122493902555502
2459650.8313171	14.843646511852942	0.0115096378931489
2459651.8234685	14.753691521442835	0.0144232044874256
2459652.8346076	14.702049260974984	0.0094887285576561
2459653.8987479	14.681328064757626	0.0124753287210054
2459654.8428999	14.86903983288325	0.0137880610010549
2459657.8141145	14.76326235666978	0.0301366046640396
2459659.5774691	14.956251777212366	0.0375688648842896
2459659.5787094	14.90888912729558	0.0717860411158641
2459660.7914429	14.867428587492627	0.0231520682074444
2459665.8400941	14.893705599011184	0.0145672668770285
2459665.9892598	14.750166569347478	0.016866243016818
2459666.8295572	14.901067374353971	0.0145115027427771
2459667.8352598	14.839314924887452	0.0115217345200059
2459669.8961805	14.754553447018496	0.0099433291395486
2459671.9058639	14.737335600394818	0.0098530402871389
2459671.9737001	14.654667022952754	0.0165548755542733
2459673.9891639	14.873694405412191	0.0276990984492544
2459675.8709248	14.80020245205138	0.0093747293941949
2459677.7599216	14.878065567271058	0.0116007517857589
2459677.8272819	14.88496933212732	0.0118030862459275
2459678.8681132	14.900401517612424	0.0113775012712548
2459680.9702067	14.845834184011167	0.0141437580774745
2459681.5199632	14.945339158927345	0.0209157965637321
2459682.6026163	15.077989577872057	0.0243645953233562
2459693.860618	14.69485441407948	0.0127575047045981
2459694.7092414	14.864604550892688	0.0158176593552788
2459694.7565048	14.928717100059448	0.0154470049214963
2459697.9216752	14.865059468268552	0.0195708622128376
2459698.9049865	14.85785503172498	0.0150824376856213
2459701.5666802	14.922067578746072	0.0109336264403883
2459702.8413016	14.83430419554503	0.0118187932943567
2459703.7886567	14.80239521860532	0.0079566782134378
2459704.7099808	14.68835302835702	0.0104689054776843
2459706.7929023	14.897184934907736	0.0147908224025928
2459709.9226083	14.866651260871231	0.0166548239053382
2459709.9238602	14.8388363720848	0.0275377520406457
2459709.925102	14.90989445677885	0.0221667031749001
2459709.9519382	14.831268627526716	0.0189165350743228
2459712.4072568	14.770257033168892	0.0226483551055446
2459712.408497	14.706367749069312	0.0322434730418071
2459712.4097372	14.82782669135111	0.0443296147977475
2459713.8247987	14.846389760454644	0.0198357652361164
2459714.8053217	14.82819583815575	0.0315142685967708
2459714.8078374	14.928931909801186	0.0508208774016807
2459720.8106581	14.874998003632346	0.0302960325105174
2459721.7558313	14.808214670349455	0.032600551735042
2459722.8615983	14.831810263340842	0.013119164347545
2459723.7792897	14.809318589430111	0.0123802794473418
2459726.9133761	14.86927387868613	0.0116336626899783
2459727.7999345	14.81951087827914	0.0091118874452433
2459731.4787666	14.711403676986723	0.0177790141841064
2459731.8268073	14.904337667689529	0.0206269057810362
2459733.8644294	14.805221420092533	0.014779743676923
2459736.9233035	14.62316815446167	0.0222272408994657
2459737.7227316	14.817311321903334	0.0095063971672452
2459739.3272286	14.964845582256787	0.0221373514811169
2459740.4560622	14.904054302136052	0.0252941580767074
2459740.9134148	14.800244885349066	0.017192925763393
2459741.811548	14.740748563638736	0.0179071703920623
2459742.8124882	14.831017345747226	0.017094220674228
2459747.727609	14.882477007658451	0.0232893722121874
2459749.6681567	14.81788598739153	0.0137482704437964
2459749.859421	14.836856459979035	0.0216328848030761
2459751.7735162	14.767953758444476	0.0119170435785659
2459754.7729116	14.907341555074916	0.0184191161086441
2459754.7741403	14.897254356411509	0.0419462725518962
2459756.8763322	14.861592872040374	0.0152142129207742
2459758.6580612	14.887315031102908	0.0124434709786756
2459758.7280733	14.833943483925117	0.0126882109550965
2459759.8752541	14.644773867927592	0.0151427713257038
2459760.742385	14.872436517875071	0.0121724689126927
2459761.7428313	14.83275620561898	0.0090234529874305
2459762.8202941	14.839927855912546	0.012302587080893
2459766.2502169	14.867852274514242	0.0185543882742116
2459767.5791127	14.718321532419552	0.0096146561994446
2459767.6878277	14.7919481423438	0.0115254311768065
2459769.8032639	14.794945733300048	0.01583614214053
2459769.81678	14.769897579412952	0.0124856274085005
2459776.3256334	14.893413523165355	0.0331690433141756
2459777.3643851	14.72885562605244	0.0229091563018185
2459780.8068115	14.84614855397636	0.0160575787021477
2459782.5273459	14.862929561741485	0.0120390290591821
2459785.3061945	14.943979874056003	0.0135790683393951
2459789.2162106	15.023928170097784	0.019147915514121
2459790.7903484	14.940578375838562	0.019626439840135
2459792.3283376	14.970913852347918	0.0124986988145971
2459793.5542408	14.86630121274958	0.0119522310495782
2459794.5582584	14.834189015015358	0.0123008637472375
2459795.75276	14.850934764817536	0.0117655092714869
2459796.6961776	14.854606600875206	0.0139997135689363
2459797.6051686	14.708298978830667	0.0149068195459897
2459804.6501824	14.567356005961589	0.0288343908515915
2459805.7479603	14.286882983026892	0.048612075152853
2459805.7492005	14.158207340189453	0.0548451807340812
2459806.6957214	14.79873089900828	0.0230163549632829
2459808.4222017	14.998768720059244	0.0224786013672138
2459809.7263979	14.796972494845768	0.0140525024990361
2459812.3882162	14.818019078425612	0.0164006766999292
2459814.4943345	14.60521712093952	0.0115578699547538
2459815.6912167	14.779210255908907	0.0089186302275828
2459816.6991574	14.660944176829664	0.0116247795566817
2459818.5514802	14.84285433976481	0.0101082059866757
2459819.4829961	14.867346111704958	0.0266799015892215
2459819.7176241	14.816810601511506	0.01296911828454
2459820.7009639	14.838696797582438	0.0129648148647815
2459822.4309611	14.923320300044836	0.0239548006749475
2459823.6403026	14.813873711996342	0.0110848055680319
2459824.6377638	14.825674164524257	0.0116269976456882
2459825.6793863	14.861138229201746	0.0153921038512549
2459826.2562756	15.029766407905154	0.0406408166887214
2459830.2668917	14.942251932146672	0.0461380263240506
2459831.4739324	14.788368130685376	0.0339723134705328
2459832.5474436	14.726861305142103	0.0205461347882862
2459833.5201851	14.900358785823087	0.0281363148537747
2459835.371771	14.862477534546898	0.0342744838646338
2459837.3038163	14.93095679444193	0.0206059941252635
2459839.61086	14.606928139067552	0.0145689775723059
2459841.5004687	14.843348367496814	0.0114262371693035
2459842.5790501	14.853154435456933	0.0131194808000677
2459843.5341769	14.779724497306336	0.011696937565152
2459844.5347724	14.583920608272988	0.0134973191136583
2459846.5358115	14.862937255294293	0.0107929022703461
2459847.5441128	14.882197263382192	0.0112969507963784
2459848.5364852	14.841975089215708	0.0105593974624723
2459849.5331746	14.741977817342503	0.0137109336974324
2459851.500323	14.862547811474071	0.0112860048002492
2459852.5684596	14.85510838684802	0.0176301461601896
2459853.5682796	14.889392786332378	0.016234893829099
2459857.3071503	14.943548493366771	0.0288870546294933
2459858.5728638	14.832447062546024	0.0314328010898248
2459859.5596506	14.863642678954294	0.0241772496657569
2459861.3160107	14.911568529375774	0.032617536496937
2459864.5734419	14.93596372380583	0.0442159109149925
2459865.5522003	14.833633500819287	0.0109599775771392
2459866.529535	14.790381812010285	0.0120833515427241
2459867.5296228	14.733570752988872	0.0121408257064236
2459868.5381425	14.692881402449576	0.0137728991830839
2459869.5457236	14.846012839068782	0.0135159069070955
2459870.5312085	14.860650052236917	0.0122890581608639
2459872.2472758	14.92140365400064	0.0229041037224123
2459873.2432345	14.995256735114634	0.0357975904544838
2459874.2501624	14.99825818054365	0.0224484472324714
2459875.2439598	14.988065535180606	0.0299015031776131
2459877.5280092	14.886106520161114	0.016177353546731
2459879.5040731	14.663426651825926	0.0117343951083852
2459880.2627326	14.980174382520628	0.0228098541430731
2459987.8855142	14.671890718887123	0.0345970165534244
2459997.8756109	14.889955160743614	0.0142656005758557
2459999.6187982	14.86558661376125	0.012307621989012
2460001.8738474	14.74686395421578	0.0141017769168753
2460001.8902798	14.695629102300998	0.0144921175021865
2460003.5964408	14.92270412985092	0.0160343478950074
2460004.864377	14.90693171970057	0.0166941663856497
2460004.8656638	14.888322937851468	0.0215400942839778
2460007.8302082	14.598238207339964	0.0151917362093056
2460010.8344362	14.738019966720511	0.0389284151538693
2460012.8233315	14.74073397691764	0.0267029259322871
2460012.8258124	14.5893449533928	0.039558739813052
2460014.8341716	14.87893515452062	0.0302458241198321
2460016.8370584	14.82490227371237	0.0371343277128093
2460021.5712475	14.849646706196149	0.0135517224494008
2460023.8123776	14.802482336023376	0.0137137522717256
2460025.5794238	14.986995372193867	0.0138570171692929
2460026.8709323	14.857926611759956	0.0140115645792857
2460029.7831496	14.876334420895414	0.0192976523085784
2460032.523217	14.857971735440517	0.0141137142400077
2460033.7871091	14.874481618793707	0.0132431027058497
2460034.7656459	14.822850506688445	0.0113605286463284
2460039.5578076	14.73619909676679	0.0251895290117286
2460048.7293565	14.90379044490253	0.0201472900072849
2460049.9483949	14.706600906207436	0.0188916952446586
2460050.7724614	14.878458305774007	0.0143485400129634
2460051.7359062	14.851547298343352	0.0122321443855885
2460052.7798056	14.803902482356502	0.0122304247709159
2460053.8579915	14.825307046077508	0.010910576281394
2460054.8072718	14.589407811170362	0.0137557843560897
2460056.759939	14.863629587890015	0.0142750016260442
2460057.7623736	14.867510770891062	0.0123311727785119
2460058.7285641	14.779223221601333	0.0117406800688363
2460059.7880873	14.736522837628783	0.0133429675428446
2460059.8266619	14.76786549809997	0.0130452902314007
2460060.96592	14.809434426116804	0.0219036275126584
2460063.5073951	15.007123896720966	0.0348646520136842
2460064.4872052	14.910669336659096	0.0429027626748805
2460066.5119187	14.962127890734209	0.0347958253279128
2460076.6951568	14.778265971225524	0.0237187277383081
2460077.7531698	14.658702367794724	0.0146908861374762
2460078.7418774	14.89819016497189	0.0131414321559869
2460079.709409	14.846053941992563	0.0128928435155994
2460080.7782463	14.93398855608392	0.0228568220751944
2460081.9437965	14.847143061373052	0.0201943564568485
2460082.742306	14.687134539762624	0.0219753104347787
2460084.5967229	14.973442111807376	0.0170854578116584
2460084.7508259	14.930807232719534	0.026201463774914
2460085.7475902	14.888450233579034	0.0140217453275064
2460086.75012	14.807998336458164	0.0173624085332887
2460086.9501993	14.84770744289622	0.0465340165333798
2460087.9470002	14.896133702526717	0.0186990254956125
2460088.379624	15.017407401277689	0.0191178079385722
2460089.3808954	15.011250005799038	0.0303631983484494
2460091.3735819	14.777979148033117	0.0185415086135071
2460091.7638262	14.85247999088638	0.014699524842566
2460092.3693358	15.06557326391551	0.0248962157788857
2460093.3646892	14.969524961602566	0.0227244099454695
2460094.7253361	14.72637667036648	0.0145755264106612
2460094.9126828	14.89678138681642	0.0136208760381255
2460096.9324692	14.783443496523844	0.0170013351326583
2460104.7510705	14.8438424403943	0.0343221626873648
2460107.7775418	14.670756517028249	0.0155713773742808
2460109.5709826	14.806039059260922	0.0124527437056284
2460111.7910192	14.831478965424107	0.0171567326759295
2460112.731344	14.663645842934947	0.0194310106742978
2460113.7247584	14.867716266350158	0.0112759086381283
2460114.6683299	14.809783771013231	0.0158055454059519
2460116.3745593	14.99101819956186	0.0295371212068319
2460117.5032413	15.022060737106331	0.0172402663514172
2460118.2893044	14.957918182412303	0.0103089978305932
2460119.5019658	14.972433058325333	0.0156426239741858
2460122.8947576	14.92541792982088	0.0230371087505381
2460124.7670063	14.679246159964222	0.0261894811807113
2460126.5121036	14.886183308637037	0.0316653552828761
2460130.5011653	14.784696588228512	0.0307156540654533
2460132.8630256	14.781288634742149	0.0486807073799433
2460133.8585187	14.923377780495674	0.0607811916781103
2460136.5699978	14.994629763604165	0.0239537754445792
2460138.2294406	15.023439962064517	0.0178042072763599
2460139.7078786	14.921176565282687	0.0232414516121174
2460140.6821399	14.794205058302998	0.0100511985749579
2460141.7007881	14.736666475461282	0.0103055682009325
2460142.8406311	14.783834023420654	0.0144715134890945
2460143.6902359	14.869765265011516	0.0236298391527306
2460144.7416325	14.945541308914931	0.0202890500739738
2460145.7714733	14.89950224790425	0.0156031822901945
2460146.727762	14.779592470570542	0.0149810250117223
2460148.7244965	14.606586872245604	0.016050266989822
2460150.2111428	14.948131705767208	0.0206036944536912
2460151.7863053	14.897475746484597	0.0189030376542402
2460154.6064422	14.912556928690876	0.0257712429051908
2460154.6411824	14.949340089864322	0.0298313800169699
2460162.5206631	14.89934854538932	0.0451528203935035
2460162.7800853	14.874649627330188	0.0402395690730857
2460166.4869476	14.958703022566873	0.0193095792692489
2460168.2827959	14.98285713839338	0.0204462020448471
2460172.7533627	14.613376959855398	0.0166020881288718
2460175.7418457	14.84322920307127	0.0195886399507156
2460177.7254271	14.662256684279708	0.0273702246510832
2460178.7261233	14.81793401514128	0.0260691004161586
2460190.6920964	14.871777536336516	0.0415311639106439
2460192.6833143	14.787371167081922	0.0212258078425041
2460194.6775409	14.726773548880429	0.0168944365790185
2460195.6810597	14.66239948961471	0.0177501018747905
2460196.69431	14.84089814672438	0.0184342170134695
2460198.6737325	14.82254237437941	0.0183673149049841
2460202.6591448	14.944551635602444	0.0189256052592472
2460203.6579334	14.84888486039836	0.0198536011507702
2460205.6620748	14.798083353628478	0.0225838693528233
2460207.6095289	14.964608435416364	0.0241158693659114
2460218.6041378	14.749860327836393	0.0236816841421783
2460219.5296605	14.866711947033352	0.0121671971849498
2460220.5236597	14.824521613355156	0.0139126393609672
2460221.5959901	14.795538434890789	0.0118083631241972
2460222.5884102	14.711383316834738	0.0147236182360985
2460224.5239157	14.81638709788866	0.0120793815641528
2460225.5888594	14.889303957128773	0.0142057155837181
2460227.2987765	14.95027043175879	0.0127039517875123
2460228.5121832	14.661736738934014	0.0128396687242806
2460230.4869268	14.865325961016357	0.0274024730798789
2460231.2656747	14.85001636589973	0.0157351650231873
2460233.3214891	15.063852348680468	0.0227794273749679
2460235.5006175	14.853112385127591	0.0148751749056975
2460240.273973	14.935239076681796	0.037060565220862
2460241.536158	14.878777116733756	0.024645366380504
2460242.5216569	14.895663620181622	0.0226875347232891
2460245.5254659	14.705644717918902	0.0277305363384103
2460247.5114407	14.805550339818796	0.0156194297336398
2460248.5205407	14.841725594300978	0.0139301836250067
2460251.5113515	14.718905645261346	0.013898228509471
2460252.5080182	14.652452610171142	0.0144858430795985
2460253.5065559	14.857472638078736	0.0203263485959211
2460388.8774676	14.817338336701685	0.0104773715043662
2460389.9050675	14.902906619403163	0.0172846795918274
2460394.8118522	14.830386567284258	0.0208119860503353
2460416.8549331	14.851526076347676	0.0115402146110614
2460417.8201796	14.890966371131128	0.0107310688702594
2460418.8458226	14.860534097952762	0.0099325365123829
2460423.7631022	14.8393316928182	0.0193438049294869
2460431.8959399	14.903448456936657	0.0257433817412343
2460432.7952813	14.68223009971621	0.0108796734666517
2460433.8047389	14.711497159404724	0.0147236357209125
2460433.8447884	14.606268109699542	0.0136628812291825
2460434.8491359	14.91210118105242	0.0172252363131384
2460435.8815028	14.869789862156916	0.0122859335299642
2460437.4899781	15.00947373696841	0.0219624255390469
2460438.8798461	14.73233099898458	0.0142532990212452
2460439.7865163	14.852957430231694	0.0127868766414731
2460440.7749553	14.82325929672718	0.0101303116191165
2460442.8827194	14.77981237746889	0.0523740980628003
2460443.8778447	14.872076370998856	0.0271945252584
2460445.4519002	14.974451585791236	0.0215093889893782
2460446.4566107	14.692938596051643	0.0205561739674984
2460446.6741677	14.85384698406206	0.0140323595864148
2460447.380248	14.996253970050402	0.0270052267765972
2460448.673328	14.778728433920891	0.014623042677863
2460449.6386894	14.7399661731912	0.014475403109637
