2458287.55126760  13.9568
2458291.65647400  13.8370
2458316.47244450  14.0154
2458320.79741770  14.0027
2458329.58845930  13.9233
2458331.55545800  13.9415
2458349.72678680  13.8793
2458355.71084510  13.9856
2458359.50605220  13.9684
2458382.63090390  13.8875
2458526.88890990  13.9251
2458529.87910710  13.8821
2458546.89632790  13.9778
2458547.88809800  14.0020
2458549.84609050  13.8962
2458551.88842180  13.9826
2458562.81032120  13.9615
2458563.80811880  13.9084
2458565.80641120  14.0310
2458576.76122080  13.9297
2458578.78133320  13.8780
2458580.76532450  13.9423
2458581.76727120  13.9636
2458582.77622510  13.9329
2458586.84626380  14.0075
2458589.72434780  13.9915
2458595.76613220  13.8698
2458601.68733900  13.9380
2458621.76182550  14.0723
2458631.61152540  13.7814
2458636.60291990  13.8905
2458637.60347660  13.8692
2458643.60218640  14.0011
2458644.63340680  14.0469
2458645.63261500  14.0357
2458646.66357940  13.9274
2458648.79808500  13.9753
2458662.77560080  13.9593
2458669.64234530  13.9511
2458684.57085290  13.9672
2458692.75809810  13.9636
2458694.77842000  13.9034
2458695.73410810  13.8974
2458717.53914920  13.9413
2458718.51686080  13.9669
2458722.71286510  14.0018
2458724.70659920  13.8584
2458743.65609230  13.9559
2458744.65272720  13.8564
2458753.58360720  13.8667
2458763.53658100  13.8692
2458774.57180470  13.9037
2458775.56828650  14.0207
2458783.52426580  13.8227
2458791.51438990  13.9766
2458900.86951450  13.9047
2458908.85556550  13.9346
2458909.85360940  13.9234
2458912.84721580  14.0179
2458915.83597990  13.8596
2459155.50249790  13.9349
2459257.87758800  13.9513
2459274.82568520  14.0152
2459275.89788560  13.9524
2459277.90383820  13.7948
2459300.79291460  13.9698
2459311.83446710  13.9692
2459316.83796070  13.9283
2459317.76212930  13.8865
2459318.91868370  13.7910
2459319.75131310  13.9697
2459322.86875720  13.9149
2459323.83006820  13.8867
2459328.69111590  13.9616
2459352.82386600  13.8819
2459356.60192000  13.8953
2459357.67407680  13.9695
2459359.69261150  13.9478
2459365.83850870  14.0081
2459369.69888490  13.9570
2459372.55551080  14.0027
2459373.83471970  13.8789
2459377.57351240  13.9539
2459379.62613910  13.9292
2459384.54910380  13.8911
2459385.58385670  13.9610
2459386.66045290  13.9298
2459388.68295610  14.1082
2459392.64771390  13.9337
2459396.60860720  13.8785
2459401.72725160  13.9526
2459402.68613810  13.8683
2459403.65435560  13.9912
2459404.82927090  13.8971
2459408.66942920  14.0267
2459409.70351380  14.0072
2459410.77617920  14.0428
2459411.75492530  13.9692
2459412.68821530  13.9393
2459413.61928940  14.0193
2459415.75600430  14.0605
2459425.69966910  14.0592
2459427.60730280  13.9541
2459428.70675140  13.8884
2459431.73052310  13.9477
2459447.52824890  13.9928
2459448.68478920  13.8693
2459460.50489630  13.9210
2459461.51255560  13.9053
2459462.50538960  14.0322
2459465.57505530  13.9627
2459467.58675030  13.9037
2459474.53278640  13.9909
2459492.56307870  13.9013
2459493.60216380  13.9640
2459502.56477260  13.8881
2459517.53107590  13.9277
2459624.87657880  13.8681
2459629.87086350  13.8999
2459630.87782260  13.9546
2459651.90800830  14.0162
2459653.91009630  14.0076
2459666.78758490  14.0131
2459667.74784560  13.9080
2459670.78288970  14.0305
2459672.78471780  13.9340
2459673.76883790  13.9196
2459676.73202770  13.9501
2459677.81990860  13.9464
2459678.77662080  13.8951
2459680.72865990  14.0038
2459682.71218340  13.7765
2459683.72627840  13.8496
2459687.81355830  13.8844
2459694.87707530  13.9105
2459695.72159740  13.9508
2459708.88750430  13.9569
2459708.88874460  13.9715
2459708.88998640  13.9282
2459711.80460520  13.9357
2459711.80584550  13.9586
2459725.85435100  13.8718
2459726.86614320  13.9350
2459726.86738360  13.9567
2459737.58102260  13.9357
2459739.61737650  14.0222
2459740.68121090  13.9258
2459741.68963250  13.9431
2459742.72293550  13.8636
2459747.71241180  13.8644
2459748.53047950  14.0347
2459758.63283250  13.8881
2459763.78436810  13.9843
2459765.52252940  13.9552
2459767.71655430  13.9453
2459769.65253250  13.9161
2459769.65501400  13.9291
2459783.49020250  13.9518
2459785.75359250  13.9286
2459786.73405360  14.0671
2459788.71202380  13.8808
2459792.70543320  13.9970
2459793.71541680  13.9346
2459796.70388850  13.9728
2459797.62421970  13.9132
2459814.52716580  13.9132
2459816.70418920  13.9803
2459820.57136150  13.9353
2459825.68337390  13.9198
2459833.40664470  14.1866
2459837.52790310  13.8905
2459844.54614880  13.9514
2459850.52984010  13.9797
2459852.49212330  13.9145
2459853.52303450  13.9033
2459880.49911770  14.0452
2458283.52216620  16.3544
2458575.52138070  16.4731
2458577.54521210  16.3619
2458586.48102180  16.6810
2458599.51942430  16.3363
2458606.42591160  16.3752
2458613.40193120  16.2222
2458614.48588580  16.3760
2458616.39364550  16.4021
2458620.46339470  16.6280
2458628.41561530  16.2034
2458641.44223140  16.3130
2458648.33380260  16.2820
2458658.31901330  16.3836
2458668.46868860  16.5923
2458669.38044310  16.3596
2458673.27043620  16.4369
2458674.23379660  16.4783
2458691.44941900  16.3979
2458698.49742940  16.4044
2458699.29051690  16.3694
2458700.28755910  16.4418
2458702.21947440  16.3585
2458721.38688170  16.2970
2458722.42735570  16.3644
2458724.44403030  16.4396
2458725.44750920  16.3696
2458728.43747590  16.4806
2458729.26209920  16.4327
2458730.24904430  16.5233
2458732.25058510  16.3937
2458742.38204200  16.3284
2458744.22544750  16.4341
2458747.38521570  16.4907
2458749.30712220  16.3539
2458752.26031640  16.3868
2458754.36825490  16.4104
2458758.35495830  16.3865
2458771.31770170  16.3809
2458783.27126200  16.3498
2458786.26419360  16.2803
2458903.62290100  16.4450
2458904.61098930  16.3390
2458906.62413690  16.2322
2458929.55804740  16.3999
2458983.39362370  16.6913
2458985.41379540  16.3475
2458986.47121860  16.4260
2458989.41686690  16.4927
2458991.46578090  16.5467
2458992.38787450  16.5524
2459000.37329440  16.3534
2459016.31516660  16.6030
2459019.29585330  16.4380
2459025.31013800  16.4185
2459031.26702100  16.4566
2459037.43652900  16.1684
2459050.44766330  16.3834
2459054.37527560  16.4956
2459060.21309830  16.3583
2459075.24505780  16.4048
2459083.48191220  16.5532
2459103.41213210  16.3785
2459104.26411440  16.2860
2459110.37301110  16.5149
2459115.24663170  16.4147
2459121.32296910  16.6699
2459127.34239990  16.2693
2459134.32149540  16.5576
2459138.30866480  16.4796
2459286.59382360  16.4312
2459313.46784160  16.4439
2459317.46884680  16.2789
2459318.46791890  16.3610
2459319.56106640  16.4559
2459320.45391550  16.5260
2459321.57132370  16.4929
2459322.44568040  16.4249
2459325.43727300  16.5474
2459358.36650260  16.4339
2459370.51310580  16.4411
2459372.32401230  16.5015
2459375.42955240  16.3753
2459384.28063450  16.4874
2459414.28064740  16.5173
2459420.38188570  16.8861
2459421.26121310  16.4446
2459434.28165010  16.3227
2459440.24011540  16.3185
2459443.29593510  16.7094
2459451.27878470  16.2614
2459457.25915590  16.3825
2459458.28613200  16.2942
2459481.37259330  16.1925
2459484.37515140  16.3748
2459495.29608440  16.4737
2459497.27454130  16.3907
2459506.31180370  16.4962
2459512.29521940  16.3684
2459513.29190180  16.3574
2459519.25435790  16.5329
2459522.26450220  16.4222
2459524.25925330  16.2307
2459622.62681060  16.2970
2459632.59870110  16.4260
2459644.57375400  16.5924
2459644.57498270  16.5154
2459660.55162670  16.4420
2459701.43436880  16.7103
2459702.40595620  16.3973
2459702.40719850  16.0984
2459702.40843640  16.9381
2459702.44042070  16.1924
2459702.44164970  16.5065
2459702.44290560  16.3344
2459702.47530250  16.3739
2459713.54537390  16.4336
2459714.39258670  15.9993
2459731.32458370  16.4117
2459733.34028870  16.4108
2459734.32813170  16.3693
2459737.30756470  16.3047
2459756.52851440  16.2848
2459761.26600700  16.3662
2459777.27284270  16.3783
2459785.35158400  16.3330
2459808.34375300  16.4296
2459818.32162000  16.3329
2459826.40463750  16.4747
2459849.26360900  16.3336
2459870.29812910  16.5162
2459876.28558550  16.3529
2459877.28788940  16.4666
2459879.28864560  16.2160
2459884.25443890  16.3124
2459988.62615820  16.4284
2459997.60982120  16.3925
2459999.59961320  16.4258
2460002.60661980  16.3770
2460002.60913410  16.5276
2460006.62759830  16.6447
2460017.57655050  16.3668
2460039.50869550  16.5816
2460049.56725430  16.4789
2460052.66716120  16.3861
2460064.54376310  16.5993
2460088.53820960  16.3232
2460091.44268790  16.2096
2460092.44176610  16.4720
2460093.43666870  16.5051
2460119.29535750  16.2190
2460120.30822990  16.4903
2460126.53495110  16.6501
2460130.39629300  16.2294
2460137.55690810  16.2836
2460161.47343540  16.1039
2460162.47521030  16.1371
2460167.42181920  16.2807
2460172.42405550  16.4991
2460200.35854410  16.4000
2460206.38551340  16.3993
2460241.28859310  16.4494
