2458224.8320971	15.115048313671394	0.0180338109276157
2458228.8285411	15.11895489317041	0.0151562438858434
2458234.9774219	14.756880888306378	0.058077369560442
2458236.8086098	15.131522774962612	0.0352829835678668
2458243.8257334	15.157284635267663	0.0271452336900656
2458247.7865425	14.771157524933551	0.0149128149152026
2458249.8306704	15.058321149106249	0.0123244211680494
2458253.7500573	14.882947899547306	0.0121545599891733
2458254.7854573	14.738457393706634	0.0158022083841386
2458255.7520496	15.189918748103768	0.020925355188719
2458258.8313975	15.071455785326512	0.0136807889801201
2458266.780703	15.042254058414938	0.0384556220410294
2458270.7410355	15.162479470491396	0.0411809073069993
2458282.7525632	14.653609516346071	0.0139635084181106
2458284.8459062	15.15294114633914	0.0172684768595948
2458286.8267423	15.115720087011068	0.0161191918265538
2458287.56992	14.845415143705656	0.0138674868146843
2458287.8921385	15.128488119141286	0.0152715173250815
2458288.6541376	14.784259081934763	0.0143145887568096
2458289.709318	14.961408360964937	0.0068731653007531
2458294.6604614	14.930493300235586	0.0238217612790002
2458295.5709726	15.160585570071111	0.0336856858703779
2458300.7755261	15.050547537308006	0.0293481821539231
2458309.518574	15.15653404768524	0.017317188582374
2458329.6865163	14.861018387161412	0.0234245078091008
2458332.4629391	15.00932384321459	0.0244272881254214
2458334.6827892	15.076609266338137	0.0139767040402315
2458335.6387916	14.945786153837584	0.0092479588115342
2458336.6989667	14.916544171227828	0.0117735596697946
2458339.6972573	15.211289740205256	0.0178402336090924
2458341.6938389	15.113915765896325	0.0158168992420267
2458342.3018995	14.982302498045152	0.0131622353309938
2458342.5554793	14.961590822687242	0.0090664319234118
2458360.6366722	15.140778540212468	0.0293758542998382
2458361.6986682	15.191237204991744	0.0236498372567295
2458368.6135451	15.063361363869994	0.0152468921009826
2458369.6099266	15.011159688913814	0.0108581203942807
2458377.4938736	14.60654583917365	0.0164434933673075
2458382.5675091	15.18113491482994	0.0348718815815221
2458383.57056	15.090117150496567	0.0336045164082933
2458384.6593097	15.068097569531869	0.0297756701469782
2458413.6018704	14.820701430998152	0.034472881487925
2458416.5672044	15.140865177852262	0.0372705504025254
2458419.5579337	14.865533312325583	0.0129777448290934
2458421.5420044	15.215724898248885	0.0302603193368133
2458425.5435626	15.049921959557338	0.0213223775805638
2458509.1652491	15.1271819558853	0.0308336254957355
2458520.1509306	14.7461675255091	0.0177230121640305
2458536.980227	15.042805066211772	0.0252113581803409
2458540.8902073	15.129383322621909	0.0331776363320597
2458543.9673325	15.03576238827934	0.0121636071657614
2458549.9764409	15.101607988447794	0.0138145333271913
2458552.8726781	14.987476790572453	0.0132518609026191
2458553.8549046	15.060243404842993	0.0157874383862868
2458554.8539176	15.10241820691672	0.0176577946432904
2458555.8568195	15.056448947774095	0.0148709704333681
2458557.8476052	14.856704027418722	0.0127111897881321
2458560.8635633	15.187253583214009	0.0290591911771733
2458561.8775759	15.143295714171307	0.0193357671301406
2458562.8325645	15.00300204861924	0.0479728543676674
2458565.9901482	14.962586847160118	0.0218134347258648
2458568.8529495	15.087059385913948	0.0251484004028943
2458570.8638268	14.988276693447492	0.0203568219106291
2458572.0058833	15.11316019435797	0.0156052091103253
2458573.8042331	15.11190392467611	0.020127593384995
2458575.7839037	15.158360328804584	0.0174926845306501
2458575.8732465	15.072858001493634	0.0140407482686506
2458576.8592901	15.11182456840402	0.0183931947776693
2458577.9872243	15.110577864021977	0.0155307901851083
2458578.8804623	14.945389115962689	0.0136378920389005
2458579.9026538	14.828796147643326	0.0157779188385572
2458580.977621	14.808983814139191	0.0133321573103909
2458581.8676488	15.140531531334783	0.015556844439004
2458582.8465958	15.098831453170982	0.0137302320739057
2458583.9878139	15.11270777163672	0.0160953128886419
2458584.8913772	15.068212176231896	0.0135286215493588
2458586.5142883	15.203573051243431	0.01858101720054
2458586.7359902	15.1678750104389	0.0236105356766063
2458587.8853609	14.943689524040256	0.0146714920147449
2458588.7719528	15.093938478803596	0.0183621100843663
2458589.9486525	15.177711642759837	0.0332189067661478
2458591.7599457	14.835324434759992	0.0296835922627567
2458593.9401123	14.868181135854572	0.0388226904720925
2458594.7281308	15.26258576534103	0.057793113891627
2458595.8166247	15.175975559490109	0.0397194963638039
2458598.9618524	15.124416350952464	0.026742771415243
2458599.7206883	14.780000522842558	0.0194732639899671
2458600.7067656	15.152421929333885	0.0225604611006423
2458601.741748	15.147922692138886	0.0177092721005867
2458602.7150414	15.069187770481564	0.018742921976638
2458604.911876	15.10347708175949	0.0123717758141558
2458608.7090314	15.113629361166446	0.0190191517309243
2458610.9124456	15.13131904842915	0.0155316074867592
2458611.9387924	15.171905249638122	0.01710864789315
2458612.9263954	15.147963884602774	0.0164962825000078
2458614.9742199	14.970811657814798	0.012423141260901
2458616.0098096	14.940348002166118	0.0112495197835263
2458616.7611732	15.094942640807917	0.0152735455803716
2458617.8995845	15.082637950801248	0.0259892498039912
2458618.7491434	14.991802482826156	0.0206828863565502
2458620.0133632	15.09711058772282	0.0173770454919174
2458622.0155786	15.111890129532142	0.0334318596361087
2458623.8751515	15.178452863823848	0.0388581585044593
2458625.4829439	15.031822246910975	0.0377116285918049
2458626.3854566	15.04412825149781	0.0374492036453304
2458627.5302138	14.9987098516577	0.0262082772956237
2458627.7235016	14.790319416017825	0.0137338906147718
2458630.9162089	15.122357127858695	0.0179883937285082
2458631.8811961	15.065459131159288	0.0136158936072996
2458632.8801229	15.126865625253693	0.0155453558698392
2458634.9350787	15.01266958814034	0.0097744695318574
2458635.8792204	14.807891541576309	0.0130441453559708
2458637.055264	15.021491416767487	0.0075733599784243
2458637.7150432	15.09178643566594	0.0141141085402291
2458641.338184	14.939974879325808	0.0146684950285998
2458643.3389932	14.660954271442543	0.0181561962069378
2458644.0341673	14.992894752838597	0.0121801593324277
2458645.3301655	15.030212993094176	0.0230648875213234
2458646.5800825	14.732585200092805	0.0439022325581305
2458647.6069207	14.907869104034654	0.0202767214108321
2458648.6029614	15.16449307097824	0.0341835591222264
2458649.923263	14.986495536270198	0.0247770483365353
2458651.0231363	15.02183507391286	0.0307656069752481
2458654.5867562	15.020692150616927	0.0353995832977746
2458657.7475462	15.128292649980402	0.0239681835123734
2458662.8280397	14.917656592739952	0.011955831749061
2458666.7901396	15.123146009271784	0.0164066511694185
2458668.842338	15.048787021959004	0.0109349452584794
2458670.5300777	15.057336059462012	0.015172119048664
2458670.8892407	14.909130745951185	0.012031205730841
2458671.9648139	14.90646887216585	0.0117904887780541
2458672.7604774	15.153567906923628	0.0166792556403015
2458673.3061239	15.066808936524732	0.0184753991225479
2458674.7470024	15.010699731160395	0.012391700084086
2458676.7229193	14.675895106143672	0.0212360275685607
2458677.9540173	14.959242160505626	0.0229943643243945
2458678.6110107	15.100231020768495	0.0302228115262252
2458681.6705633	14.873638273407131	0.0372641980149586
2458683.8304514	14.908362478728971	0.0176101935488029
2458684.6899641	15.282753399413531	0.0326655766649151
2458685.9001523	14.716962100292433	0.0163578547664395
2458688.7247445	14.988058588897609	0.0184126187883176
2458688.9252285	15.114102521602415	0.0117103131700562
2458689.7482847	15.001712789193352	0.0154993613568738
2458690.6492845	15.017953366911987	0.0112554359156227
2458691.6723408	15.17720102710216	0.0192967455058811
2458691.7187154	15.04969322756198	0.0142659269750594
2458692.7360984	15.1485361874457	0.018699037199187
2458693.701113	15.072834803651586	0.0157248390121732
2458693.8340652	15.164601345271857	0.0155660215733015
2458695.6043437	14.839600117945242	0.0149206087723526
2458695.7183905	15.01927736630486	0.0100938856669843
2458698.7107909	15.140364445891256	0.01722112336432
2458699.4610767	14.90839344634665	0.0473517190290298
2458700.4602151	14.771131452011804	0.0282663205821683
2458700.7309989	15.111874423191392	0.0151142647388591
2458701.6033179	14.913807574402956	0.015396868011352
2458701.7255396	15.07227404114163	0.0123062275581012
2458703.740993	14.887424797438369	0.0210948832892323
2458704.8014233	14.886680361547125	0.0173239005840087
2458705.7036936	15.148033651010383	0.0288475987116336
2458707.7777337	15.146493750508832	0.0295073457135097
2458708.7614073	15.03265455605932	0.0441246764075335
2458709.3837976	15.101483984324052	0.0498419053721111
2458712.385435	14.988319462031024	0.0388065983968742
2458713.8745905	14.702074064241389	0.0169924104855455
2458715.4171863	14.951876829208324	0.0277968305093136
2458715.8708067	15.137185795390998	0.0170792007910943
2458716.2825357	15.100577558124142	0.0133902099485482
2458717.2217133	14.927154834073033	0.0134552968702498
2458717.8354133	15.02294419260096	0.0107939880083708
2458718.2184715	14.815014313077231	0.0189228152921334
2458718.8461628	14.98545530342981	0.0099191112205902
2458720.7441187	15.171421088225298	0.0180515397098617
2458721.6729822	15.128818976948152	0.0164530727264543
2458722.6565749	15.016228456946036	0.0144816270846287
2458724.4010038	15.082161237237406	0.022246360943357
2458724.6083857	14.796391313914429	0.013595322107442
2458728.2602879	15.095155834011036	0.0222268806811783
2458729.8169471	15.13858915869947	0.0132978346075921
2458730.813102	15.099015093388047	0.0138195153611444
2458741.4910623	14.994926485117867	0.0236494332234468
2458744.4758138	15.0306810513862	0.0304199787936668
2458748.7764623	15.129400716994926	0.0129584243709955
2458749.7754498	15.136070150250356	0.0131894614956525
2458750.3102614	15.082226840869984	0.0147106342541892
2458750.7546708	15.116624649615702	0.0135523485821355
2458751.3233457	15.080706204097094	0.0140677334264844
2458751.7499284	15.01944293819276	0.012562594150264
2458752.5703433	14.858741482468652	0.0155704391055067
2458753.5692323	15.09522227057222	0.0190222860028912
2458754.6517295	15.096598145274411	0.0150370622648459
2458755.5507066	15.072299184667768	0.0142997048127642
2458757.231468	15.050411292064538	0.0226804202788767
2458758.5376699	14.669493807655272	0.0146670109042053
2458758.6361911	14.93353274737525	0.0176424530033961
2458759.7097618	14.956459605749448	0.0156351319556669
2458761.7046736	14.921232941123264	0.0281766473667106
2458762.6397357	15.176649742211891	0.0288060767804174
2458763.2606577	15.193845173656404	0.0397631867357246
2458764.6354663	15.05897834496438	0.0245085054409529
2458765.2639168	15.033651493840113	0.026086041589891
2458765.7100881	15.024254154256722	0.0155241218938636
2458766.2510256	14.983429911832609	0.0276192687156768
2458770.7581451	15.136779581435132	0.0338844432545811
2458773.492579	15.159603148517975	0.0307424537739987
2458773.5397436	15.10370344323463	0.0157748616449628
2458774.5387418	15.11905774324273	0.0233549398222511
2458776.2847136	14.520610033365598	0.0175498594964977
2458779.5725132	14.80870623139108	0.0137712698731967
2458782.5630714	15.130752904873974	0.0129415753709668
2458784.6034836	15.02134069330853	0.0161092339336977
2458786.5914763	14.886311188456578	0.0119172911712391
2458789.5929338	15.112017265073815	0.0211947807914148
2458898.628666	14.948092784288107	0.0275249739705064
2458903.8793784	14.744055511205122	0.0215065840439894
2458904.6294153	15.029228214903052	0.0258774576299413
2458904.8823461	14.78819717876214	0.0406567063333
2458907.8755039	15.078324715727277	0.0293920299687287
2458909.8666125	14.841693603950404	0.0188248910230538
2458915.8509642	14.989720177373613	0.0164878571749997
2458918.9240163	14.841339617152167	0.0376607491369145
2458921.8420382	15.172921288625034	0.0482612827634214
2458923.8308473	14.866235999982148	0.0295477880507794
2458924.8345031	14.780837712059313	0.0222451077357619
2458925.8234646	15.112451777976789	0.0360295708790923
2458929.565435	15.088698701436256	0.0184712269649513
2458931.5595908	15.049454593020288	0.0169968150162662
2458933.5690723	14.865437126108564	0.0161521086584525
2458942.0079775	14.837568507825702	0.013464097481079
2458949.9814279	15.162949243766304	0.0361243912030208
2458956.9462101	15.12856690756057	0.0148739042722547
2458959.0595711	15.153380284409463	0.0142171643962293
2458960.9391267	14.768332744496892	0.012345868984536
2458963.7930517	15.080493206902377	0.0166381705692631
2458965.7993472	14.910916896316715	0.0130461594503251
2458968.9628152	14.783845445866818	0.013455309512485
2458972.9987887	15.006086482945172	0.0169099560592101
2458983.0440084	14.9013645373869	0.0162154923902034
2458984.4906741	15.123050461968912	0.0215820046889745
2458985.8750022	15.105902673623506	0.0123569774979862
2458987.9684017	15.020827665845214	0.0102609863443064
2458992.8432136	15.039080334299852	0.0101773857827507
2458993.7853647	14.896753669697576	0.0125908186616629
2458994.896907	14.960874447058082	0.0097832747790183
2458997.7175183	15.022929207506388	0.0142274495380824
2458999.970639	15.084262063118334	0.0168720503805133
2459000.9185043	15.045930019096724	0.0161094788019363
2459002.7560503	15.206052712636088	0.0291960216817642
2459005.0240562	14.539293913290464	0.0220786735346718
2459005.955471	15.107427638370874	0.0395795105077201
2459006.9046066	14.991181386835803	0.0438939518606708
2459008.050708	15.08651174042847	0.028934829284963
2459009.3350022	14.627665620989667	0.0435280736894084
2459011.9388091	15.089615905013073	0.0170222410754455
2459014.8898617	15.05674639892234	0.0102987721961963
2459017.8183372	15.135523045307766	0.0152236388996789
2459020.325938	14.9982230201212	0.0111337882733703
2459022.8410021	14.752901983902571	0.0149262459349195
2459027.8780555	15.156688728162148	0.0129038990245375
2459030.7031499	15.171612901401284	0.0304905414435896
2459031.8705903	15.038169113129074	0.0201916074017254
2459036.3906252	15.10849573802355	0.0419956078864033
2459040.8713837	15.117112368944117	0.0115953960635
2459041.8130807	15.02145746255762	0.0154942121828652
2459042.8616396	14.989915421254342	0.0135149584524804
2459043.8525777	14.887672682595404	0.0161486366752116
2459046.2376776	15.18845578040164	0.0187603166200997
2459047.8895774	15.140115932252876	0.0218865351353427
2459049.4644001	15.089015051075132	0.017602630669219
2459052.2438835	15.076093308217349	0.0144120193657445
2459054.7934569	15.067278813985023	0.0127826710166828
2459056.3327212	14.95525304643757	0.0157635727603938
2459058.7584715	15.195923224859635	0.018754678956249
2459059.8585638	14.96120930265294	0.0167661392903125
2459060.8054518	15.078650095592948	0.0335778718649126
2459068.7974299	15.152657507997962	0.0339192017428579
2459070.89366	15.068762973731	0.0126800188218789
2459072.8414753	14.525868976569212	0.0132845807136573
2459073.7587307	15.156930032521	0.0162946587434608
2459074.7318633	15.123482997765684	0.0147603297825844
2459077.7931949	14.905941156032664	0.0104594962107237
2459080.8447784	14.983082654429523	0.0102759516144002
2459082.7630599	15.137481595935787	0.0194594636719499
2459084.8158297	15.02268476879598	0.0101087416364116
2459086.6406003	15.165207381330026	0.0208187774965098
2459087.7406578	15.144299389501912	0.0249668031073662
2459088.7645502	15.11243052145	0.0358136027268491
2459089.746318	15.018633387066735	0.0415675388084539
2459092.8063349	14.755620675916926	0.0206306019217874
2459100.7218782	15.139862473877535	0.0235840404728349
2459101.7576535	15.15097256167973	0.0144166764179492
2459103.7274464	15.049264902075588	0.0118793026938443
2459106.7857578	14.85525936227421	0.0138759602433036
2459112.3276174	14.959381594945466	0.0152240141689425
2459118.7367286	14.99663898799656	0.0168035768590278
2459122.7302212	15.095252783380076	0.0251943063218589
2459125.6388822	14.882737609728029	0.0266491146926731
2459128.7265919	15.078169477820497	0.0105301737412658
2459134.6067067	15.141764609433022	0.0177365527660813
2459138.7018079	15.067492855574544	0.0174433941671191
2459161.5374156	15.12155280508016	0.041939788369165
2459238.168346	14.86201609741448	0.0233868282638715
2459252.1320213	14.839760488506135	0.0166419043318279
2459259.1140939	14.732411778319586	0.0135066143988354
2459263.1152226	15.061833119955484	0.0162176648475695
2459269.6297084	15.111417663192515	0.0221229536274102
2459272.8751273	15.046121677277975	0.0651315053467839
2459281.9665115	15.15269437451191	0.0177073461927755
2459286.8772091	15.141847263942417	0.022374742563776
2459291.5721259	15.06801710746424	0.0151430820205062
2459294.0389754	14.732921618598237	0.0148748579308776
2459296.5507293	15.01783347578357	0.0193194023304443
2459297.9649683	15.028925154028205	0.011284446971704
2459298.5736825	15.015231081692768	0.0149428556487223
2459305.9649199	14.775817077932984	0.0241844798671656
2459305.9661401	14.768626061645849	0.028462688994553
2459308.5517564	14.671661700874257	0.0180527844988702
2459311.9735261	15.035832328519362	0.0156230811423193
2459312.8073024	14.99709433158134	0.0159514918967654
2459313.5549462	14.974059534528005	0.0113142230104007
2459315.752973	15.00268947873742	0.0153973520948096
2459317.5151824	15.102572519123406	0.0189744606765941
2459318.5556813	15.087653240153	0.0143495023655036
2459320.7260792	15.07225246043498	0.0213675717523155
2459322.5129273	14.984779878042252	0.0125513981716318
2459325.4709274	15.014064694076392	0.0176029153881616
2459327.9442538	14.61495294876843	0.0186266002854996
2459328.9829293	15.096768170512544	0.0251510025234355
2459332.7034714	15.065240543151566	0.0594850617876876
2459333.9309403	14.89550698656418	0.0360197160502561
2459336.5173335	14.738559429883871	0.0236193693103856
2459342.1296953	15.137801031292009	0.0614390718988122
2459342.8883908	15.12404786761926	0.0156995397957455
2459345.7518862	14.78763765011612	0.0173904583886626
2459346.6669826	15.140702614856751	0.0155810052524487
2459349.66794	15.016574597867214	0.0208088349453997
2459352.6734343	14.832977168857544	0.0149977911559332
2459353.7541536	14.81046499043009	0.0178024090646155
2459355.8474144	15.117774378437144	0.0265369366693576
2459357.406414	15.070557593265848	0.0291249412639602
2459362.4432479	14.993632148182268	0.0341673702299131
2459365.7668147	14.984973664797058	0.023304174073619
2459368.0569001	15.072355180287204	0.0264292472446172
2459368.6762375	15.094323407839308	0.0178362264930052
2459368.7176206	15.136409799556525	0.0205947464883426
2459370.5888049	14.90143565750655	0.0166496145774945
2459374.3424613	14.848593537384811	0.0239870130197034
2459375.8502248	14.6330747436551	0.0132980987650442
2459377.8732475	15.175454071443944	0.0155585812314774
2459381.7944635	14.799347917793966	0.0241196798665487
2459383.8994558	14.69816367567772	0.0162393770118264
2459384.8712788	15.186264180021045	0.0173124311215887
2459388.8690592	14.885160950767329	0.0337229040463251
2459391.954463	14.947726233676308	0.0217113745803863
2459392.7746159	15.090775973144709	0.0136300974809705
2459395.5300757	15.148873364124457	0.0253164063833369
2459395.6009454	15.164463695280368	0.0184915104753963
2459397.6854718	15.116212782870289	0.0167430723125084
2459401.8998861	15.094000645799316	0.0103631018228558
2459403.9347422	14.977687053900276	0.0090667034746567
2459405.7737843	15.075529782116533	0.020160922638522
2459405.8363123	15.118397948160496	0.0143372994189157
2459408.5624452	15.112637220296952	0.0182510790946986
2459409.7112059	14.805099232039964	0.0138494226031031
2459410.8195782	14.724075570961666	0.0152773481419073
2459411.8516839	14.937662579661945	0.0140502604442025
2459413.2961295	15.040133493693125	0.0184021120330711
2459415.3811581	14.990920285125735	0.0275879244294279
2459416.7459483	14.68616793631826	0.0320432534141056
2459422.683538	14.685671146598324	0.0242690253169212
2459423.6663195	15.187447078776904	0.0312962593495404
2459424.6206884	15.090597892962458	0.0149744206143114
2459425.7245556	15.138727420926603	0.027815960015411
2459427.6148607	14.879132844253908	0.0132746013216846
2459429.7271505	14.822469908723212	0.0159451052290069
2459429.8739149	15.054273652792803	0.0114182645445329
2459430.8816158	15.009161719474786	0.0085337449358695
2459431.4709169	15.029189873958169	0.0175555567552355
2459431.8109041	14.747694213927328	0.0171104168017309
2459432.8842755	14.748851759535825	0.0125394319758964
2459437.6540589	15.109709750445017	0.0210099184183523
2459439.5147971	14.96442459250618	0.0233815764391647
2459440.868957	15.16487101600602	0.0128502389689784
2459443.6303114	14.903098654693467	0.0290422664357426
2459448.4982776	14.653722836669177	0.0328424918826724
2459450.8552358	15.015131839503844	0.0176623884348817
2459451.8311807	14.891140523365667	0.0179601471890809
2459452.6445946	15.037186938596603	0.0275798013050817
2459453.5780558	15.175165894313707	0.0171727119998331
2459454.8139331	15.13411059505624	0.0133707482365568
2459455.5934331	15.001833130469436	0.0159443894467617
2459457.3484298	15.039804560997831	0.0163119912406874
2459459.5595687	15.069698717394289	0.019364839418437
2459461.5316026	14.991668869268626	0.0152015582738291
2459462.5365669	14.710552340963144	0.0172003128019781
2459462.7331	15.0529160751657	0.0155658744891534
2459464.7270563	14.78820900541284	0.0204551468816493
2459465.5220127	15.136857832531003	0.0190308215779892
2459466.7673515	14.955962660169392	0.0125089962227958
2459469.7347662	15.109805692231484	0.0139173385577002
2459471.6426179	14.682165177053792	0.0198362825833405
2459474.543027	14.928120345399522	0.0361289578342178
2459475.5374526	15.07954677190449	0.0373416559105413
2459478.5711805	14.922372270804043	0.0481679811675292
2459479.572833	15.031264417685836	0.0465003896246545
2459480.6574498	15.108652044845334	0.0329578626290497
2459481.7574297	15.10930901653323	0.014397723922672
2459482.3114017	15.128350809955428	0.0200434185528201
2459483.7524528	15.080333206041544	0.0137944918756634
2459485.6530165	14.649867744971171	0.0138482896144473
2459487.7460156	15.040436453140666	0.009568546615618
2459489.5159868	14.868145499125632	0.0197645594186131
2459490.5238997	14.68665766553389	0.0139617220462239
2459492.7313934	14.8702350238026	0.0118544137354427
2459494.6205822	15.22358223956437	0.0203582086156914
2459497.2669027	15.097120155795633	0.0204285310157679
2459499.5930683	14.771592924237648	0.0178370573734551
2459501.6044119	15.082211645935995	0.0226475964629578
2459503.5745828	15.029348471535346	0.0198655900953396
2459506.5948371	14.938613565639852	0.0380959606658912
2459507.4925333	15.041332386199151	0.0702878779706003
2459508.4915729	14.955319986313253	0.0535119617956859
2459509.5907983	15.066530201204955	0.0402790049005345
2459511.5798531	14.852251387995798	0.013020084128373
2459513.574601	15.060188797701992	0.0125852089118758
2459516.5647376	15.054445715590097	0.0118573931260839
2459520.5517135	15.087594944750483	0.0200257669623643
2459602.171734	15.048629759637036	0.0582927033940751
2459603.1721885	15.03441849924276	0.0395342245479673
2459604.1686467	14.895816046974527	0.031223827230407
2459605.1691103	14.76112524542087	0.0240815120953211
2459615.1657021	15.109801084615814	0.0183675630676733
2459618.1284111	14.89195242838371	0.0148343813728241
2459620.1406006	15.01830902468919	0.0162142692956618
2459622.1578826	15.126001413060512	0.0141973166162194
2459624.1158864	15.017958959647084	0.0286071274505096
2459625.119404	14.790380554950428	0.0298008629319054
2459629.1245352	15.099423097973974	0.0258519211597343
2459632.1054689	14.8134617359883	0.0243574765828128
2459634.1014461	15.099422871369402	0.0201767081716103
2459636.1101103	15.173829339329693	0.0218165690842911
2459637.6351507	15.051028369682976	0.0335115028935848
2459639.0801119	14.841021037389936	0.0139387607524535
2459641.0775242	15.151251984349305	0.0198206550025807
2459644.0716952	15.083815103638472	0.0173599075730439
2459646.1117047	14.865097615152116	0.013592300234181
2459648.0109364	15.175257673809204	0.0285636967796416
2459651.1232489	15.07142615170914	0.0133553077858569
2459654.0369153	15.163389685812357	0.0572991091696342
2459656.5724508	15.321643058582977	0.0918654597478843
2459659.0429148	14.947759495072347	0.0258570567204714
2459659.562318	14.93756088832428	0.0513374224992951
2459664.009109	14.990756938379244	0.0190051372985774
2459666.5744162	14.812473436151636	0.0173792166819183
2459669.7718583	14.7764399457179	0.0141090821461126
2459670.8701916	14.943190875535745	0.0097643864766996
2459672.7731369	15.093736687842036	0.0158893774823871
2459674.9573538	15.20005031241773	0.0174592588793808
2459677.9892033	15.086921270185892	0.0106372871218124
2459677.991707	15.08760177792682	0.0170539463257009
2459680.5702613	14.851803376701511	0.0190435559838769
2459680.5715017	14.859128744229755	0.0262798455695984
2459682.5233563	15.018226711611105	0.0427738389475211
2459684.051145	15.089130672265972	0.0322965708799585
2459687.8883795	15.051614132783817	0.0326584338817199
2459690.8296955	15.065531509085206	0.0191641892687044
2459692.870051	14.772559741007496	0.0159728296115519
2459693.6967678	15.094239582395844	0.0185505095200525
2459695.4639807	15.131328189917085	0.0225573271791653
2459696.8463712	15.070263097708477	0.0169188437396743
2459700.4577887	14.768466969300375	0.0179918721872821
2459702.939919	15.154342712094005	0.015836063965779
2459704.8833091	15.082998456856505	0.0140245122802067
2459704.9136118	15.110271756750846	0.0185997723541804
2459706.8604858	14.72772600019417	0.0162467898488684
2459706.8617847	14.700479576567028	0.02094793996131
2459706.8630603	14.700006302487274	0.0210693916604608
2459710.0460438	14.776399376306378	0.0135148311038441
2459710.047285	14.76267064091558	0.0167535040858149
2459710.7974731	15.00470281737084	0.0219138337457828
2459710.7987503	14.944870693654964	0.0403041322903459
2459710.8000263	14.94553443138683	0.038816751722718
2459711.7665008	14.929577648792655	0.0208918401278581
2459712.9064081	14.991756355519035	0.0235023922841168
2459713.799892	14.821957859569228	0.0201575993065964
2459713.8011322	14.79987916082029	0.036690742585103
2459713.8023841	14.740535084673429	0.0292776502669011
2459714.7748115	15.032210335540912	0.0327999453716574
2459714.7760402	15.164786351879918	0.0517614011980869
2459720.9528642	14.948550218033914	0.0114986403075439
2459721.6838658	15.142591100338006	0.0195347735625685
2459722.8195993	15.069908518825198	0.0171786818393872
2459725.6343015	14.837340488964388	0.0118530717848862
2459726.908952	14.980508385186786	0.017408704898603
2459728.8976527	14.659804211178855	0.0157055908731096
2459729.4308018	14.647408214525218	0.0162522440213081
2459731.8077953	15.073340638116957	0.0162878048845679
2459731.8090356	15.104056805214698	0.0244665360697686
2459733.4944008	15.0544191811673	0.0105698941395355
2459734.4439388	14.966486459468433	0.0179926150635797
2459735.8802264	14.766101166546528	0.0129060715774628
2459737.6891167	15.053228737145016	0.0116241095486194
2459738.7770129	15.017982269311576	0.0257416573759869
2459739.7519238	14.881974463983624	0.0146770652736202
2459739.7702013	14.920918540658995	0.0119838408424513
2459740.8590531	14.933512620607186	0.0138492268174772
2459741.7771688	15.018344691467105	0.0224344576128063
2459741.8658956	14.78534684365986	0.0181382535499179
2459743.5740845	14.762020852201456	0.060561384854823
2459750.7750572	15.120971382805664	0.0144547914935601
2459753.8584102	15.085034153054416	0.0155789108372924
2459754.9123211	15.092933129667813	0.0099072538202881
2459758.9699407	15.101594614031145	0.0111853243524786
2459759.5760957	14.705597474542628	0.0163150485239681
2459760.6554037	14.690072744959984	0.012670357156237
2459761.6782456	15.014940814856924	0.0097035723487602
2459762.774169	14.90818415046786	0.0119622567345335
2459765.7964869	15.13990864990162	0.0138921396741583
2459768.3086951	14.929741632024744	0.0264277783862488
2459769.7527896	15.062842450692624	0.0200177639103273
2459769.7540183	15.039462373996194	0.0231014126242101
2459769.8551897	14.805810349531969	0.0148194265621224
2459774.9615232	14.996265599482534	0.0280648277629613
2459775.9520358	15.036656909420971	0.0254534285342359
2459779.8370997	15.112757840131612	0.024539272211233
2459782.6953462	14.881486254597467	0.0116170819581718
2459783.7257813	15.1530353365402	0.0175773311199382
2459783.727068	15.086554077692576	0.0238148303013387
2459785.853888	14.97431305607506	0.0075098617392532
2459786.7402261	15.028974123772784	0.0128547550276975
2459787.7256922	14.97737615419608	0.0133287156888551
2459789.823361	14.891671681873843	0.0144581055174233
2459789.8246129	14.89579585588828	0.0194211351600374
2459792.3779533	14.865202822847255	0.0158758341119257
2459793.5979965	14.901697812701634	0.0140847548182204
2459793.5992716	14.917517788153404	0.0180431230950464
2459794.5886425	14.696323106694608	0.0120405444888336
2459795.7027682	14.790119468226289	0.0166062129501033
2459797.3940752	14.909509424362405	0.0292458903134996
2459799.8683949	15.090756107696212	0.0212846374200294
2459804.6847033	15.174643944865776	0.0485930664511445
2459805.8612191	14.7539466425776	0.021080773302082
2459805.8637368	14.790169419493829	0.0342543409764217
2459807.6867517	15.090630707887811	0.0274387182595465
2459810.7889202	14.839781202770984	0.0124639295235606
2459810.7901719	14.828097186081706	0.0142029844365019
2459812.5363433	15.085707252081464	0.017835559621055
2459814.6097432	14.949827129567336	0.01097005326527
2459816.5723201	15.148320623715858	0.0176192128077196
2459818.533417	15.06147745458398	0.0153609930424015
2459819.572514	15.123115963639204	0.0147815225548114
2459820.7220144	15.161958782719152	0.0182174764643265
2459822.4203396	15.142317654184534	0.0244057427245521
2459823.5157008	15.12554170524853	0.0154722333081055
2459823.5169411	15.051419547685116	0.0159583501048299
2459825.8137418	14.823030757496456	0.0145288430981672
2459826.3650019	14.75189357061856	0.0261888876475613
2459826.3662885	14.762913872636805	0.0334774387669944
2459827.5923393	15.080175626751606	0.0246117579811562
2459828.6303812	15.009924872571762	0.0322647881274641
2459829.633029	14.93509444914742	0.0374696402531379
2459829.6355104	14.930272091877786	0.0666677740355998
2459831.5777803	15.129708226027835	0.034680235883463
2459833.578323	15.084606287327295	0.0447578078166807
2459834.5987834	14.968475222456522	0.0326182699526945
2459835.6896899	15.010220688474693	0.0268882260500428
2459836.7908327	15.099456060939415	0.0148433498135242
2459838.7704987	14.830767484070307	0.0123371083194756
2459840.567115	15.167277251283194	0.0171338689222475
2459842.7295503	15.073582912973144	0.0109619434834942
2459843.6704942	14.95035665744706	0.0119552344677512
2459844.3233338	15.097720305673633	0.0217254712098066
2459845.6493758	14.829957412034672	0.0158064137858773
2459846.6603015	15.172257193099307	0.0183099613975276
2459847.6682685	15.11884296554154	0.0145965776642627
2459850.7358379	15.064031094885085	0.0118081930382611
2459851.5571795	14.995741406084491	0.0136944752862647
2459852.555798	15.104474837361272	0.0173059039791322
2459853.5524432	15.096678348673356	0.0199140395583351
2459854.5274214	15.01575685904556	0.021564887886016
2459855.5436348	14.975424932339068	0.0238781364042061
2459857.4868678	14.976688291926312	0.025924124801239
2459858.2883963	15.060743596789338	0.0495955698583475
2459867.7029125	15.023001456935445	0.0178087626512867
2459869.4966006	14.960708260813943	0.015213047308537
2459870.5009719	14.8286760797984	0.014570025439841
2459872.4908436	15.11626266993363	0.0393691815786058
2459874.5508782	15.015237702872554	0.0226896633831929
2459876.5760858	15.059203822039745	0.012916158050743
2459880.5660617	15.108917844623328	0.0180572241452228
2459892.5396048	14.620919147768472	0.0595692698229466
2459893.5367356	14.954540301402831	0.0468403782346121
2459968.1720993	14.971680547952948	0.034103887834623
2459989.8937992	15.594677000006866	0.1410863663954605
2459990.8885904	15.15495813456343	0.0543522263955788
2459990.8898771	15.017244307506964	0.0908688299174139
2459997.6341089	14.991204967114475	0.0247237964901216
2459999.6323842	14.565983793624916	0.0172834587222172
2460003.8675215	15.10482584851448	0.0164433816070561
2460012.828745	15.092119090385374	0.0518011228158009
2460020.0116221	15.28589359830378	0.0667950497082119
2460020.8819452	15.070170292852511	0.0182775771686823
2460020.8831971	15.081305603669218	0.02360904645563
2460021.8138779	14.8846901085756	0.0161443045049941
2460022.8348391	14.78764710128706	0.0163984954740897
2460023.8232281	14.565072714478468	0.0130302958377864
2460025.60469	14.905188951914404	0.0134989391563713
2460026.809789	15.09343161027198	0.0174852762651501
2460030.0026	15.073689072228674	0.0182037994214215
2460032.0275018	14.91739890964688	0.0134352744506922
2460036.5735512	15.05699054855083	0.011561284695583
2460037.9031009	14.866856594163444	0.0250797369407416
2460040.5982609	14.785780131022715	0.0344016418115064
2460045.9772328	14.79072738494314	0.0228399169946307
2460047.7751324	15.049285717492516	0.0262694086597153
2460049.5375573	15.097830455384235	0.0138256794475828
2460051.9453569	14.912878220286457	0.0130076765553581
2460052.8353038	15.050336269106491	0.0173152962821332
2460056.9313869	15.081572896328822	0.0176126062892729
2460059.9234306	14.82392248264724	0.0146660408898902
2460061.7882319	15.02184581602484	0.0144557649541239
2460063.7744767	14.947648787983706	0.0197896907497639
2460064.8216506	14.845340858583684	0.0129516042692135
2460064.8433471	14.8596992959548	0.0162719152921509
2460065.8050042	14.695611595360152	0.0149039327098417
2460067.9072077	14.849723956174348	0.0173595314443949
2460068.8473727	14.985681640584108	0.0374790119914279
2460072.426582	15.041176764079436	0.0632623291725828
2460074.0172523	14.946105356589154	0.0260751395771593
2460074.9086911	14.937729802554408	0.027281023875929
2460076.083641	14.790784802236209	0.0172865819978316
2460080.6777498	15.097591109222634	0.0410939253630212
2460086.034207	15.091933016536558	0.0116555755286535
2460086.9227721	14.91083695595782	0.0129630902320086
2460087.9257995	14.6422986720505	0.0182927484769191
2460089.6709353	14.997664607533668	0.0150915095561983
2460090.9459573	15.150269402535464	0.0149981113970776
2460091.7367066	14.82040983114281	0.0117997168294057
2460091.9343307	15.122798021956571	0.014011842007534
2460092.7410038	14.516225064818975	0.0153099157707281
2460093.8848231	14.770430316915617	0.0170750023765383
2460095.8973728	15.075108766257042	0.0251790682588846
2460096.6536671	14.965744479066354	0.0341645152446195
2460097.6906111	14.83856768782461	0.0405610890437269
2460098.6459621	14.689932068872745	0.0323207706796563
2460098.8412567	15.215666341397814	0.0639962088605498
2460101.6211861	15.237059298849555	0.0714529070588106
2460102.8799759	15.031904491683033	0.0364918053052616
2460103.8797464	15.158562712787663	0.0229037510930124
2460104.9489049	15.132930590741536	0.0182998840120701
2460105.93823	15.06581097185653	0.013795296808355
2460109.7861322	15.076897027718754	0.011807933902063
2460110.7660164	15.12379436226553	0.0186210672955247
2460111.696416	14.927349832924683	0.010850826697272
2460114.7875709	14.611548323281776	0.0157993200499088
2460117.9103709	14.975835576269017	0.009169681813616
2460120.7614322	14.875440399397885	0.011088156135017
2460121.5392265	15.126615885634198	0.0248435353148526
2460121.7995254	14.839009377646128	0.0124701704245191
2460122.80422	14.855890613636308	0.0122348072019088
2460123.8106934	15.244012432417044	0.0357712880984255
2460124.5547958	14.813549693001136	0.0235328269353288
2460126.4326656	15.035578201472614	0.0332781401269971
2460126.5285459	15.203692227648377	0.0659450156493159
2460127.8724227	15.606033506519584	0.1844371200287355
2460128.884901	15.008118400095263	0.04139487495897
2460129.6661641	15.21140372776789	0.0973970806024236
2460131.9033969	15.079144932086573	0.036535712928951
2460136.7873165	15.12639847730352	0.0198941599648313
2460138.7309394	15.143785611691865	0.0146034297155638
2460139.6123878	14.792892826139315	0.0108188741957224
2460141.9585305	15.076080060815675	0.0112694629128056
2460143.5258957	15.042676746304602	0.014315897265641
2460147.6468576	14.80056869447215	0.0122001147361023
2460149.9291593	15.013546468753647	0.0120349397161094
2460151.6594175	15.113373642298477	0.0147346119040242
2460154.5704963	15.045067721386584	0.0308909901153746
2460156.5039679	15.259722238339268	0.0470151282204984
2460157.5631442	14.936918523886815	0.0853628225442758
2460159.6686014	15.019265041765708	0.0334777758063837
2460161.898118	15.162012709695942	0.0248961043407097
2460163.8873918	14.877595219071292	0.0138686496959896
2460171.871149	14.878116211344238	0.0129571901418376
2460180.7550055	15.173146566808864	0.0174787223439991
2460186.7776719	15.11945055957854	0.0315287025658972
2460190.7290631	14.982652062107633	0.0265766855711458
2460191.2501883	14.771737198088244	0.0161175505701955
2460194.799405	15.089529093269253	0.0161733094517388
2460196.7170063	14.9704706899095	0.0136166880288491
2460201.8171638	15.132189127416051	0.0132836612923295
2460203.7039188	14.894601348854914	0.0136615706935947
2460205.7474096	14.59790277266584	0.0136338894719392
2460207.6454982	15.058158025352654	0.013127348152703
2460208.7998165	15.21421659177438	0.0191296835007633
2460212.6531574	15.19545543539586	0.035364683535495
2460215.7470409	15.05485604733008	0.0266841664879798
2460219.7520469	14.724779137282422	0.0139111839157878
2460222.7275064	15.081530949158102	0.012967511351659
2460225.4961404	15.146288901973296	0.0211331599930383
2460227.6013173	15.124234917946588	0.0178388499831994
2460228.5091344	14.94296940392296	0.0168947503568683
2460229.5214179	14.751183828576908	0.0149930754469314
2460230.5165566	14.541976378729656	0.0134756143932644
2460231.5160192	15.143728372829903	0.0163185335306024
2460233.5911509	15.144975219472322	0.0186239567308835
2460235.5890918	15.108901782366551	0.0177351334098154
2460236.5945815	15.012775069949845	0.0146255256470923
2460237.5951367	14.943129981937762	0.0169226745611637
2460250.5541515	14.943981755811226	0.0144762334551308
2460253.55013	15.136246256911676	0.0304018484691333
2460362.8859588	14.861334630396865	0.0192824467425668
2460366.9652955	15.017597570484684	0.0707007269152922
2460385.8743112	15.10818374086954	0.0141303003769691
2460386.8659907	15.084465061960872	0.0164968586422413
2460391.1433267	15.09780267329254	0.0166225311679646
2460394.842048	15.703751240704564	0.1442335399320062
2460396.1406056	15.201924361998298	0.0306316416965076
2460396.8136853	14.637951976300014	0.0487013463068347
2460398.8387276	15.24524211665489	0.0455910805336748
2460399.8379368	15.01494322818588	0.0354996479539349
2460400.8982101	15.050482236142413	0.0248489720383701
2460401.9177719	14.822602789338603	0.0477566643127239
2460416.8621556	14.899662688672798	0.0228741761994418
2460417.7584641	15.0347695488723	0.0124884521074414
2460418.8607413	14.761022264400552	0.0170695723394413
2460419.8887275	15.128516597429083	0.01598577053518
2460420.9031462	15.149937630671728	0.0171166679461748
2460420.9043749	15.14697786236924	0.0195698981748899
2460423.0685245	15.136676376765514	0.0285801593493763
2460423.7411013	14.85285156905545	0.0392259626463399
2460425.7590469	15.1454493207848	0.047196544986799
2460428.5057799	14.998350945204455	0.1577977618871741
2460429.7936665	15.096129103049378	0.0265165905897046
2460431.9427334	15.01608205455667	0.0158128697932742
2460432.7822174	15.187692654010048	0.0195873587229922
2460433.7937151	15.079056519092743	0.0172148631732042
2460434.8382856	15.139032807031516	0.0204889259761512
2460436.7673587	14.919940428032511	0.0122882023504108
2460437.8248671	14.92687484322246	0.0123248167657775
2460438.8873226	14.862254034850558	0.0117890430585683
2460439.8737467	14.635674958304428	0.0154788623008492
2460440.8808301	15.21984141099492	0.0177947488656193
2460442.8267785	15.114555107977605	0.0151066733812978
2460443.8322432	15.031336731036149	0.0141792347850569
2460444.8788363	15.028101602542172	0.013291016536523
2460449.4468047	15.15013063187159	0.0316342122626173
2460450.7344174	15.029744450355675	0.0489520564859628
2460456.7141606	14.930068475676116	0.0350546679254926
2460457.7240368	14.812568509773572	0.0195728053886235
