2458032.8529037	13.480353328614434	0.0072076211579501
2458034.857612	13.47233684301566	0.0077385717595429
2458035.882144	13.46387234310038	0.0035367993981748
2458036.8825798	13.470811430218935	0.0043514511513536
2458057.8096913	13.516415126719991	0.0025479605897994
2458058.8514302	13.51220092217205	0.0019591611066317
2458063.8178327	13.51881622388007	0.0060775652307763
2458066.6076251	13.473366691289652	0.0091965239319602
2458067.6046735	13.477328387432587	0.0060482048630886
2458067.8595606	13.52324101993482	0.0045733370656544
2458071.8379762	13.531493573598926	0.0041051149178192
2458072.8386741	13.535177863493091	0.003415654360909
2458074.8529777	13.54567708308247	0.0035414953047487
2458075.8296154	13.531893292337989	0.0029350531994567
2458076.5930147	13.508861939382172	0.0029840318351762
2458078.8359707	13.532520135096874	0.0024897133248627
2458079.8249955	13.518930871602429	0.0023982779906866
2458080.5777717	13.500763595412572	0.0021846631163661
2458082.8453878	13.51357864990872	0.0063716221148926
2458083.8424381	13.54498105759962	0.0029536176111527
2458084.8394197	13.52825606826956	0.0028797964527548
2458085.5974319	13.50135201700649	0.0066408488572517
2458086.5835795	13.528933639068866	0.0032101422941102
2458087.5688007	13.533905142791845	0.0027434591292163
2458102.5551756	13.55651801555425	0.0035694486883714
2458107.5461966	13.553556734087335	0.0030648145936226
2458112.5283845	13.5521000207532	0.0035328566271633
2458112.6190752	13.530301600004096	0.0027705402215659
2458113.6049637	13.520102174943183	0.0028273540157325
2458114.5178796	13.515823368489176	0.0021579399395715
2458115.3887205	13.49242560605764	0.0029194333901935
2458118.4135278	13.500964790240523	0.0055448096389728
2458123.5336007	13.549081408682593	0.0049749834327258
2458124.5568552	13.543128687999582	0.0053401309121384
2458141.6243267	13.55839169135536	0.0032338511372734
2458142.3631111	13.515103630013856	0.0030231920418423
2458155.3574064	13.534250424589931	0.0028772503795712
2458156.3771095	13.521822990621848	0.0024702047445791
2458157.3888944	13.532454721703056	0.0026625383892892
2458157.6534505	13.543116413240162	0.0034319989134467
2458158.638103	13.539581473922652	0.0028862263466299
2458160.6294474	13.528930212461104	0.0027399901753467
2458161.6319923	13.526818963163011	0.0026375147941884
2458162.6245769	13.532916188602682	0.0028151769834269
2458163.6011281	13.53639823434598	0.0028576543126872
2458164.6118414	13.53541006920274	0.0028388159727049
2458165.3090897	13.538844679426692	0.0027068718672272
2458165.7523082	13.53156594783874	0.0027930218571533
2458166.3402832	13.561361901128189	0.0038662688216267
2458167.3398307	13.548805497594024	0.0031492065004218
2458167.5993158	13.514836707900733	0.0030021813269135
2458168.3374646	13.54448267679544	0.0029063888614494
2458169.3569184	13.544831993515537	0.0035978519336484
2458169.5755762	13.501197701183706	0.0023651159153296
2458171.3267669	13.560248905480988	0.0036086876902058
2458171.559282	13.496282820181715	0.0024407019158731
2458174.5454713	13.493844103152616	0.0039172622939676
2458182.6727916	13.56249208909315	0.0050098403612814
2458183.6685857	13.536161773391893	0.0043272080647327
2458184.3143221	13.54509869887451	0.0029005299480096
2458184.5520425	13.473799668864352	0.0027244099313235
2458185.3217424	13.53961393726349	0.0028520261266654
2458186.3236744	13.522089289949598	0.0024626731706981
2458187.5085645	13.481896729725484	0.0026765389255214
2458189.6741644	13.527164236012307	0.0023505265534578
2458192.3222936	13.539804166610686	0.0029646792284663
2458192.6193888	13.515490431938774	0.0025446577446091
2458194.3101065	13.52400453680885	0.0023854599821196
2458195.3072403	13.54325282002806	0.0029193283673644
2458196.3073243	13.503781803013409	0.0018211879930124
2458196.6165309	13.48050214716422	0.002475307630138
2458197.3156799	13.532885799670996	0.0031078189320943
2458198.3089309	13.497152199255067	0.002275283776244
2458199.6287754	13.501365181671998	0.0020827725017497
2458202.6476682	13.521927666153116	0.0032538126490398
2458203.5951333	13.495070098321582	0.0036452033405554
2458206.5109553	13.492727598601542	0.0057867022648772
2458210.6220754	13.483236980349009	0.007409907985424
2458211.5958163	13.491885612485213	0.0046616268253627
2458212.5809866	13.484196266331573	0.0037990841319215
2458214.5791618	13.479594143064968	0.0023900867972621
2458215.5628258	13.477882120963525	0.0028636723810979
2458216.2701096	13.483013777778298	0.0027874233352142
2458216.5548086	13.477707169920148	0.0023706822389046
2458220.6046016	13.494063530444988	0.0026981408003269
2458221.5112655	13.524542458724529	0.0025858698012673
2458222.2874812	13.481669904991618	0.002358086211693
2458223.282819	13.482451020010352	0.0029156469996452
2458223.5838837	13.470907031798497	0.0033410555366736
2458224.2784665	13.47524924518803	0.0029432031679361
2458226.5706064	13.487791154670488	0.0027378469853175
2458228.2681421	13.48378099590443	0.0026610331973792
2458228.5398479	13.482680713123194	0.0025079690112931
2458229.2415268	13.46175568843976	0.0035616039124678
2458244.5280282	13.504033401183897	0.002822139675352
2458248.2213474	13.555073108993447	0.0044685618585454
2458249.504695	13.511505592726795	0.0027253914863211
2458250.4930868	13.525199722092694	0.0033378597470986
2458255.4836192	13.551614081438276	0.0036813003449553
2458257.4868462	13.554220479892834	0.0032145681722532
2458263.4665539	13.55046346388012	0.0049639933290411
2458271.4465622	13.51577946493994	0.0080200416063877
2458342.9321651	13.524122319401744	0.0049752541613852
2458358.8826718	13.496522312770251	0.0094378791676419
2458364.88508	13.501683149793756	0.0058361666384053
2458375.8360118	13.478013806942236	0.0034441530827414
2458379.8674167	13.47119212569272	0.0032195080543913
2458385.8093645	13.521229173249855	0.0074817631429477
2458391.6298829	13.478222515948753	0.005028012636344
2458396.5365283	13.503793500987992	0.0020965038080917
2458398.5142008	13.496610144739208	0.0024431517443359
2458403.8260164	13.5436712258592	0.0024399473458551
2458404.8266186	13.517673469971951	0.0018447720331364
2458405.8270713	13.534534156064169	0.0029229059961685
2458406.8198261	13.539707229812134	0.003129941653545
2458407.8164761	13.53534569409508	0.0026730788633898
2458408.8714931	13.49816495952618	0.0029083533979367
2458409.8164672	13.536516694578928	0.003199297515114
2458410.74648	13.547332071258708	0.0042411012796463
2458411.7768997	13.55997419111172	0.0048172475478196
2458412.7359946	13.528078231228326	0.0054695377132616
2458414.6192612	13.464798683055266	0.0074833664477661
2458414.8504664	13.49579005681521	0.0051900591119689
2458415.578085	13.45616943418962	0.0082443061113051
2458415.813205	13.542986955080911	0.0071606496105416
2458417.762072	13.532316659740673	0.0072699193454121
2458423.6998219	13.499720308303004	0.0025863899401582
2458425.8010559	13.556122499399914	0.0030503741770823
2458427.7431205	13.517970641035635	0.0025658085754777
2458428.7732912	13.533134216571776	0.003238665091748
2458429.7907858	13.539238172550212	0.0029225282001627
2458432.8054925	13.548959981325648	0.0030104459073105
2458434.6916992	13.474003338461548	0.0029223031699494
2458435.7426652	13.524257716917248	0.0019988692920212
2458436.6590607	13.485149966514122	0.0037161387079087
2458437.5269391	13.542918043081418	0.002898829310077
2458437.8196649	13.540509072129518	0.0031608593971096
2458438.7028709	13.484991478598465	0.0038488913649265
2458439.8249343	13.559574285929	0.0033011748673385
2458440.7591948	13.511069777753155	0.003259177805137
2458442.715918	13.47458717859978	0.0060619290935129
2458444.5792125	13.50552051804513	0.005168703173767
2458444.7867226	13.531518528378598	0.0057598227545287
2458446.6400269	13.554456509343307	0.015353977634062
2458448.8271258	13.570710377887922	0.0060433858976692
2458449.7661736	13.522179876530306	0.005007019856879
2458450.8090368	13.520197091946317	0.0035440680898608
2458451.3897831	13.43586329080268	0.0037609205057114
2458451.6325228	13.49413155190434	0.0022252238283625
2458451.8183869	13.554138559943356	0.0038887971938564
2458452.7700549	13.506036833033072	0.0029589934083546
2458453.7665702	13.50991364080926	0.0026474748357553
2458454.6902792	13.47041102293792	0.0029746654851495
2458455.7502771	13.487717817628951	0.0024368715335138
2458456.7104054	13.462689815479036	0.0033413747181382
2458457.7718895	13.509114234430337	0.002313377809127
2458458.7260644	13.485722283291995	0.00250685891041
2458459.8208187	13.5327484991908	0.0032466791785409
2458461.708777	13.486192980019355	0.003325194810739
2458462.7315537	13.47670417126389	0.0031974823556187
2458463.7544533	13.48620594994446	0.0024970291448752
2458465.7618113	13.512291246487315	0.0022559772883049
2458466.6181038	13.522622314886725	0.0028803317819764
2458467.3254166	13.499012536039226	0.002563668362756
2458467.7204425	13.475047247136915	0.0035168564373513
2458468.6191725	13.52762130353245	0.0035205754107027
2458469.4849042	13.479941411026868	0.0029266954295032
2458469.755889	13.490201282875764	0.0034180922719422
2458471.7474745	13.46876223105436	0.0042643697528661
2458472.6321294	13.520432497045432	0.0050532657226723
2458473.7412806	13.47974599762895	0.0074126389327919
2458475.7367272	13.462078854975603	0.0067861769296729
2458476.6775072	13.466225916572384	0.0053795226064563
2458478.7420783	13.47811029671627	0.0052463704056844
2458479.7231541	13.480935962426638	0.0038217398839735
2458480.7530797	13.46837602904834	0.0038146141250213
2458482.3337869	13.48462647131775	0.0024917657525302
2458482.7599954	13.479336054467408	0.0040134108269972
2458483.7242448	13.48306713320442	0.0031971073182042
2458485.2855845	13.542040780624944	0.0061667054269751
2458486.6785016	13.500543269989318	0.0028879198327818
2458487.6873151	13.504954970953689	0.0030945525557163
2458489.6751221	13.49544925525149	0.0027788388743779
2458490.6903432	13.507917497938893	0.0026156705524383
2458492.8182829	13.46922932287243	0.0054258957218581
2458494.4306887	13.47206499623756	0.0032397267370815
2458494.7458762	13.473561725666164	0.002962766609397
2458495.7369395	13.49127633093936	0.0027311420880751
2458498.6856789	13.515627668982606	0.0040298048631403
2458499.5616678	13.520846615170282	0.0027619185814792
2458500.7160319	13.49657265418163	0.004565092879531
2458501.2840878	13.523887391729623	0.0035761158265626
2458502.8125242	13.472914472928077	0.0056144854351315
2458505.5136092	13.493501212706231	0.0071303234183214
2458505.6846879	13.48966427418129	0.0091250939684352
2458506.6519578	13.542873124141847	0.0054303904361419
2458507.7412299	13.46971442345964	0.0049198494253256
2458508.6789988	13.530546733489796	0.004831367351955
2458509.3240327	13.529370844405651	0.0028351609710921
2458510.3588201	13.505149739759617	0.00155584450166
2458510.6279209	13.556195433414429	0.0029968297765884
2458510.8067209	13.477826097233216	0.0052916927497405
2458511.5442273	13.515951315149556	0.0031057783481629
2458511.6233798	13.519595803676406	0.0023567011391132
2458512.6193555	13.55791346958422	0.003307463313776
2458512.805062	13.466795545249004	0.0035953007307855
2458513.5317828	13.481413553708476	0.0027718913917116
2458513.618513	13.55068890592156	0.0036950978622745
2458513.8042007	13.485902085912898	0.0043760486408417
2458514.5084597	13.477212640445517	0.0030192240838156
2458514.7891107	13.495975768014333	0.0032655237266718
2458515.7656251	13.491635824487862	0.0038381161117135
2458516.7144948	13.518349200080229	0.0031854807859947
2458517.7837985	13.489283927951837	0.0032844905083012
2458518.7170506	13.514021250100749	0.0030107024278696
2458519.6939073	13.508329714633769	0.0030687872871626
2458521.4436189	13.46868694923071	0.00280507031208
2458523.702274	13.511226865771096	0.0033983075671326
2458524.6498611	13.547868621749092	0.0033166348949793
2458526.6544055	13.55383937939418	0.0032264841044142
2458528.6434516	13.533080407642103	0.0042062137010008
2458529.4670969	13.48206881148477	0.0030496988364534
2458530.7533929	13.50801918507875	0.0052301607139043
2458531.732712	13.495090682022768	0.0073257191827949
2458532.645345	13.52399354861024	0.0073844647491195
2458533.6056716	13.519133153647005	0.008510009679162
2458534.6437679	13.522813853942026	0.0079354881473726
2458535.5505429	13.507104125134411	0.0045701255638535
2458536.5481404	13.48138540813401	0.0026192248287567
2458537.5488753	13.503316802743122	0.0029756317613426
2458538.5403812	13.485060729835324	0.0034565295241701
2458539.5436407	13.475050015368836	0.0036893846648905
2458539.7245392	13.529583934822645	0.0047809087610019
2458540.541191	13.456055889711758	0.0031348930613173
2458540.7332511	13.506408525684744	0.0055412051756552
2458541.7210864	13.525870414359446	0.0030041151348206
2458542.3210926	13.54784605171785	0.0030371778587467
2458542.7188271	13.53348083936012	0.0042113685038289
2458543.3386214	13.52375228357742	0.0022400775850712
2458543.7070158	13.554094535322516	0.0034887861749203
2458544.3777783	13.50790131732337	0.002301280736679
2458544.7220638	13.526508518065476	0.0029205973572043
2458545.3660609	13.529904808933342	0.002746172743327
2458546.2618614	13.490077264792523	0.0028621698452647
2458546.7167425	13.564983245855196	0.0035367847360669
2458547.7071702	13.536098932298676	0.0041059758219385
2458548.7020253	13.533746721430829	0.0035605168509855
2458549.2733789	13.505244647719664	0.0025792547267821
2458549.7018579	13.5413522198999	0.0035931114096033
2458550.6971882	13.536193353086372	0.0030668936050231
2458551.7003412	13.534511198058716	0.0036690981173272
2458552.6917194	13.544509263901697	0.0034448380647673
2458553.590228	13.493211233048385	0.0032709636161265
2458555.5686286	13.488507448849257	0.0028996214621767
2458556.3294228	13.504004819570785	0.0041802167668536
2458556.6851265	13.544373678866828	0.0033592632710496
2458558.6759298	13.534319824710504	0.0046119535624088
2458559.5459108	13.47216480006858	0.0050539943538318
2458560.5358679	13.468856905389073	0.0072181331204112
2458564.6579554	13.513129957376105	0.007744368430145
2458565.6530684	13.52283180867431	0.0088952147785696
2458566.6563373	13.529699755632326	0.0063093822573413
2458567.3805278	13.51253169406541	0.0051830018555928
2458568.6511799	13.511807126931554	0.0043628275699545
2458569.6426564	13.505373287692636	0.0039899415696328
2458570.6011798	13.468523083039754	0.0030284898205713
2458574.5254249	13.48818761265621	0.0033875890302704
2458576.5107801	13.47604827560176	0.0030485307899674
2458577.6105166	13.481230068663493	0.0033823352341005
2458579.5679118	13.46124507416942	0.0036457250143418
2458580.5635656	13.470818379271146	0.0034364467911693
2458581.5399268	13.49912963300543	0.0027392001087439
2458582.54219	13.492296618942534	0.0033236843888384
2458583.5418145	13.494883084397395	0.003113359097965
2458584.5865599	13.464507645806414	0.0042663659040794
2458585.5990046	13.49420602193338	0.0039554587903911
2458586.5886824	13.476607851820027	0.0051194625825631
2458588.4758525	13.545466036779263	0.0044814053406229
2458589.5259522	13.508128495398209	0.0058522594924067
2458594.5790389	13.48517672910376	0.0073457602766143
2458596.4849278	13.54588048365275	0.0030793206962201
2458599.3012208	13.46896481884518	0.0032384405852677
2458602.2104562	13.502552636440262	0.0031378693955957
2458602.5676348	13.524851752181789	0.0027258219058176
2458604.5473531	13.53470307828417	0.0030349595888312
2458605.264448	13.448168004497209	0.0036481715514325
2458605.5274562	13.513481510083224	0.0025829574452107
2458607.2112242	13.49330781992142	0.0028023796990631
2458612.4570898	13.516344463441	0.006281223312414
2458613.2524721	13.4639552394803	0.0032497257930732
2458620.2392915	13.457328671894288	0.0086066182213416
2458621.2195398	13.48116802769898	0.0071264618798038
2458621.5092775	13.587249041638833	0.0110331492152257
2458622.2078968	13.473515813564443	0.0059519797217854
2458622.5115247	13.53289832169442	0.0073396714325556
2458625.2252916	13.515344603647431	0.0024669960005604
2458626.4754572	13.55805224590653	0.0033469910982774
2458627.4814736	13.52189911707335	0.0032974031210414
2458628.2359237	13.529651940157404	0.0030554974931863
2458636.4659252	13.53008728059907	0.0027946017070921
2458637.4659188	13.540752048429477	0.0033032870879805
2458638.4541323	13.509224289365417	0.0041066576704331
2458640.4579178	13.509021257505951	0.0043074745402979
2458643.4462193	13.498861687247729	0.0108406669260631
2458692.6901434	13.55520271901448	0.0176968456956528
2458704.6810747	13.563893414332105	0.0093935606970655
2458704.9385773	13.550021464527816	0.0098736749764098
2458705.6819823	13.504032099072106	0.0087476273879623
2458705.9349954	13.524547578687972	0.0081323420966974
2458707.9319882	13.534642735513154	0.0055700244424057
2458708.6716045	13.5475831068093	0.0041600349850822
2458709.9244908	13.51645467320064	0.0088674475459466
2458710.6590491	13.490879086484393	0.0071494399500921
2458711.9185473	13.542627760162691	0.0070131642710536
2458712.9148664	13.52118310615718	0.0058004104220107
2458713.9147461	13.49900302520831	0.0057178350320331
2458715.9116971	13.476388656533915	0.0052946848862301
2458717.9086291	13.499956996245988	0.0048888111704258
2458719.6276965	13.529968557198412	0.0041729725530625
2458724.8941595	13.511022612726542	0.0028603053340167
2458725.8961552	13.500171752718249	0.0028636282780655
2458727.8825273	13.491963830814036	0.0031583361363819
2458730.6202612	13.483792647555076	0.0028481491127953
2458730.9011038	13.481817442043198	0.0028100812762129
2458734.8769354	13.467859955219284	0.0040016898772501
2458740.8456498	13.460081543458855	0.0093646251246102
2458741.8368982	13.47894275302852	0.0071239818992425
2458742.8336135	13.466138921082676	0.0077279396207272
2458743.8658672	13.4569437401795	0.0062592887120326
2458744.8716629	13.470571764450948	0.006152965037501
2458745.862814	13.511849785777128	0.0049209102087132
2458746.8772262	13.479958770427425	0.004199269299438
2458747.8916516	13.48664337939315	0.0041979184255996
2458748.8479142	13.471921596181067	0.004633007242322
2458753.8496559	13.473061382046517	0.0031599701614865
2458754.5389621	13.487833116185213	0.0049199869169929
2458754.8770563	13.487600651836672	0.0027497843997129
2458755.8506322	13.476610682090692	0.003676686558532
2458756.881716	13.484695480865607	0.0030683705383486
2458758.8564626	13.496382035202236	0.0035469228526924
2458761.5352979	13.466918208950814	0.0030013903163063
2458761.860802	13.490783706659046	0.0032891197867713
2458764.5565292	13.474671103044988	0.0033673221586909
2458764.7758261	13.51743220197303	0.0049802319213624
2458765.5681403	13.44334680437172	0.0040901538936516
2458765.7723233	13.546534154208851	0.0056615200234026
2458767.7658541	13.559230251252192	0.0069590719718716
2458772.8253969	13.541807814468305	0.0052667379749676
2458776.7593215	13.559597248754947	0.0095442979125408
2458777.7635583	13.547028046384437	0.0045486114261531
2458781.8006839	13.538418142216509	0.0029295740454415
2458782.7971254	13.5289657216235	0.0024495815021706
2458783.8000377	13.535855491002494	0.004012254246928
2458789.5302535	13.512217169545114	0.0026458438863981
2458790.523504	13.504185786805534	0.0024407303309377
2458791.524405	13.517685074135626	0.0022765492732495
2458792.8259183	13.547712924973428	0.003226743059059
2458793.8044067	13.533499397046814	0.0031654741614114
2458794.8558169	13.55204702103743	0.0048642484430468
2458795.7892355	13.550503278503474	0.0051521644525915
2458797.7494641	13.547319275678934	0.0053644863992258
2458798.7079725	13.48126013478353	0.0065432731798638
2458799.76242	13.460619318980822	0.0085122845167714
2458802.8283056	13.55085646330866	0.0066938865955375
2458804.8545267	13.508293733684836	0.0059258734818327
2458805.6896991	13.454537466824137	0.0044204687837985
2458806.8420597	13.531065699411576	0.0052726637622754
2458807.6978611	13.483851313112352	0.0056124846729079
2458807.7641866	13.5347381309967	0.0030899168226618
2458809.5324262	13.53213791135354	0.0046227116707643
2458810.7959663	13.5333831352891	0.0026716185370573
2458811.7510103	13.514468811185578	0.0024003774402502
2458812.642608	13.522242794209983	0.002683512527957
2458813.8052801	13.520306045981163	0.0038244816198073
2458814.7277389	13.467503766734906	0.0033053217875946
2458814.7496245	13.494320823085708	0.0030520298046612
2458815.745007	13.453304210658292	0.0055837741719621
2458815.8028668	13.534367424595724	0.0031356118111368
2458816.8121028	13.51435347861883	0.0037444069545558
2458817.7880303	13.52474077239278	0.0028167061897355
2458820.7066421	13.468350610686125	0.0047382493123198
2458823.6413423	13.517724416308283	0.0026511638178632
2458824.6425449	13.508643457417918	0.0054424554903457
2458824.819825	13.59794232059057	0.0045262145650233
2458825.6276565	13.494742307286472	0.0049968426893361
2458825.8053896	13.513437427681922	0.0039226251719307
2458826.6281153	13.499013387621602	0.0056029531501819
2458826.8144159	13.533213077270789	0.0031874606730123
2458827.6252272	13.506456324279563	0.0097276955127889
2458827.8480637	13.503109327530613	0.0045549268823668
2458831.7667132	13.477409222170303	0.0062078680977458
2458832.8201406	13.494161302794524	0.0062665693322464
2458833.8205243	13.516089828942787	0.0048008566513849
2458834.8175809	13.54219715465355	0.0050593075941444
2458835.8140725	13.525658868457862	0.0041141389169292
2458837.4118236	13.459033101261523	0.0030302984043934
2458837.6721134	13.43799079440876	0.0058255537852373
2458838.7158081	13.52000224011691	0.0022659699649266
2458839.8074749	13.49665226495076	0.0035171910849291
2458840.4641621	13.509336310566637	0.0029737248460533
2458840.8244205	13.514878309337266	0.0027562903284359
2458841.6182486	13.505845063790876	0.0023854955898451
2458842.7794733	13.44083897441454	0.0038963595986297
2458843.7866257	13.485160950247142	0.0033580080886667
2458844.728142	13.472899543848884	0.0036668796784555
2458844.729371	13.449234156355583	0.0041417149727357
2458847.798189	13.491833248447476	0.0033600964174273
2458848.463449	13.4540504415573	0.0035957804875728
2458849.4636731	13.49073084283181	0.0025522955660165
2458849.8330285	13.506121249728771	0.003241352812327
2458850.4288366	13.471822738167168	0.0030564185750728
2458850.5533933	13.514785181333252	0.0026720676304351
2458851.3492354	13.484571409137237	0.004244719774563
2458851.8314969	13.508270720454124	0.0026446161007136
2458853.6368205	13.50492897916372	0.0030130436619121
2458854.6602464	13.507627689227183	0.0060105414779873
2458855.7884419	13.483656405965904	0.0039596080188728
2458856.550121	13.503993341693567	0.0064926938624692
2458857.565231	13.531063721866644	0.0064494288662695
2458859.7006563	13.45546739881577	0.0096994623496768
2458860.5810621	13.533818804581866	0.0108912520842127
2458860.8108171	13.45533098757894	0.0098929522888396
2458862.8415444	13.464097421117271	0.0130308546348266
2458863.6278888	13.550007379337872	0.0035503445701386
2458864.5658801	13.5532528625745	0.0064820043563101
2458864.6608495	13.510501122392748	0.0031245137159905
2458866.2977521	13.54414286768096	0.0033636356625941
2458866.6545102	13.53044290358164	0.0025451210382443
2458868.6491106	13.511110052071952	0.0041791856730276
2458869.8283263	13.492242118591102	0.0035927936166801
2458870.8256069	13.480288640429446	0.0047501549798136
2458875.8107037	13.473336894368908	0.0042114378259372
2458878.8025358	13.445249231535112	0.0040110033269703
2458879.7987149	13.459481513905017	0.0038857755551139
2458882.7896124	13.477102346287232	0.0042519067568961
2458883.78844	13.4693426544586	0.0042443527574805
2458884.5862662	13.478633004929614	0.0034311929524657
2458884.5874856	13.46178951916453	0.0037753375515653
2458887.5472953	13.47075400948797	0.0072911883647416
2458888.5800016	13.49565747083804	0.0066295094969388
2458889.2927059	13.468066137255615	0.0082086984198138
2458889.5831035	13.478113047222688	0.0058259797523661
2458890.3239887	13.509875425671712	0.0057165883862439
2458891.3230303	13.538824781499894	0.0052301591136182
2458892.2726036	13.513144149921905	0.0049531784517903
2458893.2730921	13.50645638004838	0.0032258736328677
2458893.5728972	13.47407274163086	0.0037814706568705
2458894.5709578	13.50562158362332	0.0030146409497865
2458894.756047	13.477450941227078	0.0063856733911797
2458897.7500323	13.48183634071278	0.0038341017104686
2458900.6509274	13.548695121585473	0.003757335839956
2458902.7394783	13.524557039698692	0.0040621827415728
2458903.6326055	13.51890738203914	0.0038315493077475
2458904.5559439	13.488665293614607	0.0037083038569438
2458905.5556031	13.437294854848105	0.0040675917359931
2458906.5582322	13.506933366302864	0.0033175733531822
2458907.6143122	13.490600141950074	0.0034010028312422
2458908.6021379	13.489164548414136	0.0036730617487054
2458909.5947947	13.49806828404806	0.0044546996341738
2458910.5936389	13.44597003430762	0.0066500555685381
2458912.5884562	13.477218550614744	0.0058349048967189
2458915.658622	13.562582504923936	0.0089558899316303
2458922.4239385	13.524677633047832	0.0060408472889537
2458924.6485464	13.543109593578098	0.0031040362033187
2458925.5694465	13.50314313363447	0.0032972579265034
2458928.4069964	13.51979118312122	0.0030081361251285
2458933.2824324	13.478226737841858	0.0028413342530645
2458981.262878	13.478322313831672	0.0035624646780635
2458986.2716801	13.485403900746176	0.0035746717972138
2458993.2495074	13.499486594451955	0.0027665393482293
2458994.2482317	13.496882511364316	0.003552418471255
2459001.2176203	13.498180153864464	0.0054259716094649
2459059.6820428	13.501004176079602	0.005511568170988
2459061.6754101	13.49852166864318	0.0030168601455558
2459062.6720599	13.51847882400423	0.0032088021599862
2459064.669988	13.491503767480712	0.0099318422875211
2459083.6364923	13.529894106575092	0.0032382497939057
2459092.6104161	13.533492000460823	0.0087510695212281
2459100.6045839	13.5141020679114	0.0052765335666675
2459103.5975556	13.470917639094566	0.004200069031714
2459110.5608609	13.489718365582403	0.0034704840424335
2459111.5649398	13.45737347110644	0.0040368102276519
2459114.5513191	13.494256984493836	0.0027519199889953
2459120.5323097	13.470596913910072	0.0060361726344691
2459122.5320607	13.443414580903209	0.0085560065381547
2459128.5148981	13.496850581045935	0.0073875568339104
2459134.48591	13.514830278798236	0.0032853732278078
2459143.7243917	13.488089192558265	0.0045507701120113
2459144.4610284	13.51101140957605	0.0021844689927131
2459145.736692	13.525422454884788	0.0031753437883297
2459146.5345213	13.473057307187176	0.0036346154331102
2459147.451746	13.5163111259763	0.00308514388212
2459148.5509833	13.500066688478418	0.0027600492037977
2459149.4498988	13.491709212387242	0.0029053502418965
2459149.6835942	13.481554262233804	0.0073667572971712
2459151.804185	13.531434690897852	0.0075699013302201
2459153.6992472	13.49181579058956	0.0071061864541515
2459155.7760605	13.522678539937282	0.0076627808702031
2459156.536469	13.505592396771808	0.009505627609436
2459156.7164096	13.475798441071827	0.0068351736064429
2459165.6591981	13.507029146161944	0.002485133885088
2459166.5045893	13.54268081397942	0.0037036333269732
2459167.3900186	13.46331705417638	0.0035167654814242
2459169.6358016	13.463191848520443	0.0038906946823289
2459173.5011437	13.567792282378797	0.0038481237173064
2459173.8354484	13.519086062730604	0.0029105291203212
2459176.6224043	13.490037110893647	0.0029614579593222
2459177.6087724	13.48873264511849	0.0061216124056126
2459178.6083859	13.466382653035144	0.0058017521660919
2459179.5947679	13.482559600100188	0.0057134667440969
2459181.4957517	13.540597841995138	0.007133654416036
2459182.6082441	13.515062400413848	0.0070675239410871
2459184.4538014	13.499303975367878	0.0103421923641617
2459186.3626645	13.483011063825284	0.0041520590405056
2459187.5169245	13.54920997055418	0.0058284028517621
2459187.8267132	13.521036239502536	0.0053975915766179
2459188.3297976	13.471595748237522	0.0035224618659108
2459188.8387795	13.544862860216623	0.0054242278703947
2459189.3505461	13.449928084771996	0.0037596313944478
2459189.8204322	13.551594414369376	0.0049144965542635
2459191.5681279	13.537177057333889	0.0030709990643754
2459192.3413192	13.483528133754389	0.002450072256901
2459192.8343284	13.568512583303336	0.0039393518561903
2459193.8310244	13.557169626799457	0.0036358094447576
2459194.8232542	13.547477068239145	0.0038885344007867
2459199.3532411	13.458239775098534	0.0032774936889798
2459199.8257808	13.510918586254803	0.0031022708113682
2459200.476108	13.522272830244573	0.0029424482112733
2459201.3389248	13.4767991663021	0.0030917750272432
2459201.664463	13.499813826040764	0.003035522006033
2459202.3841335	13.481104964650104	0.0030552768194294
2459202.8514184	13.553888081211332	0.0049501110940843
2459203.3772945	13.469200219376724	0.0035454630596868
2459203.6073582	13.48736907339598	0.0031147850693981
2459204.7436263	13.50039221774348	0.0029601365214178
2459205.5930114	13.544643548146754	0.0038278755348117
2459206.4563988	13.490946210369763	0.0031880953091722
2459206.8565032	13.575372415865452	0.0060506047417784
2459207.3898509	13.495679942797674	0.0025040070467123
2459207.8493521	13.555989622159606	0.0042950462440739
2459208.4079594	13.461997659314948	0.0037478096141703
2459208.8523616	13.544072913915311	0.0050945351012133
2459209.4434033	13.477457382005383	0.003780371596275
2459209.8374543	13.544057562015352	0.003380076861175
2459210.368555	13.467247019935956	0.0039051906720552
2459210.8513681	13.53193879896429	0.0048602949480978
2459211.7783658	13.486240038593058	0.0070620815368412
2459212.2977808	13.54191966513887	0.0069798852587001
2459214.6615443	13.487496796939311	0.0071939807112005
2459215.5448363	13.569167583824177	0.0045857133890182
2459216.4527047	13.474504811755471	0.0056404247004334
2459217.3419325	13.473577344331009	0.003295098890906
2459217.6226691	13.5469958423539	0.0046300607526029
2459220.6565474	13.509759435926004	0.0032945401910538
2459221.3065011	13.52185679401922	0.00353078415064
2459221.5883736	13.55753591190082	0.0042925316833973
2459222.3123155	13.520439963225185	0.0029398992130059
2459222.5809896	13.56583130407629	0.0038762645220111
2459222.7731428	13.466335340393025	0.003920303972339
2459223.3156433	13.538717670592412	0.0037040184290504
2459223.5883937	13.545120950554416	0.0041533139399745
2459224.4991659	13.515747181868614	0.0029355564943663
2459226.3304284	13.480356506792916	0.0032033442542593
2459226.5968761	13.551862948157824	0.0032457262052315
2459226.61672	13.495702360668997	0.0028045692132963
2459228.5138155	13.51753174936642	0.0022840916283831
2459230.3038901	13.509770150548183	0.0032249679977732
2459231.452767	13.481054845805907	0.0028351125424763
2459233.2798189	13.539938861278394	0.0092143919822506
2459234.284583	13.534321973590068	0.0070609895918139
2459235.7245362	13.486276058853653	0.0033303383248293
2459236.5061711	13.5108264391374	0.0051492979817405
2459236.7659645	13.490955959358688	0.0036162271341642
2459242.4597206	13.43374106451482	0.0093221847723586
2459242.8138293	13.532161649214514	0.0096166638572719
2459243.4405556	13.456899493051026	0.007169173285715
2459244.3466949	13.508054482007957	0.0081477631670774
2459245.3008899	13.57755628600545	0.0048484848082263
2459247.3261009	13.527276628857592	0.003480924119545
2459247.6071938	13.590937983743318	0.00433118026978
2459248.381716	13.494067862172088	0.0032895071893712
2459248.598307	13.512577983412942	0.0031037175040647
2459248.6066054	13.56059871758629	0.0037657425396751
2459249.4020229	13.51329895556332	0.0033353645996243
2459249.6018363	13.550219574926754	0.0035726860410494
2459251.3911754	13.50003624833298	0.0020930509006313
2459251.6611643	13.497836282066594	0.0027802038744813
2459255.5166819	13.491687937027177	0.002585889041434
2459255.7695012	13.542312012383949	0.0031424523066197
2459256.4258303	13.483982789608609	0.0030842445568234
2459256.5788396	13.540683817378207	0.0034488318504661
2459257.6904611	13.504132220900452	0.0036134261900824
2459258.3812991	13.499178639478515	0.0024954352726295
2459259.7581311	13.49044267179412	0.003770418120469
2459261.5186913	13.504599502450334	0.0053354660106528
2459263.5090177	13.47229741090372	0.0035742444866355
2459265.2603444	13.5484370645998	0.0086693483664869
2459265.2628034	13.562524781067804	0.0103347605935568
2459266.3162204	13.531005425168434	0.0050077319240154
2459269.4937584	13.49485324511392	0.0099089790156814
2459269.6318748	13.516617835909186	0.0075275207304106
2459270.3974916	13.530616499455093	0.0078935614977016
2459271.3746734	13.532403291423238	0.0076367291278644
2459272.3638773	13.537103855992608	0.0116016247835041
2459272.6894128	13.54325550329147	0.0075271398336256
2459273.2691616	13.525342656040063	0.0063958622334412
2459273.5538882	13.52773156384036	0.0059477832161989
2459276.5448075	13.51251659584442	0.0028092555228033
2459277.3776917	13.533733438078794	0.0040980908422734
2459277.5899073	13.516211488596475	0.0035681685455595
2459278.5360296	13.513080935899186	0.0029407465415097
2459279.2743375	13.502135715398504	0.0022943349030547
2459279.5275276	13.498770868884424	0.0030386976032654
2459280.411212	13.51141861245381	0.002678838346662
2459283.6962379	13.532092275414474	0.0039319202528727
2459285.685487	13.542300276022605	0.0040270259514493
2459286.6941104	13.572014033680492	0.0042432541337276
2459287.6062313	13.549502591728093	0.0036389485789462
2459287.6598611	13.545215133928776	0.0036545600489659
2459290.3958837	13.514938528734325	0.0028591815953025
2459292.5386105	13.48685631909241	0.0041369839538787
2459293.6397878	13.52771790939688	0.0029067838988792
2459294.6146922	13.502198550338091	0.003898049423751
2459294.6457764	13.521198129557703	0.0035608932834066
2459296.5495862	13.487239710907197	0.0044262254913083
2459297.6331687	13.53010024843026	0.0061781802873817
2459298.65019	13.499388609743914	0.0072195007879382
2459299.5968876	13.470338079857996	0.0057083664517563
2459310.3838493	13.516175150976425	0.0047892990140116
2459311.3020694	13.49668336839522	0.0021784325824909
2459313.3701617	13.515059985730462	0.0032657009271989
2459314.3247397	13.502502863509491	0.0027317678971373
2459315.5131029	13.505497949717515	0.0037217123413758
2459315.516425	13.467895354619994	0.004318820128266
2459316.2150677	13.479083470356228	0.0071199213252409
2459318.3216725	13.51534076291628	0.0026695719727527
2459319.5780085	13.48244461699302	0.0042640681866938
2459320.5284097	13.493761565932942	0.003811099148962
2459322.5548883	13.486930189933927	0.0034222496695982
2459322.5804606	13.49577544651821	0.0036985864791798
2459325.4867322	13.534654846868335	0.0055816685880904
2459330.5295232	13.492573168484256	0.0103901390547964
2459336.2920147	13.490255374540832	0.0028331763015019
2459340.5313402	13.525887988424362	0.0030484480028467
2459342.4655634	13.56970517756974	0.0045535515743809
2459343.5184461	13.54669458247772	0.0041258529103559
2459345.2786913	13.481081694899007	0.0034811803345527
2459346.4835288	13.590310785519833	0.0043115729908369
2459348.2482225	13.490828209344093	0.0032436712856038
2459349.5100326	13.533819475220776	0.0039625366804316
2459351.4578158	13.571498421616337	0.0051583706021491
2459357.2518885	13.51418460046782	0.0080527648100049
2459358.464272	13.519849940111277	0.007782692013172
2459360.2363653	13.54246284599035	0.0126043752956477
2459361.2396535	13.500308201764105	0.0145110787025576
2459365.4618982	13.53427814429815	0.0042323341912971
2459369.2044318	13.519943874650444	0.0038750300633687
2459375.1928426	13.550170468324952	0.0067856250896248
2459376.450171	13.548769497306209	0.0140263567322712
2459421.9351929	13.55319687581192	0.0101715254305843
2459430.6620531	13.567609057168294	0.0053417124892524
2459433.6747945	13.530260829993765	0.004579704235785
2459439.9048148	13.507986139873216	0.003846193081648
2459447.8808957	13.478412141253134	0.010812838647371
2459452.8550126	13.480900071781017	0.0077106038959415
2459453.8639703	13.51091453031842	0.0062233797408941
2459459.6034694	13.513497278310286	0.0040151863619505
2459462.5944522	13.48420964313599	0.0032504295620514
2459464.8414604	13.463907301385428	0.0037026392795802
2459465.8307746	13.496106346290116	0.0042117948889894
2459466.8312022	13.48868117345768	0.003915340229459
2459467.8551832	13.497234758029933	0.0038925755002852
2459471.8229139	13.50618019857546	0.0029377811203394
2459473.8196745	13.511242063269783	0.0054734032721046
2459474.8447799	13.484184579327064	0.0066973130495317
2459475.8377404	13.49305556976055	0.0058537095257745
2459475.909323	13.500501294911253	0.0119837900934091
2459478.7902795	13.522667550948736	0.0131002003884485
2459479.8099292	13.51364780221648	0.0072266103472306
2459480.8163954	13.49658855919029	0.006006118026961
2459481.8061828	13.468225020760414	0.0072381359654363
2459481.8325891	13.518606442573777	0.0058716595586441
2459482.6327728	13.526696843360671	0.0076950349048914
2459485.7817432	13.530590575867478	0.0055084031985612
2459486.7792913	13.52463956869672	0.0030645636329842
2459488.7803315	13.512711334963202	0.0035154275319762
2459490.7688948	13.536694902096574	0.003746337181966
2459492.7700678	13.563701791716383	0.0040965882159901
2459493.7858361	13.528908691177078	0.0017932940040811
2459495.5065608	13.493437788886505	0.0034574239652954
2459496.7312262	13.547643456194196	0.0043020625870536
2459500.8303457	13.51094156675481	0.003688351123499
2459500.8394031	13.525860606055923	0.003794415051769
2459502.4792563	13.517304716380108	0.0123365759843945
2459503.8118532	13.54101797307356	0.005508523488432
2459504.8279804	13.52077360133089	0.005538640437158
2459506.7146606	13.577687861687249	0.0114856924068176
2459507.7037177	13.520346083001408	0.0079507293094937
2459508.8093526	13.564697055034106	0.0081888901755754
2459509.7477524	13.57479158984475	0.0063417721242057
2459510.7265008	13.520099549354171	0.0080505914829138
2459511.6960292	13.531845144169514	0.0052490397566194
2459514.4388019	13.524871634714527	0.0043341811454608
2459515.8287805	13.555225624282077	0.0047681643369075
2459517.8300325	13.56821857094744	0.0039074240419901
2459521.6636017	13.47257341624094	0.0042444554181453
2459522.6593449	13.48467083823129	0.0039218129543954
2459522.7023571	13.532012542706408	0.0028061073902033
2459523.6835576	13.535359325299998	0.0028441923139539
2459524.6545537	13.508373716971636	0.0028427410520659
2459525.6508666	13.468035419976754	0.0045814978245133
2459527.6620609	13.48260281041454	0.0044812816231165
2459528.6566628	13.497971130215152	0.0043555691287686
2459529.8132377	13.54697589616798	0.0032862989573285
2459530.7119242	13.517584225446978	0.0048019936541475
2459531.719849	13.512385430127171	0.0049033283480714
2459532.736948	13.500561481656202	0.0060053767660725
2459542.6047153	13.502997603034505	0.0037985377048691
2459543.6070812	13.527075643237602	0.0039271804398026
2459543.6484937	13.505459993583596	0.0034037872987318
2459544.7103469	13.519936786748548	0.0034277117944268
2459545.7239858	13.502229886245178	0.0032327744802073
2459545.7540604	13.505181282172918	0.0044768451254397
2459546.7423589	13.529220837184337	0.0033512910561357
2459548.6367249	13.50062964375099	0.0030380201768514
2459549.6579142	13.48895455744822	0.0044488944345227
2459551.7050003	13.505415453453102	0.003387494666064
2459551.7468727	13.538673635384503	0.0033158491468663
2459552.7329359	13.523846025263174	0.0026450275195158
2459553.725758	13.493450366266694	0.0042852546475829
2459553.740855	13.486006919947188	0.0031831302845504
2459556.5721977	13.51956926447183	0.0035240976729613
2459557.7894845	13.537961637590092	0.0032316114959958
2459561.7032792	13.48390735902182	0.00339048291634
2459563.8255436	13.56225377091786	0.0038872814036838
2459570.8472152	13.537089175353614	0.0084279456105316
2459572.5636349	13.553182274521088	0.0040320086663274
2459573.7074056	13.47724521804131	0.004598411023164
2459576.6745102	13.513926386392738	0.0029786700420622
2459579.7015017	13.515426448271407	0.0029474938126636
2459580.7141196	13.494246309830215	0.0032449453143778
2459581.7519724	13.48120273654957	0.0029175235060665
2459583.5958859	13.558727177970598	0.004671763849302
2459583.5971262	13.481255368147988	0.0069871460705004
2459585.7857099	13.51759370454104	0.0031687549614233
2459586.7671009	13.483456612211633	0.0036877837911922
2459587.7025385	13.476415148722191	0.0035124983521025
2459587.7461899	13.487845962367556	0.0034481823273517
2459588.7369526	13.490005703049572	0.0035589405358598
2459589.6071172	13.53651254421906	0.0060004487765695
2459591.7683211	13.462549414065348	0.0041002668031404
2459592.7340627	13.490076879476684	0.0053923428542197
2459592.7353394	13.492576438369776	0.0072580786161033
2459592.7686513	13.475959484662257	0.0048126925161226
2459593.7416357	13.522102858150674	0.0094537194468944
2459595.7416865	13.482642472542471	0.0064624025618163
2459598.8128013	13.47512703591826	0.0103547704494157
2459599.7312459	13.469317773903684	0.0057974265042394
2459600.7393385	13.49977267982106	0.0045308832168098
2459600.8043065	13.494909354692382	0.0076268453530755
2459603.3822279	13.456339288912549	0.0038996828652895
2459603.5937725	13.570534571556076	0.0052208902471752
2459605.8054551	13.50132576643897	0.0055144928625505
2459606.6367813	13.535873087338308	0.0027540060318649
2459607.69001	13.478850565436488	0.0030671664197465
2459608.6448049	13.562926487851453	0.0037778430705841
2459609.6705351	13.529207451933663	0.0031413060544973
2459609.7259236	13.495072549291375	0.003247898628962
2459610.6697182	13.506273614910835	0.0029256597739221
2459611.7127481	13.501722737007343	0.0036164890008609
2459614.775892	13.516660164717791	0.0036635290355483
2459616.6120566	13.552399214281332	0.0039017431417891
2459616.614642	13.56931411354608	0.0046335156051923
2459616.6197542	13.4940150522967	0.0035869328131453
2459617.3162744	13.5133200606212	0.0047005626289296
2459617.7569143	13.480633238790872	0.003833395036073
2459618.5959005	13.556762299258658	0.0039299688399108
2459619.6413963	13.55763792499701	0.0038445692605284
2459620.5966953	13.54414961488826	0.0044546285960264
2459622.6165618	13.533514311523042	0.0049728553913035
2459623.5588899	13.495823376991227	0.0100019294430052
2459625.5954012	13.553496287253928	0.0080272668548162
2459626.6931442	13.60651014200748	0.0114035541584691
2459627.7465633	13.518002321760434	0.0111473826082266
2459628.7287435	13.508074542131132	0.0088828995816137
2459628.7297288	13.51464135352204	0.0115688331133731
2459629.6084205	13.5437764938158	0.0057672831761904
2459632.4959569	13.477912480866614	0.0055916521219971
2459635.3253605	13.52706667729137	0.0027252088014468
2459638.6004531	13.551805470669944	0.0040711660513527
2459640.5851004	13.501172981780789	0.0040204804398004
2459643.5473404	13.486181989795892	0.003129147112045
2459643.5486358	13.492791830625626	0.0032781623992783
2459644.5156948	13.47263286439653	0.0039204473934493
2459646.3917764	13.508697535085265	0.0028317659132394
2459648.3057372	13.514616251154878	0.0051750346004441
2459651.2770468	13.509442514437556	0.0048993733356997
2459652.5792813	13.486962450242324	0.0052733767284373
2459653.6845719	13.537967111671652	0.0125013459359305
2459654.3317302	13.569202203968697	0.0065763260136318
2459655.6132875	13.46945711894999	0.0092011268476533
2459656.6229706	13.553929070353645	0.0082562704154666
2459659.5497424	13.489897405112202	0.0045821981513548
2459664.600355	13.477108688610633	0.0032628137838502
2459667.2400958	13.477746548488076	0.004178439852029
2459668.6332555	13.531729470211229	0.0023876600949495
2459670.3552025	13.52955615102115	0.0037837107915574
2459671.6089867	13.521437075494408	0.0023484763105259
2459672.5423159	13.494078430167033	0.0028308247958334
2459673.5675139	13.464429819665495	0.0033810265624979
2459676.4817227	13.50943296159137	0.0040056840253418
2459678.2619661	13.442382504442524	0.0045418248425422
2459681.528005	13.514640667921029	0.0043009968260554
2459683.5957785	13.490503275758668	0.0069300261926386
2459686.5952572	13.49568577994176	0.0078243974930412
2459691.519633	13.535085888193649	0.0025258670109067
2459693.5597215	13.47075022432591	0.0035167686794038
2459695.3262749	13.49040174788948	0.0037180343390817
2459697.5380682	13.57472228907013	0.0038870103778138
2459699.3090531	13.475860132722088	0.004279788057974
2459701.3078317	13.448426095210513	0.0037423926069905
2459703.5312244	13.520452574976916	0.0027567937385107
2459704.5465615	13.500571120733415	0.0031856331586886
2459709.291859	13.439282559047626	0.0115846247597007
2459710.2775496	13.459381120316811	0.0078530742915221
2459716.2734543	13.531505847444713	0.0245386115095848
2459717.2695298	13.513662819836586	0.0159315580715845
2459717.2707712	13.56085873748932	0.0256459934685251
2459717.5152615	13.551178860163688	0.008047916467356
2459720.2535475	13.488331948180353	0.0043133777737215
2459723.4596556	13.503188626550454	0.0034071404974803
2459725.2263567	13.50016229132086	0.0034591083532281
2459726.2438466	13.50769459792084	0.0031724077243301
2459730.234027	13.5217843917441	0.0039895490460239
2459731.2269284	13.481870483662837	0.0041918561217526
2459738.1930054	13.565385862919468	0.0126638511864584
2459741.2004169	13.529815132504988	0.0091285055673037
2459784.9422654	13.558312622562685	0.0082418821906019
2459786.938757	13.557420738729355	0.0069630980760428
2459788.9317403	13.5640414730032	0.0043758935397471
2459792.9212587	13.565324430851302	0.0039223813481009
2459803.9080232	13.500207341021316	0.0105755465918543
2459803.9092635	13.493928646938691	0.0167609497953785
2459805.9294896	13.574740456407552	0.0131135851839105
2459805.9319822	13.576708240640576	0.0276615122417303
2459808.6351645	13.569038163666288	0.006676890597273
2459810.9274386	13.511139840443098	0.0061833420306271
2459813.6296256	13.521306200930256	0.0041616490117454
2459814.8777113	13.535878754213671	0.0030681590038195
2459815.8534297	13.455528096638815	0.0035068839106762
2459816.9154997	13.533161554058983	0.0027858140167032
2459819.8681097	13.458990663492225	0.003769759822839
2459820.8572738	13.480696616823815	0.0031020572563245
2459821.9011427	13.501343814387374	0.002538034442134
2459823.6541873	13.52382947179995	0.0053603575058569
2459823.8637744	13.501681726329142	0.0042067022210799
2459824.8600839	13.490185542449549	0.0032551074421419
2459825.6229618	13.527883960395997	0.003700419013487
2459826.8520129	13.463427092491314	0.0033029310953125
2459827.8603944	13.46130068978467	0.0035397030666986
2459828.8703374	13.52523946896592	0.0026416485368497
2459829.8420314	13.441240506808471	0.0060991038402295
2459831.834799	13.495828998870504	0.0076146385508337
2459832.6428837	13.496147545811894	0.0123992712236737
2459834.8130742	13.490835587034836	0.008895526380786
2459836.5599468	13.439862043609178	0.0093460828122379
2459837.5710247	13.491088184955636	0.0079307201406325
2459838.5562565	13.573503378623728	0.0092136923805153
2459839.6248219	13.50578287175129	0.0073937308549281
2459840.8065619	13.490554855174082	0.0037180902889905
2459841.8502649	13.535460479182028	0.0033668109216344
2459843.5719202	13.530358706264394	0.0042902618772771
2459844.7938535	13.47922952144754	0.0033185261969878
2459845.7996192	13.464515287521584	0.0033326235143866
2459846.790963	13.521875261657868	0.0027319995209233
2459850.5314241	13.524227928792069	0.0040280109672579
2459851.7782094	13.531716111553449	0.0029881474489411
2459852.813272	13.523814162956748	0.0028512833860623
2459853.7788657	13.512005067574478	0.0030439946242261
2459854.5790738	13.524367602018248	0.003800201117253
2459854.8775485	13.49143069611772	0.0035298052808413
2459856.8293706	13.506759186525205	0.0020466985683255
2459858.5014562	13.531857425996607	0.0072714764886971
2459859.7315766	13.474052575844356	0.0127047147055881
2459862.7704715	13.53926228192436	0.0144565719193991
2459863.7811515	13.56044330881273	0.0065346347500751
2459864.7965986	13.517606914216405	0.0115874559478358
2459865.7351814	13.576696581919167	0.006784683692063
2459866.7324533	13.59644386505238	0.0062225619666882
2459867.7514407	13.605627327495196	0.0050219268324808
2459868.7515635	13.565220549092285	0.0052547603451362
2459869.740362	13.588606367067351	0.0044026930176247
2459870.7227139	13.556798755895482	0.0037495573482431
2459872.7238487	13.552827623913984	0.0037686844640267
2459873.8419367	13.497572212733356	0.0029648560875003
2459875.7084103	13.580648989887225	0.0039165381891915
2459876.7129048	13.53936027205625	0.0031555269020433
2459877.7250133	13.562487059919004	0.0037216829289387
2459878.7272225	13.537583150679517	0.0036653104526945
2459879.7058061	13.543955000212913	0.0038747327894878
2459882.7094014	13.535075719920208	0.0032792429988799
2459883.7108722	13.582171149045095	0.0039865400005349
2459884.8001743	13.580137308740678	0.0040886532757492
2459893.4062628	13.53348651732772	0.0113988349824883
2459894.6581877	13.508062604343172	0.0063111069325224
2459897.636672	13.524997832158396	0.0021002512200034
2459897.7288492	13.56915571523592	0.0048913850190105
2459898.6599911	13.466895761005908	0.0038257442623361
2459898.6612546	13.485492566335989	0.0051726485074975
2459899.6706664	13.497115284736498	0.0027687573362044
2459900.6235526	13.498327857541083	0.0031991497002789
2459900.6486747	13.475483244659433	0.003333876681297
2459905.7487709	13.553631378899649	0.0033674001224947
2459908.6390669	13.472014376099317	0.0030721139987154
2459909.6097773	13.495567526741068	0.0031454023698561
2459911.3536062	13.462062521997474	0.0037971177001489
2459913.3965378	13.497445607457443	0.003905572643141
2459913.3977896	13.541066342615885	0.0073137544283085
2459914.5944544	13.526824154248626	0.0038743941077646
2459914.5969699	13.523331430016366	0.0083625540370192
2459916.5846046	13.55643188575426	0.0065412177714358
2459921.4360313	13.500779106993058	0.0105889433688505
2459923.6560646	13.497883415897974	0.0064400352436236
2459923.7158509	13.498739849835829	0.0054510456886783
2459926.6653452	13.49809461078465	0.0036303378535578
2459927.5671395	13.575970897705831	0.0039372859110387
2459929.8179511	13.565549489588095	0.0038004428745433
2459931.78586	13.524143644994798	0.0027660736563579
2459931.7871134	13.511995309662169	0.0030149879642147
2459932.7406573	13.596914770327672	0.0044582766357383
2459932.7418976	13.523984019516387	0.0035289959779734
2459933.6114141	13.519879966639648	0.0029605600369569
2459933.6730298	13.506960306799218	0.002531126379177
2459934.768223	13.494555303495792	0.0028080871866006
2459936.6280719	13.486648638728518	0.00342287511403
2459937.6203318	13.549535883871568	0.0032259369806345
2459937.6228258	13.537460044460282	0.0042342623078498
2459938.3472864	13.47083033236867	0.0040203399999995
2459938.7733133	13.499798797315446	0.0029521009900402
2459939.3261354	13.486002281851723	0.003331896932766
2459941.3644368	13.465079277427494	0.0038495436285916
2459944.584311	13.544356376174482	0.0050523454942664
2459945.8491673	13.543227350657608	0.0035916849773258
2459946.5492314	13.504942912273608	0.0035376472149696
2459946.55046	13.526414834408946	0.0067135601876656
2459948.6528784	13.50959224777444	0.0069663815061146
2459949.7199793	13.502418803081044	0.0061774747164821
2459949.7606662	13.524552703543966	0.0067170456857237
2459949.7619065	13.537097597473227	0.0136972217629525
2459952.6718354	13.513537045125442	0.0093088292056431
2459953.7910669	13.542374244076036	0.0074752281003193
2459954.59635	13.505088547317452	0.004395809877803
2459956.570801	13.58839743117339	0.0042746821292107
2459958.8201802	13.633608239638232	0.0070346993580986
2459960.8357296	13.511681156780709	0.0036252306255014
2459961.7752222	13.47847157540838	0.0041874390904218
2459961.7764626	13.479316550533245	0.0044828346292371
2459962.8306685	13.521710833368834	0.0029669007731951
2459962.8319552	13.532883053613226	0.0042739827834786
2459963.7676868	13.501512070577418	0.0029971564005797
2459964.3711799	13.51233280323819	0.0016838965623576
2459964.8155697	13.49297940193764	0.003485380747335
2459965.7952173	13.522728578420535	0.0022408800482799
2459966.3850859	13.485805469337242	0.0022777035969291
2459966.4117321	13.493557428200498	0.0025008829828887
2459967.5651616	13.568316219290724	0.0055030514986823
2459967.8280969	13.539441772263146	0.0029074473897615
2459968.4373375	13.534620058364196	0.0031002644933547
2459968.439169	13.566400163620107	0.0044908657139582
2459968.813755	13.49162930298212	0.0031219955024398
2459969.8138785	13.520390164592923	0.0036725760142579
2459970.4713294	13.502863702022058	0.0026364135742355
2459970.8076345	13.482718718872777	0.0033276363902204
2459971.3914305	13.502549371135808	0.0023175490978272
2459971.3939113	13.496081697414509	0.0042312156198951
2459971.6911657	13.488109643109876	0.0032717670117449
2459972.5682175	13.556900753003834	0.0043495463970897
2459972.5694578	13.566192011788022	0.0048093326986865
2459973.7270575	13.497039824285126	0.0027274169173181
2459974.5394708	13.5435411449449	0.0043804377121346
2459975.4610708	13.491277643510513	0.0027548286719926
2459976.3995944	13.504949217460156	0.0051252271966743
2459977.4601794	13.504675282338903	0.0046581894350977
2459977.7177887	13.462913457647405	0.006114362525573
2459978.3374703	13.496208238720236	0.0053465835649213
2459979.4409152	13.447251207294151	0.0063522092805386
2459979.7262136	13.529297978505967	0.0072281750615266
2459981.7163379	13.526797110821198	0.0080114464764939
2459983.7449057	13.489019070080154	0.0123176435475017
2459984.7112315	13.533444322687098	0.0053047414057171
2459986.3398518	13.518392777508891	0.0028106038188037
2459986.5984128	13.52278215586911	0.0032718145218694
2459986.6160268	13.55986262404681	0.0040487501738278
2459987.3124452	13.507304676650328	0.0021834040603275
2459987.620995	13.542627605921377	0.0038390568652347
2459988.3267756	13.54837825765694	0.0034441475478709
2459988.6194331	13.566107440604236	0.0037119346960626
2459989.5207026	13.49101797662518	0.0044380183636609
2459993.5217518	13.512524647579848	0.0037165760058436
2459996.7088062	13.538746819025732	0.0034404879030142
2459998.4329806	13.476932700415867	0.0028543824139173
2459999.3831411	13.508952946824056	0.002789659821796
2459999.6899218	13.551026052846076	0.0035824226361854
2460000.3626492	13.534938699638344	0.0027126595901541
2460001.3593972	13.496075930336277	0.0021143724595172
2460001.6290348	13.49784347662136	0.0029939685267463
2460001.6302752	13.513055344940954	0.0042167369382185
2460002.3851288	13.513356113344656	0.0017745598211023
2460003.4860761	13.470726093475347	0.0037698059099548
2460003.5669915	13.510871045283624	0.0037288456621889
2460005.5969237	13.499540224436997	0.0051545431605673
2460006.59494	13.543727915688446	0.0062879573556673
2460007.7074639	13.535075731595878	0.0079870140489044
2460008.6489735	13.56190403484484	0.0064329828916287
2460009.699927	13.584612377071243	0.0128108511979059
2460010.6645892	13.499605204849658	0.0086269044463764
2460011.6958766	13.55553459905036	0.0087975032760573
2460012.3532187	13.557599821472383	0.0105631595224194
2460013.2981316	13.49008793543162	0.0050273079610969
2460014.6950112	13.554154304469655	0.0075774113684375
2460019.6883652	13.558508622963537	0.0041698198990398
2460021.3769861	13.529272551413976	0.0031545775909455
2460022.6683584	13.544852980349065	0.0033237276649001
2460023.6330833	13.5197623521301	0.0030764393800124
2460023.6738598	13.55708773328251	0.0034968632661299
2460024.6515991	13.540842830173162	0.0036297749543331
2460027.5965274	13.487221125971065	0.0040447141805147
2460029.5181452	13.478654054048969	0.0034868515419469
2460029.5372902	13.455639200273763	0.0041265187890076
2460030.6348608	13.521179224810558	0.0029602784956625
2460031.5971285	13.475294369627576	0.003446542218687
2460031.5983687	13.4708433111501	0.0039881846750727
2460032.595481	13.499612129189934	0.0030873820303166
2460035.5853048	13.478218601065471	0.005704273854276
2460041.373042	13.501232320303648	0.0111950811091593
2460042.2577145	13.46931134663873	0.0042522931367744
2460042.6209241	13.529157260998367	0.0076178894582163
2460045.2247798	13.48697729765646	0.0032944351017519
2460046.3469596	13.513292788578406	0.0031479730355656
2460047.5948042	13.511959349912704	0.0024393793752068
2460049.3532164	13.505383442360277	0.0026359077819533
2460050.3518289	13.489061644013256	0.0033898561492402
2460051.2842157	13.476172291165714	0.0024754454436671
2460052.5136743	13.523500292873866	0.0026989710155927
2460053.5693035	13.470614783976975	0.0030626560667121
2460054.5778661	13.478689177301195	0.0033977490723685
2460056.5744124	13.488467852980463	0.0029662012015335
2460057.5653541	13.47561607693658	0.0031343454628051
2460059.573656	13.511286247894994	0.002961643125636
2460060.4855816	13.532346393471888	0.0033991316807973
2460061.5646592	13.475952717829909	0.0041955755142124
2460062.5583346	13.498805444169244	0.0043707537411705
2460063.5337492	13.51448669938646	0.0039427614148851
2460064.5253132	13.502548895251271	0.0048646628697505
2460066.5252681	13.51195551881644	0.0076729900736953
2460066.5492561	13.501297376649717	0.0056045784921981
2460068.2760413	13.469675290572118	0.0090749486338655
2460069.5383772	13.524867781754704	0.0064438555565154
2460070.2258086	13.42550252359259	0.0076852550903747
2460072.2509539	13.453825768414038	0.0061717378323889
2460073.2277072	13.434724451688163	0.0036148927898872
2460074.517588	13.57900247380702	0.0039207265986816
2460075.2078315	13.472377289066792	0.003768683113537
2460076.5088374	13.593200864690614	0.0044521731014831
2460077.4858306	13.543122153335284	0.003490603425893
2460077.4870712	13.529743305273136	0.0049749106628186
2460078.4931398	13.554007396267494	0.0034698492641001
2460080.4998877	13.498255079562876	0.003525800207604
2460082.4841813	13.537395022064963	0.0044645945801454
2460085.4757733	13.5241321325901	0.0058103874928789
2460107.4463145	13.525657594982032	0.0086587974947643
2460108.4463481	13.57595837196831	0.0179203592454106
2460150.9448705	13.526648111504826	0.0281551550831357
2460156.928036	13.501737391661814	0.0075963614038668
2460172.6457477	13.478422851370876	0.0099304911680453
2460173.675776	13.52320159618089	0.0054968349278468
2460176.643568	13.53664821263644	0.0033690230088901
2460183.6174211	13.541098990066274	0.0039022571636145
2460187.610164	13.194597629699157	0.0232768742077387
2460191.6003128	13.48192183246632	0.0065995400476274
2460194.6421085	13.583654206594389	0.0046873923416055
2460199.5734129	13.507712063910011	0.0026180020297713
2460200.5638781	13.488929346298695	0.0032860739535444
2460205.5610477	13.51778137098898	0.0022023191994047
2460206.5440771	13.458732144748655	0.0039697788844908
2460208.5475327	13.494537985802175	0.0033501511317561
2460216.514974	13.46880821382401	0.0171486014783156
2460217.7712252	13.583296593461244	0.0077412378678078
2460218.8083377	13.550225584230608	0.005401418890922
2460219.7718387	13.54247946110808	0.0055915856088361
2460221.5072125	13.463929822483747	0.0060934194433521
2460222.578967	16.38278570404364	99.999
2460224.762658	13.534205228643064	0.0031316601094917
2460225.7744644	13.507588473582942	0.0025012872477793
2460227.7500872	13.552105308029594	0.0032448545762001
2460228.735891	13.516174362750489	0.0030471055527646
2460229.8006341	13.512908341622056	0.0029761513303053
2460230.8097004	13.51138541475969	0.0025378285675741
2460233.4806682	13.513489299583805	0.0034160616507092
2460236.7194701	13.507096811605038	0.0058069305940392
2460239.7149379	13.553689687581508	0.0045286736999304
2460240.7719299	13.54542318652343	0.0036364284406162
2460241.8133799	13.564815306818671	0.0038889160867506
2460242.7416391	13.524576084295298	0.0051562815602227
2460243.6938778	13.474643322579782	0.0069305475596799
2460245.6919788	13.530205994955232	0.0072366756934656
2460250.7042189	13.525265218760046	0.0052824596612623
2460251.698613	13.557134473643808	0.0040048691248095
2460252.596982	13.476848567910912	0.0074312015124733
2460255.6596133	13.46654371997916	0.0039706630847379
2460256.7209237	13.556546201725869	0.0033815248672721
2460257.6857323	13.528928196269224	0.0036548231459246
2460258.3965753	13.56258532401667	0.0040090093157951
2460260.4352032	13.513042773624129	0.0030511008006026
2460262.6701987	13.522224561208557	0.0026825496036011
2460265.6335361	13.455645237622702	0.0036312257763501
2460265.8494539	13.522023807188967	0.003479545776183
2460268.6247195	13.498002111793546	0.0040615542388914
2460269.6144211	13.475828592572956	0.0057452308917991
2460270.6158174	13.475068160106709	0.0048009549901128
2460270.6856029	13.483714963892083	0.003757845115374
2460271.6487834	13.464248818945968	0.0051211175491176
2460272.6412048	13.472257247612474	0.0065098449697175
2460274.6126445	13.490523241843	0.0075958830283155
2460276.4329521	13.550272483441626	0.0100866898942208
2460277.6100371	13.464321123724805	0.0080201669903929
2460283.6217741	13.50159974916458	0.0019567337402965
2460283.6230028	13.43707039996656	0.0050581782526914
2460286.4991069	13.658720697075587	0.006155209215661
2460290.3354907	13.641778587054512	0.005838690016365
2460290.3367197	13.609321308869252	0.0057356733160248
2460293.7489361	13.499049520746883	0.0024357346494474
2460294.7325665	13.458768099889651	0.0034193254511959
2460295.7151488	13.472143446129383	0.0030236968526705
2460296.7077409	13.48654517631318	0.0027609015386751
2460297.6288981	13.485924575301842	0.0029517267530012
2460301.5481109	13.565978591732796	0.0063880712686226
2460302.3146455	13.431245271160044	0.0091747251643599
2460303.6236309	13.452488297836222	0.0062684158285044
2460304.6501462	13.460173765534462	0.0069042956706458
2460305.7292829	13.444702513509046	0.0092034141131836
2460311.2984304	13.480490019918632	0.0038865066515251
2460315.3465848	13.51510758340291	0.0034976414049461
2460316.6144181	13.509411465628496	0.0023094141411694
2460317.6095517	13.53281184358382	0.002503350514834
2460319.5353767	13.552359459087157	0.0060616597917934
2460320.2937239	13.454701630356244	0.0083136501082881
2460320.8046713	13.478678872360568	0.002889339050788
2460321.726434	13.476126037218004	0.003094175114185
2460322.7301872	13.457019416199133	0.00308612271322
2460326.2844608	13.489720962913395	0.0074391745619047
2460327.2903942	13.538715867166031	0.0062163795936794
2460327.8398347	13.537864531284551	0.0033591692005222
2460328.2800681	13.494233354529404	0.0050296649359616
2460328.5336885	13.486366446055	0.0063133837890622
2460328.8392981	13.508548919900322	0.0036391494440947
2460329.3028415	13.5421375051024	0.0049995458480004
2460329.6389635	13.54716645327107	0.0030424025454435
2460330.4706382	13.502483052333618	0.005766866967673
2460330.6417251	13.489309195453416	0.0043478224165423
2460330.8313385	13.504097989206835	0.003324484622458
2460331.3015436	13.528038011300968	0.0066066489279757
2460332.5922073	13.50327084651571	0.006297098570034
2460332.8266957	13.512850944641947	0.0033251744827655
2460333.361854	14.99079157428148	0.0649988834146815
2460336.6352055	13.557328390165296	0.010729202807579
2460337.5510628	13.517727546043972	0.0102235138701709
2460337.6313135	13.51756676573496	0.0057163218773119
2460337.8131131	13.514215539421732	0.0072313795974181
2460338.5551505	13.531925973272772	0.0081670444194953
2460338.6152885	13.51504844041575	0.0070602278231041
2460339.8043871	13.481161182373322	0.0062327375683978
2460340.5457251	13.543581336911863	0.0069560291176773
2460340.6228508	13.515957493903016	0.0051833084133677
2460340.8038786	13.49835651041354	0.0045948573463613
2460343.6020485	13.558470915499395	0.0047464640538803
2460369.7236843	13.543723698315752	0.0055618387349204
2460370.3954239	13.516172078569422	0.008741123433597
2460370.5621771	13.52186179100486	0.0030055687386083
2460371.5226747	13.49299723007831	0.002876917806778
2460371.7177137	13.546641000402367	0.0047722607397922
2460372.7167348	13.50442484611101	0.0058446584708674
2460373.7128873	13.559663477730991	0.0042796142442905
2460374.7112394	13.568320147391216	0.0038868878252499
2460375.7072905	13.579391969530988	0.0042324818747794
2460388.6621388	13.61235358097139	0.0077100541760651
2460394.2878273	13.25689888137945	0.0597355979154649
2460400.6308492	13.541834113406493	0.005049810848685
2460401.6260582	13.55445948207664	0.0044773990106984
2460402.6250122	13.58770575322401	0.0052002159745883
2460403.6203354	13.547863933531426	0.0043353693310403
2460404.6196112	13.540024898665708	0.0042992879810998
2460405.6149891	13.57075870182271	0.0049583604505797
2460406.6141643	13.53837890506638	0.004201289920777
2460409.6005801	13.50951896550799	0.0040289271535028
2460410.5997398	13.562272758690742	0.0066591638029183
2460411.593663	13.475868841165306	0.0038679871278413
2460416.5821697	13.473371606513489	0.0048499359965671
2460417.5789808	13.45530767363747	0.0044526895746063
2460418.5749382	13.50911423290491	0.0057479682415559
2460419.574428	13.465946144776328	0.0053631686900658
2460420.5830939	13.483808803088175	0.0060221716994575
2460423.5829404	13.520138986606977	0.011569353492568
2460424.5729273	13.485375179719924	0.0108883793908703
2460436.2719788	13.47412084409255	0.0041025330168134
2460437.4728746	13.500653951119933	0.0063972197113854
2460440.2617398	13.509009821288336	0.0041211947567419
2460442.4744163	13.53286716776398	0.0060617117636772
2460444.2096639	13.505102497183332	0.0040463326581406
2460447.2528909	13.462837003915432	0.0059000254749182
2460448.5150902	13.499261364017723	0.0108442918962512
2460449.2473903	13.539572992479076	0.0095884165843264
2460452.2413299	13.529488297190342	0.0111261535065755
