2458282.77955770  14.41856 0.00792
2458283.48532530  14.48634 0.00835
2458286.51383920  14.42273 0.00526
2458287.50271110  14.40060 0.00659
2458288.55540760  14.42247 0.00513
2458289.53315500  14.41221 0.00575
2458290.50319710  14.40195 0.00812
2458311.74622640  14.48921 0.00934
2458313.71304770  14.47116 0.00862
2458328.51362130  14.37912 0.01293
2458329.49543840  14.42749 0.00894
2458334.69027300  14.42180 0.00745
2458338.58815030  14.37149 0.00774
2458339.54706500  14.44811 0.00750
2458344.53043700  14.48167 0.00828
2458347.49862240  14.34369 0.00876
2458355.50457770  14.47425 0.01679
2458356.54554700  14.35661 0.01581
2458359.61396910  14.48121 0.01563
2458363.55938160  14.45845 0.00791
2458368.59124550  14.46450 0.00922
2458369.58761700  14.39827 0.00815
2458382.54872550  14.40641 0.01499
2458392.51202970  14.24338 0.01522
2458393.51258230  14.21174 0.00590
2458394.50921580  14.27455 0.00705
2458397.50299780  14.14248 0.00669
2458398.50249880  14.47649 0.00900
2458522.85402870  14.22138 0.00665
2458523.85335080  14.29058 0.00673
2458530.86497210  14.29765 0.01000
2458533.85823630  14.40510 0.02265
2458536.99347680  14.23424 0.02035
2458559.77748320  14.40975 0.01290
2458560.86582020  14.47170 0.00939
2458561.80246190  14.35989 0.01444
2458564.76891130  14.48242 0.02214
2458565.79229370  14.14865 0.01158
2458566.78761590  14.25352 0.01395
2458571.73810900  14.26661 0.00846
2458572.56536160  14.38540 0.00919
2458574.73143110  14.17636 0.00606
2458575.72044910  14.45348 0.00807
2458576.71643660  14.27484 0.01040
2458577.72426550  14.47195 0.01061
2458578.73674670  14.30337 0.00982
2458579.75751550  14.25527 0.00717
2458580.72331350  14.41267 0.00975
2458581.75596680  14.24578 0.00579
2458582.76139960  14.42842 0.00750
2458583.70597620  14.40169 0.00836
2458584.69757380  14.45279 0.00842
2458585.48381370  14.59677 0.01148
2458586.89355870  14.37702 0.00821
2458588.67901910  14.45031 0.01610
2458591.68312560  14.16615 0.01689
2458591.84216830  14.36997 0.01229
2458592.55428150  14.46106 0.02023
2458594.71325950  14.43307 0.01770
2458598.99189190  14.35781 0.01054
2458599.89801100  14.15225 0.00748
2458600.04952110  14.26227 0.01057
2458600.99763550  14.36857 0.01208
2458601.65090880  14.24935 0.00482
2458602.52011560  14.55312 0.01041
2458604.55524810  14.57965 0.01161
2458604.90550450  14.38762 0.00900
2458608.77985870  14.36951 0.00877
2458611.96084320  14.37248 0.00616
2458612.61623500  14.49689 0.00874
2458613.96571730  14.35038 0.00869
2458614.36467600  14.39079 0.00847
2458614.86673110  14.49074 0.01026
2458615.75022120  14.36223 0.00779
2458616.82420590  14.47393 0.00908
2458618.59611240  14.39342 0.01851
2458619.62375350  14.27013 0.01084
2458619.94950570  14.25235 0.01514
2458620.91944840  14.16836 0.03056
2458626.43345540  14.52503 0.01229
2458627.43929260  14.44382 0.01120
2458628.97586510  14.28178 0.00908
2458631.90212250  14.39250 0.00827
2458637.80066020  14.21859 0.00531
2458640.58493900  14.42159 0.00954
2458641.82767870  14.21583 0.00553
2458644.87880030  14.36781 0.00991
2458649.39436080  14.48613 0.01960
2458666.87373990  14.40944 0.00832
2458669.64141760  14.22362 0.00432
2458670.86206880  14.40779 0.00921
2458671.59645060  14.29250 0.00764
2458671.85507620  14.26111 0.00587
2458672.78860920  14.36638 0.00792
2458673.49202770  14.54617 0.00955
2458674.70428650  14.40929 0.01106
2458675.65888240  14.26508 0.00850
2458676.57250500  14.13565 0.00965
2458682.73723290  14.29218 0.02293
2458683.60471130  14.37795 0.01410
2458684.64713480  14.44373 0.01400
2458686.44507190  14.50995 0.01085
2458690.66484180  14.24551 0.00692
2458692.35990800  14.40019 0.01031
2458693.69741570  14.29581 0.01064
2458693.78408630  14.31081 0.00556
2458697.60872620  14.48538 0.00972
2458698.43730920  14.37253 0.00925
2458699.28318430  14.43918 0.00693
2458699.76605410  14.28951 0.00650
2458700.60988690  14.39004 0.00693
2458700.75804040  14.32407 0.00602
2458701.61084430  14.25907 0.00692
2458709.31943820  14.50902 0.01840
2458711.26241930  14.61398 0.02647
2458711.52898900  14.40826 0.01768
2458712.37805320  14.46075 0.02188
2458712.50705690  14.24977 0.00937
2458713.51870230  14.29928 0.00954
2458715.60875500  14.32481 0.01224
2458717.64715160  14.30983 0.01071
2458721.24312410  14.50590 0.00985
2458722.32142830  14.43410 0.00644
2458723.37506200  14.49898 0.00874
2458724.37522120  14.46964 0.00676
2458726.57238610  14.30557 0.01058
2458727.64105010  14.45594 0.01182
2458728.57392740  14.33502 0.01283
2458729.21545120  14.39205 0.01693
2458730.25644460  14.54510 0.01156
2458741.32563560  14.57771 0.03043
2458742.32643820  14.45456 0.02299
2458743.32128800  14.57050 0.02330
2458744.31804950  14.37886 0.01305
2458744.57736050  14.29060 0.00895
2458748.56703980  14.24178 0.00621
2458752.55315370  14.15301 0.00797
2458763.28114020  14.52258 0.02445
2458763.49504240  14.31563 0.01446
2458764.54141910  14.44399 0.02405
2458899.83794920  14.24461 0.00531
2458900.84383980  14.23695 0.00598
2458901.84622660  14.43808 0.00957
2458903.59991160  14.47222 0.00837
2458904.82517450  14.27513 0.00667
2458905.82043660  14.17330 0.00651
2458906.84415580  14.27784 0.01140
2458908.79660510  14.25660 0.00711
2458909.82104490  14.13382 0.00646
2458910.81042510  14.43126 0.01179
2458911.80735670  14.34985 0.01139
2458912.55008460  14.37224 0.00936
2458919.77567440  14.48329 0.03420
2458920.80282800  14.34904 0.02516
2458922.64549510  14.58089 0.01963
2458926.63777940  14.57670 0.01252
2458928.50009520  14.49186 0.00827
2458930.49383020  14.43360 0.00701
2458958.02401940  14.35733 0.00776
2458962.03599970  14.31453 0.00497
2458970.02676380  14.17981 0.00558
2458981.34844070  14.60135 0.02141
2458985.93524360  14.33956 0.00591
2458988.94707140  14.31960 0.00562
2458998.90645040  14.30104 0.00747
2459009.38215540  14.51254 0.02142
2459020.24213020  14.49673 0.00857
2459023.24244230  14.52756 0.00838
2459036.25305300  14.52714 0.02940
2459042.77329160  14.34356 0.00561
2459051.42185560  14.38544 0.00744
2459055.80121610  14.36693 0.00731
2459056.32521940  14.41919 0.00996
2459068.74496560  14.31375 0.00884
2459071.75118720  14.37441 0.00749
2459077.74037560  14.33359 0.00906
2459101.32402770  14.39075 0.00904
2459103.35710660  14.42047 0.01099
2459110.31316900  14.43168 0.01026
2459121.28161560  14.43818 0.02009
2459133.26684310  14.45773 0.01898
2459240.87240930  14.17506 0.01109
2459242.87110770  14.46530 0.03096
2459250.85555280  14.51138 0.01990
2459259.83407530  14.24944 0.00730
2459260.82650980  14.35589 0.00996
2459262.81953570  14.14246 0.00650
2459263.82830600  14.22305 0.00657
2459264.82534040  14.15479 0.00659
2459267.82932920  14.40546 0.01248
2459268.81637620  14.27579 0.00848
2459272.58088040  14.41160 0.02472
2459274.78632540  14.22168 0.01396
2459275.77664470  14.31488 0.01768
2459281.76889250  14.24059 0.00630
2459282.76399890  14.20304 0.00713
2459291.54252410  14.33678 0.01090
2459294.84290990  14.49608 0.01301
2459295.74155880  14.20325 0.00638
2459295.84347760  14.41403 0.00872
2459296.76882160  14.46645 0.00999
2459297.82471540  14.40894 0.00835
2459298.47649410  14.41558 0.01573
2459301.70976860  14.13946 0.02195
2459301.85498380  14.40380 0.01890
2459309.62550200  14.47251 0.01182
2459311.45472500  14.41354 0.00850
2459312.76245030  14.29600 0.01086
2459313.88874190  14.27893 0.00730
2459315.63046870  14.46348 0.00910
2459316.60106440  14.54162 0.01004
2459316.67146840  14.21825 0.00419
2459316.76714840  14.38474 0.00977
2459318.59366890  14.54959 0.01122
2459320.40869390  14.48762 0.00882
2459321.91007010  14.44561 0.00939
2459322.49039910  14.51342 0.01029
2459322.72741140  14.28310 0.00658
2459323.47743970  14.53052 0.00857
2459324.68275510  14.46683 0.01082
2459327.48985230  14.52323 0.01148
2459328.44542520  14.37796 0.01911
2459329.64290970  14.50315 0.02384
2459336.78178900  14.35559 0.02002
2459338.65540220  14.18506 0.00679
2459340.81613420  14.31967 0.01083
2459344.34994100  14.47520 0.00542
2459346.58641780  14.52017 0.01151
2459348.91329470  14.18269 0.00625
2459350.86491670  14.51451 0.01148
2459351.51360500  14.50884 0.00951
2459351.56989940  14.20633 0.00369
2459352.87292920  14.46586 0.00795
2459354.94107730  14.40445 0.00957
2459357.57371840  14.25568 0.01296
2459358.30830120  14.52729 0.02636
2459358.55771060  14.32819 0.02782
2459365.53160140  14.18536 0.00705
2459365.68800200  14.45055 0.01027
2459367.54838180  14.36279 0.00925
2459370.33071550  14.44447 0.00616
2459372.28262980  14.39928 0.00867
2459372.53687590  14.46161 0.00657
2459372.69503850  14.26691 0.00701
2459374.51717460  14.49363 0.00901
2459375.45188470  14.59811 0.01126
2459376.44332030  14.41164 0.00841
2459379.49360070  14.26899 0.00702
2459379.68977470  14.42938 0.00895
2459382.85972350  14.37599 0.00648
2459384.82395590  14.43036 0.01072
2459386.47500530  14.22160 0.00942
2459387.82007430  14.44878 0.02217
2459392.49203420  14.46863 0.01210
2459393.48229370  14.42087 0.01187
2459394.62924880  14.28023 0.00749
2459396.76090810  14.26842 0.00851
2459396.79941560  14.40426 0.01251
2459397.75922690  14.43278 0.00983
2459401.70446580  14.33599 0.01050
2459402.67862710  14.44756 0.01100
2459405.64853050  14.47038 0.01021
2459405.68339750  14.19285 0.00570
2459407.68143480  14.23134 0.00445
2459410.83035170  14.30989 0.00587
2459412.66924040  14.34837 0.01059
2459413.62692460  14.43364 0.01366
2459418.61503950  14.30831 0.01875
2459420.56071950  14.44651 0.02199
2459421.38224860  14.56197 0.01922
2459421.55556060  14.19570 0.00890
2459421.69535720  14.39941 0.02016
2459422.68611540  14.51177 0.01686
2459424.79506060  14.40505 0.00856
2459426.74819140  14.35594 0.00956
2459428.68387890  14.46622 0.01152
2459429.66978880  14.32152 0.01098
2459430.65126620  14.45462 0.01057
2459431.61998870  14.48070 0.01058
2459432.56729540  14.41860 0.01013
2459433.55679000  14.26766 0.00688
2459435.65138200  14.48332 0.00963
2459436.56387870  14.11965 0.00652
2459437.54564510  14.24191 0.00611
2459439.52451070  14.42253 0.00935
2459442.30679160  14.47277 0.01261
2459447.56486040  14.16757 0.01419
2459448.63521470  14.44912 0.02528
2459449.24903900  14.50841 0.02939
2459452.64852570  14.27153 0.01216
2459453.60696080  14.18247 0.00700
2459455.60518910  14.46994 0.01191
2459456.51476770  14.34745 0.00986
2459463.60318960  14.25334 0.00643
2459466.50863710  14.26275 0.00692
2459467.26357490  14.45088 0.00905
2459473.30607920  14.60276 0.02590
2459476.31168850  14.34582 0.02873
2459479.29839310  14.59013 0.02569
2459484.54269660  14.20504 0.00587
2459485.53747470  14.48900 0.01252
2459489.26579880  14.37870 0.00856
2459490.50881560  14.41670 0.00995
2459491.52633820  14.23445 0.00720
2459494.50332710  14.47648 0.01125
2459496.50013520  14.51962 0.01367
2459502.48812100  14.41454 0.03638
2459609.88167030  14.61007 0.05276
2459614.60935960  14.46270 0.01633
2459626.82634490  14.21333 0.01834
2459628.83018560  14.19240 0.01519
2459629.82934200  14.27200 0.01480
2459630.82859320  14.12638 0.01187
2459632.56464300  14.63539 0.03153
2459633.59309100  14.38657 0.01104
2459637.55221580  14.50218 0.01200
2459638.79956930  14.51458 0.01427
2459640.78477830  14.24433 0.00734
2459644.12946810  14.36496 0.00794
2459644.52791330  14.37191 0.00981
2459646.77277320  14.21865 0.00650
2459648.84421310  14.46760 0.00877
2459651.11167560  14.38930 0.00697
2459653.10794740  14.37743 0.00720
2459655.49631560  14.49637 0.02830
2459659.73932720  14.25467 0.01411
2459659.79682190  14.46854 0.02210
2459660.85903790  14.17103 0.01150
2459660.86033230  14.28253 0.02712
2459665.09351180  14.23792 0.00820
2459666.51272540  14.43148 0.00922
2459671.80248310  14.19152 0.00460
2459671.83208660  14.32760 0.00837
2459673.70725290  14.28325 0.00683
2459674.71790570  14.20038 0.00555
2459674.76132250  14.38233 0.00745
2459675.79843390  14.49158 0.00857
2459676.78155420  14.39486 0.00603
2459677.78183780  14.46077 0.01065
2459677.78310190  14.53550 0.01611
2459680.91024850  14.37850 0.00943
2459684.66261760  14.31655 0.01515
2459685.84815160  14.48953 0.02012
2459692.67528030  14.45508 0.00892
2459693.81465660  14.35421 0.00790
2459694.77425650  14.46562 0.00775
2459695.65292180  14.31189 0.00774
2459696.82296070  14.48940 0.00837
2459699.37803920  14.46070 0.01268
2459702.78019150  14.19208 0.00539
2459703.84977850  14.26748 0.01020
2459704.54577950  14.54582 0.00963
2459705.87376180  14.31103 0.00850
2459708.34548740  14.27787 0.02272
2459708.34797980  14.44783 0.01575
2459709.35651600  14.51786 0.01178
2459709.35776780  14.31974 0.02700
2459709.37791550  14.31766 0.02337
2459709.37916750  14.31600 0.02805
2459711.52735130  14.36385 0.01204
2459712.54226480  14.47570 0.01421
2459714.79513020  14.27069 0.01471
2459721.91445950  14.28831 0.00593
2459724.50383680  14.35903 0.00819
2459726.74044030  14.22054 0.00326
2459727.34891760  14.41858 0.00816
2459727.35015780  14.24182 0.00827
2459727.78096970  14.50275 0.00955
2459730.41089350  14.54531 0.01188
2459737.30380590  14.51442 0.00982
2459739.35480370  14.54588 0.01358
2459742.29318830  14.43424 0.03966
2459746.63147090  14.21753 0.01292
2459746.63275890  14.25533 0.02024
2459747.81558060  14.39318 0.01770
2459749.72555910  14.25298 0.00785
2459756.28916170  14.46719 0.00820
2459758.86956260  14.31147 0.00649
2459760.56838630  14.49583 0.00802
2459767.63184730  14.13551 0.00638
2459774.24848780  14.53192 0.04307
2459782.73813920  14.19112 0.00551
2459783.70189120  14.46777 0.00752
2459784.63277780  14.23405 0.00443
2459787.70379670  14.26074 0.00478
2459788.66230910  14.46301 0.00861
2459789.70872300  14.20199 0.00750
2459792.68414940  14.25191 0.00614
2459793.67319770  14.16977 0.00560
2459794.70080390  14.28801 0.00651
2459795.68684890  14.15824 0.00630
2459796.69762600  14.24776 0.00690
2459797.60891280  14.49959 0.01085
2459801.30877000  14.48417 0.02570
2459804.72980570  14.47226 0.07574
2459805.55630550  14.43825 0.01276
2459806.62824840  14.30592 0.01430
2459806.63074170  14.36048 0.02013
2459807.66125940  14.28459 0.00889
2459808.58376640  14.44113 0.00659
2459809.63264420  14.44908 0.00768
2459809.67970860  14.24896 0.00655
2459811.55471500  14.23690 0.00487
2459814.51564160  14.45913 0.00835
2459815.57685050  14.17591 0.00588
2459818.54005020  14.45244 0.00756
2459819.58459950  14.12652 0.00676
2459819.58717810  14.19127 0.00847
2459820.58659230  14.43580 0.00766
2459821.62164340  14.14616 0.00577
2459829.51998870  14.27202 0.01135
2459835.22372440  14.50353 0.01486
2459836.56208440  14.45609 0.00855
2459838.57577450  14.32581 0.01156
2459840.56335300  14.45910 0.00891
2459842.54616170  14.25503 0.00584
2459843.51385260  14.16963 0.00618
2459851.53444400  14.47783 0.01207
2459856.50664830  14.21141 0.00900
2459858.52576790  14.37305 0.01501
2459861.49695420  14.18374 0.01124
2459862.49294660  14.50994 0.02946
2459862.49417650  14.51426 0.03464
2459863.49349170  14.37891 0.01048
2459864.50149320  14.48550 0.00972
2459865.49828900  14.33042 0.01266
2459866.49150290  14.40756 0.01386
2459866.49275180  14.43061 0.01888
2459867.48798070  14.34816 0.02019
2459969.87698470  14.27812 0.02039
2459971.87218540  14.26939 0.01376
2459973.86711910  14.46126 0.01349
2459975.86607910  14.49746 0.01333
2459987.83372640  14.19260 0.01031
2459994.82489540  14.18667 0.00574
2459996.81279110  14.40466 0.00925
2459999.57281130  14.38449 0.00837
2459999.57406360  14.17871 0.00834
2460002.57582820  14.53795 0.00961
2460003.82712460  14.40615 0.00715
2460007.59212820  14.54036 0.00992
2460012.52467130  14.39642 0.02218
2460020.62600470  14.46774 0.00793
2460020.88238570  14.21311 0.00534
2460020.88498220  14.29895 0.00944
2460021.73863790  14.48042 0.00925
2460021.82119170  14.28730 0.00644
2460022.77548200  14.34976 0.00737
2460026.72868780  14.28153 0.00613
2460026.74514930  14.51377 0.00981
2460027.86500080  14.46399 0.00818
2460030.07150700  14.40332 0.00703
2460031.58713240  14.44893 0.00710
2460035.07590420  14.23791 0.00662
2460035.57011830  14.52874 0.00838
2460036.50702340  14.36858 0.01190
2460037.48891640  14.49391 0.01360
2460047.79882830  14.25774 0.00816
2460048.79896330  14.30342 0.00980
2460050.07858990  14.28770 0.00751
2460051.56047120  14.38389 0.00792
2460057.03153560  14.29276 0.00496
2460060.00819560  14.34751 0.00570
2460065.56365100  14.58392 0.01414
2460066.87376620  14.47195 0.01052
2460068.92181590  14.44171 0.01196
2460075.72599350  14.42784 0.01018
2460077.81340590  14.47019 0.01039
2460078.80151000  14.35725 0.00848
2460080.80472250  14.49834 0.00992
2460085.59003810  14.46402 0.00832
2460086.77650890  14.46392 0.00827
2460089.58467640  14.39554 0.00715
2460091.61791040  14.27366 0.00689
2460092.61071020  14.37562 0.00898
2460096.79087970  14.24644 0.01010
2460097.76679140  14.45303 0.01532
2460103.76641210  14.43439 0.01143
2460107.79432140  14.24244 0.00532
2460109.85953490  14.34266 0.01018
2460113.69307870  14.36853 0.00772
2460114.78741700  14.23524 0.01127
2460119.89941340  14.24505 0.00603
2460122.57076470  14.17072 0.00900
2460124.62351650  14.35215 0.01049
2460129.50282860  14.36355 0.02505
2460131.84977380  14.38499 0.01347
2460133.76266750  14.18097 0.01403
2460137.49611520  14.54347 0.00948
2460138.76341680  14.49805 0.00991
2460141.77186230  14.24466 0.00637
2460148.78138930  14.31661 0.00722
2460151.84323500  14.37404 0.01046
2460158.59888330  14.25316 0.01259
2460158.76289540  14.40406 0.02206
2460160.76964430  14.42305 0.01074
2460169.39297390  14.53187 0.01012
2460172.37877480  14.53515 0.00995
2460185.30823820  14.61864 0.02557
2460214.31888210  14.40746 0.02244
2460215.27992820  14.58168 0.02027
2460218.51764810  14.15974 0.00839
2460219.52162760  14.27382 0.00736
2460220.51710950  14.35837 0.01042
2460221.51179670  14.47377 0.01275
2460222.51182620  14.11938 0.00771
2460224.50440440  14.19368 0.00680
2460226.49251810  14.44152 0.00962
2460228.50136930  14.29075 0.00821
2460230.24110740  14.54372 0.01408
2460340.87713190  14.33364 0.01592
2460341.88413490  14.39285 0.05833
2460342.87249490  14.34388 0.01425
2460366.80681100  14.39723 0.02804
2460367.80490550  14.49704 0.01932
2460369.84921140  14.23924 0.00860
2460370.83269690  14.33873 0.00981
2460376.88989100  14.46847 0.00970
2460382.90687460  14.50057 0.01309
2460384.83519210  14.41991 0.00732
2460387.10123750  14.36627 0.00617
2460388.09781680  14.25841 0.00715
2460389.59675520  14.53310 0.01128
2460390.58639650  14.61652 0.02033
2460391.09163910  14.34938 0.01108
2460391.55939760  14.35946 0.01773
2460397.89821460  14.54159 0.02869
2460402.90173580  14.51596 0.01345
2460407.72024530  14.41874 0.00719
2460409.91113390  14.34587 0.00815
2460410.88780360  14.46462 0.00888
2460416.52476480  14.58066 0.02175
2460417.60031910  14.48478 0.00942
2460417.69571540  14.43066 0.00811
2460418.51705570  14.63499 0.02438
2460418.78530070  14.35147 0.00758
2460419.67532630  14.40355 0.01038
2460421.44898050  14.42505 0.04156
2460421.68135870  14.38649 0.01314
2460423.02302930  14.28081 0.01663
2460432.02734860  14.32858 0.00855
2460436.86250360  14.42161 0.00755
2460438.95346500  14.37913 0.00766
2460439.80172510  14.49095 0.01040
2460440.78232810  14.35972 0.00984
2460444.37406790  14.54557 0.00865
2460446.63604210  14.50731 0.02017
2460448.57461030  14.40379 0.01569
2460449.57442140  14.31450 0.01178
