2458003.8371627	14.323674062411618	0.0165311057462971
2458019.9104136	14.308477735569664	0.0072762905344954
2458039.996706	14.462901180413551	0.0107378226949714
2458043.0009216	14.485583927331732	0.0101909886764864
2458043.962792	14.32057471954818	0.0074509341453452
2458047.9413695	14.54197605881776	0.0083996947222388
2458052.8449329	14.512191649046745	0.0068145739806419
2458053.8408939	14.376504753723989	0.0061435301782388
2458054.8400452	14.47931010441754	0.0069360691792033
2458055.8395224	14.551697892362832	0.008410225937698
2458056.771351	14.307788551140634	0.0095380711303834
2458059.8079114	14.46488339093338	0.0130474720513726
2458060.7866406	14.535582544472463	0.0198267437183155
2458067.9507328	14.499687303702922	0.0099003219271028
2458069.9739258	14.55294957461196	0.0086456874236672
2458071.8998116	14.514338936584233	0.0077196386105993
2458074.8793352	14.547703576015444	0.0112827594610672
2458075.8589832	14.303066480945198	0.0074160782752088
2458076.861788	14.514862180596992	0.0071044102118577
2458077.8392565	14.547854399841142	0.0080638591833692
2458079.8498967	14.569878934639425	0.0091484635042279
2458080.7869688	14.294279869320077	0.007675246094963
2458081.7835604	14.508451807890529	0.0067573639593615
2458082.7618806	14.576214203568734	0.009537699018391
2458083.7169902	14.387033474122536	0.0058229809714553
2458084.6953218	14.529661916930433	0.0087051157785454
2458085.7001358	14.348772109288348	0.0092907369344279
2458086.7758251	14.46790989890145	0.0079974118932925
2458087.7497597	14.479871465953416	0.0142216296312556
2458088.4129398	14.535855060862415	0.019429688658038
2458088.6597093	14.292090113450236	0.0150018010182285
2458094.7856894	14.513785360780547	0.0128079855955028
2458095.5023685	14.537175974128797	0.0124544127703058
2458095.8123605	14.346096063513365	0.0080470662191663
2458096.8167156	14.473238355031157	0.010518734961632
2458097.8133688	14.237646968413603	0.0087635030052842
2458099.7884323	14.455332689779745	0.0064528634613897
2458101.7739412	14.506582960070366	0.0083170168183988
2458103.7675295	14.462575496730244	0.0069397647307212
2458104.6753117	14.495122802652476	0.0090215516278837
2458107.6724326	14.24638495115375	0.0072468460618525
2458108.6691441	14.437595871847048	0.0061247374279862
2458109.5434381	14.48735480153996	0.0079498446045559
2458110.5439606	14.280977576370525	0.0073888874588449
2458112.7173204	14.38236997223748	0.0061397373754635
2458113.5485266	14.400970556378986	0.0073049142749831
2458113.742998	14.548786579534012	0.0092469195281859
2458114.5488161	14.49214126759796	0.0096158955293201
2458115.3144526	14.537455735481132	0.0117852284663932
2458115.5673547	14.335815444153813	0.009562035299889
2458116.3532374	14.388243113129716	0.0105723878060685
2458116.6605481	14.487276906901531	0.0158827929472127
2458121.6776567	14.620338854434037	0.0283875658045882
2458121.6825778	14.561081262851916	0.0153802140858737
2458128.4587306	14.470539533209934	0.0055584924664526
2458128.7144112	14.564460158799896	0.0093681772924596
2458129.4422799	14.5340658625942	0.0078305496216696
2458130.4336439	14.36995180376982	0.0065047755614128
2458130.7146525	14.543483122884442	0.0085049928345194
2458132.4076936	14.310917179493083	0.0070475637841556
2458132.6913015	14.477535411009212	0.006089729372078
2458133.6880701	14.55998925259703	0.008954843783565
2458134.3846824	14.547155396444513	0.0084573110227131
2458137.6691663	14.483937945075976	0.0056603659554651
2458138.6820437	14.542404723773572	0.0080191713056523
2458139.6699209	14.405103825543952	0.0053742821368206
2458148.6231361	14.4649172707853	0.0142807148491121
2458150.3527352	14.437496514888425	0.0211086292177684
2458153.6678487	14.294603676412002	0.0075445364142973
2458154.6525111	14.507581435737317	0.0071798494035377
2458155.6184151	14.581575029548375	0.0092005112612253
2458157.6234279	14.495917534685995	0.0078336595881374
2458158.6464614	14.304949304427922	0.0072349165367342
2458162.6305052	14.543439308942702	0.0085053157747755
2458163.6237884	14.366009715123305	0.0091942760934433
2458164.6163567	14.49722084422788	0.0071414073642061
2458166.6141045	14.388399656086888	0.0055981256593579
2458166.6225086	14.44065142851912	0.0041649282752972
2458171.6002187	14.431543041356484	0.008787143068158
2458175.6943564	14.342452137771083	0.0115048573827135
2458176.3289437	14.27702398491798	0.0162328641907978
2458176.5441262	14.396901328144615	0.0202929486612224
2458177.3278835	14.432739714855533	0.016909477610996
2458178.3286595	14.452995047328791	0.0211429214541811
2458179.3131961	14.38131362329324	0.0230766609362125
2458180.5742701	14.181688077082802	0.0183813490036761
2458181.3170412	14.29545079958473	0.0157991970463465
2458181.5733364	14.411012970498644	0.0144990604176273
2458182.3117667	14.492108207224776	0.010938346069974
2458182.5688818	14.465485452283872	0.0124383302673193
2458182.6145152	14.387168415297811	0.0065082096194544
2458184.5631775	14.48348203914007	0.0085132238860949
2458186.5474919	14.443599736608537	0.0063298450849462
2458187.5272403	14.461101341559894	0.0067647182933024
2458189.5513385	14.482128303251288	0.007696689848291
2458190.5647981	14.304442318269531	0.0072280761889769
2458191.5460027	14.464010787869128	0.0084974558008529
2458192.5413953	14.318493710466672	0.0074424462618345
2458193.540415	14.40055599742682	0.0059965073524623
2458194.5323432	14.537431378296173	0.0084829677152754
2458195.535069	14.354883887782208	0.0066905445809378
2458196.5271569	14.47420652929562	0.0072588721828028
2458197.5260494	14.286531327501024	0.0071393616357325
2458198.5214863	14.405648831469906	0.0059137499806509
2458203.2523079	14.28201718306256	0.0111040145711222
2458211.2302597	14.417005565987951	0.0104017944766734
2458212.4800264	14.327820559438733	0.0132118042039061
2458214.4783605	14.302716581102132	0.0144531090532602
2458215.477608	14.444959591559536	0.0149899328775856
2458216.219815	14.438150749918853	0.0228560611127644
2458330.6788184	14.390119049258445	0.0254050686355425
2458331.9396184	14.380483368719783	0.0408592856904341
2458333.6690636	14.459354751070524	0.0096808282462752
2458334.6655775	14.500615481248612	0.015967972001888
2458345.9530829	14.61057526958027	0.01262864755279
2458351.9109395	14.32115423795671	0.0081094649899162
2458353.6371697	14.509120328642616	0.0075541091924305
2458354.6261372	14.272192808247864	0.0110787553939605
2458354.9249341	14.490030513680578	0.0136684178452596
2458355.6256854	14.453779542164082	0.0251645860836725
2458355.8779696	14.46215788680227	0.0171538024361233
2458358.8678924	14.202208644260883	0.0156569753208586
2458362.6500999	14.445646989877188	0.0146043535087676
2458362.9767345	14.623163409001204	0.0178613520752337
2458369.8829375	14.471592576689986	0.007136109125766
2458370.8380441	14.361963212754638	0.0064112471548782
2458372.6167847	14.48092299037026	0.0064205640720988
2458373.633052	14.43482323417615	99.99
2458376.8208477	14.407833670309614	0.0060275404672813
2458395.5793263	14.411420748975235	0.0062231054858833
2458396.5880554	14.449695736758706	0.0056045178323683
2458398.8224639	14.459155120106743	0.0066803460353148
2458401.7562259	14.505963726308876	0.0078500525716925
2458405.8364821	14.495091674659925	0.0075952238652413
2458407.7317386	14.25698865943958	0.0075148947118747
2458412.7243226	14.301141188978818	0.0110706177741615
2458412.8736148	14.477637994820553	0.0108607678543403
2458424.5804277	14.437874760870123	0.0063103739464689
2458425.7606899	14.618220034921167	0.0088952343696303
2458426.7784607	14.387104852404988	0.008162980582068
2458428.8805636	14.343400370199529	0.0077728289299318
2458429.6658763	14.233646119871732	0.0087904042125562
2458430.5467481	14.438706551018702	0.0051933700717051
2458436.7037568	14.24590009944742	0.0076121637651648
2458438.7865149	14.307875063865376	0.007407250353966
2458440.6883359	14.47296999963317	0.0101563116480654
2458441.6330351	14.277541955638522	0.013451760590941
2458442.6339064	14.533472900860083	0.0228855878001516
2458449.7917774	14.55147726132623	0.0156306046320899
2458451.8504467	14.441585345360863	0.0162166301575866
2458454.0121652	14.425920566434216	0.0066317107959504
2458454.4089939	14.253512916103675	0.008837652807288
2458454.5894028	14.417764030720583	0.00770177563007
2458454.8440606	14.566027888732725	0.0114543780650251
2458455.4713725	14.532880778297583	0.0083142696092481
2458455.5867224	14.50158042987602	0.0085501946924033
2458456.9108003	14.51437257078117	0.0102053245635106
2458457.5061496	14.50268608144421	0.0070554826223343
2458459.7545771	14.525448916874131	0.0078048941576516
2458462.8019149	14.298559459286666	0.00530798445563
2458463.5668428	14.275216075511176	0.0073863060679172
2458464.5262838	14.43896463760264	0.0061529202605978
2458464.5832059	14.457591140549908	0.0054700551293127
2458465.4967104	14.53021551730404	0.0082870472425722
2458465.5864379	14.529830698213928	0.008549764714246
2458466.9167248	14.451503922319748	0.0092612055911809
2458468.6117348	14.309250922816862	0.0088630189628023
2458469.5145017	14.478968148555078	0.0065238733379886
2458469.9008537	14.275034360207968	0.0070053597022215
2458476.9225414	14.481600142098925	0.0161842926641622
2458477.7420217	14.283245508606974	0.0128277138991684
2458478.6301074	14.394705681975069	0.0105361649509381
2458478.8752001	14.56072737536874	0.0186297891439024
2458480.7088542	14.358208118166942	0.0075886632553456
2458481.479807	14.461536586310546	0.0087394919343026
2458481.536965	14.438421903915453	0.0097798212099562
2458482.4883874	14.48781451221713	0.0088947399114883
2458483.4401923	14.288459624877389	0.0082356673015794
2458483.8274594	14.527429812940154	0.0088463241628513
2458484.7596219	14.371990411630753	0.0068660437082384
2458485.4302847	14.47340865611599	0.0063793703714855
2458486.6208063	14.48985310073308	0.0088708737380076
2458487.4400905	14.43482323417615	99.99
2458490.4834347	14.276353156845188	0.0083982051455104
2458492.9195832	14.396754979363672	0.005412423336702
2458495.782832	14.430446160045946	0.0064425234724884
2458496.5455454	14.49495630931013	0.0107081804170553
2458497.4388737	14.52497936691612	0.0089177142021528
2458497.7253958	14.31089945206568	0.007919661264921
2458498.4118926	14.43482323417615	99.99
2458499.7263409	14.227678704233016	0.0096771953050162
2458505.8759445	14.452861796476368	0.0201173478840433
2458506.8835645	14.294167843339451	0.0122686042055667
2458507.4182376	14.36987021312807	0.0135613014255518
2458507.7263106	14.496232728146335	0.0111411209720106
2458508.819141	14.249532355453375	0.0053541018757153
2458509.675775	14.32639171193026	0.0122244729740692
2458510.4039961	14.388029737687786	0.0065308845456465
2458510.8928154	14.385355507588551	0.0065316009352115
2458511.3028405	14.48561072472438	0.007718690649744
2458512.6480543	14.4543860535674	0.0055156090447378
2458513.33905	14.441227021934465	0.0051707923997046
2458514.3004431	14.5378943584563	0.0077031445299068
2458514.671719	14.380452755932286	0.0074085480330032
2458517.3735688	14.29158869547236	0.0076960143853481
2458518.6589525	14.479933271481336	0.0065917886402697
2458519.3391965	14.572138713555129	0.0093888997064702
2458520.2750726	14.34879576947244	0.0112014659525064
2458521.3831816	14.506846937023262	0.008089836490356
2458522.6833191	14.503746694172635	0.0075071969627457
2458524.3872873	14.349909860046584	0.0068403114368318
2458526.6411492	14.34690286639494	0.0081247444324572
2458536.7087035	14.420081152346391	0.0135058206978926
2458538.2610884	14.5448215183234	0.0130194627792856
2458539.3232745	14.286830821818446	0.0075234145811362
2458540.6959364	14.29287871884423	0.0082060289506262
2458541.6930783	14.477665469565409	0.0075264053648416
2458542.5877751	14.50767481341482	0.0087367610480609
2458543.3163652	14.513970123896163	0.0079588254619324
2458543.6864501	14.389992701940669	0.0067026584186095
2458544.3149648	14.310704471387968	0.0078995400786002
2458545.3291078	14.500153949819818	0.0086254084004118
2458548.2807552	14.52751234673405	0.0084133324356158
2458549.3013295	14.327467031262472	0.0076937382700402
2458554.2942899	14.375513851565316	0.0089429923632247
2458558.5393886	14.364394897231666	0.0148358022880764
2458559.2459754	14.384458468342292	0.0159389374424394
2458559.6417527	14.602970296092812	0.0219983055186987
2458560.2703532	14.48193328755448	0.0156688708251037
2458561.6205476	14.564844641763386	0.0245352982082814
2458562.6453629	14.357709617364492	0.0199615432864395
2458564.252033	14.404251241154888	0.0153921944696968
2458566.5167767	14.465056790007676	0.0072249292855114
2458567.6161625	14.300439628116475	0.0082296649560211
2458569.502719	14.498819929023606	0.0074221936314632
2458570.5133102	14.310804234955922	0.0078990536189411
2458575.4898445	14.34326550522313	0.0078443118256521
2458576.5005655	14.49503855677522	0.0078472581574996
2458577.5313487	14.245655072036998	0.0115164401673123
2458577.622929	14.385005206698956	0.0092025184847018
2458578.5879242	14.590325280272696	0.023742346591743
2458580.4857702	14.351734433406904	0.0094380399395579
2458581.4810726	14.517752452003291	0.0115021711645947
2458585.4714574	14.360394801101624	0.0245647636777644
2458586.4719681	14.517980634289229	0.0463037263780688
2458697.6767471	14.554715110852989	0.0135710854999943
2458700.1218221	14.352854339979046	0.0083381418581634
2458703.1164377	14.393164230505777	0.006222106943494
2458706.6359269	14.50299432031835	0.0083177449575521
2458708.1101332	14.42670380694323	0.0065039420370697
2458709.1055254	14.213330201327794	0.0075372661036525
2458710.0895995	14.333341735878186	0.0199086759933236
2458710.9704465	14.53426120180371	0.0245384871522663
2458711.9031878	14.381064667938173	0.0223194115389945
2458712.9032457	14.454049685103865	0.0151913244221648
2458714.0951399	14.194652425911316	0.0139621445099162
2458715.087965	14.43731074835579	0.0223286043414611
2458716.1209943	14.30691122393853	0.0108308371889834
2458722.9342891	14.461350348980666	0.0088999390075679
2458724.9058465	14.384963730630083	0.0103378683224538
2458726.8651733	14.293550734989696	0.0120330205006236
2458726.961731	14.365842486546562	0.0068219502080753
2458728.6381717	14.520205791181803	0.0092095401209415
2458729.6032195	14.353313292462444	0.0074645681118124
2458730.6007579	14.431412927200782	0.005945449696487
2458731.0507596	14.20143311215466	0.0065286616659014
2458733.6024838	14.50925952065859	0.008038750142163
2458737.0546968	14.43421251209877	0.006730366041442
2458738.0409444	14.330300671427088	0.0102676129546919
2458743.5721095	14.512738750533266	0.0378433276268343
2458744.0073136	14.33053661943985	0.0136341983944066
2458744.6337538	14.464814207522554	0.0224623505189145
2458745.0909642	14.401153467050635	0.0090041497596716
2458749.8955688	14.559515675577584	0.0120174104122258
2458753.8993491	14.443003504589644	0.0057105157342687
2458755.7673156	14.301659957286963	0.0088757501226388
2458757.0711983	14.485950798608425	0.0072207485562445
2458762.9258508	14.28950489351466	0.0082148352642389
2458764.9045672	14.553592610179486	0.0096132805630657
2458765.7569002	14.27837540557925	0.0107252825664539
2458769.5813955	14.454127052075012	0.0189178963406044
2458771.5445493	14.47796099622429	0.0381164988421638
2458778.1123	14.409455870576958	0.0109428407889401
2458779.7756452	14.462250935699965	0.0101963537393809
2458781.1493231	14.47611918629307	0.022979260586793
2458788.5332739	14.410018832931286	0.0058620615935127
2458791.0651866	14.4632715460455	0.0066331484642602
2458791.977187	14.235409181198516	0.0060844190924839
2458793.6896173	14.53589838474532	0.0127882423372234
2458794.6786392	14.421567806694984	0.0142066855120847
2458795.736619	14.462655993253575	0.0111690271575324
2458796.425604	14.444296870800668	0.0152900341192587
2458797.8561816	14.3904883603374	0.0197875753794267
2458805.7381558	14.460624325583	0.017599028664962
2458807.000332	14.35975348764188	0.0087819192034363
2458807.5435451	14.304229788430746	0.0106542618637368
2458808.0786256	14.411477827472773	0.0070842455264024
2458808.5625968	14.505321693030442	0.0105684039105927
2458808.6619848	14.47250655018999	0.0083030057346722
2458809.5449368	14.313729303162026	0.0078270016664456
2458810.6519621	14.511046576068551	0.0093947114225201
2458811.8468161	14.36733422332477	0.0065966565531885
2458813.8764661	14.196387206035206	0.0060237840895387
2458814.6245308	14.326160654324568	0.0076359162356275
2458816.6546783	14.234725630354676	0.0082374375281005
2458817.032679	14.45428963676862	0.0063937781136439
2458817.6226513	14.41259086002513	0.0073196156758487
2458819.6189716	14.37068764535318	0.0085011718065686
2458820.6244818	14.504587467321493	0.0098153879183176
2458820.8956051	14.296334384154058	0.008574126567121
2458821.8056354	14.330879671349518	0.0081482284896841
2458822.3557049	14.267007282668542	0.0113862802710027
2458823.3460247	14.428542661647317	0.0100931689340467
2458823.6035326	14.535900766377402	0.0138264886739664
2458824.9050579	14.4555117198204	0.0100107026372166
2458825.4198259	14.472770185929084	0.0188276888566068
2458825.8024812	14.29552817903633	0.012802956118856
2458826.8365189	14.374632045196954	0.0161094708770282
2458831.847335	14.542291594396112	0.0153394746728769
2458832.5964542	14.508065740619982	0.0110720429168431
2458832.8929506	14.359733113338107	0.0139536110585267
2458833.8965521	14.459390854456922	0.0139326237417667
2458835.6722466	14.581279633527007	0.0146456717162839
2458836.9641705	14.437362693269488	0.0061838344291594
2458837.8976389	14.27268620741399	0.0088918786829933
2458837.9878584	14.26000339276081	0.005980329715218
2458838.4479375	14.564789079603296	0.0088841757106235
2458840.5364328	14.463063430347132	0.0142202416037812
2458841.5329363	14.326458420634571	0.0168838379891574
2458842.5446248	14.458654277587668	0.0086321772071305
2458843.6638995	14.330566026321767	0.0079992556399806
2458844.515049	14.431030628563132	0.0068295902373814
2458845.5152633	14.498537888347956	0.0076702122593814
2458845.9672879	14.449756979632411	0.004701102706779
2458846.5118282	14.306105999025275	0.0084248792792442
2458847.4765493	14.518020075669146	0.0081997099690538
2458847.5934572	14.626124659719936	0.0088896739112778
2458848.9359718	14.48536138465476	0.0056160596734664
2458849.8673164	14.324406619427856	0.0056237184735602
2458850.4707319	14.544877890419473	0.0089519985745293
2458850.7011064	14.350373704315912	0.0069468848505955
2458852.8439721	14.274128104976722	0.0060746646018565
2458854.7540603	14.52230897160414	0.0180508499912403
2458861.5784816	14.48597318988872	0.0097664319909281
2458862.8192786	14.368269338136091	0.0197630792342029
2458865.4406711	14.357598301096903	0.0103087157877177
2458866.9080904	14.195298747263312	0.0063645654873819
2458867.8903084	14.38446245873135	0.0050154219326276
2458868.8869656	14.468336137990274	0.0065026413942229
2458869.8798285	14.300630586513387	0.0052296137014922
2458870.3607472	14.455823063404017	0.0075349169930421
2458870.8914228	14.427344112671989	0.006068779889837
2458871.8804605	14.19951111598238	0.0058664347994374
2458872.3709401	14.43482323417615	99.99
2458872.8771246	14.369820085311163	0.0036383185154078
2458873.3574421	14.30893482443646	0.0093979626476126
2458873.8737267	14.486102980039874	0.0058277729987643
2458874.3357607	14.490548787625094	0.0102139925746881
2458874.8622299	14.329583638857384	0.0043521282292613
2458875.332837	14.368372183871085	0.007307926036431
2458875.8627449	14.447197432270444	0.005512012722012
2458876.8591811	14.20585868546662	0.0059963587660127
2458877.3209141	14.54982413129278	0.008940443449024
2458877.8638385	14.413049503142666	0.0056951862518672
2458878.319875	14.32512304564847	0.008415594108949
2458879.3158402	14.493952316257875	0.0096899314388603
2458880.844584	14.451510464655142	0.0082368172277313
2458890.3426509	14.334441256811315	0.0216873624828055
2458890.3438655	14.560044899546906	0.0358905347686474
2458891.3428027	14.44166546576526	0.0216615709094595
2458891.6265845	14.323626860949757	0.0171756868000592
2458892.3332705	14.362332783150755	0.0081159196732125
2458893.3324774	14.467032937117096	0.0071740574224338
2458894.3285751	14.564204907967817	0.010373370269491
2458897.2310076	14.327058743703471	0.0077619026044853
2458898.6203666	14.543993741637326	0.0102155038596683
2458900.5588321	14.512406283219343	0.0104403581566828
2458903.6079257	14.481594881096385	0.0100650480943776
2458908.2754214	14.475142124271729	0.008006741298884
2458914.7272341	14.468002154708133	0.0189393784003457
2458924.5463588	14.48067595082173	0.0078090817210224
2458925.539585	14.506035933076776	0.0087488621915689
2458930.6152364	14.310113902884076	0.0076657395379843
2459051.6900818	14.28262599425608	0.0334344824345563
2459052.6830555	14.529893901168196	0.015454124688313
2459059.6672104	14.503590290938446	0.0087274138077244
2459073.0724693	14.3692584068245	0.0115905714396846
2459079.0579377	14.466022862252627	0.0079734964293873
2459081.0539424	14.440837338812454	0.0077457949786386
2459084.0440481	14.397037916074575	0.0046887515198696
2459086.0593854	14.448010180325836	0.0076498594087605
2459088.0579156	14.43228925507585	0.0065618168388117
2459090.0406137	14.359962990014743	0.0048671497574179
2459092.0300873	14.280620155900088	0.0138319042758338
2459093.0640677	14.416914070679162	0.0116171674603146
2459098.106522	14.482177487888032	0.0120294071099802
2459105.106267	14.410793986444508	0.0072686600145221
2459108.98215	14.252929457021764	0.0060443486460458
2459115.9586238	14.240136830436208	0.0055761438186985
2459119.0103499	14.34975198902065	0.0037947037631635
2459121.5161369	14.49448368109763	0.0192344515143993
2459122.8355864	14.48024851781315	0.0182470255493577
2459125.9468802	14.284402695564484	0.0159349749298884
2459132.0711611	14.457940034559597	0.0092324157728657
2459134.0625953	14.432545158532337	0.0061284986185013
2459136.9624402	14.4803849375346	0.0065066706925622
2459145.8182655	14.341215059463694	0.0069864563894458
2459153.7346107	14.441430501556273	0.0289270265183215
2459159.7660221	14.40249807600563	0.0104993110967859
2459161.70925	14.57413371646041	0.0111343771621363
2459166.6427266	14.478762448127496	0.0078498576501053
2459171.0838932	14.35582391678417	0.0040443623249413
2459173.6077455	14.470112569294308	0.0086184317771584
2459174.3521292	14.52539104416324	0.0098896822701554
2459175.3972231	14.302032659875913	0.0117893776055658
2459178.5917627	14.500576665918976	0.0154151700964857
2459179.3330226	14.561173414772558	0.0162615077542894
2459179.8145682	14.3682100391824	0.0070276491600892
2459180.6063646	14.424498643825526	0.0198330250921035
2459181.3268561	14.514172268606664	0.022182615704026
2459186.3206165	14.47053983469372	0.0150704634301758
2459186.3218568	14.474623680857231	0.0158960842752371
2459187.3162699	14.551845558591312	0.010417537800621
2459187.7730604	14.58061441211944	0.016476507177995
2459188.3897776	14.424814719447124	0.0093087495920038
2459188.7210915	14.49578368956692	0.0121418696242062
2459189.3587775	14.525644064712026	0.008446167889381
2459190.0221134	14.4319459787985	0.012359612230798
2459191.03161	14.217320708180935	0.008284637688439
2459191.646303	14.338047755548049	0.0076892738399733
2459192.3152527	14.42760857833274	0.0072903804068776
2459192.6949102	14.520861421570476	0.0072250916621663
2459195.6241586	14.513370090185736	0.0082770118359025
2459195.9209616	14.308840698676216	0.0084549718936578
2459196.5400192	14.449757928933709	0.0090781837000374
2459197.8541793	14.568081092083167	0.0093593187619391
2459198.9082898	14.408277666449084	0.0056101919106965
2459200.5395404	14.502997592190845	0.0091257157137759
2459200.5558796	14.484285880692916	0.0075806454391832
2459205.7272527	14.470406367163362	0.0088946210084067
2459207.8009691	14.46263665499897	0.0127895782209892
2459208.880982	14.486039963977406	0.0093084406812886
2459209.7664097	14.480146027541208	0.0262890847798908
2459214.9676556	14.304101412685444	0.0120039995847402
2459217.6814126	14.540264210514849	0.0150938768746417
2459217.8880987	14.207742790851045	0.0075417069395729
2459218.5511557	14.293405427110002	0.0083605349163298
2459218.7389294	14.336076806306725	0.0158681888179775
2459219.7378306	14.49518074036848	0.0098010625588785
2459219.8182444	14.590121125577715	0.0135420700056414
2459220.7399802	14.240508585105552	0.0100472153559148
2459221.7312985	14.444561052641678	0.0115627466545996
2459221.8142199	14.53879217098248	0.0095672450991256
2459222.7551737	14.36705584168073	0.0063314311649222
2459223.6902046	14.396689561697606	0.0071297086740892
2459224.7114466	14.482496358336316	0.0084982968846156
2459225.5423595	14.397313650538104	0.0058751803657184
2459227.7863618	14.290685583287049	0.0074471185185063
2459228.6363158	14.369848086322472	0.0058733097482029
2459228.713359	14.43571537957711	0.0061633251726679
2459229.800822	14.537493021045949	0.0097131231989276
2459231.9049692	14.453475501554887	0.0064766712890381
2459232.6288772	14.457773586816543	0.0072897696202038
2459233.7186567	14.51997571441445	0.0075522638652528
2459242.8368873	14.325340054228144	0.0146847932013207
2459246.4177714	14.459858378233983	0.0167819790318354
2459246.6470786	14.508555639486136	0.0195083571647679
2459248.6656891	14.508368136889334	0.0154596967565323
2459249.7551889	14.28387333150152	0.0092517870604082
2459250.6014305	14.397641916827943	0.0066976526192632
2459251.7635118	14.407125349099116	0.0070367250054509
2459252.6485253	14.310945608266302	0.0080220429138684
2459253.3893864	14.399382503951497	0.0066261695084744
2459253.5654515	14.488456733595594	0.0103690064060781
2459253.8902702	14.30175025021059	0.0046535593576351
2459255.6304696	14.473204763137796	0.0062422891909306
2459257.687708	14.437458008227686	0.0034075873820923
2459260.5420367	14.405540675370707	0.0079089227259876
2459261.6123791	14.48972528500627	0.0107055808819589
2459262.6050776	14.394945793543643	0.0112933489990996
2459268.7892588	14.24128856125126	0.0113740117719189
2459269.579086	14.265916481709318	0.0221206139220466
2459270.690868	14.543096321556115	0.0152871451207418
2459274.6035158	14.338930809129389	0.0227569237583432
2459275.5798049	14.468911087753034	0.0227302715462471
2459275.5873148	14.514703641507833	0.015904395459171
2459277.6749088	14.533161143851846	0.0092395455797179
2459278.5770693	14.513537037844516	0.0103437592334094
2459279.6574097	14.471190581608791	0.0066740891956822
2459280.5656952	14.472029991589864	0.0073519430396365
2459282.5661453	14.479324408518533	0.0106215515751335
2459283.5606272	14.535131983683286	0.0093823197768363
2459287.5466334	14.496741697831515	0.0106359476048408
2459288.6694921	14.342863515398497	0.007722657717048
2459291.5222728	14.27303386194308	0.0087689114064013
2459295.7271343	14.196615020886616	0.01240944927635
2459297.4929228	14.509469523024332	0.0192276951450202
2459298.5071441	14.27520000312336	0.015818303533891
2459299.5025533	14.389029961629117	0.016174069105506
2459300.5094042	14.512673586368354	0.023359855581119
2459304.6046385	14.542692731236768	0.0112125194547113
2459306.5987684	14.460205193357186	0.0191422473550099
2459309.2425692	14.33065210949035	0.0093263517122441
2459309.491338	14.491996941419975	0.0082140386410881
2459311.4821421	14.453220178851794	0.0101432620734429
2459313.4733601	14.26317301707808	0.0323124166869256
2459313.4826933	14.26884837050631	0.0121488017447422
2459414.9324057	14.447233280468344	0.0161342198095939
2459419.6686743	14.566815647564326	0.0587379058832311
2459420.9262456	14.271532519271425	0.0282702510992623
2459421.9228234	14.437201333077727	0.021632101791694
2459422.9233005	14.52884343881118	0.0240297315613057
2459425.6639841	14.476549137555097	0.0181806875393262
2459433.6334205	14.26608491422424	0.0097062000976673
2459435.0928956	14.214265755860987	0.0076184740312612
2459439.8987492	14.576062201756924	0.0146595915992728
2459440.895048	14.37770464330837	0.0072074486828459
2459443.0761272	14.332135626487648	0.0049811047608308
2459444.8806173	14.517753579427406	0.0116072668576901
2459447.8733493	14.24630759476132	0.0188384886717477
2459452.0382762	14.236164817211163	0.0154949695154888
2459453.8578898	14.502973978105898	0.0160419974784399
2459455.0493819	14.36578221375433	0.0152969370378548
2459461.0348381	14.498499926218038	0.0086352212852602
2459462.0335667	14.413902177305218	99.99
2459465.8232002	14.555461154007022	0.0135072740762172
2459466.8212749	14.532832322705598	0.0098579312787016
2459468.1268137	14.5117327542361	0.0071404985251396
2459470.8061208	14.422888018994843	0.0073255862928614
2459470.8607364	14.55904430409731	0.0097983454774401
2459471.8648519	14.29107475457966	0.0088302837940115
2459476.5538931	14.491226883650668	0.0264017060652517
2459477.0616935	14.380881294474555	0.0077931854667052
2459477.77448	14.34628154575317	0.029500587597663
2459480.9772906	14.302718513176313	0.0110338934163347
2459482.7924446	14.429707949784484	0.0209090699573879
2459487.076686	14.39775256228513	0.0084118080350346
2459489.7821085	14.38829158646348	0.007532510829393
2459490.9323615	14.312498198331223	0.0055701818955193
2459491.9361233	14.400202471298847	0.0049071465189325
2459494.9966856	14.45281103126542	0.0075796505612856
2459496.810657	14.365516340985565	0.0089385829873236
2459497.8359357	14.45445860544186	0.0092061329689678
2459498.7298284	14.308325225285827	0.0086257707152552
2459500.8315075	14.376513422767417	0.0073686991612011
2459501.7983925	14.364404770312827	0.0065824454735582
2459502.9099694	14.588087803272437	0.0104861773334178
2459504.8051942	14.548044653799424	0.0207006480580445
2459504.9120954	14.43999850137631	0.0155144184015006
2459506.7705776	14.576677224833505	0.0172164681351665
2459507.7965137	14.512521266568614	0.0157518553732
2459507.8267413	14.60389097550979	0.0315773384048993
2459513.9523427	14.42120443828638	0.0098289410989444
2459517.86196	14.216992648868578	0.0062386193685448
2459518.8799818	14.474607306062373	0.0060526841339313
2459519.723016	14.539865523540488	0.0086953105122021
2459520.072923	14.23832247815398	0.0055455945924924
2459522.8517891	14.224736968813191	0.0053576617581213
2459524.89427	14.313671300999095	0.0050577346504618
2459526.105634	14.445618613036489	0.006435050467266
2459526.6428048	14.44281393538838	0.0062961791340808
2459527.7932192	14.271842794472958	0.009859004203445
2459528.6962304	14.401775943209095	0.0072448501063643
2459529.8781697	14.301969930535986	0.0069807220095321
2459530.9584097	14.54233067107503	0.0094672577656476
2459533.6235438	14.364565772939674	0.0143946914001069
2459533.6619944	14.429715477123374	0.0089374040483415
2459537.4061075	14.575738039159166	0.0475197471942806
2459541.9207006	14.226200468447113	0.0133133581344882
2459543.9186133	14.464889754553212	0.009336309368372
2459546.8084281	14.4030803327287	0.0101244164862042
2459547.0459657	14.307013191110636	0.0051945472752331
2459547.6458913	14.262144109339085	0.0090288685137758
2459548.950742	14.410677222003851	0.0089454509881085
2459551.9522381	14.362855074136176	0.0075510337214488
2459554.6127569	14.330163980636224	0.0086809720432343
2459557.3156318	14.53306722666416	0.0108953642080168
2459558.7938247	14.540004040048151	0.0096420260636497
2459563.3121735	14.312682190736297	0.0234941111020666
2459564.9047469	14.455280241481123	0.0235875410762006
2459577.7155977	14.501691818105355	0.0100111713092232
2459580.4109924	14.489867895904313	0.0085248706670526
2459582.5060501	14.499415313122494	0.0095228555053039
2459582.5464194	14.446468784991904	0.0098573032771727
2459582.7100048	14.538815323103268	0.0100591530582859
2459583.7393352	14.28718450341641	0.0084225878629694
2459584.8290698	14.555288777201874	0.0093906738959561
2459585.4953659	14.509552990191278	0.009861547580582
2459587.8187975	14.42850167556773	0.0068010312589091
2459589.8997176	14.477347555110494	0.0117079383087633
2459591.7378551	14.423500640006772	0.0142336937381719
2459595.7765362	14.23586465706123	0.0155580786923526
2459598.3265962	14.439159639648782	0.0191006720902388
2459601.844327	14.424493677252022	0.0073789153604095
2459603.6511404	14.386526204918296	0.0086018870947584
2459606.4245911	14.318298602760947	0.0097643022685149
2459609.786402	14.373118754834117	0.0038934617624515
2459610.7548247	14.462607272041286	0.0064539938072642
2459612.6738573	14.335988871768285	0.0088191562886962
2459612.8589226	14.324995857925158	0.003771777685317
2459614.4017129	14.483023293996595	0.0082905709311326
2459614.848523	14.200360929544871	0.0060240433446353
2459617.3579353	14.493624539587566	0.0122291020597435
2459617.62117	14.319164421204087	0.0102458020945337
2459619.5850888	14.526052578620044	0.0190968121639193
2459619.6071262	14.509077723687271	0.0124172566626962
2459623.7782681	14.431593577292617	0.0137240045906839
2459624.3619656	14.477668043953464	0.0342031587376408
2459626.8094273	14.257021764300433	0.0142091197064826
2459627.5711247	14.232908400981204	0.0194007057710572
2459631.3599284	14.472089654155468	0.0195379101808416
2459632.3538182	14.51999346328077	0.0143641858591334
2459634.7399789	14.25647223002776	0.0057170485031318
2459636.5354503	14.464967126042955	0.0110630671920388
2459637.6993929	14.478368631626054	0.0076102919844278
2459639.5341507	14.322517916966715	0.009289994543523
2459643.5515805	14.521063978150492	0.0094405466935678
2459644.542542	14.267286069418336	0.0084127173453292
2459645.5645013	14.45857661980219	0.0089682887285069
2459645.5657432	14.429883629547088	0.012910152393738
2459650.751632	14.477328416198906	0.0115301622700149
2459652.6084588	14.492622658125756	0.0116107940095533
2459653.555698	14.510616712602234	0.0224358363356484
2459653.654069	14.506817837743426	0.0145348873102736
2459655.2785727	14.31406258204577	0.0214393949242207
2459657.7378047	14.460093596482457	0.0132610268851719
2459657.7390654	14.43754352273607	0.0138555969083181
2459658.5267395	14.549505109715923	0.0186323623276122
2459659.72811	14.394085511949337	0.007943665183346
2459660.5212128	14.489135864607068	0.0092165747833012
2459661.6310707	14.361055298539274	0.0072894517348938
2459663.6312491	14.353514128828282	0.0076166833994801
2459664.5179989	14.375810883576984	0.0061641397961609
2459665.5060213	14.47843545630668	0.0079197042801332
2459666.5160044	14.261211412052596	0.0081341113724098
2459667.5151977	14.476785493621277	0.0083321610327537
2459668.5030803	14.49669214307832	0.0082688689407113
2459669.4988786	14.388817181693856	0.0070761817133321
2459671.5983253	14.427652732662828	0.0086177735176507
2459673.5889882	14.420153980854266	0.0247639310676121
2459678.2341545	14.494148171561674	0.0196611812932126
2459679.4769325	14.414491645811104	0.0155906352337964
2459680.4736474	14.434045174296342	0.0294782248119488
2459681.4738513	14.379145726116583	0.0255897524206441
2459683.4733667	14.287881465642984	0.0341446330227622
2459781.6581041	14.572698164724676	0.0220357605830966
2459786.9229949	14.360952564188183	0.0077709592278974
2459788.9158121	14.274001353185602	0.0088847802368291
2459788.917086	14.263231631677266	0.0118698287280606
2459791.928309	14.408735592017084	0.0058290948581332
2459796.6832692	14.24858550904556	0.0211856879339501
2459799.9364866	14.509737190129997	0.0170529311447542
2459800.9502209	14.241292068038756	0.0098044783426903
2459800.951461	14.38461956661584	0.0146482295869285
2459802.9676139	14.39044795056484	0.0276223807543787
2459804.9125364	14.47082051497758	0.0146661563411593
2459807.0686227	14.441886338868088	0.014090596800708
2459810.069963	14.250830090085335	0.0102127365835046
2459814.0492609	14.437700205808692	0.0067974086116003
2459815.8459013	14.282072731273956	0.0077119873257397
2459819.057914	14.446556425215324	0.0072011465013247
2459820.8546131	14.33995891616494	0.0067256771765288
2459822.0782945	14.31459900934263	0.0050946107938505
2459822.080822	14.299049304543436	0.0076782569010838
2459823.8429398	14.451529452511574	0.0071904595234354
2459824.8396982	14.53451071220341	0.0101654882624936
2459825.8479806	14.357278840438427	0.0077471892228605
2459826.8367845	14.501691960369198	0.0084233237054743
2459826.8380364	14.542704584413626	0.0143628217809787
2459829.0627077	14.475755794331535	0.007365113982327
2459830.892565	14.47599172204642	0.0239707892768929
2459831.8724343	14.510935946185429	0.0138317531614602
2459834.8012308	14.438032860893363	0.0143462639467824
2459836.8069768	14.490564704141004	0.0207790860519612
2459837.806339	14.316594767086263	0.0140850896615967
2459841.7928235	14.567112835001875	0.0109095862041524
2459843.9721147	14.46004891630793	0.0072957420240224
2459844.8334053	14.337190515928276	0.0082605474038354
2459845.8360339	14.5015476642763	0.0069266963544512
2459847.78135	14.37413581233654	0.0061724905038521
2459848.811445	14.513019340590914	0.0074652781052927
2459849.8265883	14.282836607076266	0.0079999816937903
2459851.0748043	14.35855951716672	0.0039311924941715
2459851.9003695	14.287640027796272	0.0079690412985005
2459852.9808586	14.520650211395932	0.0075347266454347
2459853.8828893	14.48211857465616	0.0089020938573131
2459854.8336847	14.381257824108983	0.0123652423186311
2459854.9583184	14.491688003921084	0.0080509420930621
2459857.4982579	14.335672245812544	0.0225255417987601
2459860.4861432	14.327236981655298	0.0264510989306743
2459860.4873819	14.420807525611885	0.0518589798676465
2459864.7216643	14.365928501248248	0.0189036542957304
2459870.7131427	14.512495319657342	0.0084317750195934
2459871.8826115	14.48580650402626	0.0297672764462895
2459874.4599237	14.346078804703682	0.0105066982576521
2459875.7243689	14.48417165458671	0.009171467865077
2459876.7173148	14.321664751205963	0.0065832318893685
2459879.6862386	14.43093383449468	0.0055692738569109
2459880.8520531	14.34962255278152	0.0068592526168057
2459882.8810365	14.563788143014795	0.0090113401428256
2459884.9662692	14.46217844376978	0.0066748258881334
2459885.9367096	14.238725278192913	0.008142843117217
2459886.9210196	14.401383761140824	0.0096161706659332
2459890.8845578	14.379005088825084	0.0189093978571553
2459897.6376805	14.471414404584284	0.0074610649539314
2459898.4662936	14.486643031333683	0.0128773075620488
2459899.4035712	14.40092829444297	0.0056493394710183
2459900.40395	14.530926851457108	0.0110274920095493
2459906.7818582	14.480357995405386	0.0087535544726193
2459907.7755911	14.29067458787326	0.0078217585987239
2459910.3755431	14.538837984751252	0.0119381238760646
2459914.6674221	14.54637957703891	0.0093801856419551
2459915.3974337	14.581383932390946	0.0190957520088873
2459915.3986718	14.576677597841057	0.0348332625765178
2459915.6525702	14.3784477248708	0.007308302392365
2459916.8410532	14.497822652388002	0.0101729878671957
2459916.8422959	14.541264043385151	0.0177150191279089
2459923.3002653	14.327634029028388	0.0233695127707434
2459927.969421	14.422628273172087	0.007911055191699
2459927.970674	14.429169384230924	0.01022694018127
2459927.971927	14.412900027870082	0.0164550244624011
2459930.5866461	14.446959434929884	0.0066825624337168
2459932.4733919	14.342075554130115	0.0087148676066475
2459932.5960271	14.282165787000103	0.0080140948885783
2459932.5972612	14.315444367349563	0.0085347073427036
2459933.7552738	14.554079952989705	0.0089798746224011
2459934.6501757	14.247592563903028	0.0063443282427553
2459934.6923975	14.263697387091018	0.0071933082528739
2459936.5977493	14.500242363284476	0.0080806847108184
2459941.761942	14.276436617279284	0.0084027867484428
2459943.7511061	14.505502924265707	0.0081162352837561
2459944.7230148	14.379283957032936	0.0064946600253236
2459945.7512961	14.4875053930873	0.0075635851773172
2459947.3541578	14.337283821916657	0.0250821492695209
2459952.4751179	14.34482402429472	0.0274121455305655
2459955.3215831	14.34679797593892	0.0109163926782564
2459955.7136606	14.563697802718462	0.0173767977937513
2459962.4196423	14.41752037045448	0.0061171307547956
2459964.848013	14.52516019540271	0.0102062292540954
2459965.803503	14.262353074217202	0.0089052393162658
2459967.6843276	14.500427107470282	0.0082293813465338
2459967.6856263	14.50467943368075	0.0096144081135946
2459968.5537329	14.336655073141811	0.0118398459374944
2459969.6029446	14.45039275616719	0.0071300327772787
2459969.6054021	14.466744860740777	0.010979233368919
2459970.5440466	14.488874039952949	0.0101020690723846
2459971.6642692	14.374832504744784	0.0070054682097987
2459971.7806791	14.53073543471583	0.0085762234401602
2459972.6214646	14.494016757442855	0.0098560211165264
2459973.6133725	14.27154208953532	0.0095837843724769
2459974.6668592	14.457012814516766	0.0164174487036025
2459982.4090715	14.537357351218922	0.0365415711693137
2459987.6328681	14.469760832621573	0.0124688544449926
2459989.6239685	14.486192037723578	0.0076474197638248
2459990.622806	14.304601520684574	0.0076067972338898
2459991.6225033	14.477635578675436	0.0082930302365533
2459991.6250583	14.509695232207545	0.0153641585642663
2459996.7486981	14.590522029972853	0.0122797542501004
2459998.7030077	14.547057749905612	0.0091777617506602
2460006.5835978	14.562395375102351	0.0218785509426108
2460006.5848326	14.454379181032769	0.0367969265344817
2460007.5674326	14.197906409021552	0.0130425754070821
2460008.5758396	14.464779057758305	0.019364197085246
2460009.5391643	14.492857769495984	0.017760147973905
2460010.5760131	14.376431969190984	0.0210125457108132
2460011.5562967	14.53394236611388	0.029002691036621
2460012.5668786	14.29349996236068	0.0205075043071254
2460013.5661224	14.444521126245284	0.0225720025252063
2460017.6521734	14.445778319094948	0.0061202971841878
2460018.6489472	14.571072328546329	0.0099787252001137
2460019.5461417	14.28800081187263	0.008593192625135
2460020.5446441	14.42724804123432	0.0074784014403213
2460020.5458719	14.408386702315664	0.0116486964244398
2460023.5128632	14.493774874684236	0.0074015383506517
2460025.6344271	14.524893987817531	0.010174450320584
2460026.5210454	14.494848196541334	0.0103734511356803
2460033.2380615	14.886262046168508	0.1064663476920278
2460033.6115231	14.597972774199835	0.0177390687045646
2460039.4927794	14.285144588551548	0.0214967547278113
2460039.4940066	14.347115810439476	0.0309745378212213
2460039.6281222	14.491906608360452	0.0543400565833243
2460041.5928515	14.435417015335164	0.01938184723022
2460041.5953404	14.399718424522325	0.0283619111398627
2460043.4803832	14.518931424566585	0.0135714780929338
2460045.4788299	14.47715495310446	0.0107172309995111
2460048.469903	14.49132888570638	0.0401216365779482
2460049.4691633	14.48191821277881	0.026288038617971
2460148.9334564	14.501480852739736	0.0166423966223431
2460151.9337411	14.276374774956883	0.0101298421184383
2460154.9352575	14.447506705708946	0.0110249410055707
2460157.9172419	14.425845688076372	0.0267904610494615
2460161.6832549	14.45143196569375	0.0283583510814928
2460178.05626	14.206424735004113	0.0070750812779981
2460179.0606658	14.394554662429275	0.0066854080705537
2460183.0805554	14.231979284004304	0.006378256534128
2460188.0648783	14.223516083335406	0.0146375807914548
2460192.0339159	14.47477849669069	0.01337607141427
2460199.0254512	14.392880409889932	0.005987841949858
2460202.0376852	14.381565603105065	0.0050537450806632
2460205.99418	14.424139980158	0.0062792661323079
2460209.086932	14.426677946851624	0.0074646757285817
2460214.9498358	14.275377901231645	0.0211481721311471
2460216.7785683	14.609882985789827	0.0362943263546676
2460217.0564277	14.319587256811904	0.0146316370873275
2460219.5722402	14.494448068133842	0.0239741268248664
2460220.5795503	14.282783516731934	0.0136840204397238
2460223.9966471	14.293258794117708	0.0067123072029959
2460225.7448833	14.44499824487828	0.0063336736366429
2460227.0509078	14.320343677364368	0.0048045128784867
2460228.971237	14.259388685885291	0.005701581367733
2460230.7316606	14.46090087223974	0.0065780540513927
2460231.8699655	14.322946537256644	0.0073875072293966
2460233.9163564	14.277001401627473	0.0052737314452577
2460234.9125239	14.350726380724964	0.0054510010744768
2460235.4485057	14.299266106447972	0.0086091699755439
2460235.9117307	14.466086632875914	0.007639560596966
2460235.9152634	14.548802632466076	0.0091015180344621
2460236.4391607	14.492159087638337	0.0078089477581527
2460237.4355181	14.323931401217273	0.0076962807784132
2460237.9136928	14.441336453712076	0.0082854249138597
2460238.8971202	14.217832116261482	0.0063279818033214
2460241.4301994	14.515570260775934	0.0194843357510315
2460241.9880227	14.372418838164329	0.0056828352745272
2460242.4410527	14.321833066724457	0.0137339344263176
2460242.8334848	14.496186001396737	0.0069785648210125
2460243.4347721	14.473149556809116	0.0128313332942692
2460243.7577861	14.442879508810847	0.0137217153013038
2460243.9561063	14.235418938547673	0.008060712446549
2460244.4472059	14.59875039718016	0.0271059050785164
2460250.9682257	14.141396475775656	0.0093442732243411
2460252.4284095	14.32437539480147	0.008227492691685
2460252.6850847	14.45351009399218	0.0082067857670248
2460253.417465	14.4581402327478	0.006652190748082
2460253.6923491	14.454229310416247	0.0076365221555233
2460254.4045784	14.399661378108704	0.0077550638673956
2460254.7346747	14.435106633470252	0.0058920632630358
2460255.916007	14.219267318767386	0.0060548030627482
2460256.3874779	14.51379656893414	0.0082571693552054
2460256.7060438	14.446365943127422	0.0041575017131196
2460257.5170781	14.4210901481154	0.005089737283526
2460258.0987563	14.251106138132116	0.0057908647196586
2460259.3994127	14.322475098403284	0.0079531357631259
2460261.4954712	14.384185326040344	0.0068567698910559
2460263.4077843	14.51152268242246	0.009455090909581
2460264.936001	14.453587916836996	0.0061125553419503
2460265.955126	14.309807188971464	0.0047111495355575
2460267.4090211	14.388966518575756	0.009768270047664
2460270.3523645	14.465634430340584	0.0151429854524169
2460271.3901475	14.428399718217548	0.013113943025637
2460272.0382348	14.464218288402677	0.0082560329699023
2460272.7538379	14.497064972024225	0.014280231941916
2460273.7478335	14.394311439413466	0.0163279125775296
2460274.7018656	14.532274611307033	0.022236745587253
2460278.410952	14.627100240661806	0.026921792668521
2460283.5111321	14.27868958672544	0.0100143933434865
2460290.3804094	14.519526361892543	0.0080079475850763
2460293.661374	14.45359436828424	0.0063401365158451
2460294.6123639	14.526482593180292	0.009456133372754
2460295.6548933	14.333498274604802	0.0077463501665436
2460296.7946257	14.54185322553638	0.009394439595241
2460299.4660701	14.538041276469125	0.00866774722689
2460310.5765305	14.40543314129301	0.0056121531225984
2460312.76023	14.42414108221866	0.0132901035764997
2460312.8531275	14.490148744977988	0.0161173816839401
2460314.4228152	14.547713920944004	0.0080858667361005
2460315.4355036	14.336235782535034	0.0077590225781635
2460315.5523171	14.4791151218704	0.0048763656282125
2460316.8210012	14.340106450063264	0.0076513054315107
2460320.821463	14.56962919458504	0.0096527265571144
2460324.5307189	14.186610275460207	0.0160069462203314
2460333.5658339	14.5181340821911	0.0193723039250737
2460334.5951473	14.345170866959652	0.0193332654668585
2460339.6716271	14.46054891614266	0.0261115111416198
2460376.559543	14.464900068218448	0.0085683492838189
2460377.6682344	14.326507157637632	0.0080413052790786
2460380.6550505	14.467564283876122	0.0064503046892053
2460381.6695224	14.58490092826847	0.0108440238937275
2460382.652139	14.371859849459169	0.007365419673096
2460395.6133131	14.472845761229038	0.0153238120832385
2460399.5998176	14.329318357826534	0.007815590785096
2460401.4896888	14.530098831260856	0.0114257792417889
2460402.4813737	14.234336993543806	0.0316560105489428
2460403.4780024	14.354333588558736	0.0611287215656386
2460404.4770837	14.290768153024915	0.0343145998476083
2460405.4762407	14.418236534861489	0.0188189640579662
