2458014.4983407	15.837969732210846	0.0267830430440364
2458015.5121869	15.70975894157138	0.0193069070836356
2458016.4915484	15.176326131399492	0.0167734549980411
2458018.4950186	15.818193006671676	0.0270706299747012
2458019.4963425	15.841592237693762	0.0262849974762921
2458020.4930482	15.525866419582377	0.0125170153164901
2458021.4861045	15.047480478380084	0.0192680827926458
2458022.4828464	15.981280689369331	0.0441752380004201
2458023.4795814	15.88733067527068	0.0457572268447853
2458033.4950792	15.810209441786666	0.0265376935082839
2458035.4959991	15.389809153895566	0.0167315604502588
2458037.4875402	15.843595905148256	0.0369755672547974
2458039.4980448	15.678044742022529	0.0182170917894345
2458040.4911639	15.29656203559465	0.019246200604978
2458041.4880151	15.437974478126236	0.0285217776166983
2458043.570344	15.854426829633194	0.0269582390669846
2458045.5713527	15.435223869389368	0.0147102193969886
2458046.5682075	14.96235098441369	0.0179362279060794
2458047.5758462	15.970537831910958	0.0339578134864433
2458048.5655818	15.876679092056424	0.0289654926559935
2458057.4973263	15.945158608300265	0.0766554347492577
2458058.4991973	15.656082010119196	0.0485021396415144
2458192.9002641	15.599624894548628	0.0229805483221065
2458195.9050144	15.915227025973726	0.0573848823880378
2458197.8995389	15.577114128974106	0.020844488818161
2458198.6235344	15.851746837388196	0.0279666824621551
2458199.8867566	15.942176456591612	0.0343839436132194
2458200.6216806	15.357067466011436	0.0198971855629853
2458201.6207605	14.890033372953262	0.0174696800977899
2458207.856952	15.300108134016222	0.0371434244874916
2458208.8598957	14.983313478206613	0.0392061260503826
2458209.8552594	15.949563887023766	0.0811917481569584
2458210.8544346	15.914116395209788	0.0649046867311057
2458211.8802408	15.683312325111649	0.042633765191418
2458215.5741205	14.822781131713764	0.0217631079584799
2458220.5884464	14.924354444611897	0.0171891673185255
2458220.8538376	15.78214041077822	0.0421271271607811
2458223.8342541	16.008389743203058	0.0453239370353452
2458226.8431865	15.384059395957912	0.0176904336685327
2458230.793944	15.52775600258942	0.0153322077979373
2458235.528265	15.794872019013876	0.0511278088693258
2458238.7776386	15.791868977513126	0.0751228600288361
2458240.8407406	15.570255469910787	0.0373972645105221
2458246.8912573	15.238758961548838	0.021571733192432
2458249.8437738	15.782940454257986	0.0253322088805644
2458254.5328579	15.991109024989406	0.0340399828658246
2458254.8058793	15.589320261678155	0.0201161138609792
2458255.5212988	15.893785665578529	0.0280569640751527
2458258.7124884	15.606174669313106	0.0181523149420208
2458261.7053294	15.264086974847928	0.016427780365589
2458262.5856459	15.541918987740102	0.0208674221582047
2458262.8587324	15.846224992280328	0.0295760333964203
2458263.7082159	15.64051217057434	0.0368128433868423
2458274.4688666	15.802955981770484	0.0367372251552007
2458277.7392255	15.725886345458571	0.0241073868820931
2458283.5721757	15.73437488155865	0.0218237823300455
2458284.6480986	15.996330530823917	0.0374137777907254
2458285.8498752	14.873288137982296	0.0182068022299814
2458286.4720953	15.203036261267124	0.0165928211874458
2458286.69604	15.841076482403668	0.0291298583577378
2458287.7926202	15.846749535897846	0.0298583044063889
2458290.4868394	15.597004646152978	0.0149433733015129
2458291.805136	15.87982166004521	0.0299596120507191
2458294.6342983	15.494098757819426	0.0231537442837157
2458295.8095603	15.87902147140026	0.0538140596484277
2458296.8022987	15.660475242883267	0.0513655546710566
2458305.4173812	15.09515116761992	0.0171811019039609
2458306.4143705	16.02233684422761	0.0337681643068444
2458307.4110541	15.846567828472384	0.0247297102412665
2458308.4076008	15.77912080606004	0.0231810437870775
2458309.8351866	14.912904604626602	0.0187254912323621
2458310.4051033	14.893840228828426	0.017765612520851
2458312.6678962	15.09432325254717	0.0171954304214709
2458314.7045063	15.824579964318769	0.0292649041571407
2458317.3514792	15.799481788738431	0.0279780636207216
2458319.477709	15.525703159041552	0.0149588589882726
2458319.7127335	15.863314705074874	0.0345348704437608
2458320.8205134	15.908573803257678	0.0322561155357367
2458323.7131666	15.973353974692808	0.056052238383157
2458324.2701898	15.939985970180125	0.0791683550336363
2458329.7473107	15.855155088757993	0.0498642588649392
2458330.2975846	16.032844264953216	0.050592795117591
2458331.5814839	14.918975808672313	0.0193714554796391
2458332.6154881	15.962158396301422	0.0387406838976918
2458333.3356265	15.201387381365493	0.0173103736605156
2458334.3340164	15.714301393125869	0.0228513593751587
2458334.5786462	15.758338597390525	0.0242918183271502
2458335.8430813	15.775709588139408	0.0358019435862891
2458338.7738809	15.916421774544425	0.0340592198545913
2458339.3232268	15.962636908194543	0.0316910367731929
2458340.3199891	15.857325663622152	0.0263313049471114
2458342.3111862	15.413519056265384	0.0156002559971346
2458345.3112279	15.81475033784275	0.023278888027773
2458345.6465965	15.390666471471611	0.0161623374145926
2458346.2931782	15.65712161735062	0.018303100550783
2458346.6169987	15.37857536648281	0.0151179956933945
2458347.6849437	16.013559176452475	0.0377599614572237
2458349.573487	15.43332041099622	0.017791994906878
2458350.723049	15.63618930969434	0.0278605016902706
2458358.7394187	15.804477477482456	0.0565440475840662
2458360.2763653	15.71583858929519	0.0184499267345834
2458360.5397362	15.911475917709932	0.0337497741962501
2458361.5958457	15.847887353833404	0.0350823398639666
2458362.7697502	15.970579515294698	0.0530267655545639
2458364.7651921	15.786253490959094	0.0394831781954037
2458365.2784706	15.700268151639564	0.0189688638201767
2458368.6578244	15.6999787923171	0.0297351158093683
2458371.573207	15.819896413090518	0.0277180503676608
2458372.2891045	15.256330974965277	0.0162212515642467
2458373.5441795	15.347707646414433	0.0188122152062204
2458377.5719728	15.763406724178903	0.0311671157026303
2458385.6191711	15.928208996947086	0.0792520848225568
2458388.2299628	15.793534130396337	0.0291719524874501
2458389.2267117	15.590861823760886	0.034041806827305
2458390.2306482	15.230375091531869	0.0220496918115131
2458390.4899894	15.746673881360874	0.035083787121735
2458392.6739886	15.860053954445156	0.0342332092660998
2458393.6783689	15.461642879152606	0.0173846721573233
2458394.6786067	15.09394749800201	0.0200338164116897
2458396.6812149	15.75960959419083	0.0287162482487858
2458397.6727045	15.842311798660312	0.032358462825134
2458398.3380105	15.89923959360136	0.0301966803787523
2458398.6668342	15.381220431954212	0.0184185923251718
2458399.2908881	15.618426738421045	0.0164010135263322
2458401.3269742	14.907747655850828	0.017820674557761
2458401.5590736	15.756998970857785	0.0245492396650132
2458402.2968162	15.821500387137268	0.0272421674254872
2458404.6436632	15.248004406211788	0.0209539685077125
2458406.6408422	15.784548815721926	0.0340721372355119
2458411.6355159	15.82810791036164	0.0523711913472348
2458412.5023147	14.91632662373276	0.029758748495047
2458413.5622788	15.350424455902932	0.0281883443631542
2458415.6013019	15.551539151115346	0.0532907484624049
2458417.6093026	15.42366280440094	0.0560209082130358
2458418.3498166	15.635392155766707	0.063359163294884
2458419.6039295	15.734179149786016	0.0428661419341514
2458423.5916452	15.768620384743729	0.0288277183378183
2458424.3247661	15.50099689734176	0.0154045771457186
2458424.592029	15.828110976609384	0.0362613721839411
2458425.5883053	15.78024804471738	0.0277113317155297
2458426.5851375	15.47081165603477	0.0163031953824018
2458427.5825258	14.968375608652329	0.0199594499298494
2458428.5758042	15.927812635579306	0.0379100388962147
2458429.3316224	15.41151840642533	0.0167534205135478
2458429.5757339	15.81191567209606	0.0322140767353593
2458430.5693234	15.760605270211684	0.0306990341353992
2458431.5687815	15.411801823876733	0.0210991505254813
2458432.5660126	14.848656999250135	0.018907467088141
2458433.5603572	15.863317642193566	0.0380328555867579
2458438.5466332	15.566318512668676	0.0341726745961117
2458440.5392792	15.525144600926437	0.032402751566696
2458441.2804152	15.978817179388432	0.0745974449680208
2458441.5372406	15.019877550885337	0.0285236915234092
2458444.5274574	15.752451664086047	0.0632294921347976
2458445.5163389	15.472927673343314	0.0594748621560704
2458446.5211028	14.852188041681506	0.0258397055788637
2458447.5216777	15.920056418079689	0.0493242503798977
2458548.6457764	15.13547478954858	0.0431490273029678
2458548.9020386	15.703168197474389	0.0508955551484808
2458549.9063859	15.644451891157932	0.0875130289631266
2458552.8950156	15.842551209475277	0.0462753690735756
2458553.8911561	15.68840634060068	0.0317817318300675
2458554.8896158	15.48192352217448	0.0256434231278967
2458555.6284643	15.837448716349096	0.0312150680670425
2458555.8857341	15.005558387655428	0.0214201833611569
2458557.8796663	15.83393229033848	0.0366169497490087
2458558.6219694	15.004368502088736	0.0193938247669969
2458558.8792719	15.740179507064134	0.0279028081732149
2458563.6111054	15.63614437520758	0.0742528137818349
2458564.6107881	15.796177293987254	0.0788111713097196
2458566.885216	15.881675700626529	0.0528961363199178
2458567.6417403	15.232602391496098	0.0271867435770769
2458567.8738081	15.871023649385672	0.0531697177520674
2458576.8468868	15.776250479341238	0.0282000188321733
2458577.8455937	15.718226834105424	0.0248639690475402
2458578.866197	15.49471874436666	0.0202317206235353
2458580.8320785	15.518243619723668	99.99
2458581.8688725	15.880526660934365	0.0418622022385891
2458582.8281542	15.662508694295118	0.0252201261077455
2458583.8201626	15.226887076997834	0.0212049181981078
2458584.8135268	15.472349681643184	0.0188310737732708
2458586.5608791	15.033862555182004	0.0190243553033063
2458586.8727043	15.858131063285416	0.0380174434552176
2458588.8079366	15.10615436842098	0.019801124962613
2458589.8058985	15.917707975910911	0.0446497430965376
2458590.8869127	15.873138064027213	0.0290411045232451
2458591.9134495	15.736973579231076	0.0330284135128473
2458592.5469156	15.65466460375314	0.0563096343775909
2458594.7815341	15.770136158005249	0.0656742099789904
2458595.7904126	15.891826879530896	0.0620912122909712
2458596.7796336	15.728585316104818	0.0545306211267459
2458601.5914786	14.83275566874196	0.017855667958246
2458602.6517982	15.796039670923868	0.0257141053860034
2458604.5180166	15.407170577522164	0.017571482849453
2458605.7588562	15.769228517830058	0.0345996971581819
2458606.7625884	15.615558681055711	0.021654287976532
2458606.8599229	15.768521322814006	0.0269613013397935
2458612.7428431	14.82649158730174	0.0195445712384201
2458614.4970255	15.25184255964369	0.0168445539462864
2458615.5004023	15.335810261700225	0.0183902854867192
2458616.5496567	15.890242955959774	0.0284369997731837
2458618.7256873	15.731078990432088	0.0544569057988535
2458620.474684	15.889339660636846	0.0657033384544884
2458620.7434453	15.530195188354629	0.0455947590453687
2458622.5019265	15.61114703940122	0.0767557749259999
2458624.7181602	15.585087067388814	0.0602623947549498
2458625.512708	16.006669135325712	0.074880071670763
2458628.6835615	15.756731094321616	0.0448060712264393
2458635.6827381	15.215810528244624	0.0187634435159096
2458636.6703283	15.959327405943853	0.0389135899039063
2458637.6739794	15.933238857177315	0.0409303774097461
2458642.6598886	15.816912424618003	0.0311175656430494
2458643.675447	15.766919634604662	0.0291493755456687
2458644.6854901	15.465552965582951	0.0196320090136118
2458645.6663131	14.858190830042956	0.0218971157429562
2458646.70287	15.785489514282688	0.038203418624432
2458647.7000354	15.806321246100184	0.0452229245933891
2458648.6660575	15.67066932119408	0.0408120944323657
2458650.6353869	15.241369410243845	0.0481107997846924
2458651.6781212	16.05486121927621	0.1521860839064092
2458652.73595	15.469093424330415	0.0627250127822544
2458658.3746774	15.855776246986048	0.028798816102866
2458659.7499816	15.385881875947046	0.0206512114123759
2458660.6902825	15.354549968755713	0.0195005092393986
2458662.7425892	15.821474911195144	0.0307293866959903
2458668.4647963	15.922507803062713	0.0311405649445373
2458668.7246746	15.747518349835532	0.0197619039158399
2458669.4103738	15.848595593636258	0.0278603536046341
2458669.6735384	15.364194968190787	0.0172495075309017
2458670.7304342	15.16553201337807	0.0187213212765025
2458670.7896995	15.066970614704688	0.0186486752816137
2458673.3171704	15.900322830329015	0.0399426557941394
2458674.6060273	15.248730038038085	0.0200741144045396
2458677.4629665	14.929737078112504	0.0227741531230467
2458677.806516	15.985575589214456	0.060578675656609
2458678.7236267	15.440695416747886	0.0395316256933769
2458679.5983273	16.127406111035082	0.1213906350124706
2458679.6752594	14.996410740837316	0.0316518351652837
2458683.761397	15.640044753084071	0.0422752540438907
2458683.7667942	15.393243763414572	0.0625548831216758
2458684.7000096	14.854728730921249	0.0258471540118578
2458689.6726931	15.711519702604724	0.027159217093949
2458689.7121681	14.900394306745865	0.0192391148160856
2458690.324684	15.3789249752781	0.0130817873154431
2458691.4987559	15.4070613346621	0.0154043105037905
2458694.6360239	15.816001552827249	0.027652614292509
2458695.6876502	15.852054358093133	0.0287572642338011
2458697.8562677	15.83152535194451	0.0319620933429673
2458699.4143556	15.655094471213603	0.0181726402857565
2458699.8504965	15.333359748474908	0.0206805246317554
2458700.4124245	15.323208434651058	0.0189927380640186
2458700.7918647	16.01432046046224	0.0408521010729355
2458701.8458205	15.743709241608364	0.0280936719013033
2458702.2341215	15.788081623063889	0.0280518810680458
2458703.6686544	14.86704402175575	0.022012184089725
2458704.5855271	15.36790429428052	0.0188183224157784
2458704.6491503	15.800902300562091	0.0505705599127251
2458705.7218827	15.724061676078424	0.0398461868073863
2458713.3034872	15.523774102586051	0.0475190425709046
2458717.6026807	14.910629080758696	0.0188395576674782
2458718.5202217	15.87313076629064	0.052699879966026
2458718.5914895	15.773665244881151	0.0284753502233088
2458719.4041521	15.383784208451049	0.0172087750555663
2458719.7924819	15.694249230071163	0.0295353295386008
2458720.6331884	15.71846327406467	0.0210942997203015
2458722.739246	15.33272733299166	0.0200677512014706
2458723.6919347	15.80259795067857	0.0330719813585232
2458724.6748103	15.886051047108932	0.0368549178792968
2458724.7432896	15.810154170884667	0.0288730120278226
2458725.6613165	15.811282921015156	0.0299030040365429
2458726.7584307	15.7449458973016	0.0278270150903737
2458727.4867781	15.882341662047748	0.0293157049227235
2458727.776908	15.39578124372548	0.0203047930326
2458728.4984594	15.870628499824328	0.0330211746049745
2458729.4303944	15.35384329697055	0.0168592556519442
2458730.674105	15.75450203992308	0.0249314943535625
2458738.7419312	16.021122742870613	0.1335894565568093
2458740.5680464	15.407327127540569	0.0446285973452215
2458741.6450678	15.048003477593053	0.0316052120235588
2458742.7030561	14.900374362511338	0.0460893414828849
2458743.5612948	15.923836256500383	0.0460248573813642
2458744.5570833	15.560883743166375	0.0190600506211726
2458744.7295478	15.68127975965596	0.0523801584386385
2458745.5502458	15.333594217826189	0.0218698681746322
2458746.5509228	15.56552231306419	0.0181252986473952
2458747.5473087	15.891033005932751	0.0314106466760212
2458747.5811591	15.094279578955735	0.0217062234341044
2458748.7066222	15.67019364373018	0.0435080559030037
2458748.7155594	15.800067540713172	0.0300901552443753
2458750.7124623	15.60956794072052	0.0217472970297647
2458751.7049041	15.208188102544929	0.0246230834210261
2458752.7057101	15.85247203330264	0.0540680908388685
2458753.2405829	15.935453470511929	0.0347606361649452
2458753.705347	15.836411871557576	0.0387260420753773
2458754.4299369	14.948845952024728	0.0175357230863166
2458754.7036776	15.803479210190169	0.0385491782179714
2458755.5660171	14.890009814352007	0.0205955877945465
2458756.6966917	15.019789123315723	0.0216534245226726
2458757.6912003	15.861841273720684	0.0384283603536541
2458758.6854986	15.809926990415937	0.0298593077317942
2458761.2520648	15.485772640983978	0.0283019192381967
2458772.3745293	15.28001436892594	0.0370574513502289
2458773.6502266	15.777076649159143	0.0602897023508801
2458774.6426395	15.311746388543614	0.0351700913457482
2458775.3763261	15.83360030468863	0.0306258169374787
2458775.6454809	14.911264203544611	0.0197740634463847
2458776.6417535	15.96709198788407	0.0437961086720847
2458777.638675	15.822402339985718	0.0353230624561777
2458781.6260333	15.823599684296614	0.0418197502830555
2458782.6217234	15.93185040863098	0.0366196978728035
2458783.6182378	15.533139157897049	0.0157758598451826
2458785.6126427	15.921321066822689	0.0395374136218938
2458786.3501457	15.404401541480814	0.0182419756469915
2458786.6132358	15.810343302255966	0.0348916352831169
2458787.354084	14.908229009476104	0.0177403924882857
2458793.5912568	15.303112536991312	0.0322069873073957
2458794.5879695	14.971729685299044	0.0300226963792677
2458795.5799492	16.0222202043578	0.0752531720484646
2458798.5652143	15.088390608977065	0.0478837662650787
2458799.5792338	15.370563054618994	0.0554201293111829
2458800.2695956	15.324581153699778	0.046517136765515
2458800.5731106	16.133344590323492	0.1227538733544394
2458801.293091	14.92675110408688	0.0327249239319427
2458802.2899012	15.826098674829913	0.0282747415832245
2458802.570451	15.498635169698447	0.0388302055627135
2458803.5426594	15.518243619723668	99.99
2458804.541936	15.90731293541937	0.0406543780419157
2458805.5388644	15.819944656544717	0.035642822343763
2458806.5371178	15.672242547265215	0.0314179010179633
2458807.5298267	15.26203412677784	0.0229588936087143
2458808.530494	14.979792386046103	0.0227913092761727
2458810.5274731	15.810418031546796	0.036385660548761
2458811.5242461	15.607070934315546	0.0345922017190708
2458812.5385968	15.2978302916951	0.0232726512655816
2458911.90508	15.577497945158832	0.1081517454675366
2458911.9063753	15.702626294026537	0.2053875287888897
2458914.9015303	15.68303899115402	0.0634423324677204
2458915.8941675	15.824155134060662	0.0390409813860303
2458919.8825071	15.868471217183313	0.0780157649899247
2458921.8772434	15.23689123816289	0.034381468536356
2458923.8790952	15.8505760750495	0.0618958876539532
2458925.6392773	15.805390185320649	0.04503427351993
2458930.617179	15.98469933007757	0.0376501796655858
2458933.6180882	15.516479459982268	0.0251614818356292
2458983.5700589	15.823812894974314	0.0426903273191116
2458986.5893855	15.356697361135572	0.0202819388513532
2458992.4587365	15.87012920710749	0.0291910789491118
2459014.518153	15.477257646461888	0.0176399614051217
2459017.3804196	15.659396633296128	0.0199319018202197
2459022.381354	15.64662970983306	0.0188549903460393
2459024.3567703	15.950253344153522	0.0339042327425346
2459031.3469713	15.754366494672247	0.038197412178322
2459034.4055966	15.648444030916243	0.0644540929701679
2459038.3243585	15.59713788706013	0.0569411400086436
2459047.3246233	15.021160968053398	0.0184499535652083
2459049.2839501	15.810418439891809	0.0280117009812403
2459050.3179987	15.773763531044276	0.0240525510289599
2459051.2694131	15.28584598705585	0.0196002200431035
2459052.2741391	15.214990399603233	0.0162681451398747
2459053.4746244	15.143438374729277	0.0172485510427381
2459054.2666565	15.733511428558373	0.0268830419282675
2459055.4707225	15.816305369641332	0.0255483957611448
2459055.4732032	15.758949912197604	0.0404472531227935
2459056.2603368	15.117195948324987	0.0223226122837317
2459060.2613909	15.496756890342224	0.0461325368807893
2459062.4601956	15.33280736027052	0.0392880092131961
2459122.4355262	15.95187875362972	0.0910655286672189
2459133.3771199	15.53145424831519	0.0233178679400316
2459147.5293161	15.751434168539753	0.0453116857496192
2459149.3104078	16.029652280944106	0.0742067063939328
2459152.61929	15.841681983489469	0.0856503775548467
2459153.5966316	16.0844349675896	0.1029040170650072
2459155.5932163	15.17403618503656	0.0389992160261
2459156.3287534	15.75148810374374	0.0643523563361676
2459156.5860602	15.732223269539428	0.0549360423155942
2459158.5918043	15.762525315290546	0.0415294173261906
2459159.5763802	15.527347659671156	0.0250612634047562
2459162.578083	15.81889292477153	0.0348567075240507
2459165.5411952	14.906954768445292	0.0215943043942246
2459167.5499744	15.766798882161792	0.0353322231227887
2459168.5502939	15.606475840814824	0.0236555576966435
2459179.5437961	15.007194388645363	0.028260257433739
2459275.8950341	15.8374916259243	0.091420728428028
2459277.8975569	15.602739883018408	0.0546545754413874
2459279.8915283	15.234199401446132	0.0320331771864313
2459285.8819231	15.835113574091384	0.0413443699050214
2459287.8847788	15.514760895069466	0.0225281580603732
2459290.8820283	15.87702500787124	0.0456278086539493
2459293.9053418	15.183075284419456	0.0248058961413427
2459296.8483815	15.554002223094566	0.02178287131109
2459298.8455774	15.322847485728392	0.0247011929349466
2459299.8392016	15.812169309603703	0.0535871125495302
2459300.8785283	15.772174797660345	0.0482359238336239
2459311.560354	15.895033543501905	0.0351239679526851
2459312.9092047	15.192925580572098	0.0235156266817589
2459313.8143244	15.834632896805756	0.0392769946093982
2459313.8246268	15.906103085802858	0.0419122136155677
2459314.8412366	15.796437055859514	0.0373535850226391
2459315.7965306	15.595265945569334	0.0236077079384801
2459317.5455552	15.698506172961077	0.0288677355044047
2459318.7918489	15.76761694934728	0.0354281198750208
2459319.810054	15.722657344882752	0.0398961791178681
2459319.8487721	15.830386768721478	0.0347582470337884
2459320.9035197	15.780348923715506	0.033071155816238
2459322.5278368	15.691719519131036	0.0257563063239627
2459324.7700875	15.687581914014403	0.0354818148877938
2459325.8186925	15.42555784284959	0.0374197600272844
2459326.850318	15.351276267674104	0.0180428200529792
2459327.8087291	15.918711159074892	0.0438433690459566
2459327.8359238	15.571786938734135	0.0310620859768289
2459328.8047909	15.793453281186808	0.0480668251737749
2459332.8503711	15.61602247860324	0.0527123598128345
2459338.7423108	15.781626834485674	0.0428711589086713
2459339.8433083	15.57020949741979	0.0277129868309888
2459340.8274322	15.417403315354864	0.0213096535313365
2459345.4923334	15.843248658230012	0.0288848026273339
2459346.7197942	15.85340118493727	0.0389598826243596
2459348.4727258	15.774090289051188	0.0299129453610315
2459349.6913224	15.086194013397318	0.0209759289648673
2459352.6941784	15.732174481138523	0.030350666727157
2459357.7232332	15.733274281448184	0.0604341408250474
2459359.6841212	14.777016922112356	0.0417475324177607
2459360.7332079	15.86640619640574	0.1063043510579805
2459362.6771537	15.728877786698014	0.062315529826645
2459367.6794385	15.60917742755386	0.021444367064822
2459368.6528043	15.09981723277929	0.0235596718630283
2459368.6687551	15.154215564100102	0.0209203556278124
2459369.7058867	14.923736944498136	0.0218715444342681
2459369.7405264	15.00015701700346	0.017932884360217
2459370.4370687	15.526622608094945	0.0239771800842548
2459371.5896602	15.603457028269425	0.0161496100292874
2459373.6487399	14.969337442568808	0.0198333885735191
2459374.7031009	15.21574266067782	0.0175336092224189
2459375.7067784	15.678498808974435	0.0287195188234295
2459375.7417025	15.870549371909226	0.0372424570921337
2459376.7146997	15.813111717325183	0.0343339182904894
2459376.7150214	15.778821931559516	0.0504371468811218
2459377.7983516	15.683932061346244	0.0313824259639371
2459377.8542078	15.820966469805413	0.0295185521952976
2459382.7553186	15.639263481471918	0.0312799851771871
2459384.391109	15.560909942015366	0.0393094406080481
2459384.8316479	15.23376169550569	0.0171423674528027
2459387.6218106	15.115992002378109	0.0293205026439883
2459400.9313843	15.194606322739496	0.0224453596381793
2459401.5956255	15.293882185696951	0.0173992367779308
2459402.9210183	15.729902569409653	0.0354351296052379
2459405.335202	15.924572764438311	0.0386586539984663
2459406.7461046	15.610424661892932	0.0226076768370928
2459408.5794713	15.70197273253938	0.0330771064118096
2459409.733995	15.70153526914558	0.0243423876899466
2459410.8074153	15.829401905818408	0.0367384712047265
2459411.8156205	15.67015463405768	0.0269249393083692
2459412.8120377	15.400605319899936	0.0235585012909399
2459413.7489068	15.376793679391293	0.0341486105231882
2459415.6753007	15.701414052132668	0.0386790172509013
2459415.7174288	15.787074705154303	0.0416618303002241
2459416.761854	15.540529744197151	0.0373191393404472
2459417.7541392	15.275787718822832	0.0410274651466586
2459422.3952255	15.828550079643309	0.074485877029877
2459422.6019211	16.02827698229922	0.0632974474290302
2459423.5387916	15.700340677735229	0.0346601845446104
2459424.5227507	15.494547814172396	0.0186213819854496
2459425.4387301	15.897576673713216	0.0439009417563308
2459426.4298307	15.787572291525509	0.0273898418174035
2459426.8168159	15.665159737277882	0.0358375983276006
2459427.8112123	15.27019909782723	0.039950506495688
2459430.4745251	15.649796329716905	0.0217157190554096
2459430.7704987	15.75482616860888	0.0337652121966571
2459432.3843016	15.589242054126936	0.018431010066445
2459433.3704127	15.213978820167393	0.0205862768935865
2459436.5954115	15.853380496027684	0.0297493883441817
2459437.3824659	15.560352249872675	0.0164119331555886
2459439.6904131	15.628663301839822	0.038094623545168
2459439.8175044	15.854416009343126	0.0339411929090736
2459440.471134	15.857359632289825	0.044525781901691
2459443.534739	15.718484203684454	0.0366730122492121
2459444.5908205	15.40902065945446	0.0374156762127977
2459448.7686296	16.042983468760852	0.1440374038278819
2459450.4378783	15.511895106890416	0.0713183900427047
2459455.67297	15.02960822671273	0.0233009249598817
2459458.5347643	15.371800277072914	0.0306041672041373
2459459.5198814	14.915326029639376	0.0203687369156574
2459460.5277487	15.578855145836792	0.0165422563196656
2459461.5483235	15.833594996825788	0.0319189798237178
2459462.554997	15.738237579278112	0.0305569369133707
2459464.570043	14.9635194821083	0.0185028858416242
2459464.6217956	15.161718892213653	0.0212616421080153
2459465.5865281	15.90649165259596	0.0408699105008932
2459466.5523264	15.694124003059835	0.0287293672760777
2459467.5564226	15.740974714882816	0.0250930713930913
2459471.504053	15.701864190487	0.0365196960184409
2459471.5280205	15.82634979768424	0.0385856865436143
2459476.4488947	15.430711671939823	0.067226384917365
2459478.4519934	15.635369880963015	0.082760875252581
2459480.5236252	15.72400859811208	0.0324318632108888
2459481.5011535	15.629641272260626	0.0202521025738094
2459482.4981536	15.312666737984502	0.0176101326100615
2459486.4370283	15.511872563272286	0.0207855031731278
2459488.4889652	15.210769692667489	0.0180708268433565
2459489.6067858	15.67594811568294	0.0232763315039795
2459490.592194	15.870479116142764	0.0335314266780749
2459490.6188262	15.718424367861088	0.0312696252705216
2459493.5051364	15.7595121315634	0.0369034493244077
2459496.2538675	16.015082364079845	0.0668673785366928
2459496.5454148	15.519554246982093	0.0192072936090668
2459496.5919985	15.756171555761329	0.0339216300981188
2459497.5314095	15.133969713007184	0.0219798838851443
2459503.5858384	14.96435913998101	0.0311750457826402
2459504.641322	16.155976991993615	0.1124790073560281
2459508.6281519	14.744039441680384	0.0381751809806148
2459509.628735	15.805516975782805	0.0703000397538798
2459510.6298502	15.83586976344314	0.0724187479586865
2459513.5550662	15.982051963118783	0.0410431114582932
2459514.5443022	15.827683095110569	0.0316135894050736
2459515.6047055	15.67681818006818	0.0293258169383517
2459516.5230169	15.201198090847145	0.0234875092750437
2459517.6107121	15.162215582084134	0.0213370705393098
2459518.5013092	15.891545778168322	0.0724820724928087
2459521.5276158	15.188516216075246	0.0252548442201056
2459522.5912614	14.970426439541258	0.0223249598182546
2459524.5355324	15.820901502260092	0.0345199187225757
2459525.5535423	15.664392588152802	0.0248456765393447
2459530.5212103	15.471426985054684	0.045060350930836
2459531.53609	15.107642614203137	0.0299437234720068
2459532.5699496	15.459950188709705	0.0548867475209486
2459535.2885888	15.655251206518548	0.0639647656934562
2459535.540509	15.456734638651884	0.0492670044779744
2459536.5558056	15.05219368533112	0.04275756399431
2459537.5517478	15.984643104345576	0.1113655930538332
2459538.5453711	15.898014720429089	0.0953429227577386
2459541.5329387	15.518243619723668	99.99
2459542.5284298	15.777718238705694	0.0493436683070127
2459543.5342534	15.736433199201102	0.0454751998216835
2459546.5319842	15.18838409314654	0.0271071506410888
2459640.8950211	15.0529733051506	0.0385134210718251
2459642.889453	15.732244523254408	0.035442249194644
2459644.8837526	15.436794752415356	0.0256129490161191
2459648.6275607	14.998631494639913	0.0215429982608994
2459649.8717053	15.303542787484457	0.0196434782673825
2459657.8716043	15.7450315110202	0.0762293406152336
2459659.6113236	15.7206368442174	0.0751024941222852
2459667.5968245	14.94527290384188	0.0229560134414907
2459671.847912	15.780299880261762	0.0306462662130715
2459674.8610189	14.861676735616738	0.0182079867211781
2459676.8202471	15.70200393226279	0.030180667089608
2459677.9086588	15.809355653915755	0.0299323166582662
2459679.8157447	15.7293692959841	0.0263089395244429
2459680.8135963	15.81665048591072	0.0279618395311391
2459680.84069	15.74237481808041	0.0267097708352298
2459681.79877	15.77166814649476	0.0297828000060984
2459681.8000103	15.738103470806193	0.0271906633409588
2459682.808608	15.466212516121615	0.0243271399087078
2459683.8569008	15.250571417358705	0.0180324009174921
2459683.8643258	15.215236111574193	0.0189153087433352
2459687.822322	15.456964493543737	0.0358613530668733
2459689.863952	15.535405452939646	0.0475851640858093
2459689.9066264	14.964721094796152	0.0288123171570029
2459694.7525765	15.731444520971184	0.0290405053751676
2459695.8582758	15.716040229257374	0.0286768995790868
2459697.820121	15.28448639928319	0.0220281651595245
2459698.8621091	14.92700700624508	0.0184135101561414
2459702.486609	15.811517170624402	0.038916605376392
2459702.4878563	15.670839579948163	0.0475320105590231
2459702.4891028	15.923484908819889	0.0891781399254568
2459703.7491287	15.22147415814302	0.0181672987602678
2459704.5007879	15.366715557370272	0.0145421926162708
2459704.5535708	15.469637706273138	0.0231633890916784
2459704.5549965	15.531749891506472	0.0333700516249897
2459704.5562482	15.43301657585976	0.0330699024692462
2459708.751581	15.800854031618014	0.027549198322041
2459709.8392581	15.844591703724118	0.0256286692938844
2459709.8695434	15.849965782211456	0.0273323877228515
2459710.8051593	15.727426312021633	0.0325013905261847
2459710.8064594	15.677679588950513	0.0509540832319848
2459710.8077696	15.781049047429098	0.0475025013602974
2459712.7162406	15.733026120111049	0.1444644887100818
2459712.7175389	15.584064156526145	99.999
2459712.7188371	15.273085658762032	0.157319307619364
2459713.8132956	15.822242726024973	0.0506327514124092
2459713.8145949	15.834632290612369	0.0887020026948929
2459713.8158817	15.69931793264833	0.0683659076716801
2459713.8623392	15.520605253248585	0.0230487158137793
2459714.8640571	15.683985990440467	0.0937417548115504
2459714.8653021	15.908098686030474	0.102459291102095
2459717.4570133	15.848522226161322	0.1624591407757653
2459721.8144169	15.28151389415725	0.0256707561382269
2459721.8157035	15.283092637338564	0.0282652129467495
2459723.4510251	15.222081991302352	0.0195313635265652
2459725.4354734	15.881454772346304	0.0344173262740434
2459726.5067681	15.848964443212296	0.0316232901541516
2459727.6765123	15.755183263628744	0.0277937300730598
2459727.7161191	15.809727281319962	0.0277579680749795
2459737.399321	15.374756654886312	0.0166778594480471
2459737.4947915	15.558257227276272	0.0185380921408977
2459738.643698	15.618791271627291	0.030321493782409
2459739.6590473	15.358881477583658	0.0252499424431211
2459740.7013825	14.954176664507203	0.0234017128057681
2459740.7026806	14.948115950101847	0.0302463708904505
2459740.7462522	15.200148837127056	0.0227890290845668
2459741.7408092	15.92815821592577	0.0753471232443026
2459742.7854081	15.8102416839309	0.0452121473644426
2459743.9160111	15.867126490479116	0.0516483558110651
2459749.7752731	15.504313247359471	0.0343816512973514
2459749.8367127	15.644981547309753	0.0261601232950984
2459749.8392862	15.706643546734298	0.0506288919634062
2459757.3953375	15.004070501700353	0.0185780863545181
2459758.826675	15.78090420540843	0.0293574320683216
2459759.7549711	15.405406869556664	0.0141584093617591
2459759.7562114	15.468460495242798	0.0259080057731211
2459760.7163178	15.46193190463891	0.0175436185126236
2459761.5846187	15.857892089282773	0.0317572829755549
2459761.5858609	15.87741291093035	0.0295727875122033
2459764.6160215	15.575301358242497	0.018604681251457
2459765.5837253	15.863822245217582	0.0291776556665058
2459766.7736486	15.926024722527206	0.0354449100376997
2459767.6677236	15.665917750830058	0.0238166335913097
2459769.6145189	15.922012060001716	0.0448027960751787
2459777.5639954	15.06185507108608	0.0473621462674785
2459782.2718168	15.77271757225214	0.0273295878874162
2459785.2683996	15.381834958824324	0.0206924663282623
2459787.6191396	15.323307691903771	0.0204948129091231
2459788.8602353	15.716783000216717	0.0253348838139939
2459789.8010451	14.98996762176798	0.0207443710909518
2459791.7772717	15.75816705427799	0.0290546563797655
2459792.7016658	15.499976468468924	0.0129244175628196
2459793.6800204	14.908496283235388	0.0180717667692835
2459794.6875969	15.8526389228291	0.029221646016244
2459795.8216845	15.8664313048473	0.036022055185557
2459796.7267938	15.888541194742064	0.0312632629941021
2459797.7153333	15.47483277358751	0.0217157792031973
2459799.7247588	15.831607530345003	0.0531325850856065
2459805.7193295	15.803812341568191	0.0463968665391006
2459807.8148034	15.636254594783928	0.0378024905834137
2459807.816087	15.666285131499066	0.0510662043365121
2459809.7149096	15.66990255679662	0.0286034753284271
2459811.6653403	15.446219130574969	0.0185581406761831
2459814.5053163	15.663350192394883	0.0258051254482793
2459816.7465785	15.509169302174758	0.0181800395477655
2459818.7468021	15.17510373530446	0.0188122149027118
2459819.691797	15.763702826363671	0.0294797487937873
2459819.6930964	15.746126825977608	0.0333653920120875
2459821.6667493	15.35889597915851	0.0180764661279035
2459822.6712958	14.85254754941561	0.0180272379537085
2459823.7189104	15.95771293677814	0.0375279625793618
2459824.6968025	15.71641601230747	0.0324701967495483
2459825.6163615	15.382559891805087	0.0224399249469571
2459826.6054196	14.912729835959112	0.0200971204326082
2459827.5588256	15.78664179423258	0.0392441689739955
2459827.5600775	15.967632514662917	0.0762371975363876
2459831.2888071	15.563921761716662	0.0729240856280205
2459832.5434913	15.762809755853851	0.0652325686167153
2459834.6350354	15.638168582897684	0.0475778455000756
2459835.5949624	15.234538635264997	0.0254917027246703
2459836.554503	15.962746817072366	0.0332493387282738
2459837.4706474	15.652181411763202	0.0482303355895262
2459842.4993541	15.801168016602231	0.0261316120700896
2459843.5721801	15.711010256924853	0.0221400066460681
2459844.5622991	15.375159427683148	0.0199424363358646
2459845.5998919	15.078411263747318	0.0199567447413846
2459846.5833577	15.876811039533203	0.0346933675887794
2459847.6045486	15.896305591537878	0.0313884990992035
2459848.6031356	15.768906594167948	0.0312833180571142
2459850.499861	15.8817649484803	0.032805480135721
2459853.2571553	15.869198679887893	0.0320200874740739
2459854.4898141	14.882423920624907	0.0216367148891124
2459858.2588019	15.91085021666672	0.08540217910497
2459859.5295897	14.958232501365476	0.0306088930437943
2459863.5355914	15.456532145280836	0.0282200776255039
2459864.5769803	15.12912254674631	0.0278440543046972
2459866.5219751	15.85802513995429	0.0330613092309863
2459867.6285814	15.817048877822282	0.032191085971609
2459868.591146	15.532386234641455	0.0186506403108473
2459870.2694322	15.567232955052	0.0200122229956634
2459871.5623092	15.844364074918126	0.0308695084110771
2459872.5512196	15.64049002574015	0.0274163959363305
2459873.5456238	15.30223250648648	0.018719788373523
2459874.5212321	15.36639577358381	0.0206697633260917
2459875.5340136	15.825526046883446	0.0282556524936645
2459876.5990011	15.888019537299568	0.0316714728433543
2459877.5917643	15.811365714671076	0.029431172506242
2459878.6262556	15.479336368363786	0.0213008595315263
2459879.5908937	14.889220473398028	0.0199913287719506
2459881.3425376	15.2319420988045	0.0232990570649644
2459881.6068919	15.694570902911984	0.0278385608917873
2459881.6094538	15.635973321345276	0.03350604414206
2459886.5905302	15.822708417097711	0.0617688292043477
2459886.5918228	15.890027145572542	0.0730639978726792
2459887.5871474	15.585427958086866	0.0458502203076053
2459888.5837908	15.263272387188088	0.0352281153200229
2459889.5803629	15.549413621833873	0.0689076896328695
2459893.568761	15.07122430508261	0.0335983292538072
2459899.2641523	15.560623199002473	0.042013969622458
2459899.5578716	15.803033392074491	0.0349579763355082
2459900.5540201	15.885511784194568	0.0378473058377024
2459901.5360249	15.612396647487458	0.0180227159530412
2459906.27044	16.03454924641104	0.0766122022705144
2459909.284007	15.52285620952663	0.0269026599335442
2459913.5186358	15.83441755626798	0.1279206970701973
2459914.2682409	15.64037411388566	0.1085065379776162
2460003.9000614	16.252865157393757	0.1410466263745604
2460004.9000812	15.779958733266996	0.1040839815955065
2460004.9013695	15.679210309913431	0.1216827261949853
2460006.8942663	15.423941654373795	0.0361387391247294
2460009.8912262	15.870835651320212	0.0665057669072542
2460011.8784809	15.382289427200114	0.0519767372437461
2460013.888435	15.861633999719189	0.0659066345803662
2460016.8815574	15.134579535772929	0.0339835546886529
2460018.8915256	15.85740537086593	0.0537226311229116
2460022.9066178	15.402828490315354	0.0317871299050792
2460025.6257136	15.868299401644544	0.0300625425972858
2460027.8430109	15.748664202519407	0.0317709485277719
2460029.8426852	15.627185818973	0.028451700894556
2460031.592815	15.827749749049552	0.0343760457363169
2460032.8262947	15.743028324075889	0.033077933709886
2460034.8830177	15.659803991713822	0.0422649855290021
2460035.8840759	15.37867927685041	0.0162343636355022
2460037.5851103	15.471324860221268	0.0189450537527633
2460039.5739201	15.554204304301033	0.0888385162169355
2460039.9113766	15.673246514337023	0.0485942696600157
2460041.5707737	15.62647101170099	0.0786220432671624
2460042.822082	15.72297552213092	0.065415997902807
2460044.7981298	15.411228494774548	0.0270433158763942
2460044.8421382	15.354741275202182	0.0374961284250716
2460049.6628207	15.857089278579668	0.0393312328683399
2460052.7876658	15.798708737744644	0.0357213249388664
2460053.7934888	15.523209156132872	0.0167214952119141
2460054.8267272	15.257987031992888	0.0183276652620456
2460056.7859346	15.732137323224451	0.0260130296136746
2460058.7585836	15.357086050895193	0.0213336752300152
2460059.8079463	15.052664521045118	0.0199478828912062
2460059.822867	15.130037177838094	0.020067451471847
2460060.7740741	15.971908046223447	0.0401501916687324
2460061.7566954	15.822314447923354	0.0300512271812266
2460062.8740836	15.75090408755907	0.032643885221683
2460063.8817693	15.611629202727286	0.0203686892426773
2460065.7570441	15.749519831005102	0.0426729762402873
2460066.7613456	15.898576889413931	0.0450761918373348
2460067.7460284	15.53403357529798	0.0529357062496991
2460068.798908	15.246613180151476	0.0328927345737281
2460068.8055156	15.40712910517084	0.0327997767123257
2460069.8211719	15.056841617836842	0.0287725652768433
2460071.7579565	15.860405926036536	0.0767997198461385
2460072.8538568	15.798605854262735	0.0599757861783677
2460073.8300829	15.459426149948747	0.0360096242866675
2460077.7606934	15.468458338368496	0.0237124385254213
2460077.9338751	16.016174654113723	0.0732692958889916
2460078.7602888	15.006136909351952	0.0240263408131074
2460080.5893225	15.681453785925928	0.0409006505879527
2460081.592687	15.239362058057678	0.0195180890866615
2460082.8608945	15.76275964196508	0.0292789130132263
2460091.4464783	15.955856994335718	0.037638200385099
2460091.8512623	15.75953680481922	0.0272788517623354
2460092.4455565	15.890765683762996	0.0312750435583298
2460093.451946	15.591053028129686	0.0281791679820873
2460094.7178361	15.789550271202335	0.0384038162928605
2460096.753272	15.513765447888172	0.0269456326423114
2460097.8245685	15.450765329953713	0.0280994093423877
2460098.8082642	14.942502485942414	0.045908156918923
2460104.8736426	15.752475360292364	0.0378975832322618
2460107.7230621	14.865336969720223	0.0199182593164821
2460108.8314105	14.978379330597328	0.019397625563135
2460109.7378342	15.8506093892863	0.0341350438224268
2460110.805728	15.721355147417365	0.0233584749810123
2460110.854995	15.866721502944582	0.0283596973213446
2460111.7858208	15.3359698539509	0.0315858499452933
2460112.8624073	15.358583862336047	0.016666640518186
2460114.9317307	15.837948686460775	0.0363873918224179
2460119.6124488	15.573190913037044	0.0200059997651653
2460120.817847	15.753060984307798	0.0249410862206854
2460120.8664563	15.795766780829265	0.0298034349716864
2460123.6009938	15.774363704059123	0.0446104946395266
2460124.705166	15.713345727832069	0.023401200269902
2460124.726384	15.773122194913922	0.0389438853971955
2460126.6179668	16.12324937008126	0.1141888157597421
2460127.3536942	15.367405394725628	0.0554987612645347
2460127.5779672	15.600836667797246	0.0782453594932771
2460127.9318336	15.225212860277356	0.0476972311297538
2460128.5048731	15.333754228434366	0.1160816671250356
2460131.4646534	16.013001382376736	99.999
2460133.8222914	15.7757480370042	0.0519426623524079
2460136.3972848	15.78598046869349	0.0219664488455936
2460136.4759959	15.84830348491696	0.0299898566526599
2460137.2915986	14.928008125220096	0.0183425667640098
2460138.4084892	14.92413946390037	0.0172066546628697
2460139.2859486	15.761438479768856	0.0245121829619178
2460139.6801251	15.544803042485157	0.0186384967246366
2460140.7126104	15.190122202143986	0.0205171353881934
2460141.5967224	15.835596675448524	0.0318112143709422
2460141.6200282	15.80796211965033	0.0273941302180253
2460142.6244534	15.888341491494996	0.0330555710007945
2460142.7228589	15.757725056343183	0.0289027996354383
2460143.280152	15.868986836563971	0.028614846665817
2460147.4034777	15.224749559936477	0.0167276161295617
2460148.286123	15.861424873086577	0.031324122206559
2460148.8080866	15.843506084976884	0.0286119926206931
2460149.5462284	15.598548704791597	0.0265864174901742
2460150.2870469	15.58592804277592	0.0160965095838533
2460151.8185415	14.983811338823044	0.0193442820602865
2460153.6184854	15.406789231924732	0.0314742482047203
2460154.5137188	16.073392063642935	0.0947816434676349
2460155.7466765	15.15974033092647	0.025379459034413
2460159.5045086	15.916791761801214	0.0974308029211174
2460159.6765667	15.180869259748956	0.0371072854534057
2460163.4402943	15.840841292181407	0.0347706632999332
2460164.4946306	15.804128645872655	0.0414313009532902
2460169.2561306	15.53145049654326	0.013262238255364
2460173.5767595	14.954964256805347	0.0189176939168735
2460189.2919156	15.425352791191424	0.044142730054574
2460191.3144534	15.96993602392476	0.0319078324820277
2460200.4797804	15.487598788186368	0.0178446034092399
2460202.2578522	15.855278619812749	0.0412688480712366
2460205.4719948	15.324565313066548	0.0216613237340391
2460215.4324161	15.0143171816746	0.045209459747442
2460218.600111	15.832484736366473	0.0535945100711559
2460220.331067	15.922143942627288	0.0324476718410479
2460223.5734785	15.85541670411954	0.0286857888366329
2460224.5478102	15.766476700748855	0.0290503987173025
2460225.6045514	15.4667557465351	0.0201886064669172
2460227.3064848	15.72990284683286	0.0212018871525156
2460228.5986637	15.806093829083084	0.0321999887829802
2460229.6095666	15.797489114724414	0.0327289651657201
2460230.6070582	15.526521517554665	0.0163564167870684
2460231.5721517	14.831855376247326	0.0193896528900602
2460232.576523	15.880600181589127	0.0317958775923674
2460234.5188628	15.547024466826606	0.0224855412233023
2460235.5479291	15.202868467308765	0.0205208773566382
2460236.5133629	15.899986779531991	0.0366276295821425
2460237.5674875	15.727629255107187	0.0291061913970845
2460243.3517047	15.184933478221666	0.0383268807016607
2460246.3803423	15.603208980340924	0.1493714249246487
2460248.3634979	15.156047746716418	0.0478517238617249
2460249.5843037	15.471388473065346	0.0237984177939322
2460252.5221405	15.842116090965764	0.0312014428511282
2460253.5569263	15.778390807074118	0.0291616897722468
2460254.5315674	15.316418920869417	0.020176672536582
2460255.5242266	15.328363775242362	0.0201524553993683
2460256.5814525	15.84319280866709	0.0406928983214183
2460261.2636318	15.466186071832944	0.0245231573126441
2460262.5367242	15.73232043682376	0.030050261485155
2460263.5335807	15.551180832250054	0.0214702930714774
2460264.5643315	15.217775055795444	0.0213960470508668
2460268.5183806	15.357651284083754	0.0378197974571606
2460270.541935	15.990716073856015	0.0540583932726903
2460274.5159394	14.85962826274617	0.0533980931643817
2460276.5270653	15.925853145212905	0.087104447164004
2460277.531927	15.750185144556408	0.0354986543845135
2460386.8734563	15.683980026208417	0.021359035750067
2460395.8706766	15.9888636971818	0.0878523501993582
2460416.8895143	15.360052817974978	0.0179597321074805
2460418.8931414	15.813612218162616	0.0328464967859308
2460424.7918975	15.67797811171958	0.0843120940900517
2460425.7857673	15.185922619198024	0.0344156536239031
2460433.9225715	15.795023640546924	0.0337395058971569
2460435.5345388	15.854251066668976	0.0395376102551721
2460436.7561454	15.95330147791534	0.0357294590457983
2460438.9230847	15.82248497420546	0.0309638844376498
2460439.8284211	15.54109227480862	0.0316217029529374
2460440.8127471	15.11634286107964	0.0188182800235857
2460442.4775561	15.154725308167391	0.0197275974047336
2460448.6929436	15.558192834804268	0.033197488310931
2460449.7009046	14.868714343542562	0.0259392841428515
2460452.4491066	15.11943981262451	0.0494882988204123
