2458412.50282480  15.5066
2458414.52747050  15.5301
2458576.53131980  15.5706
2458577.56745610  15.5338
2458580.76831720  15.5141
2458585.50496320  15.5298
2458588.72808240  15.5211
2458607.45525570  15.5289
2458616.38601120  15.5096
2458617.39028090  15.5725
2458627.60066860  15.5085
2458642.33883310  15.5073
2458655.27157020  15.6030
2458658.26373250  15.5529
2458659.26140730  15.6654
2458661.42676030  15.5701
2458668.25243670  15.5795
2458673.22509500  15.5530
2458686.33063190  15.6276
2458690.43051930  15.5489
2458691.44573680  15.5593
2458700.73833680  15.5292
2458702.21581170  15.5089
2458730.24168940  15.5498
2458741.39475220  15.5821
2458742.28832620  15.5565
2458746.37054340  15.5563
2458752.30764820  15.5711
2458753.33868010  15.6241
2458754.34242600  15.5733
2458758.32773540  15.5799
2458768.25211180  15.6428
2458768.31559490  15.6152
2458769.26002690  15.5158
2458786.25788100  15.5581
2458906.62782820  15.5044
2458922.57635390  15.6181
2458922.59117880  15.6183
2458929.54459430  15.6172
2458930.53094780  15.5072
2458992.46246280  15.6137
2459009.30487960  15.6281
2459017.44464930  15.5156
2459018.37537180  15.5956
2459019.46926860  15.5444
2459025.31767340  15.5531
2459038.48917450  15.5230
2459049.38866990  15.5299
2459052.50352290  15.5035
2459056.49858770  15.5744
2459060.31721840  15.5072
2459138.25187720  15.5898
2459156.50070350  15.6124
2459255.89173430  15.5422
2459274.83437140  15.5468
2459278.83528070  15.5156
2459288.79966190  15.5035
2459295.51356580  15.5079
2459321.52615740  15.5041
2459322.46437650  15.6567
2459323.47003380  15.5852
2459323.50346980  15.5253
2459328.51302710  15.5407
2459328.54308590  15.5257
2459344.43498500  15.5439
2459351.40643790  15.6226
2459351.41640620  15.5635
2459358.36280740  15.6045
2459372.31534400  15.5706
2459374.83966100  15.5241
2459376.41702800  15.5122
2459377.29971660  15.5181
2459378.30675130  15.6187
2459379.74236300  15.5061
2459386.53128800  15.5898
2459400.47110190  15.5097
2459400.49601690  15.5095
2459412.25747180  15.5208
2459422.64797790  15.5083
2459423.69450000  15.5209
2459451.42605010  15.6321
2459460.33851500  15.5096
2459469.26035020  15.5303
2459483.35392400  15.6059
2459491.59841700  15.5071
2459495.29232770  15.5844
2459497.30550350  15.5824
2459506.27646580  15.5476
2459513.25779380  15.5487
2459616.87888370  15.6178
2459634.62001120  15.5911
2459644.58900350  15.5123
2459647.58522520  15.5889
2459712.40725680  15.5190
2459720.81065810  15.5052
2459721.75583130  15.5363
2459731.47876660  15.5441
2459738.47517170  15.6452
2459739.32722860  15.5627
2459747.72760900  15.5153
2459756.25898900  15.5467
2459760.74238500  15.5207
2459785.36701290  15.5236
2459792.32833760  15.5054
2459797.28049390  15.6034
2459808.42220170  15.5847
2459812.38821620  15.5584
2459812.44046380  15.5875
2459819.48299610  15.6048
2459822.43096110  15.6304
2459826.25627560  15.5550
2459831.47393240  15.5118
2459832.54744360  15.5455
2459837.30381630  15.5049
2459853.28778470  15.5456
2459857.30715030  15.5573
2459861.31601070  15.5778
2459874.25016240  15.5462
2459880.24761080  15.5658
2459998.83420200  15.5319
2459999.61879820  15.5161
2460003.59644080  15.5199
2460014.58744380  15.5892
2460014.82402940  15.5540
2460016.83705840  15.5191
2460049.46177060  15.5285
2460067.40560400  15.5309
2460076.69515680  15.5827
2460088.37962400  15.5185
2460116.37455930  15.6024
2460118.28930440  15.5368
2460130.48031520  15.5809
2460161.46209810  15.5071
2460162.52066310  15.5255
2460168.29037730  15.5162
2460190.69209640  15.5961
2460218.60413780  15.6427
2460219.52966050  15.5404
2460225.58885940  15.5432
2460240.26657770  15.6449
2460248.52054070  15.5875
2460251.51135150  15.5733
2460252.50801820  15.6302
2460253.50655590  15.5394
2460388.87746760  15.6492
2460416.85493310  15.5659
2460417.82017960  15.5723
2460418.84582260  15.5251
2460423.76310220  15.5384
2460430.95707710  15.6619
2460431.89593990  15.5642
2460432.79528130  15.5887
2460435.88150280  15.5548
2460440.77495530  15.6017
2460443.85536640  15.5850
2460443.87784470  15.5848
2460449.63868940  15.6059
