2458228.9231475	14.812008358683215	0.0125410315645084
2458231.9146867	14.867908834508524	0.0104338862017872
2458236.9162564	15.242010637170267	0.0220498571147538
2458256.869218	15.461892019628545	0.0132421446874087
2458282.7869506	14.798499078598422	0.0147482903984908
2458282.8829459	14.848288025583637	0.0124879582729876
2458283.5181549	14.607021295066165	0.0094551989637011
2458283.7055033	14.81825983457037	0.0144244618329233
2458283.8866236	14.890662472425875	0.0123349216218704
2458284.7152618	14.74101574711531	0.0097106500644599
2458284.8794183	14.90144605633817	0.0115472512999534
2458286.6476326	14.73507806944822	0.0098544376298441
2458287.6367713	14.750768921650852	0.0120234033958658
2458287.8770575	15.38966876999405	0.0110260261511648
2458288.6935263	14.787435297087807	0.0143388445246888
2458288.8716695	14.833027632739675	0.0092002394024221
2458289.8673422	14.88400338679872	0.0106070583184739
2458290.8385967	15.385823785369476	0.0108701515881289
2458291.8451966	14.848122205563168	0.0128279361866191
2458292.8609624	15.389724758880645	0.0111592559284212
2458300.6781705	14.85175305386668	0.0194495856689691
2458301.74572	14.616558321093471	0.0128956663708323
2458304.8254504	14.945115291820231	0.0210946141921527
2458306.6440527	14.740222804436293	0.0105460614539779
2458312.6383069	14.59645447154947	0.0113802272872037
2458314.5095214	14.801812188577696	0.009249760753655
2458314.7635388	14.75494062977575	0.0162844440653932
2458316.7891796	14.916651188769965	0.0133178261691208
2458318.7871487	15.410750327064864	0.0132424657596148
2458320.7862661	14.773698029601956	0.0096409944453854
2458328.5806696	14.52239091078436	0.0184539449632674
2458329.5475313	14.673599648775772	0.0153976560501273
2458329.7163546	14.833785169995252	0.0286687285964428
2458332.744166	14.827957739139045	0.0190006855550872
2458335.5641968	14.778381469364769	0.0148082515258421
2458335.7347246	14.785069160873029	0.0120620890807488
2458336.5537791	14.57419860347565	0.011236147118514
2458336.7264778	14.871576832456295	0.0118997054020054
2458337.7295186	14.938705872345407	0.0122441275278915
2458338.5435059	14.753561819511438	0.0122333774185297
2458338.7142312	15.336722120252777	0.0144593030463121
2458339.5545529	14.635720513561136	0.009747398138981
2458340.5436961	14.788033518961509	0.018241745520344
2458341.5405326	14.654053536075386	0.0116328828447404
2458343.5414939	14.747491834761677	0.0095849867494143
2458344.5378982	14.621998940035416	0.0096056679853302
2458345.7089528	14.92880027046506	0.0166040588449964
2458349.5623	14.600868630009318	0.0134354560729359
2458359.4799011	14.742060011771512	0.0154826086782933
2458360.4839615	14.657301598028898	0.0096887703652484
2458362.6682001	15.370083245032244	0.0104362303217004
2458363.6188397	14.756280802391077	0.0137346576001687
2458370.6531	14.882230384617692	0.0129106279087537
2458371.630675	15.43252167108624	0.0174367085440689
2458372.6223175	14.801764196819052	0.0126828455455538
2458373.624986	14.935415814961877	0.0175494890686906
2458374.6242228	14.92283030364688	0.0122046081158798
2458375.6048281	14.862254123109537	0.0099431274836604
2458386.5871296	15.374455445800324	0.0222648452997151
2458393.5744347	14.867534731616718	0.0128756305210967
2458394.5635105	14.931532023520278	0.012623814204157
2458398.5606945	14.69127533076852	0.0346096061111524
2458401.5305913	14.809289843967925	0.0110731672875778
2458409.4973222	14.791039934644896	0.0187933233710755
2458410.5173759	14.710800660400816	0.0140625549292863
2458411.5101683	14.836159395941962	0.0149968106863709
2458412.5028312	14.840248624870998	0.0162304532984744
2458414.5079743	14.727478956931693	0.0176523947882786
2458415.504616	14.911353298526793	0.0227704519719611
2458416.5012283	14.905012793339662	0.0214351589964464
2458417.4980161	14.855067092836432	0.0165299576839325
2458523.8881311	14.811789333510363	0.031775208327653
2458524.8876171	14.916427850086604	0.0260608064123578
2458525.8832517	14.81816950108519	0.0216161684436764
2458526.8822912	14.820451469704372	0.0151653385625947
2458527.8779974	14.703017646092624	0.015400769263906
2458528.8735914	14.762674370643772	0.0149138230519092
2458529.8766342	14.699546165715606	0.013370788396978
2458531.8874409	14.682114644774156	0.0239259030663235
2458533.8828812	14.692930303810742	0.0276630841070546
2458534.8777737	14.680273610281809	0.0279002408673216
2458537.8850722	14.701276706270836	0.0184752784755679
2458539.8704455	14.847920600640492	0.0149606791837057
2458546.9037117	14.592161309255909	0.018662795665206
2458547.8963662	14.946584118256258	0.0172158049437131
2458548.8797922	14.743281421935578	0.012720863108518
2458549.8398428	14.605792647721849	0.0152072070044863
2458550.8351512	14.731682573792714	0.0154083737986202
2458552.8518795	14.670960550574067	0.0109612157579098
2458553.8287355	14.69051735875545	0.0118331620071208
2458554.82405	14.53078912158916	0.0149158548167808
2458555.8231605	14.694462394305877	0.0136078364055039
2458556.8183205	14.724619922259768	0.0134373037594126
2458557.8174527	14.609608687126538	0.0111610969776088
2458558.8284869	14.913065149316	0.0126558324302801
2458563.8019931	14.80633729403378	0.0291470064889954
2458564.7969987	14.894818848127333	0.035245340202566
2458565.8144551	14.87340838566684	0.0266558032108366
2458566.8317451	14.736329839480916	0.0199204484291984
2458567.8363999	14.773832913470024	0.0268523092363897
2458573.7661606	14.847622335035446	0.0119928717453528
2458575.76058	14.690848570122224	0.0132887003042213
2458576.7598159	14.678653850303	0.0113017137363554
2458577.5912877	14.668292662538676	0.0140273120329874
2458577.7553271	14.92468590598792	0.0120106947247219
2458578.7776284	14.85155032747899	0.0164465405552015
2458579.7912738	14.754722681235537	0.0111588066852679
2458580.7683215	14.58931050558502	0.0099862864575591
2458581.770934	14.66491414380224	0.0111817872315992
2458582.961799	14.8364923289223	0.0089964250335782
2458583.7506062	14.584991938404803	0.0110924200200412
2458584.7382384	14.719543344229782	0.0161157090821666
2458585.734546	14.74585647880402	0.0156887826268463
2458588.7280841	14.560118964583795	0.0144678262551092
2458589.7168941	14.781811168602877	0.0180903037313437
2458590.8376103	14.51450821277791	0.0133854415453259
2458591.8941145	14.664845969944428	0.0124576764002092
2458593.8176582	14.79640255798526	0.0298205514410299
2458594.7085558	14.658194563417908	0.0208884570122497
2458595.7078678	14.690135975156002	0.0205068398356188
2458599.5966735	14.64090935473891	0.0158750320686549
2458600.8752099	14.776979171481369	0.0129113095691406
2458601.4673098	14.630963651849346	0.0155375655980264
2458601.9481088	14.922404023719288	0.0194236863974484
2458602.5313852	14.608289617756029	0.0109879859701578
2458602.8938219	14.746134259694424	0.0157951736745163
2458604.8820312	14.892943300926582	0.00965684010638
2458605.7625768	14.72782034094586	0.0112696486779006
2458606.7838482	14.616040772673683	0.0106723229788484
2458610.8826096	14.930432474434513	0.0150457416735898
2458611.8932139	15.337359615104685	0.0107629300268232
2458612.8633537	14.901911494730255	0.0119401599540839
2458616.3860125	14.44435695431356	0.0198404127704058
2458617.3902784	14.670063306614509	0.0306140182449858
2458618.3826727	14.778101373423633	0.0553398875611255
2458618.6399079	14.890358456130388	0.0221822634525342
2458618.8950358	15.209333200616848	0.0178107712189335
2458619.8442136	15.403871151461582	0.0240728546928778
2458627.3511719	14.491427938822705	0.0161523922228726
2458628.356264	14.635073580460338	0.0163875922705462
2458632.8334981	15.36675821739866	0.0159292525823294
2458633.8705995	14.910442779301636	0.0114071821072305
2458636.5860823	14.818058773034236	0.0115342530962932
2458637.6018771	14.899324086231864	0.0108778662812237
2458638.6486382	14.62815047536904	0.0121271184046429
2458640.6445896	14.784888301555842	0.0134710049915985
2458642.6202166	14.787173242578424	0.0105313052938585
2458643.6566494	14.570462631923194	0.0097435890523033
2458644.6831098	14.94337095977864	0.0132674845627805
2458645.6700106	14.826316699379618	0.0156377982269754
2458646.7046425	14.756469909667755	0.0128008040886251
2458647.7037331	14.729220057943628	0.0222478727836306
2458648.6755827	14.78077432584367	0.0173605903265359
2458649.3980525	14.705361332117825	0.0342929733373387
2458650.5618689	14.719415606353111	0.0326930372577983
2458655.2715702	14.593801274990865	0.0196690642684247
2458658.263734	14.490467737448435	0.01321570980321
2458659.2614073	14.538119161246714	0.016866479189524
2458659.7461209	14.87227546018086	0.0103122769228641
2458660.6678775	14.762124977030272	0.0105358370531563
2458660.8555272	14.640531287078202	0.01291199563113
2458661.5932302	14.65983954935764	0.015190947273367
2458668.2524362	14.596964885737528	0.0099596410460171
2458671.6179793	14.796154729832969	0.0139735500785214
2458671.6536317	14.700299292719434	0.0160125949364751
2458673.2238678	14.603767873370243	0.014765660669993
2458674.2561778	14.563816457054203	0.0151811073097763
2458674.8382397	14.79336692092051	0.0120156639532386
2458675.2796579	14.774028835486895	0.0222341104242715
2458676.6071596	14.749872516944562	0.0213060845801315
2458677.3368481	14.673463946510877	0.0252621266416054
2458683.7680459	14.772343015933174	0.0279018038799476
2458684.6545892	14.69029530055443	0.0214225205470349
2458688.6643599	14.962578959639966	0.0156063472927938
2458689.7657894	14.763145550963522	0.0152948310545756
2458690.4305142	14.613169250690692	0.010031514251469
2458690.7729922	14.899366501317807	0.0127523125752268
2458691.4457368	14.51529212552498	0.0151067130832584
2458691.5620913	14.768873816702929	0.0103772728307897
2458692.7632068	14.9069815585508	0.0110005413389948
2458694.562754	14.767650597490864	0.0132303912015015
2458694.7668376	14.765756004721965	0.0144825135811008
2458697.5770491	14.81508564602092	0.0193650738975522
2458697.7577673	14.872972672838248	0.017287768301742
2458698.4900224	14.487068418032004	0.0146756812338101
2458698.5788825	14.825312895183156	0.0156736621840544
2458698.7442346	14.90954944108566	0.0121537308796864
2458699.2406265	14.625907524585209	0.0127386737132729
2458699.583239	14.785429149217704	0.0123748416843281
2458700.24101	14.481495566116273	0.0120209183336143
2458700.7383368	14.893536512612595	0.0188471448372283
2458700.7547555	14.768487821568312	0.0128721842424213
2458701.6414893	14.789291343257313	0.014281951443904
2458701.7403364	15.375654532899892	0.0155546588501949
2458702.2158117	14.5893737107691	0.013864323653098
2458702.733999	14.756922848782846	0.0127590031191204
2458711.7141381	14.737377810191887	0.0565371351891096
2458713.5223869	14.847563135641506	0.0132952525955671
2458715.4477303	14.573258608501868	0.0171504512447648
2458716.6432306	14.619568017979326	0.0129554484519254
2458716.6876711	14.933165678981288	0.0123655284532086
2458717.7005702	14.795480035290058	0.0166302927882177
2458718.6970607	14.72703399007792	0.01557166921993
2458719.3458877	14.645041420569626	0.0126191829093445
2458719.5138728	14.669769631343891	0.0142699618178912
2458721.4899624	14.832365947365847	0.0176161895196595
2458721.6766684	14.873829083329364	0.0119576145524007
2458722.3400585	14.562724765709838	0.0128905220051693
2458722.4902239	14.384399474463084	0.0105480091414487
2458722.6760119	14.897055345637773	0.017493706331519
2458723.3215463	14.488098971268768	0.0099178422678962
2458723.4907234	14.451769842989629	0.017488271897651
2458724.3862246	14.560163517063254	0.0142057970176024
2458724.4885497	14.23234582920676	0.0136432561151502
2458725.4240253	14.473055873002336	0.013759652124744
2458725.6655998	15.39689707233653	0.023926717100838
2458726.659118	14.824983880874342	0.0103127963494014
2458727.4072136	14.28413627891146	0.0161482768263503
2458728.4039837	14.498538427838996	0.0107721303973407
2458729.2228233	14.449521375805611	0.0116411462363998
2458729.6541987	14.864312553753123	0.0128538676998588
2458730.2416837	14.558549943102584	0.012934429110354
2458730.6528704	15.388821049408977	0.0148075256204377
2458736.6513348	14.70702593084858	0.0275265642803558
2458738.6415615	14.912263947164082	0.0283022832760104
2458741.5937413	14.776118125863215	0.0214649283238637
2458742.2883378	14.674351998871408	0.0310334804959749
2458744.626751	14.6194129055832	0.018140621844644
2458750.3482696	14.617797551582552	0.0193505272544833
2458750.5919469	14.867886329454125	0.0146174483846283
2458752.3446615	14.615586735913158	0.0209405876427238
2458753.3386801	14.66560743005889	0.0180709401344564
2458753.585519	14.957294675926116	0.0208680871604738
2458754.3424128	14.552967309137356	0.0150442043710629
2458754.5970913	14.912231158689377	0.0125802235113751
2458755.5248325	14.647688130143596	0.014427803025044
2458756.5762872	14.905951842182573	0.0154863450032517
2458757.5758865	14.659234553299989	0.028443053047116
2458758.3277268	14.7430120718236	0.0181081548879048
2458764.5228658	14.922517074451342	0.0189365796407917
2458764.5375791	14.730143229393992	0.0196465894462438
2458765.5671381	14.688193788866784	0.0264376417475028
2458766.5642766	14.868384468386118	0.0187159169441498
2458769.2600173	14.608474997980046	0.0282589543148418
2458772.5271139	14.69827465997374	0.012674676669613
2458773.5235983	14.743261482677523	0.013550021435716
2458774.5251442	14.752107296784995	0.0140204284016864
2458775.5209755	14.823738485239735	0.0220810923404665
2458776.5270079	14.657442467383534	0.0118226628755668
2458778.5109063	14.793738877908352	0.0158044229319854
2458781.5011443	14.773487666461047	0.0177365114790519
2458782.5424412	14.771066525294238	0.0133429133131223
2458783.4983873	14.949596476943498	0.0194440884856142
2458894.878166	14.928846983507531	0.0311431372271439
2458894.8794403	14.788524870803643	0.0404120759917384
2458900.8738383	14.713983305692388	0.0173497212062343
2458901.8730273	14.92587986005796	0.0178650705820322
2458903.5154636	14.828820436592933	0.0174568677423118
2458904.8548133	14.76522531100523	0.0139597911996012
2458905.8570576	14.446102959890474	0.015470217599609
2458906.8728351	14.882441367193923	0.0183623003446324
2458908.849435	14.740374036464791	0.0131274744359744
2458909.8459883	14.452827518349876	0.0138033349112926
2458910.8437496	14.926976338179296	0.0163674375361929
2458911.8417953	14.413857700732432	0.0154174247492345
2458912.8379506	14.873064793622897	0.0164355884282584
2458916.8816611	14.828049998375366	0.0125447400302719
2458918.8212093	15.123568736889368	0.0398727070454688
2458919.8899609	14.696837559638848	0.0226483678293361
2458920.8326908	14.836855379107575	0.0323478058333324
2458922.5763539	14.703060241420491	0.0315501402440176
2458927.5422309	14.680902200389047	0.0195879503699973
2458929.5445943	14.595632207010766	0.0191056049421382
2458930.530951	14.595965628331976	0.0107360953990682
2458933.9692069	15.155489437720966	0.014399457507895
2458955.9725499	15.456244248204102	0.0230353830696596
2458957.929611	14.83663854282204	0.0146215885865731
2458963.9180702	14.90209462252781	0.010984270352319
2458967.8870136	14.70571197692784	0.0117413032259859
2458968.9453858	14.871861229160988	0.0106202446486993
2458983.3826131	14.421905125927498	0.0140132850529075
2458985.4366786	14.692898761650865	0.0176238928813826
2458990.9463591	14.726863633890124	0.0133452916089545
2458992.4624639	14.686108019682507	0.014992864545991
2458994.8745692	15.40507764836028	0.015784300336882
2458996.8772171	14.807640050691989	0.0111210333014482
2458999.8111398	14.844726703363635	0.0101182589858617
2459009.3048789	14.702257916659406	0.0347699049176374
2459014.8652705	14.837432717406616	0.0118293709193075
2459017.4446421	14.58119165614004	0.0120075944338015
2459019.4692686	14.524448349512523	0.0122191205001821
2459025.2668167	14.504092960971295	0.0144012925047319
2459031.2824233	14.523223788206428	0.0173601025281398
2459038.4891745	14.574093521410608	0.0208785885986026
2459048.5212206	14.58647944430137	0.0114349259319663
2459051.3845319	14.553254159681142	0.0136122796314973
2459052.7917231	15.402808245538154	0.0112834922507297
2459060.3172201	14.581043414923013	0.0196930959759562
2459072.4795555	14.628667836443176	0.0162643513590426
2459080.6606912	15.344470938238588	0.0149193757301575
2459082.6994851	15.251642705577202	0.0208518380665201
2459097.6087276	15.402412082779788	0.0125829608156449
2459112.275228	14.619984262311489	0.0173360040126
2459119.2542645	14.561810505241873	0.0235936362447968
2459126.5750409	14.869194800481306	0.010586846822276
2459138.2518767	14.627165909333431	0.0136820970323674
2459146.5049982	14.898484703247773	0.0244371236464188
2459148.5123255	14.719052851008932	0.019547054599397
2459257.862979	14.795254852532596	0.0160379330000269
2459260.8568111	14.623826286393015	0.0154477491528798
2459262.8516567	14.736821381347228	0.014493145812921
2459262.8627319	14.61731014465489	0.0135101580930176
2459263.6348226	14.644982738336214	0.024153605540844
2459266.5978626	14.457436185446516	0.0179783765925213
2459266.8709285	14.764845520580822	0.0122088060665472
2459267.8443643	14.700748091127238	0.0130600322046224
2459268.8502678	14.868667384885114	0.0142414889076797
2459269.8414891	14.891006177771889	0.0147727190505356
2459272.8432642	14.929571971256548	0.0337618899549911
2459273.8381768	14.980640472087822	0.0274179824235434
2459273.8635858	14.833495080421846	0.0365638369066775
2459274.8343733	14.9482970737506	0.0287785737160654
2459275.8369122	14.68770101671938	0.0271441330683691
2459278.8352833	14.893800680270658	0.0213669274027308
2459282.8808301	14.800389978017703	0.0182867956156845
2459290.7880332	14.91571038828797	0.018304686152138
2459292.9062268	14.78161289255823	0.0242363435159618
2459295.5135658	14.434395351347636	0.0111391352418478
2459296.7753335	14.707332805977614	0.0172921364628917
2459297.7835905	14.801588408796793	0.0144571373916861
2459297.8295246	14.900663378967886	0.0152766576103431
2459299.5744049	14.639304826525986	0.0142797686916671
2459309.7892104	14.590567741086453	0.0136424297724882
2459310.7620243	14.780847686746396	0.0120846531652947
2459311.8107922	14.953975922621854	0.0188063596851358
2459312.953126	14.95965362093414	0.0164268113524187
2459313.9667215	15.211438134980709	0.0126941986497686
2459315.826465	14.754452527454674	0.0112635576822851
2459316.7708574	14.859925849583798	0.0220682650319664
2459319.7074274	14.969294359485922	0.0222168801233185
2459320.7069105	14.683657503220845	0.015418581386185
2459321.5074236	14.494295798144952	0.0106288860976311
2459322.4643839	14.587432530040612	0.0100462857102044
2459323.470028	14.605705832208846	0.0099341098008572
2459324.7588299	14.765120345353711	0.0085630362455704
2459327.4228744	14.522605113242438	0.0253618372021255
2459328.5130177	14.597738642487023	0.0170312619113334
2459329.6683665	14.942185855689267	0.035286115682945
2459330.6717033	14.732867618976169	0.0235490073296901
2459337.9193564	14.864667425867374	0.01668771049686
2459339.9559287	15.329599553177363	0.0161568232301995
2459342.9103505	14.757961029631607	0.0145165507304341
2459343.8726774	14.929144875606328	0.0138249458580484
2459344.4274806	14.64507832501118	0.0132764058147894
2459344.8655323	15.415606906667726	0.0144856208404546
2459347.726321	14.922970206249085	0.0183169634826006
2459348.6271371	14.985003607444106	0.0220432537714427
2459351.4052148	14.625925250088002	0.0139996547940635
2459351.6084466	14.763155402806987	0.0113866122016516
2459351.9477453	14.905955022957093	0.014131413805252
2459352.8013585	14.862916727292149	0.0174268815819372
2459353.9047564	14.822378261760743	0.0100243061747465
2459355.8202623	15.245342612802492	0.0164115623880185
2459357.3454558	14.64026671355973	0.020090810490163
2459358.3628033	14.506342647598792	0.0258981426643636
2459358.5876377	14.682437481708044	0.0195668068467619
2459359.8644369	14.817744494832796	0.031986210222237
2459365.763084	14.788413483279095	0.01562105449995
2459368.8026348	14.801053967154733	0.0146696479981263
2459371.4034598	14.543241711504004	0.013641542506782
2459371.8838428	14.727517277974568	0.0138115941075467
2459372.3153407	14.632550689342027	0.0136688925298609
2459372.5592203	14.783166049849338	0.0154762637864498
2459374.8350861	15.397781019169988	0.0116099897291858
2459375.3956675	14.58595612042597	0.0154758969584028
2459376.417026	14.54240473912247	0.0149607022570617
2459377.2997166	14.57268225230619	0.0084786426764689
2459378.8009684	15.425487035709846	0.0169793668543586
2459379.2891731	14.398538539132616	0.0141351182856546
2459379.7122736	14.57519962371639	0.0122969326314956
2459382.7093488	14.672898413819812	0.0163104501358084
2459385.8588651	14.914550835099444	0.0156668918990076
2459386.5122289	14.74207234170187	0.0102785677480564
2459387.8278884	14.666834053301525	0.0231815384517333
2459393.4994447	14.922112846449728	0.0210848484212298
2459393.8441656	14.798424946440928	0.0194874543333999
2459394.615656	14.832208640998104	0.0202620991877122
2459396.7573433	14.791885682530944	0.0171945985220075
2459396.8033707	14.959142272526794	0.0277601926147309
2459397.7746919	14.63684405823617	0.0120250955511621
2459397.8334231	14.821463841189187	0.0163087551345916
2459400.4698093	14.970921750757975	0.0195931428698871
2459402.413215	14.557290476810358	0.0130419387973983
2459403.8277849	15.04633194110005	0.0319944516547292
2459405.7358962	14.673036279436143	0.0130227642328883
2459407.4824003	14.754309255150115	0.0085081493046691
2459408.7832219	14.806034191249456	0.0137753579656113
2459409.8062588	14.800769516887954	0.016028201190435
2459410.7816358	14.804207478265084	0.0179132114190437
2459411.7879617	14.92432663122248	0.0157258410105715
2459412.6809459	14.951075317149396	0.0295058653757683
2459414.7948952	14.839136800488273	0.0203533615917275
2459421.3351497	14.730465569730736	0.0601620176791011
2459421.7808731	14.756107894516138	0.0367696061727217
2459422.7074916	14.914158065210811	0.0190402850641358
2459425.6159019	14.752333678849052	0.0142788510065504
2459426.5734031	14.96957199726872	0.0190242045545018
2459427.5994608	14.871260830783886	0.013608395874382
2459428.4869219	14.8924299511396	0.017124929543387
2459428.6381979	14.807145054657228	0.0144572325431458
2459432.4868824	14.5129759357721	0.015700194628836
2459433.6166951	14.952669911224746	0.0126191470281192
2459435.4997585	14.692670155572827	0.014598440711169
2459436.6168819	14.79184879899642	0.0165591177571267
2459437.5538156	14.598906048377856	0.0135665371131635
2459438.73384	14.836105588234638	0.0146548636895182
2459440.4871759	14.743112078814685	0.0151068512357248
2459442.2914893	14.598658566439868	0.0231298458990611
2459442.5138802	14.94077182649419	0.0195875965747592
2459447.5652687	14.758848027759104	0.032549586043072
2459448.6504269	14.789183176378913	0.0290148617777059
2459450.6123205	15.313599407671298	0.0155617013029616
2459451.4260501	14.519692507066202	0.0297674419104754
2459451.6793149	14.883277216099591	0.0273794106488011
2459455.6458139	14.880316448589944	0.0163560495573307
2459459.4209923	14.513003080500695	0.012150080668618
2459459.6715005	14.987243694807637	0.0188190167669256
2459460.4203856	14.546329899472578	0.0139759824714541
2459460.659216	14.862801041985213	0.0116219866392632
2459465.6259242	14.76036062950265	0.0141875050611324
2459469.5880263	15.081209531386206	0.0247837931066138
2459474.5350593	14.852113555055118	0.0258454604810665
2459475.5120872	14.985638518228845	0.0230436827674286
2459476.5183107	14.558182199087158	0.024109908705968
2459477.6153176	14.935783603628302	0.0278021427714729
2459478.4933069	14.924237601009564	0.0224312686169877
2459483.3539225	14.649347320061407	0.0191219670269854
2459484.6021773	14.851810000033216	0.0119403414888173
2459486.5802566	14.74877837964533	0.0136708718920197
2459489.5121932	14.6583993575526	0.0164967336856631
2459490.5163165	14.779665827537196	0.0156592993282942
2459491.5782869	14.687903029317686	0.0153196519253005
2459493.4876131	14.920921258731248	0.0165472264900926
2459494.5496577	14.73469638223593	0.014161703850575
2459496.4961488	14.942804804392898	0.0169379639289135
2459497.4972746	14.651170286312986	0.0140096248015656
2459501.5450876	14.931750516766332	0.0255670772078402
2459503.5381624	14.95545146287126	0.0261729395022329
2459504.5387902	14.82851904503308	0.0273687288048509
2459505.5372603	14.856184502112606	0.0338640806411342
2459506.2801873	14.431710899638745	0.0249577085793959
2459507.5204408	14.765106391145498	0.0299477827673987
2459508.5157065	14.885625428799528	0.0344457279772628
2459509.5122318	14.93821320377378	0.0177360417874214
2459510.5038472	14.58796440580524	0.0168439222681206
2459511.5121935	14.936919815859182	0.0188102383911804
2459512.5136458	14.766847599205832	0.0154457881443335
2459513.2577843	14.67446227575888	0.0146468836553158
2459514.5044028	14.947484519666949	0.0195325240444142
2459515.5035495	14.771691617934462	0.0171399700663131
2459518.4973613	14.929519118397597	0.0374106961116571
2459616.8788737	14.766888296939236	0.0258277780214777
2459618.8737319	14.939812100059504	0.0242686480392913
2459621.8677969	14.714632180729485	0.0208681844278796
2459622.8857001	14.795283035767824	0.0344801561978487
2459624.854599	14.773196084413945	0.0206586920761438
2459625.8571304	14.9318036307737	0.0298720451832567
2459627.8580017	14.883365597225705	0.0446308255843495
2459630.8641439	15.084349845316783	0.0692053651809677
2459631.6024555	14.566975192786185	0.0289012218040877
2459632.8583877	14.863656336306589	0.0223343675277691
2459634.6200071	14.615088381206489	0.0166736515042624
2459638.5989077	14.6320394772268	0.0144396499229178
2459639.83236	14.81580828697078	0.0199004991722799
2459640.8215549	14.734276798952264	0.0174640132454103
2459642.8162979	14.66815706657554	0.0155866432025316
2459644.8213581	14.931581818917296	0.0163283872344264
2459645.8187623	14.660308394089173	0.0122237501263363
2459647.5852233	14.587991630862833	0.0188975547112117
2459648.8724885	14.74761187621887	0.011928110585107
2459651.0088026	14.871030804338789	0.027280178962799
2459653.8363751	14.732385860446836	0.0140438154864809
2459654.793397	14.936017546873169	0.0269343273239256
2459654.8050381	14.786633444363812	0.028120218553133
2459655.7926339	14.752208538743544	0.0422197052211147
2459656.5310093	14.582366287205462	0.0409954030499488
2459657.8317586	14.761050106076022	0.0248710776147684
2459657.832999	14.780496112905698	0.0348573218752944
2459659.581237	14.380547075220225	0.0271447566238615
2459660.7634227	14.94705338532386	0.0246885058320236
2459661.7703003	14.734318638349306	0.0211470424368887
2459665.8361775	14.888270986275794	0.011800127552639
2459665.8387626	14.893769063968508	0.0165788552996605
2459666.7490661	14.81279060611956	0.012121477192638
2459666.7503762	14.804765836204211	0.015280963400434
2459666.7990968	14.725572971455582	0.0121082053106136
2459667.7554214	14.7505633624662	0.0134730916043725
2459667.8224185	14.94365071343746	0.0127827741886552
2459669.7456429	14.821657475474016	0.0151925136674537
2459670.7715697	14.802312571534484	0.0098169356664396
2459671.7684916	14.776170127169909	0.0145313878509126
2459671.8096514	14.741385479279415	0.010209173453591
2459673.743128	14.920470024307168	0.0168688898207306
2459674.7497405	14.738395355445276	0.0070993115763389
2459675.8266241	14.93917573715136	0.0173835934249144
2459676.8314247	14.69712210695318	0.0117643293203946
2459677.8973533	14.758381366147454	0.0112515405423155
2459677.9438885	14.898603155200902	0.0185891674398522
2459681.5123896	14.611565407773078	0.0242068273889126
2459684.7084305	14.603884897170808	0.0333563084711723
2459685.7986009	14.718949760395065	0.0313437746936183
2459685.8956325	15.002327009539814	0.0265224461650773
2459692.7869692	14.859309757872088	0.0139326510368426
2459693.7728235	14.759929441384877	0.0117344215827449
2459694.8543747	14.746350865910149	0.0135973836392339
2459695.7672598	14.787401375264617	0.0103513210795443
2459697.4253722	14.516180853737817	0.0230057792978767
2459698.9012112	15.458177939526516	0.0156995981535109
2459701.8996111	15.255645227620631	0.0116190443022242
2459702.7601529	14.741019011378691	0.0122834492125061
2459703.8699999	14.757236912437277	0.0117683406694478
2459708.8993849	15.404033624459528	0.0162850548357897
2459712.3829822	14.481972983474671	0.0247256241580771
2459712.3844774	14.517814938742111	0.0341675911339147
2459712.3858798	14.398035240298537	0.0485244207025973
2459713.9502956	15.533499693638625	0.0297312933408858
2459719.8571753	15.41595100768524	0.0393382501047267
2459722.6776141	14.815200064602546	0.0149459131403619
2459725.5820164	14.875137400968034	0.0128804829595609
2459727.8188977	15.42036458121171	0.0246770041395828
2459730.8708865	15.286863774486273	0.0143862767166968
2459731.395523	14.614678694932008	0.0133361576427027
2459733.9107782	15.400537672749714	0.017256930841963
2459737.3188786	14.614747388220325	0.0144603245584898
2459738.4751717	14.612056697321783	0.0136414002285863
2459742.7552204	15.495468581258407	0.0517854207752259
2459747.4887778	14.84917111519084	0.057438486982623
2459747.6896577	14.68251099982761	0.0209041543858646
2459749.7331915	14.742574802349186	0.0126957928489825
2459749.7344433	14.729678462274274	0.016051896766061
2459753.8055979	15.357194690771866	0.0164450906162868
2459756.258989	14.622019344513348	0.0143397703955479
2459756.2602292	14.633354822575706	0.0187843071290173
2459756.7417279	14.855247627623138	0.0147787923632508
2459756.7443254	14.88913548365511	0.0199008134748579
2459758.7232044	14.936227501261088	0.0145875824296174
2459759.8226081	14.898686765424724	0.0090022147157434
2459760.7386511	14.76301457733009	0.0110664253571036
2459761.7921918	14.523387863960064	0.0115356913555888
2459762.8180985	14.901130562196627	0.0096207276633388
2459765.2463272	14.590978083791017	0.0144336942263365
2459767.834847	15.358424436786729	0.0159997191662186
2459769.6676386	14.786182385932072	0.0121632528959898
2459776.2534971	14.662590349583546	0.0219160407083044
2459776.7964191	15.370911274124657	0.0389253434980106
2459779.7913048	15.390981269566598	0.0229781582314368
2459782.7864296	14.616050575559129	0.0112445314543287
2459785.3670089	14.627763467165265	0.0137790551173476
2459788.7401735	15.3626706655919	0.0166956315100486
2459789.7330042	14.912238830243002	0.016407648276989
2459791.6788225	15.392891742818758	0.0133864958651175
2459792.7246195	14.81297449315714	0.0139606753024455
2459793.7696304	14.922269390457476	0.0225302111125869
2459794.6927553	14.868489365845653	0.0121995041655894
2459795.7334578	14.589991830058723	0.0119553465490495
2459797.2804939	14.60862533432394	0.0245085185609802
2459804.6545108	14.878128842057826	0.0196530435444814
2459812.4379927	14.630876099921558	0.0129461094082464
2459812.6574845	14.887429244541334	0.0189455805908923
2459814.6172786	14.586590361770854	0.0104493189855152
2459815.6190441	14.826365069940293	0.0182180637925687
2459816.6517323	14.916615676326996	0.0133408589749343
2459817.6809643	14.763187091260804	0.0129926072639126
2459818.6440128	14.923723299851094	0.0138985256100405
2459818.6453109	14.95018013692876	0.0178061479214074
2459819.6402625	14.74965962483469	0.0110726113260578
2459820.6399773	14.741891090069783	0.0092730826055639
2459821.6705656	14.744498666954936	0.0145801170497186
2459825.4784453	14.708373873820854	0.0144698453259732
2459830.2631241	14.683086738320766	0.0331881423742902
2459831.5897538	14.830061753801305	0.0206743939236285
2459832.5325946	14.94899538789296	0.0334696095860497
2459835.3525769	14.575520980013897	0.0304088083548389
2459837.2698591	14.535466602336635	0.0128895141052604
2459842.2432912	14.442276101177285	0.0146967074572361
2459843.3526347	14.623544787625338	0.0122762318692993
2459846.5674293	14.882801083648156	0.013110066116889
2459847.5970134	14.8024786834842	0.0170952531288691
2459848.5096435	14.600993576795338	0.0117066523507389
2459849.5174661	14.7296186389509	0.01698800679706
2459851.5801212	15.343077872455586	0.0112448409802543
2459852.5532129	14.752439311136234	0.0115864894165833
2459853.2877847	14.600919010868756	0.017596628766552
2459860.3110693	14.142855590394898	0.05895685223449
2459868.5202171	14.952162686309524	0.0169068854308554
2459869.5168428	14.79601088844417	0.0149838707309115
2459870.5161355	14.733372947374288	0.0125070927054059
2459872.5186348	14.897378170358763	0.0127666155701181
2459873.5128171	14.780487788617323	0.0139060238367424
2459874.5121428	14.608903185028051	0.0112754601090344
2459875.5190923	14.751942901249295	0.0122803664241533
2459877.4973533	14.77918696471965	0.0174474871228958
2459878.5367412	14.937937657509304	0.0135393281898467
2459879.5079627	14.832126243326652	0.0135110248152285
2459880.2476044	14.588152664743664	0.0236563474883311
2459981.8789458	14.82665447170306	0.0405881527672003
2459982.8745316	14.844955935101398	0.0242355346544632
2459984.8731267	14.918531246903804	0.0223377940666948
2459985.8834749	14.982297183730036	0.0575535336988451
2459987.86662	14.76185693924952	0.0273175802764128
2459993.8548409	14.930297259522977	0.0168910603172204
2459995.8704291	14.755596281951078	0.0148235451387722
2459998.8342028	14.980162374056729	0.0178865287327537
2459999.8525974	14.697108010331265	0.0135430726784968
2460001.8432747	14.867417601728938	0.0132580508469557
2460003.5735749	14.520752734087118	0.0124686321651271
2460004.8282522	14.757973833909707	0.0136534003165037
2460004.8761434	14.706321184705518	0.0114181764468072
2460010.812965	14.720110777962248	0.040047405840765
2460012.7968785	14.7939871423746	0.0266272082241865
2460012.8885508	14.621582266837944	0.0253234645676486
2460014.5874554	14.61232598371086	0.0213907932693911
2460014.8240172	14.873268424997264	0.039706388893227
2460020.8863061	14.921004780232227	0.0148334676214474
2460020.8876159	14.918750012971095	0.0184706546127836
2460023.532024	14.5755184573336	0.0123631448081762
2460023.7808958	14.87549477339509	0.0095857606567956
2460023.8042973	14.724837057644775	0.0134714475470946
2460025.904006	14.876960029734557	0.0122826396233613
2460026.6152556	14.476529465509731	0.0114474773959062
2460027.7555045	14.992513098649594	0.0157958221769606
2460027.8307705	14.485008348716727	0.012079920797697
2460029.7590992	14.94120207462555	0.0146308746386532
2460029.7919814	14.76318927923919	0.0109581080570356
2460033.8437454	14.739536176256378	0.0099432742849414
2460036.5459417	14.625519319361924	0.0106454611700891
2460043.7206149	14.907040209415372	0.0365089099224241
2460049.4617706	14.63311203939217	0.0124260860159926
2460051.4649742	14.615844717191376	0.0075581953315392
2460052.9222797	15.321652646089348	0.0098671389918354
2460056.6867967	14.932728360345031	0.0157745473368289
2460057.6874076	14.8251297979386	0.0123518774061799
2460060.6838095	14.895863412423813	0.0141223295870351
2460061.6780979	14.934178086642708	0.0140252281729568
2460061.687032	14.801674980006135	0.0163442184765694
2460062.8613431	14.800465131642806	0.0140638493294185
2460063.8853423	14.622410449750811	0.01195140916711
2460067.405604	14.569746568530062	0.0197348774710178
2460075.7390589	14.90701169361358	0.0183939770299904
2460076.7799553	14.773360971825907	0.0218003934030654
2460077.8711494	14.945956578123049	0.0135364689002572
2460079.8467634	14.628348863594605	0.0110966728660704
2460082.8532791	14.72837490243103	0.0106355952569832
2460086.8265127	14.947149414326688	0.016302001976001
2460087.8306963	14.857402964486182	0.0089256833536466
2460090.8552861	14.732401830250089	0.012610326155549
2460091.6342363	14.75472188230026	0.015458802751794
2460092.6640043	14.721085632056973	0.013679208343697
2460094.8369308	14.838105055846077	0.0115380683550839
2460095.8326098	14.889329181156352	0.010374891668047
2460096.6254255	14.614947540052178	0.0302929298843252
2460096.8207302	14.907465117778887	0.0146522879762462
2460097.7985871	14.713198510577737	0.0258969923959853
2460104.8194836	14.832503130509274	0.0158705445578296
2460107.754958	15.481023653543424	0.0213351348016558
2460109.5433397	14.7443295262339	0.0128698827584089
2460110.8700808	14.66584757275488	0.0161626945164503
2460111.5207901	14.620986200751718	0.0154686185487299
2460112.7809048	15.447481071049657	0.0223805123744881
2460113.5229212	14.931471755288127	0.0164665655867179
2460113.8800836	15.324308816315636	0.016720046143612
2460114.6434077	14.901908846830674	0.0095501381507164
2460114.6913578	14.74161549669319	0.0121898364908754
2460116.289085	14.56116089403909	0.0087171858223056
2460117.4842285	14.401859215767994	0.0118639149945153
2460118.2583984	14.585767248161734	0.0159929257968594
2460124.7489472	15.365972499511887	0.0159250283679406
2460126.6972613	14.745903864909058	0.020865771904851
2460130.4803093	14.701078931240536	0.021980220411208
2460131.8052058	15.245957518392473	0.0580407283161049
2460133.7985076	14.843906683703777	0.015195542433499
2460135.8325893	15.419584145636245	0.0236417641488708
2460136.8201685	15.317621459413164	0.0234280771088231
2460137.5299721	14.671974246001502	0.0148697639034266
2460138.8076225	14.899918626052834	0.0181529058807843
2460139.8109233	14.858764533996162	0.014878646101458
2460141.6110212	14.90713454532255	0.0133490812612595
2460142.80253	15.388726691995796	0.0111987426666844
2460143.7472441	15.412766154127818	0.0168323019201642
2460144.6694181	15.41403280485466	0.0146019931573047
2460145.6720417	15.329728442964909	0.011999391062684
2460148.7289942	15.380142020917498	0.013108818031511
2460150.2300495	14.504365225584692	0.0136615684045087
2460151.7823989	14.9328509721568	0.0125374401033628
2460161.4620974	14.42834024889705	0.02971073433427
2460161.4633263	14.420373454712186	0.0388462415387805
2460163.7192425	15.39538200489578	0.0366541772363799
2460166.4784397	14.506373505014798	0.0139700912559829
2460168.2903773	14.564233336459154	0.0124151923378408
2460172.3937896	14.451673126141792	0.0190931586797324
2460185.3243271	14.42710457452593	0.0298042468513605
2460190.6645296	14.922074782522554	0.0264877344931218
2460191.6558068	14.698010121993155	0.0140590620617533
2460192.6569788	14.890382956619284	0.0114361908876083
2460193.6746176	14.864495099675288	0.0145948664845795
2460198.6373579	15.012794799788349	0.0171992144033773
2460202.6322735	15.33545582866502	0.0163433533097713
2460206.3591889	14.496410870332602	0.0143313814704012
2460217.5949614	14.851795493493096	0.0260574877321071
2460219.2283541	14.683982254138058	0.0235728218369275
2460219.5634628	14.797255315277338	0.0198129508869776
2460220.5499274	14.542818554481109	0.0134107497479017
2460221.5695716	14.775644664963073	0.0160503652134544
2460222.5695603	14.766228601262736	0.0127500156912658
2460224.5082447	14.859856664239196	0.0145342048441602
2460227.5114607	14.915326618496817	0.0153076344998985
2460228.5286806	14.694919024715698	0.0132968060440707
2460229.5326509	14.706524098998829	0.013847827233991
2460230.5396256	14.888869564242825	0.0162316555653886
2460231.5328524	14.878004109906144	0.0117344166795777
2460232.5416404	14.789743277083218	0.0151743842111056
2460234.5150025	14.727376627396165	0.0208370589232041
2460240.2665777	14.436980902809571	0.0275653487501516
2460243.2573123	14.387245280768736	0.0406749006440462
2460244.5024559	14.849508658168752	0.0199594915954191
2460245.5070565	14.912147442485644	0.0363169549481665
2460247.5001486	14.897939770012943	0.0260262816321139
2460248.5009901	14.888156271354962	0.0235062086977902
2460357.6093305	14.496835858159711	0.0175667561932723
2460361.6139795	14.699144693962836	0.0354270979050705
2460363.6047494	14.362358076513724	0.0333506255169051
2460364.8410055	15.652754494055465	99.999
2460369.583233	14.763342886957403	0.0599783067809119
2460369.8569478	14.91796045679594	0.0242529539940499
2460371.8973819	14.6626862839849	0.0294269641787037
2460380.9011082	14.813656216387228	0.0142188723537757
2460387.8251774	14.587154751819345	0.0212606233373862
2460388.8698402	14.769492703702875	0.0227652756940392
2460390.9156605	14.966046942057067	0.0567339573877716
2460393.8367645	15.219416947552268	0.1338958725769674
2460404.8035441	14.92861049601597	0.0148205373181619
2460405.7892789	14.679490929990743	0.0128237012968506
2460406.7670087	14.746793626187689	0.0200437293395451
2460408.7829886	14.68204269118832	0.012448294809025
2460410.7836662	14.731248910578463	0.0124889039040855
2460411.7942173	14.893126758280268	0.0163995075694306
2460416.7401185	14.650348578063657	0.0178002046898979
2460418.8382995	14.851102083984776	0.0129490159075158
2460420.8519525	14.583096908899536	0.0139092797826459
2460423.7518114	14.740675094237847	0.0210789103881376
2460425.7276551	14.92142615123697	0.0260288352386611
2460430.9570771	14.874351676893276	0.0333877829297042
2460432.6607311	14.870311713831931	0.0212158163311481
2460433.7023612	14.808909935859106	0.0234080433810559
2460435.8586074	14.823122124397546	0.0161212083864885
2460437.85497	14.899033119203404	0.014196393468908
2460438.9211573	14.818468932215165	0.0230064161020303
2460439.634049	14.598267975240152	0.0151305075982139
2460440.6492497	14.723683707371446	0.0137227949305469
2460442.6562822	14.656065741376256	0.0125105425237189
2460443.8553583	14.663531503059934	0.0133886914875453
2460446.4016785	14.442243192032729	0.0184258666956703
2460447.6090674	14.542048590726193	0.0206599095759432
2460448.7227241	14.780476515467544	0.0149814742441972
2460449.6691535	14.97512808246337	0.0214556470065038
2460450.8331833	14.995501113550906	0.0313028067915622
2460450.8344121	15.193029051290946	0.0488278560874534
