2458577.53035130  14.8263
2458594.87498020  14.5575
2458760.27487450  14.8083
2458775.34187660  14.8334
2458777.53380370  14.5019
2459302.62780780  14.7006
2459325.52513430  14.8103
2459407.66914700  14.5592
2459408.61978140  14.5195
2459427.38999190  14.7980
2459519.25810180  14.8264
2459642.88894300  14.5946
2459650.82603050  14.5572
2459668.87305510  14.5160
2459694.77800880  14.5098
2459704.54965270  14.8197
2459706.81743660  14.5578
2459714.65210140  14.5029
2459726.87385730  14.5114
2459739.81175660  14.5756
2459756.76054850  14.5424
2459758.58408010  14.5870
2459759.81043940  14.5568
2459760.77267150  14.5543
2459761.78843470  14.5912
2459763.66222880  14.5691
2459765.84307800  14.5641
2459769.79424480  14.5084
2459786.65397040  14.5374
2459799.46141110  14.5633
2459816.53372620  14.5412
2459818.51734670  14.5579
2459834.64116420  14.4940
2459844.55759780  14.5817
2459846.62296600  14.5645
2459851.58756330  14.4747
2459852.60255020  14.4860
2459860.29584640  14.7976
2459867.50303590  14.5285
2459874.52359770  14.5162
2459989.89184030  14.5012
2459999.87563400  14.5241
2460003.87657480  14.5687
2460005.89090010  14.5122
2460012.83486490  14.5174
2460029.84200130  14.6104
2460033.82495220  14.5569
2460034.86791920  14.5999
2460036.83161460  14.5502
2460037.86461250  14.5195
2460043.78437840  14.5174
2460044.76362230  14.5889
2460049.76127350  14.5409
2460050.86200200  14.5699
2460066.86240670  14.5158
2460082.68169090  14.5333
2460085.68150610  14.5466
2460089.69500130  14.5914
2460091.65715720  14.5320
2460096.67116220  14.5298
2460097.64117140  14.4495
2460098.63705840  14.4928
2460114.84647100  14.4859
2460123.55536350  14.6199
2460125.58944950  14.4706
2460139.83377530  14.5947
2460141.59305420  14.5203
2460224.50266820  14.5769
2460225.55243660  14.5203
2460231.50098350  14.5145
2460235.50808700  14.5393
2460241.49653910  14.5842
2460253.50393620  14.4710
2460432.70873270  14.5416
2460438.87969580  14.5591
2460446.66650550  14.4916
2460449.79464180  14.5263
2458224.92457650  15.6299
2458229.90991930  15.6017
2458304.88124320  15.5626
2458329.72383870  15.6223
2458389.64389420  15.5680
2458392.65504500  15.6351
2458394.64694190  15.6800
2458399.61753330  15.6077
2458582.93923100  15.5321
2458605.94279670  15.6961
2458617.84870790  15.6975
2458632.81887230  15.5955
2458635.93690530  15.6344
2458642.79166670  15.5389
2458643.78195720  15.6425
2458657.92017220  15.6408
2458669.83716310  15.6951
2458671.93510550  15.5533
2458685.75387970  15.6711
2458686.80385110  15.5421
2458717.76845280  15.6158
2458724.77207410  15.5776
2458727.77628050  15.5924
2458728.77092540  15.7335
2458729.76434280  15.6088
2458764.62815210  15.5831
2458785.56147240  15.6568
2458985.91980680  15.6058
2458990.87863670  15.6619
2459075.78422980  15.7077
2459131.62665420  15.6623
2459136.65050440  15.6062
2459315.93178620  15.6167
2459316.96086110  15.6747
2459343.86521100  15.5634
2459353.89737050  15.7233
2459374.82393050  15.6030
2459385.85504690  15.6192
2459456.77396200  15.5654
2459529.53875520  15.6844
2459677.96306680  15.6421
2459679.98451260  15.6985
2459711.94122420  15.6620
2459711.94379910  15.8027
2459754.92046610  15.6948
2459778.73938370  15.5802
2459780.82194940  15.5850
2459781.84752550  15.6026
2459792.77846260  15.6000
2459793.72865270  15.5964
2459793.73113390  15.5508
2459847.67201240  15.6398
2459864.59584890  15.6020
2459865.64251710  15.6965
