2458283.52216620  14.90876 0.01292
2458332.57819920  14.76430 0.01100
2458392.60614320  14.63677 0.01849
2458393.60165220  14.75623 0.01251
2458394.59841070  14.66871 0.01002
2458396.59584290  14.70143 0.00949
2458397.59316000  14.77864 0.01299
2458398.58932350  14.67041 0.01197
2458401.52675830  14.61390 0.01069
2458404.56300730  14.74936 0.01289
2458409.49342280  14.76854 0.01529
2458410.55236220  14.60039 0.01767
2458411.55060860  14.65486 0.03463
2458412.50669840  14.75461 0.01694
2458413.50724900  14.68482 0.01876
2458414.53911430  14.74163 0.02447
2458416.52834350  14.75144 0.02631
2458417.52464890  14.60736 0.01748
2458419.52245970  14.74372 0.01085
2458424.50625200  14.59151 0.01498
2458425.50300080  14.74109 0.01642
2458525.89097240  14.65245 0.06411
2458528.88133410  14.75404 0.01717
2458534.88602620  14.67289 0.04721
2458539.87429050  14.62288 0.01525
2458548.88375950  14.69381 0.01250
2458550.84299120  14.70315 0.01016
2458553.83652610  14.62821 0.01043
2458554.83190820  14.70353 0.01256
2458555.83087260  14.66688 0.00792
2458556.82987910  14.77354 0.01164
2458557.82512210  14.71296 0.01216
2458558.82465250  14.75145 0.01123
2458564.80765660  14.66674 0.02067
2458566.82921100  14.71159 0.02277
2458573.77387440  14.69511 0.00945
2458575.52138070  14.66051 0.01194
2458575.76838020  14.75049 0.01330
2458577.76309170  14.78032 0.01032
2458579.79637620  14.88083 0.01429
2458583.74638570  14.60273 0.01044
2458584.74176720  14.77032 0.01261
2458586.48102180  14.86187 0.01752
2458588.73191620  14.77307 0.01391
2458590.84539810  14.63090 0.01502
2458591.88109970  14.75853 0.02901
2458593.72096510  14.69390 0.03786
2458594.71642280  14.74268 0.02111
2458600.62973990  14.86141 0.01583
2458602.69555620  14.84967 0.01047
2458602.69810760  14.75055 0.01363
2458604.68674990  14.77305 0.01355
2458606.42591160  14.88474 0.01670
2458608.87450850  14.70023 0.01136
2458613.40192740  14.89077 0.01110
2458614.48588490  14.82853 0.01104
2458620.46339470  14.94319 0.03048
2458626.87154340  14.69343 0.01949
2458628.41561070  14.76556 0.01994
2458635.60425660  14.69773 0.00989
2458641.44223140  14.87705 0.01343
2458648.33380630  14.83588 0.02124
2458655.46440590  14.86537 0.02697
2458657.75943910  14.66346 0.01370
2458658.31901330  14.70926 0.01354
2458659.70549240  14.66130 0.01048
2458660.86711970  14.59190 0.01296
2458668.46868660  14.76402 0.01235
2458668.71948450  14.73439 0.00919
2458673.27044360  14.87392 0.01722
2458674.23379660  14.67588 0.01701
2458674.53102340  14.69918 0.01328
2458676.83171950  14.63913 0.01363
2458677.36048390  14.86158 0.02010
2458684.56000460  14.68070 0.01612
2458689.63137030  14.69387 0.00969
2458690.44161450  14.89685 0.01144
2458692.78215370  14.64525 0.01072
2458697.78061450  14.65577 0.01198
2458698.77224980  14.75919 0.01232
2458699.29051360  14.81094 0.01209
2458699.77282500  14.62159 0.01267
2458700.28756210  14.87162 0.01222
2458700.76696280  14.75558 0.01361
2458701.76981480  14.71168 0.01339
2458702.21948330  14.79098 0.01429
2458715.54743290  14.70760 0.01102
2458716.54373130  14.68861 0.01181
2458721.38688170  14.63540 0.01987
2458721.71085690  14.73962 0.01308
2458722.42735570  14.86711 0.01071
2458724.44403030  14.90003 0.01204
2458725.68119530  14.72827 0.01153
2458726.70322730  14.67116 0.01473
2458727.44022310  14.87980 0.01237
2458728.43747940  14.74839 0.01018
2458729.26210480  14.88382 0.01734
2458730.24904430  14.79288 0.01234
2458732.25058640  14.72110 0.01531
2458736.68050100  14.58580 0.03067
2458741.40110430  14.79142 0.02815
2458742.38204200  14.79694 0.02885
2458742.65843590  14.74726 0.02452
2458743.31020920  14.88678 0.02256
2458744.22667580  14.94036 0.01654
2458745.64678160  14.71259 0.01574
2458746.64427180  14.74494 0.01200
2458747.38645590  14.88884 0.03444
2458747.64103230  14.68436 0.01240
2458748.64265000  14.77897 0.02069
2458749.30712270  14.91478 0.01476
2458751.63364610  14.72714 0.01030
2458752.26032530  14.88692 0.01716
2458752.63012740  14.64318 0.01334
2458754.62704820  14.67728 0.01327
2458755.53891740  14.77743 0.01144
2458756.62029950  14.69425 0.01040
2458758.35496550  14.70509 0.01252
2458758.61151840  14.74490 0.01035
2458766.59086170  14.68632 0.03601
2458768.24481750  14.87471 0.01919
2458773.57372900  14.64579 0.01698
2458777.56260880  14.64517 0.01190
2458778.55900630  14.83052 0.01668
2458781.53194630  14.80704 0.01295
2458785.52415860  14.71551 0.01375
2458786.26418680  14.89198 0.01401
2458786.51584630  14.67513 0.01454
2458787.26025150  14.88690 0.01647
2458901.87687060  14.69533 0.01300
2458903.62288950  14.71955 0.01452
2458904.61098340  14.87066 0.01536
2458904.87461880  14.64083 0.01451
2458906.62413930  14.90285 0.01529
2458909.85360890  14.79752 0.01340
2458911.85040730  14.68640 0.01097
2458929.55804740  14.91119 0.01766
2458930.54958770  14.82612 0.01368
2458983.39362370  14.85561 0.01408
2458989.41686240  14.89454 0.01689
2459009.43062100  14.69121 0.02849
2459016.31517320  14.93162 0.01395
2459019.29584730  14.91344 0.01534
2459025.31013940  14.67753 0.01387
2459031.26702100  14.81297 0.02148
2459037.43652900  14.70546 0.02501
2459038.23847820  14.81939 0.00847
2459050.44766260  14.86764 0.01474
2459054.37528330  14.89528 0.01360
2459060.21309600  14.93820 0.02651
2459115.24662650  14.78547 0.01763
2459121.32297370  14.92112 0.03138
2459127.34240470  14.78686 0.02560
2459138.30865500  14.92120 0.01906
2459146.28697370  14.89471 0.05389
2459250.88697510  14.58883 0.04853
2459262.88918000  14.78487 0.01920
2459267.85877960  14.79104 0.01333
2459283.80070820  14.78514 0.01560
2459288.82777940  14.71607 0.01727
2459300.78313360  14.66633 0.02553
2459305.75854630  14.65419 0.02698
2459313.46784160  14.81003 0.01271
2459314.83343870  14.75358 0.01141
2459315.81609270  14.70523 0.01071
2459317.46885750  14.92290 0.01536
2459317.72085190  14.68358 0.01061
2459318.46791450  14.82887 0.00977
2459318.70807470  14.76381 0.01459
2459319.56106640  14.96068 0.01983
2459320.45392030  14.77483 0.01306
2459321.57133200  14.66966 0.01163
2459321.78759100  14.67695 0.01335
2459322.44568040  14.86145 0.00929
2459325.43726790  14.76976 0.01190
2459327.70042000  14.72986 0.02306
2459329.73874230  14.75392 0.02274
2459330.67157180  14.73421 0.02209
2459332.71640580  14.78180 0.02344
2459337.65763810  14.75126 0.01034
2459338.79755560  14.58510 0.01597
2459340.65862930  14.68599 0.01149
2459345.63664260  14.75907 0.01465
2459348.63101330  14.79968 0.01460
2459351.88139160  14.74691 0.01420
2459358.36650480  14.93217 0.02828
2459365.72542870  14.72690 0.01390
2459367.78562960  14.75625 0.01194
2459368.66058160  14.73756 0.01215
2459369.72547890  14.75634 0.01167
2459370.51310810  14.92440 0.01733
2459371.63183540  14.80627 0.01627
2459372.32402040  14.88525 0.01322
2459372.70671690  14.69709 0.00887
2459375.42955080  14.92293 0.01490
2459375.43078010  14.88121 0.01657
2459376.54692720  14.69237 0.01010
2459377.55515620  14.78434 0.01311
2459378.56220730  14.74513 0.01227
2459379.62276480  14.63109 0.01186
2459379.62614450  14.74491 0.00705
2459380.69687410  14.76108 0.01279
2459381.79729550  14.73090 0.02034
2459384.28063730  14.85507 0.01873
2459385.58186230  14.70133 0.01748
2459386.52238510  14.69088 0.01670
2459388.65853190  14.72054 0.02568
2459393.50729400  14.73509 0.01153
2459397.60663860  14.73783 0.01158
2459401.84439760  14.63799 0.01741
2459402.62854700  14.68601 0.01447
2459403.69336950  14.77490 0.01464
2459404.85131420  14.75728 0.01475
2459406.75396960  14.77888 0.01434
2459407.51246410  14.68256 0.00772
2459412.67306630  14.62551 0.01174
2459413.61928940  14.75260 0.01545
2459414.28064030  14.85611 0.02231
2459420.38188630  14.78050 0.02603
2459421.50035160  14.80887 0.01685
2459426.61322270  14.78484 0.01294
2459430.77837110  14.69137 0.01267
2459432.68632970  14.73442 0.01708
2459434.28165300  14.97491 0.02192
2459435.69511580  14.64389 0.01241
2459436.57975320  14.74487 0.01149
2459440.24011540  14.77289 0.01471
2459443.29593510  14.67394 0.02694
2459450.43020420  14.94888 0.03897
2459451.27878470  14.88569 0.01864
2459452.70476950  14.86469 0.02453
2459453.65962190  14.69635 0.01747
2459455.61327970  14.68755 0.01285
2459457.25915590  14.84126 0.01491
2459463.65485290  14.65689 0.01366
2459464.57128490  14.72031 0.00743
2459466.54833790  14.75498 0.01431
2459467.58675030  14.71914 0.01362
2459470.48206040  14.74276 0.01662
2459477.37005590  14.80634 0.02958
2459477.50444590  14.71607 0.01958
2459481.37259330  14.76809 0.02610
2459482.54271580  14.73825 0.01294
2459484.37515140  14.86479 0.01832
2459485.62888840  14.70151 0.01578
2459488.60031520  14.62321 0.01028
2459490.56341920  14.70253 0.01177
2459491.60676410  14.83975 0.01873
2459495.29608440  14.95738 0.02399
2459503.54614390  14.74773 0.02728
2459504.56689820  14.63809 0.02953
2459506.31180370  14.78955 0.03127
2459507.55281850  14.75254 0.03530
2459508.54891540  14.70975 0.03287
2459509.54610880  14.57950 0.02749
2459510.50874090  14.78544 0.01478
2459511.54329850  14.69665 0.01530
2459512.53983530  14.71807 0.01378
2459513.29190180  14.94730 0.02169
2459514.53668500  14.77949 0.01573
2459515.54104950  14.69869 0.01322
2459516.51638510  14.70259 0.01216
2459522.26450220  14.78518 0.02090
2459528.50655750  14.76637 0.06041
2459620.87624910  14.84631 0.01790
2459622.62681060  14.85812 0.01970
2459623.86634580  14.66018 0.01871
2459623.86764410  14.69485 0.02249
2459624.87657880  14.62790 0.01670
2459632.59870110  14.74079 0.02345
2459633.86188900  14.66120 0.01234
2459638.84244710  14.68170 0.01341
2459639.85323900  14.79447 0.01530
2459644.57375400  14.78253 0.01356
2459646.82844760  14.77950 0.01297
2459647.84264080  14.59330 0.01176
2459648.83000890  14.72966 0.01188
2459650.81148890  14.79650 0.01239
2459651.81152780  14.68134 0.01054
2459651.81282640  14.64313 0.01129
2459654.54807340  14.87291 0.03272
2459656.53852080  14.84284 0.04409
2459657.82421140  14.88304 0.02100
2459659.78684360  14.75978 0.03284
2459659.78813700  14.84858 0.03377
2459660.55162670  14.85731 0.04233
2459665.75282910  14.66816 0.00998
2459666.75299830  14.76230 0.01160
2459666.75560120  14.76046 0.02140
2459669.75349290  14.76817 0.01161
2459669.75479130  14.73253 0.01266
2459670.78288970  14.63137 0.01110
2459670.86866360  14.66598 0.01018
2459672.75197680  14.61160 0.01246
2459673.81271720  14.73482 0.01000
2459674.86533150  14.74879 0.01289
2459674.86661900  14.74411 0.01512
2459676.80828050  14.75675 0.00985
2459676.80956770  14.74277 0.01248
2459680.77774940  14.73830 0.01127
2459681.72970780  14.66990 0.01472
2459681.73100610  14.80886 0.02014
2459687.81355830  14.88233 0.03802
2459692.81675940  14.73672 0.01704
2459693.67750910  14.65592 0.01017
2459694.87707530  14.81783 0.01407
2459695.72159740  14.76039 0.00977
2459697.67294860  14.67134 0.01369
2459698.71511920  14.69960 0.01315
2459702.40595620  14.91504 0.01322
2459703.65355610  14.70966 0.01131
2459704.86151840  14.75249 0.01125
2459706.87238220  14.76422 0.01156
2459708.88750430  14.84580 0.01667
2459708.88874460  14.82456 0.03243
2459708.88998640  14.88752 0.02232
2459711.80460520  14.76403 0.01351
2459711.80584550  14.73031 0.02711
2459711.80708580  14.79299 0.02205
2459713.54537390  14.76294 0.02544
2459713.83616640  14.83970 0.01528
2459714.39505570  14.86824 0.06844
2459715.62059200  14.78351 0.02389
2459721.81833480  14.64256 0.01252
2459721.81963320  14.81760 0.01617
2459722.79210840  14.72801 0.00930
2459723.81203070  14.79051 0.01303
2459725.85435100  14.84700 0.01737
2459726.86614320  14.68434 0.01252
2459727.87089990  14.72867 0.01271
2459731.32458370  14.72371 0.01768
2459733.34028870  14.83486 0.01281
2459734.32813170  14.94896 0.01636
2459737.30756470  14.95970 0.02234
2459737.58102290  14.78494 0.01430
2459737.59221190  14.70199 0.01387
2459738.61254790  14.76427 0.01000
2459738.65235300  14.90442 0.01415
2459739.61737650  14.73068 0.00963
2459740.68121090  14.84032 0.02239
2459741.68963250  14.78175 0.01656
2459742.72293550  14.67759 0.01956
2459743.67342440  14.82748 0.03207
2459743.91654450  14.67752 0.02349
2459747.66051550  14.77265 0.02135
2459747.71241180  14.76607 0.01717
2459748.53047950  14.73474 0.01377
2459756.52851440  14.97998 0.01553
2459758.61017900  14.74575 0.00982
2459758.63283250  14.71016 0.00858
2459759.64831110  14.80217 0.01208
2459761.26600700  14.75243 0.01408
2459763.78436810  14.65952 0.01006
2459765.52252940  14.80962 0.01432
2459766.85210000  14.76429 0.01108
2459766.85470880  14.91530 0.01811
2459767.71655430  14.71746 0.01331
2459767.79499830  14.73793 0.00840
2459769.65253250  14.75128 0.01760
2459777.27284270  14.81161 0.01460
2459783.49020250  14.72105 0.01260
2459785.35158400  14.87247 0.01041
2459785.75359250  14.79133 0.01373
2459786.73405360  14.67922 0.01312
2459787.72346080  14.71122 0.00781
2459788.67269970  14.63494 0.00984
2459788.71202380  14.74073 0.01245
2459789.79295220  14.81675 0.02342
2459791.78536330  14.68550 0.01096
2459792.70543320  14.73753 0.01244
2459793.71541680  14.66887 0.01221
2459794.73343480  14.79126 0.01456
2459795.77497560  14.68945 0.01107
2459795.77627400  14.88445 0.01554
2459796.70388850  14.80329 0.01507
2459797.62421970  14.69661 0.01346
2459804.66629580  14.62790 0.02149
2459804.66759410  14.92972 0.04235
2459808.34375300  14.80545 0.02125
2459810.57125260  14.76689 0.00985
2459814.52716880  14.83247 0.01366
2459815.66852670  14.74310 0.01337
2459815.67109990  14.87358 0.01616
2459816.70418920  14.70717 0.01680
2459818.32162000  14.86466 0.02577
2459819.49755570  14.74544 0.00849
2459820.57136150  14.69470 0.00962
2459821.60975460  14.80715 0.01100
2459821.61234060  14.88161 0.01943
2459822.64975010  14.73697 0.01049
2459823.66447490  14.61548 0.00919
2459823.66575960  14.85375 0.01379
2459824.66507110  14.78145 0.01135
2459825.68337390  14.70039 0.01404
2459826.40462590  14.85532 0.02352
2459830.28213840  14.87640 0.02492
2459833.40664470  14.77489 0.05458
2459835.37550480  14.83975 0.03246
2459836.51798220  14.68006 0.01072
2459837.52790310  14.81905 0.01267
2459838.55988680  14.76569 0.01635
2459840.63231920  14.77681 0.01252
2459841.54961720  14.65386 0.01078
2459842.58582140  14.78589 0.01096
2459843.54633030  14.69619 0.01011
2459844.54614880  14.83059 0.01627
2459845.60274700  14.71613 0.00984
2459846.59119610  14.64569 0.01365
2459849.26360900  14.89164 0.01883
2459850.52984010  14.72473 0.00983
2459852.49212330  14.72553 0.01038
2459853.52303450  14.87049 0.01630
2459858.57015660  14.75487 0.02584
2459859.56120120  14.84244 0.04422
2459868.51909280  14.77534 0.01170
2459870.29812910  14.83779 0.03140
2459872.56387320  14.77591 0.01729
2459874.51977150  14.83158 0.01643
2459877.28788940  14.81964 0.01945
2459877.50160180  14.74872 0.01893
2459880.49911770  14.72306 0.01633
2459884.25443890  14.79797 0.02939
2459884.50985500  14.69316 0.01883
2459885.50650090  14.66612 0.02524
2459885.50778770  14.79277 0.05585
2459886.50305520  14.76423 0.03092
2459988.62615820  14.91260 0.02042
2459995.86429740  14.77322 0.01904
2459997.60982120  14.71297 0.01234
2459999.59961320  14.79215 0.01395
2460000.84533410  14.61432 0.01160
2460002.60661980  14.92413 0.01425
2460003.83489370  14.84886 0.01735
2460005.85635440  14.73212 0.01183
2460006.62632330  14.87736 0.01673
2460006.62759830  14.89445 0.01857
2460013.57675320  14.72709 0.02281
2460016.80689190  14.60660 0.02691
2460017.57655050  14.86425 0.01474
2460020.91000260  14.78110 0.02673
2460022.76796430  14.80717 0.01556
2460022.79518710  14.74623 0.01068
2460023.77777750  14.68467 0.01087
2460025.53338290  14.91496 0.01482
2460026.83785590  14.84763 0.01741
2460028.82799350  14.63402 0.01202
2460029.80351800  14.82733 0.01329
2460030.79879540  14.68222 0.01382
2460031.76104270  14.76798 0.01023
2460032.77371160  14.67922 0.00959
2460033.77873900  14.74486 0.00909
2460035.75297140  14.73010 0.01061
2460036.76645340  14.77926 0.01566
2460037.82690420  14.58644 0.01854
2460037.82819670  14.65949 0.02481
2460039.50869550  14.96839 0.03287
2460040.77123300  14.71363 0.02947
2460043.72454570  14.67101 0.03113
2460049.56725430  14.86804 0.01316
2460050.87358370  14.75808 0.01411
2460050.88765630  14.81521 0.01375
2460052.66716120  14.86551 0.01573
2460053.71777990  14.63830 0.01533
2460054.85456160  14.79307 0.01472
2460056.76607370  14.78346 0.01168
2460056.78687360  14.84206 0.01510
2460057.74400740  14.79928 0.01129
2460059.74054350  14.74139 0.00803
2460060.71949970  14.67323 0.01335
2460061.87106890  14.82260 0.01649
2460062.88411560  14.77269 0.01297
2460064.54376310  14.74027 0.01844
2460065.68216270  14.76525 0.02183
2460066.66732260  14.72468 0.01519
2460067.71549240  14.63583 0.02069
2460068.75983050  14.80686 0.02090
2460068.76132580  14.69053 0.02287
2460069.80973790  14.74089 0.02645
2460082.83042580  14.82198 0.01248
2460085.83080780  14.80149 0.01209
2460088.53820960  14.88705 0.01267
2460091.44268790  14.85202 0.01707
2460091.65480300  14.73271 0.00973
2460092.66024570  14.72135 0.01684
2460093.43666870  14.90709 0.01621
2460094.69142790  14.72798 0.01439
2460094.85863310  14.78635 0.01266
2460096.69393030  14.82895 0.01846
2460097.74015160  14.67199 0.01955
2460097.91685730  14.76021 0.01289
2460103.87751950  14.57630 0.03764
2460104.62737860  14.66028 0.01507
2460107.56924670  14.73288 0.01366
2460107.90831830  14.71064 0.01390
2460108.85831260  14.82443 0.01827
2460109.70749960  14.72851 0.01095
2460110.56665020  14.77171 0.01126
2460111.55270010  14.91080 0.01915
2460112.76300550  14.64472 0.02842
2460116.29395410  14.86629 0.01263
2460117.56734990  14.88739 0.01430
2460118.27782730  14.88541 0.00830
2460119.29535750  14.77288 0.02369
2460120.30822990  14.81758 0.02731
2460122.53121610  14.61800 0.01441
2460124.59287120  14.75851 0.01202
2460125.51912900  14.81280 0.05577
2460130.64714930  14.79476 0.03503
2460133.74577870  14.77430 0.02842
2460137.55690810  14.87618 0.01270
2460139.49223020  14.74532 0.01276
2460140.59180770  14.79430 0.01026
2460141.69087670  14.71665 0.01124
2460142.68317890  14.81848 0.01182
2460147.63204120  14.81099 0.01124
2460149.67181050  14.78107 0.01151
2460149.71214950  14.79302 0.01700
2460153.51413430  14.83970 0.02180
2460161.47343540  14.79612 0.02481
2460167.42181920  14.83016 0.02324
2460172.42405550  14.88393 0.01714
2460180.21900170  14.82329 0.01395
2460191.31066270  14.72641 0.01485
2460200.35854410  14.80490 0.01330
2460206.38552500  14.89001 0.01960
2460219.35678410  14.84269 0.03402
2460221.27480740  14.68710 0.01451
2460222.50787310  14.64125 0.01425
2460223.56162010  14.78066 0.01452
2460224.30288490  14.90690 0.01994
2460225.54109940  14.81647 0.01276
2460226.60277540  14.71853 0.01744
2460228.32743440  14.72033 0.01656
2460229.51384810  14.71392 0.01373
2460230.50914890  14.79787 0.01459
2460231.51229780  14.67361 0.01400
2460241.28859310  14.79047 0.03198
2460243.51334000  14.71659 0.02278
2460245.52672940  14.65344 0.02904
2460247.52653400  14.77711 0.03327
2460248.53602980  14.85507 0.02009
2460253.51885610  14.80262 0.01811
2460357.62435310  14.80459 0.02035
2460358.61989370  14.89464 0.01618
2460360.61831500  14.88958 0.01634
2460367.58444510  14.87262 0.02759
2460371.85747030  14.72834 0.04294
2460379.84695520  14.85013 0.01445
2460383.83980690  14.74093 0.00992
2460386.81481250  14.82368 0.01927
2460388.81320290  14.61791 0.01655
2460391.90332810  14.78943 0.01383
2460394.79276000  14.77869 0.05265
2460395.53798550  14.81726 0.03735
2460404.86100640  14.72378 0.00980
2460407.92014680  14.69502 0.01908
2460416.83958500  14.70556 0.01097
2460417.91259330  14.81299 0.01809
2460418.80796340  14.59304 0.01037
2460419.84611480  14.80986 0.01257
2460420.72752090  14.63743 0.02007
2460432.41207510  14.90257 0.01969
2460435.42096700  14.76593 0.01185
2460436.73210640  14.72145 0.01191
2460437.69968110  14.85967 0.02625
2460439.50186170  14.88455 0.01392
2460440.64928440  14.70623 0.00949
2460443.81311580  14.76375 0.00927
2460444.46888800  14.85338 0.01162
2460448.66197470  14.72238 0.01532
