2458231.890642	14.19299921827644	0.0067812550509172
2458232.8872935	14.171651279354773	0.005992756255932
2458252.8336135	14.332018350741064	0.0099468855710892
2458262.8055987	14.223680575330624	0.0137269205296983
2458264.7899388	14.194393392719654	0.0144959023066981
2458282.4567149	14.33669119710165	0.0051168787749146
2458282.7758946	14.133712597293268	0.0042600201326393
2458282.860545	14.286774557364804	0.0096159517405609
2458283.5026333	14.330498400037	0.0054030757566731
2458283.8570325	14.269591876196912	0.0090940468963222
2458285.8349418	14.134051706329206	0.004469329531798
2458286.6439602	14.17284060036508	0.0045637469204629
2458287.6926357	14.146841308073803	0.0045015128614906
2458288.8085725	14.250387765797964	0.0099603434963408
2458289.5368445	14.161928619842918	0.004675630501236
2458291.7574467	14.113149063091488	0.0091058512644449
2458300.6511233	14.142224950821731	0.0092400873167651
2458301.5622009	14.16132463391234	0.0065147684787366
2458303.5734742	14.172855944662128	0.008010825859992
2458305.6292321	14.173985808100218	0.0055901675521885
2458310.5897808	14.1405537543721	0.0030845296197283
2458316.7669539	14.251200949901095	0.0082603755732444
2458319.7621341	14.235310520353517	0.0104875077981194
2458328.5544916	14.187471375245984	0.0101527226092038
2458334.5353697	14.18227006669647	0.0054366982234431
2458335.5383118	14.15924979393562	0.0049919760848268
2458335.7086555	14.235734065437695	0.0073570752274118
2458337.7035978	14.267546983709634	0.0087038645580323
2458339.5285483	14.11236142759928	0.0050885186774572
2458339.7082887	14.161632161770005	0.0075079928906684
2458342.492439	14.165033536973192	0.0043997893422788
2458344.5043369	14.088874872090155	0.0052932207970949
2458355.4821927	14.117460783949513	0.0107855066984633
2458356.5343906	14.147837790124822	0.0100883907356009
2458358.635655	14.157675268390271	0.0122465230592421
2458361.6486241	14.156834555177849	0.0085970252051921
2458365.6209764	14.248664511128888	0.0102568481178291
2458366.620509	14.24145393749913	0.0090147808378766
2458370.635805	14.233833506187386	0.0083559241386771
2458372.603736	14.27896532327881	0.0085788771945498
2458373.5990899	14.19554600585654	0.0062861708031979
2458375.5973274	14.23792378349322	0.0098284714175315
2458383.5631676	14.186244485591622	0.0125024866602589
2458385.5523331	14.088110142570642	0.0105444253053063
2458393.5473887	14.297967843502736	0.0061437466182287
2458394.5440957	14.299482056081752	0.0055292020841653
2458396.5374421	14.248810337222157	0.0112371473582861
2458397.5305617	14.289071112597249	0.0057212908295233
2458398.5306601	14.291314985402009	0.0051687234691517
2458408.5006046	14.322830560024244	0.0081110423530755
2458409.4895511	14.189142837445768	0.0187195952315341
2458410.4939696	14.3517942778055	0.0141806232658804
2458411.4931862	14.195264672800604	0.0226993799854494
2458517.8829159	14.133284756241872	0.0118121201790595
2458518.8784971	14.370663885971716	0.0114243150343595
2458519.8752088	14.314914154433628	0.0070579263746995
2458522.8697836	14.247146614551998	0.0073025712114792
2458523.8649752	14.332175151742808	0.006557466844024
2458524.860554	14.300423579508664	0.0067264004456721
2458525.8598337	14.360075750979062	0.0100086776770685
2458526.8553017	14.311105654133527	0.0067789935462454
2458527.8546673	14.371550316984491	0.0086920982634838
2458529.8717569	14.208783262767003	0.0083346580694625
2458530.880693	14.139804579600243	0.0054940314984494
2458532.8595802	14.220735631742285	0.0117850770174611
2458534.8552404	14.209423847318911	0.015804190199624
2458536.8858263	14.199013875577185	0.0123257041649285
2458538.8671768	14.149611887848426	0.0087661199914165
2458539.8702038	14.181959429273295	0.0093286608961392
2458546.860865	14.29584456485026	0.0062437795664841
2458547.8745492	14.144456815897865	0.0072877788748186
2458548.8748056	14.68379572031443	0.0156248111571308
2458549.8127918	14.711338024199208	0.0082386440225353
2458550.8119628	14.7517668679317	0.0086654736683907
2458552.8057246	14.167896763500217	0.0055428767440128
2458553.802491	14.775510215499226	0.0109190568436385
2458554.8018239	14.732199942661246	0.0098679143501158
2458555.7970724	14.431832625284589	0.0085906297010345
2458556.7950722	14.144571226666816	0.0051458248905296
2458557.7953624	14.73515250238949	0.0074610902815988
2458558.8236168	14.113700976936208	0.0052083582034907
2458562.7795406	14.339842340996867	0.0182688598441123
2458563.7745614	14.324050387254768	0.0171419438955121
2458564.7725731	14.162412204747644	0.0151559269183373
2458565.7845847	14.348768226468874	0.0156165871215806
2458566.782086	14.157437470055584	0.0125437970188026
2458571.7497601	14.329262453710555	0.0067899914507715
2458571.8831221	14.19193001036382	0.0077168764158268
2458572.5616965	14.307775123133151	0.005767550432993
2458573.8274646	14.394644821189887	0.0131604919192351
2458575.6407059	14.326958806079698	0.0045634002182249
2458575.8398858	14.141279867851477	0.0051434416810014
2458576.7793007	14.332680245784012	0.0052893751073431
2458577.9382054	14.190881478998914	0.0074510605774952
2458578.9360409	14.207515944905271	0.0064009850796314
2458579.9426183	14.21940747014512	0.0069147823875613
2458580.847074	14.15373165916937	0.0044339507046747
2458582.4648018	14.303675233936232	0.0058556445955086
2458583.8788538	14.10649333062392	0.0070194155291677
2458585.5012719	14.322232540250727	0.0060907460772958
2458586.6856317	14.818864926574289	0.0136765445090189
2458588.7009587	14.67007293730236	0.0131332367458441
2458589.6945273	14.166655549895443	0.0106759710299952
2458590.9728025	14.183908752429506	0.0109895958430632
2458592.9747115	14.169636353308732	0.0262559916069435
2458593.7086242	14.157204720918584	0.0157419631889689
2458602.3993402	14.34163384216863	0.0056314088062975
2458604.4101255	14.329358300136937	0.0048317108521478
2458605.8944881	14.309334603186164	0.0049612546365244
2458605.9080379	14.235223686160378	0.0075045290196328
2458608.6575037	14.279545826343483	0.0054513412724463
2458613.3858776	14.341240491458944	0.0066705394298923
2458614.758154	14.178437021484031	0.0061112053320681
2458615.6941384	14.173962683110217	0.0058975031688364
2458621.7060717	14.175802924972327	0.0129841805669035
2458626.3333741	14.341692561072946	0.0120822555653387
2458626.60814	14.353414898765529	0.0071943980139314
2458627.4064995	14.333837474501612	0.0089531445975587
2458628.3341561	14.339214057015788	0.0055018825499379
2458629.4584177	14.305104318189027	0.0079205087079474
2458629.9358985	14.262865373103072	0.0263195901187021
2458630.8739696	14.248208723432889	0.0100441606724244
2458631.5791019	14.35228907174962	0.0058342128929061
2458633.3459906	14.303553968170116	0.0059267739299837
2458635.8620617	14.346240398459964	0.0075444177520825
2458636.3667415	14.3221871777691	0.0061531663907743
2458636.6330342	14.147773876062878	0.0050132790665243
2458636.9061317	14.173132377875788	0.0122066853997234
2458637.3487497	14.326767154232432	0.004385381652015
2458637.8836325	14.110275184833732	0.0061462853779506
2458641.8547717	14.198952700143428	0.0074136210110514
2458642.7170592	14.328454967399573	0.0051544613960202
2458642.8833136	14.136203019506691	0.00540093153379
2458643.3064305	14.270746996875973	0.0077181784342336
2458643.5710585	14.3273974325464	0.0074464211469162
2458643.8267082	14.147865744707014	0.0045517001825903
2458644.7565809	14.127788919337672	0.0054653345886097
2458645.3264563	14.335752135560549	0.0077187432956878
2458645.5767323	14.138666092629304	0.0071085226353331
2458646.5904573	14.353355120372369	0.0103664176952483
2458647.6256907	14.252597305441505	0.0117488547321245
2458647.785905	14.347141722702354	0.0090569013156506
2458648.2671967	14.317543521769506	0.01067004656292
2458649.2636321	14.439794049758046	0.018537546678066
2458653.840511	14.127228119518945	0.0162153679269385
2458657.4993259	14.173995024368434	0.0060182813691067
2458658.8192804	14.269957490596193	0.0124412141006898
2458659.7373068	14.14984784098272	0.0051051411064839
2458660.6574139	14.289528164632284	0.0052385051518111
2458662.8054161	14.277292200112935	0.0061736262733244
2458667.2198078	14.32469746479275	0.0053918340767624
2458668.590984	14.393579939205104	0.0070215776406417
2458670.5994099	14.121642753921089	0.0052475411447044
2458673.2667877	14.357583089622135	0.0092822379907279
2458674.2630556	14.32845275153329	0.0069206304112919
2458676.6149961	14.295920581165449	0.0088390011870208
2458682.7483958	14.145020205122629	0.0167377861029871
2458683.6083696	14.129405466655609	0.0080232613302322
2458684.6421047	14.18752388715375	0.0159690082605618
2458684.6468613	14.343393600962829	0.0114166749728309
2458686.2895178	14.338669695938508	0.0052721120579556
2458686.7632863	14.197834746274168	0.0110641641134759
2458688.6862022	14.078503701709067	0.0095397160401146
2458689.7060775	14.199300886528135	0.0068243376601704
2458690.4110817	14.295089026238635	0.004857017049663
2458691.422023	14.298851061979695	0.0052462917733048
2458691.5696287	14.09014726812532	0.0062439824523801
2458694.7318659	14.109404245866024	0.005604814255438
2458695.7369578	14.237101940809117	0.0087263155088982
2458696.7483344	14.181158461148598	0.009035401493507
2458697.7337259	14.189903069165918	0.0085889124473955
2458698.470455	14.332422477240732	0.0073113908407177
2458698.5641434	14.126556996039652	0.0055194466076657
2458698.7219306	14.195407990841748	0.0088103179637678
2458699.275722	14.350283835302406	0.0054449957898696
2458699.5474483	14.337803400988491	0.0063882782683119
2458700.2299491	14.325917332335518	0.0051533154900589
2458700.7160462	14.182218520411762	0.0115435930015861
2458701.5884199	14.147635791369854	0.006319481843092
2458701.7143743	14.197030602087748	0.0080868066428658
2458702.2268005	14.33185724135679	0.0092163171266463
2458702.7117291	14.30940331132257	0.0169686834233562
2458703.5432303	14.125962348445976	0.0065780558789931
2458709.3268579	14.268232930341032	0.0148039352983666
2458710.230091	14.365395468332832	0.0149876332632947
2458711.5155358	14.331692981296165	0.0099264014060816
2458711.6786772	14.23911511779919	0.0368015033603141
2458712.2658959	14.32703093269951	0.0121284991940492
2458712.4792085	14.163203903299715	0.0060449418415202
2458715.4246038	14.272058744605406	0.009903299288758
2458715.6702126	14.15568344062228	0.0106202435762123
2458717.6706504	14.317158244220597	0.0060204917235028
2458718.6727724	14.11425067595777	0.0063614153395656
2458719.6212532	14.103808814304433	0.0052937195330454
2458719.6700498	14.336074599523505	0.0065229514364514
2458720.215587	14.319959131348144	0.0117497041214591
2458721.5667243	14.142612220426964	0.0050564808234203
2458721.6544237	14.198561936538216	0.0090202276219319
2458722.2670974	14.322799749676376	0.0059981609015874
2458722.6499978	14.20881980958594	0.0079837549979858
2458723.6037824	14.12408966928265	0.0048215955286009
2458724.6523015	14.108789518622649	0.0049048018371388
2458724.6575368	14.355608425126656	0.0068334531555259
2458725.6433207	14.252319528113356	0.0109206382640556
2458726.6488136	14.0773402438492	0.0103598865365451
2458727.3868425	14.30239164674427	0.006003562103005
2458727.651941	14.258570870650365	0.0110197481059871
2458728.380993	14.292225416838392	0.0065994995171512
2458729.2376123	14.314444785375445	0.0072974674897712
2458729.625892	14.244671071943566	0.0115261744097171
2458730.2306603	14.300028314279343	0.0062779444274475
2458730.6251199	14.219562967167684	0.0119012512753301
2458731.5873991	14.321947212616031	0.0066914242436575
2458736.3311607	14.291363577469845	0.041141547407172
2458738.6013881	14.135015697159227	0.0099432997618886
2458742.3487982	14.278008976876375	0.0186975575546059
2458742.6073358	14.369711205803242	0.0140904845231321
2458743.3286506	14.314589052608202	0.0164362124539068
2458743.6004489	14.33563583511782	0.0134035728022637
2458744.6006738	14.293350765186634	0.0091510930832392
2458745.6003546	14.407185494224768	0.0087495577543593
2458746.5808017	14.127021124962091	0.0082063503210527
2458746.5930988	14.310118182000238	0.0061667142008395
2458747.3359498	14.304151820137893	0.0112479135562272
2458747.5935814	14.147463143509595	0.0052989655516388
2458748.5903557	14.122111536352042	0.0053625637836857
2458750.5837597	14.328511388825447	0.00566524162201
2458751.584004	14.284979284884376	0.0064521907073498
2458752.2541701	14.321461393595822	0.0066755883073117
2458752.5780314	14.367629961195956	0.0073447476557745
2458753.3077833	14.323241464365053	0.0093782529786013
2458753.5760156	14.298256095290562	0.0078001679485634
2458754.3152144	14.311771050089735	0.0069386963268163
2458754.5747811	14.29638311942503	0.0065950517419459
2458755.528507	14.15820081098444	0.0062396285674963
2458756.5661537	14.118039109546068	0.0054060418046498
2458757.5667176	14.12021445608749	0.0062124090640329
2458758.3020039	14.32301784804936	0.0071612138737002
2458758.559966	14.159597323378367	0.0071128015728413
2458763.2457628	14.310595425156055	0.0112323388223124
2458763.5439446	14.11706916106687	0.0112786618561461
2458763.5513214	14.356288069707457	0.01135128132944
2458764.4959091	14.305592802948295	0.0121750511921747
2458765.5032965	14.128566267326368	0.0149042728430456
2458766.5163365	14.292778224843952	0.010806172463911
2458767.255288	14.315009154446308	0.0147408062845925
2458769.249029	14.251516391314512	0.0153690267109575
2458772.5031391	14.144694938239228	0.0081483719262702
2458773.5004331	14.329762013828862	0.0085751206846379
2458774.4934966	14.272631796648298	0.0106760641380068
2458775.4914433	14.320562213405488	0.0219826857668219
2458894.8646062	14.180388448268207	0.0104342739482692
2458899.8497515	14.310004751195066	0.0085171084885874
2458900.8477012	14.306426916440566	0.0097409110387466
2458902.8400945	14.297238734839969	0.0074135223310425
2458903.8494818	14.13886202876851	0.0062542863426749
2458904.5805042	14.329931631117418	0.0063415068377136
2458904.848649	14.39630227937693	0.0102032196705015
2458905.8321419	14.31500265235826	0.0060116315807542
2458906.8583966	14.280285710471354	0.0087651859140842
2458908.8532896	14.316880744656652	0.0083815937877859
2458909.8198571	14.17986797607162	0.0080631658220155
2458910.8200876	14.139669590329154	0.0053109263658993
2458911.8154367	14.276260642582606	0.0072066678209874
2458915.0108113	14.143363419818495	0.010823248399615
2458917.8990838	14.15425081827872	0.0148386377407108
2458927.5162095	14.368815105766847	0.0071694716615508
2458929.5183663	14.295540694822597	0.0056741992685111
2458931.5069571	14.342801079478928	0.0057978374711635
2458958.8913585	14.208102029839637	0.0070150117614093
2458962.8858199	14.20692684420758	0.0086441135687374
2458964.8971182	14.164810508179102	0.0072946964363914
2458966.8748311	14.209606933942236	0.0150572356011749
2458967.8647388	14.198839247907562	0.0074222999683024
2458983.816521	14.254062702979557	0.007693508701856
2458990.908501	14.228126623343403	0.005931789065529
2458993.8375709	14.16470222088514	0.0061933075609744
2458998.7805599	14.201623332160656	0.0059840381985516
2459009.2822164	14.360088041092933	0.0200322362011168
2459013.7324702	14.194053956436472	0.0063554804073763
2459019.4807691	14.306708974268368	0.0061312804252204
2459020.5135983	14.291687191336068	0.0076141951220256
2459025.2511114	14.33090531525065	0.0071607593503958
2459031.2632459	14.304348856864635	0.0119137372337875
2459036.3766426	14.32745856252346	0.0195766697517803
2459042.6716741	14.252305102089602	0.0070376366408728
2459047.5250257	14.2993956954299	0.0068458875623469
2459050.4515238	14.331954057897986	0.005741335316173
2459052.7730153	14.239242315269582	0.0102392241783391
2459056.486308	14.29934523162096	0.0063239674001592
2459057.7473285	14.233389306316536	0.0068754173484854
2459070.6862152	14.260708626681115	0.0065179309985427
2459075.6274217	14.11421608913384	0.0078432005705214
2459079.6894748	14.278475676413496	0.0143710669679388
2459084.2697992	14.310940880788358	0.0060083614429398
2459095.5985675	14.104934509529716	0.0156943068730235
2459097.3743842	14.255449966128008	0.0393070071278742
2459101.3678555	14.334038374695544	0.0067468911457056
2459110.3431466	14.365266433526534	0.0093155395766074
2459114.2313362	14.300693695489354	0.0066209247354784
2459122.3148691	14.307364124291048	0.0178593321814268
2459130.2398891	14.275320596032444	0.0081744775635512
2459136.2544355	14.271252846102565	0.0080656744160489
2459137.2524141	14.263165035939792	0.0090230220237649
2459139.2607535	14.298855421007636	0.0080343131216263
2459242.8797967	14.350354875661584	0.0283616994638129
2459245.8732009	14.217848963282163	0.0177169611396241
2459246.8617407	14.2227761679849	0.0179746708998759
2459255.8728006	14.177090694142628	0.0071838074768567
2459256.8592347	14.152538041157506	0.0071667343703555
2459260.8377698	14.138476341959606	0.0082606227751961
2459262.8278331	14.348262752426484	0.0088011643948076
2459263.8304621	14.146226489613404	0.0077953862874913
2459264.8373928	14.350460740051435	0.0083136448669309
2459266.8223785	14.344916461527475	0.0077425951435802
2459267.8217926	14.16028772868753	0.0065839167008376
2459268.8218854	14.25470067508524	0.0100017715207904
2459272.8027282	14.22807273072463	0.0229556481100414
2459273.8111135	14.162887646401456	0.0109694028679827
2459274.7953205	14.184098769162167	0.0171920246118331
2459276.8377984	14.353057661106806	0.0160682024241058
2459277.8088819	14.169127718053442	0.0127291592106845
2459283.992695	14.236310710089413	0.0062400402841439
2459285.8215622	14.158824109856209	0.006305894348658
2459287.8391955	14.393891835826391	0.0103142716378528
2459287.8800112	14.160430690495446	0.006041491880082
2459291.531361	14.373107492739406	0.0061729753592878
2459295.4871565	14.38249907899593	0.008947001276181
2459295.7498722	14.193735014553871	0.0064360335190709
2459298.9616738	14.182022417068916	0.0074721776920157
2459301.8661912	14.138183443592109	0.0095177497598201
2459301.8674147	14.157505292777849	0.0100453675660544
2459305.7587554	14.182587717482328	0.0098948484964954
2459309.4527607	14.357339921828856	0.0102503418089037
2459309.6986539	14.166232303969217	0.0049857042760479
2459310.7657308	14.170129516431588	0.0067292810184092
2459311.8196499	14.096588721965102	0.0064655989131791
2459312.8895264	14.344418647449633	0.007811041679165
2459313.8674921	14.137959743596962	0.0049860898772578
2459315.9205199	14.144661542218492	0.0073068005442681
2459316.6085118	14.308607903196046	0.01104068566993
2459316.6735876	14.188515329968965	0.0056632740263453
2459319.6758303	14.29762902950594	0.0062404697368312
2459320.674566	14.159308786074876	0.0065862770618734
2459321.7142825	14.130852007874552	0.0052909032694653
2459321.760302	14.27025777111756	0.0080520531982605
2459322.7709909	14.16287082138064	0.0071212466628167
2459323.4588396	14.29427378354719	0.005707739359393
2459323.7928569	14.3174137282005	0.0056107825320789
2459325.5363804	14.348016506572932	0.0065658983457935
2459326.7938155	14.149817119487173	0.0058017726982855
2459327.7210645	14.199194716161331	0.0101663361424994
2459329.6392005	14.21541906457986	0.0159195722544814
2459330.7694827	14.16486632335829	0.0178290778318213
2459336.5694198	14.416072604481071	0.013654973002857
2459337.3751988	14.345042404617626	0.0055084275276405
2459337.6809964	14.345845671497838	0.0065811528898134
2459338.8171555	14.280518465184583	0.008019984848691
2459340.6192461	14.15475018946762	0.0039807748638151
2459342.857562	14.218293496082309	0.0067018160488303
2459343.8615052	14.159415438194635	0.0074812555503043
2459344.3574116	14.370072735775167	0.00710307326745
2459344.8392956	14.247778236921874	0.0074317263063432
2459348.384126	14.328923463605657	0.0063380807020975
2459351.3411029	14.333523343295818	0.0058987838881473
2459351.5855553	14.31886944418899	0.0066501316932826
2459351.7432572	14.120090008361869	0.0059860083957236
2459353.3958426	14.35036304596416	0.0067954255424012
2459354.8581311	14.189893036105731	0.0074015393947372
2459356.8000932	14.303894718777578	0.0060001442408587
2459358.3320326	14.298610919360522	0.0171438397566635
2459358.5726725	14.171795958437963	0.0108747456811101
2459358.9102669	14.346865375282402	0.0076652786174735
2459365.3372105	14.326861731662582	0.0074340726580982
2459365.5507167	14.30855018202614	0.0075253258443101
2459365.7029662	14.151094604534718	0.0084305809200337
2459366.6436345	14.160004397593024	0.0065001082303413
2459367.5447068	14.159429355262985	0.0074583268451205
2459368.8502767	14.268149995392005	0.006704741722357
2459369.8461487	14.107205224274654	0.0063035478441885
2459370.7528285	14.327358891680715	0.0073037702519676
2459370.8080203	14.141270635737955	0.0059143075894427
2459371.6671478	14.35131198042521	0.0072978399820678
2459372.2909336	14.33381119151892	0.0071418824178054
2459372.5354799	14.299053736637465	0.0062068618522585
2459372.6946791	14.136539817937637	0.0054466397495234
2459373.8384492	14.094158470029107	0.0062940398562147
2459374.8766016	14.09054638929376	0.0066292119437107
2459375.8161362	14.307532304133137	0.0079296548569829
2459376.7447706	14.13814993293095	0.0057207388396314
2459377.7944313	14.305429128062922	0.007257834222693
2459377.8109657	14.100488326103488	0.0046251765108705
2459378.8774745	14.270622110849454	0.0070962996487099
2459379.2673433	14.35857598782163	0.0073846560100026
2459379.5068055	14.171653536833684	0.0053151127304762
2459379.6755365	14.326355976210667	0.0066853520371982
2459380.7049537	14.306193304434473	0.0069702678519247
2459383.572443	14.14180770232307	0.0058483952937803
2459384.6519521	14.13200047271653	0.005338194912852
2459385.6790338	14.112066320067774	0.0053650666034506
2459386.2395395	14.38700724590726	0.0177920537121849
2459386.4930803	14.15933736930091	0.0072308725771909
2459386.6464836	14.318122792453378	0.0103733078755352
2459393.4897882	14.161127069209147	0.0073904400741927
2459396.7249003	14.297900778960775	0.0095369126591277
2459401.8064117	14.17922969564122	0.0076788184573385
2459402.7126971	14.096943507425202	0.0065839987789702
2459403.7222648	14.250031808632906	0.0087060464052772
2459406.3768882	14.41248485627375	0.0086482903167632
2459407.4763228	14.372997680038011	0.006814865232525
2459408.6232266	14.26646619872126	0.0070419108680692
2459409.7302104	14.115718184837284	0.0058320619470928
2459412.2461185	14.329242910382836	0.0085551339800965
2459420.6976775	14.382443679398378	0.0215816214002621
2459422.216068	14.440144120256884	0.0100593566928252
2459423.6984368	14.272416427026457	0.0095960196481686
2459424.696256	14.233305014620868	0.0119477842064601
2459425.4765849	14.274922290312317	0.0098367078167015
2459426.2973018	14.374056614999375	0.0060933244352976
2459428.700536	14.285565626696028	0.0076560582676991
2459433.4141781	14.322077027548124	0.0061925130802023
2459434.3731974	14.32264081968224	0.0064629707847925
2459435.6588252	14.271605338942289	0.007233861300773
2459436.5607851	14.137318961646752	0.006749691018195
2459437.5461552	14.164379052540069	0.0054139193837284
2459439.5208032	14.311065837358212	0.0058352137184608
2459442.2830705	14.251496029134238	0.010890405740462
2459447.5687737	14.291241826001606	0.0136310075142362
2459448.65416	14.181476297367103	0.0243603303201709
2459449.3319556	14.247209427418316	0.019210338291896
2459449.4714215	14.0846905706861	0.0152864039805079
2459449.6758973	14.3417650570284	0.0222524519056897
2459450.4030211	14.288288914565772	0.0245533798318876
2459451.2712028	14.298468447276257	0.0086951618058983
2459455.5008411	14.282107225747009	0.0064890751458993
2459458.3993436	14.333641883595474	0.0095081964525743
2459463.6203356	14.141494250857187	0.0082626475046567
2459464.2696857	14.319970753948946	0.0064679413852218
2459465.4001782	14.33306516039234	0.0068877034119063
2459467.3139797	14.32260568499176	0.007957402018514
2459469.2616601	14.2795477780218	0.0191911710282256
2459473.4872994	14.267354541110135	0.0117774246991862
2459474.5843531	14.305039917559435	0.0173464478515977
2459475.5646972	14.157211575927311	0.0131696994675148
2459476.5526728	14.16294236364114	0.0106462104484205
2459477.3005803	14.294993746699651	0.0173539772057879
2459477.587224	14.11581495822482	0.0157828603789443
2459479.2907683	14.276062891350067	0.0126993626677798
2459480.5126072	14.307059775062516	0.0069518149208557
2459481.4973495	14.142380967244284	0.004417752622009
2459482.5628688	14.105058251821816	0.0061614721607935
2459483.5289788	14.305755171521126	0.0059395505272048
2459484.574562	14.13638126494922	0.007037592453354
2459489.2897948	14.267897435937636	0.0078742572383685
2459490.4935712	14.133661563982397	0.0048058393949075
2459491.5581095	14.335651803540742	0.0086865142181144
2459493.5066088	14.103818496799851	0.0077297839553386
2459495.2567496	14.293579355321056	0.0098991550732452
2459496.5116518	14.085108529997148	0.0079367872704196
2459501.5155393	14.29059094303253	0.0138468856882577
2459503.5080384	14.095113240469704	0.0123192329380007
2459504.5157051	14.177454225371468	0.0149885445585796
2459505.5088107	14.068527436657504	0.0142456874790527
2459506.2500125	14.296810662080446	0.0160184025128182
2459507.4966838	14.2569995900846	0.0223189985435559
2459508.5003035	14.194107513916263	0.0205786801006214
2459509.4958865	14.17208247556715	0.0146378507569302
2459510.4963013	14.07070003306951	0.0121521022995229
2459510.4975542	14.092076727783402	0.016584142531987
2459610.8702702	14.293578313358426	0.009342161241774
2459613.8832884	14.242885076917249	0.0297373439091241
2459614.8798993	14.38044721209508	0.0165310824134274
2459616.866504	14.182453259164092	0.0084438803044422
2459617.6036301	14.35491473315203	0.0091710797718632
2459618.857605	14.17176737606168	0.0077168753413933
2459620.6262104	14.32920032937522	0.011773510108586
2459622.6345544	14.19991052669354	0.0187669513527372
2459626.8382123	14.43502952299472	0.0260612380611064
2459627.8607789	14.17476857466109	0.0206959417311569
2459629.5797761	14.355043111692371	0.016383637895864
2459630.8365102	14.274553581668265	0.0164572624479484
2459631.8354417	14.196133378163424	0.0161579491256372
2459632.830506	14.239507913053268	0.0174363390747877
2459637.815536	14.31199865607887	0.0097769632431876
2459638.0217262	14.223175660179134	0.0218246506026434
2459639.5729518	14.38081986895291	0.0105674496081712
2459640.7950648	14.196382534163874	0.0079264714762383
2459644.5775136	14.37306553098212	0.0104023934275015
2459645.8815174	14.095771498493018	0.0055028317301916
2459647.9920511	14.175992252770715	0.0068301316299457
2459650.7761065	14.338162060128706	0.0073636480193343
2459651.8966006	14.152065179386444	0.00531842933624
2459653.8171657	14.13915231323237	0.0077262546672629
2459654.536641	14.34617657918988	0.0192626848271176
2459656.5119397	14.428586555623538	0.0347882583866295
2459659.7471667	14.23287158283999	0.0158091396135735
2459660.7514087	14.388775888163837	0.014202068506015
2459665.8162406	14.166133236510191	0.0065777782614471
2459665.8187445	14.228095559889322	0.0118217485651939
2459666.7173255	14.355863415355843	0.0070302621299125
2459669.715898	14.132895522860728	0.0056196416857084
2459670.725458	14.311339912941348	0.0033542310553072
2459671.8059052	14.162322284657549	0.0065125782215029
2459673.7152098	14.27429302581462	0.0066561530100394
2459674.7218168	14.28072629171061	0.0060045601480021
2459674.7575228	14.153954476995343	0.0043347947356043
2459675.7870322	14.16246917418568	0.0053207054046973
2459676.7685316	14.32345379218219	0.0063612106769069
2459677.9206503	14.224011712631942	0.0052359206985399
2459681.4935698	14.370895765412593	0.0126055922085382
2459684.6743903	14.421095148486213	0.0221646535162399
2459687.9263359	14.175718876177273	0.0221844705828288
2459688.4783633	14.35042657469674	0.0286308969589193
2459692.9384529	14.179527962089116	0.009832057344917
2459698.8634187	14.251588363293752	0.0070676290888977
2459702.8589179	14.19868946837432	0.0049823586422667
2459704.9103186	14.214279065611564	0.0058488180116383
2459706.8763015	14.263827663259674	0.006304404540058
2459709.3640269	14.352530779928587	0.0108261326371624
2459709.3652677	14.380551474136183	0.0147421012784661
2459709.8520495	14.203675270470049	0.0083675538843333
2459710.9198283	14.213982643933669	0.0082047992608378
2459711.7777332	14.15971521255642	0.006071057859297
2459711.7789619	14.20290265382485	0.0230135447399686
2459711.7802138	14.153878304237637	0.0167813526491532
2459713.8362095	14.196812763880548	0.0232903358171928
2459714.8707933	14.342248976126848	0.0174558206671114
2459714.8720934	14.36835259952173	0.0314877472152574
2459714.8734033	14.37016818840648	0.0285056814746546
2459720.7988068	14.267586585642878	0.0147111279136408
2459720.8001054	14.258195203785991	0.0172801465234621
2459721.8093597	14.21523807654784	0.005773855180527
2459721.8120027	14.3178946556645	0.0108567929933311
2459722.6484321	14.30403399113529	0.0052320679531817
2459725.5577709	14.384804241661318	0.0086016797001448
2459726.8899768	14.21075317065984	0.0198647857391255
2459726.8924574	14.16414940907913	0.0202918635781694
2459727.822642	14.199597591980762	0.0076786732229458
2459730.7762899	14.230423130516265	0.0060788963710751
2459731.4069529	14.331386025499116	0.0058820722773515
2459733.8491293	14.267945736257188	0.0083076485777806
2459735.3562506	14.392051482052548	0.009752383216922
2459738.8537844	14.220177324262655	0.0063955802276498
2459739.827894	14.267216903965094	0.006489717630996
2459740.7996873	14.166865444401232	0.0074298699901353
2459741.7627634	14.269501278600618	0.0071576537971574
2459741.7653491	14.283034045351371	0.0073498085997582
2459741.8501634	14.265282499567183	0.0068023651342059
2459741.8514616	14.231207484747376	0.0101089029518316
2459742.8180753	14.136721870116824	0.0127080257528814
2459742.8699652	14.336370670028469	0.013661400797308
2459746.767697	14.30607382690313	0.0252250581861026
2459747.5401883	14.390579630554129	0.027329821818917
2459749.554196	14.30495647768618	0.0052803634908351
2459754.8334047	14.241694239683692	0.00877617197634
2459756.6514533	14.1608489535679	0.0075201513635171
2459757.8030848	14.20335419417886	0.0079714918134498
2459760.6363803	14.347603004074166	0.0064327829260665
2459761.7504329	14.222124570284404	0.0042445300737972
2459763.723835	14.287718393008513	0.0094655559771487
2459764.7165507	14.32106813466713	0.0035926582779944
2459765.8123309	14.337174715197044	0.007629547286424
2459767.6326262	14.131178206553406	0.0061823761442304
2459768.8051546	14.1946672859946	0.0100147591045728
2459769.790929	14.007580861113023	0.0244460502172635
2459778.5062542	14.380642231203884	0.0209217240776663
2459779.7648432	14.22289136820764	0.0083794079869786
2459784.5455421	14.2874325520238	0.0058675179376892
2459788.216339	14.305260018336972	0.0069088715923759
2459789.7165302	14.295041546278473	0.0088649189127529
2459790.7449818	14.18056805334222	0.0076963064499635
2459791.6409306	14.127026552661492	0.004636118612296
2459792.6104431	14.113083652731492	0.0063641185653864
2459793.6177965	14.244628009151514	0.006946792588522
2459793.7346184	14.0941266910161	0.0063275252944638
2459793.7358588	14.164318736834373	0.0113870843642113
2459795.6869586	14.201938237980066	0.0089419962313094
2459796.650576	14.12577367797354	0.0080774362607178
2459796.651828	14.147839991732855	0.0118259067815556
2459802.659696	14.084263774692358	0.0189998718382419
2459804.4990699	14.129969636402311	0.0087460401704414
2459806.672178	14.155204940829222	0.0103059803460725
2459807.6934474	14.110401063145185	0.0083556019722713
2459808.5951874	14.290292945151426	0.006599604870399
2459809.6669239	14.0849099592068	0.0059312380207297
2459810.6603653	14.122358439598065	0.0054833467709064
2459812.5859323	14.27499238965842	0.0056828757487341
2459814.3096135	14.313450788931725	0.0057337974463206
2459815.5335558	14.288548698893337	0.0058580301072622
2459816.6586454	14.14615630204799	0.0053864891539353
2459818.2982266	14.301822608634948	0.0112798901295409
2459819.266352	14.35444620403741	0.0079712448878549
2459822.5038033	14.131330521967293	0.0048562679532074
2459823.5347367	14.14983077679505	0.0064953616287588
2459824.5856399	14.344868455363706	0.0076082256232816
2459824.586927	14.360176976831502	0.0092659579772412
2459830.2593685	14.68581865945592	0.023440287066893
2459831.4887146	14.322995671869752	0.0134738008369912
2459833.5585062	14.359237728186317	0.0187343158235733
2459834.6067839	14.327663648775308	0.0138645325234871
2459835.5631003	14.328717016451836	0.0100488972512833
2459836.542979	14.633689228299293	0.0111457400433289
2459837.5429748	14.601085734409864	0.0121145386237222
2459838.5481745	14.36211646591432	0.0090373637795903
2459842.5422596	14.28607322042637	0.0058791845302711
2459845.5386993	14.122139136135718	0.0068736589367735
2459846.5240153	14.29357364465365	0.0063788473623781
2459847.5247091	14.085614927309187	0.0064998332591482
2459848.5664563	14.15414475294928	0.0055661847205763
2459850.5027529	14.160805363287723	0.005920930959388
2459851.5600227	14.37446764446478	0.0068692642307169
2459852.5457234	14.12034127337578	0.0080351695762197
2459858.2424307	14.286233748595132	0.0489643043544759
2459859.5256484	14.319462685604396	0.0182126925835994
2459860.530053	14.154251884827795	0.013800116944824
2459864.5144902	14.253673571625862	0.0078180187044367
2459865.5067885	14.217797203853358	0.007396955406735
2459866.5113268	14.303537509710916	0.007331417111924
2459867.5107368	14.112475867906074	0.0074203354373408
2459869.5090514	14.25125743159413	0.008205084635656
2459871.4995824	14.257259131191402	0.0088990213103233
2459872.5021684	14.145806266635754	0.0057460415657252
2459875.4925545	14.118341797288956	0.0198046671352363
2459876.4967215	14.046825975399424	0.0114955698900108
2459974.8751858	14.407094692318442	0.0170939256922762
2459976.8843904	14.105039613933998	0.0248394362937031
2459977.8810998	14.334189964975256	0.0188142664555725
2459978.8616986	14.394795718145303	0.0123960143530805
2459979.8604003	14.343706599327138	0.0138818761905867
2459993.8269518	14.351003671995729	0.0070911890800999
2459995.8322525	14.202022814278818	0.0081317860784091
2459997.5793954	14.374083865406854	0.0092880719188689
2459998.8682359	14.166986954257704	0.0061778312779968
2460000.8613107	14.27757909174252	0.0059126065703736
2460002.8640599	14.189663603834322	0.0067911040410993
2460004.8456708	14.163518505842568	0.0063815849740989
2460004.8484786	14.454488788389758	0.0100488429720704
2460009.005188	14.276515776461638	0.0173830571150809
2460010.7852359	14.174977695068382	0.0108170260128774
2460010.786488	14.247658011059611	0.0312362606616376
2460013.5342034	14.326266475194004	0.0145359049179523
2460015.8318904	14.217138297576891	0.0157616067008265
2460020.8175044	14.150152536170808	0.0050849342550514
2460021.779581	14.18732054009932	0.0082360469408179
2460021.7997802	14.3167784898516	0.0055537993029961
2460022.7872883	14.351560821082073	0.0070289231085468
2460023.7490739	14.350195612084123	0.0056945005186928
2460023.800562	14.677120846509142	0.0099645957633623
2460026.7406432	14.309265567321804	0.0064192860534059
2460026.7641816	14.151763276822209	0.0048987512344571
2460028.9576876	14.197288659629583	0.007529196472713
2460030.7847915	14.359108246386953	0.0074793062303367
2460031.7801752	14.464492856887617	0.0101662168460139
2460032.8462813	14.358110332346392	0.0076164846458766
2460035.5309674	14.332277314538253	0.0061235636608354
2460036.4883998	14.3399031235227	0.0061953807586622
2460037.5245844	14.3009765201	0.0071453888731682
2460042.7771216	14.29259857752034	0.02006047292459
2460048.8526683	14.288995016817315	0.0067894451937333
2460049.8449929	14.155287989203376	0.0062824902562499
2460050.7958575	14.38397809076254	0.0080476590534285
2460054.6729249	14.29647919478143	0.0055014646057135
2460056.8668234	14.405318277194548	0.0081348006826646
2460057.8137124	14.146519884465732	0.0043197118234089
2460065.5333044	14.606613700980215	0.007660444068395
2460075.7412034	14.158881366052045	0.0084638315903983
2460076.8062954	14.093323332645497	0.0103316357267174
2460080.8768737	14.116270305536434	0.0053134249990849
2460087.8601319	14.32975564000077	0.0106732391443981
2460088.8745594	14.19699345642852	0.0073333356590728
2460089.8784545	14.340148271585452	0.0068774861127682
2460090.8739708	14.121639406911072	0.0084317235809991
2460091.5998862	14.14733661892802	0.0075855594417782
2460092.6508428	14.344712520342526	0.0072373962926135
2460095.865452	14.092822755919308	0.0056444696138295
2460096.8364081	14.345672995014771	0.0111228385167555
2460103.827886	14.220995662557542	0.0116073124509319
2460106.6924488	14.210254011792989	0.0102741493009018
2460108.855042	14.266252591283724	0.0077481822998551
2460109.8620824	14.277719758913817	0.0071084578629937
2460112.7330132	14.33840547202756	0.0097213777546114
2460113.495934	14.164440731411805	0.0056333315055892
2460116.2851437	14.625034258660207	0.005810609723645
2460117.4956575	14.706307923063024	0.0111795032340153
2460118.2356779	14.288500304639806	0.0051173122570215
2460119.3990214	14.305149317836444	0.0098395684017336
2460129.5100528	14.435941486426133	0.060566823722929
2460130.200548	14.337581029681726	0.0202894013566936
2460130.4540729	14.352934204855918	0.0147694836751193
2460133.7991799	14.107081944826051	0.0088606259249404
2460136.7924173	14.35151844980872	0.0092166526391256
2460139.623609	14.285898479327354	0.0058048508461577
2460139.631527	14.162398787938091	0.0060400481968045
2460140.5265005	14.216384757439776	0.012091778900742
2460141.721108	14.109701868068289	0.0049554826410921
2460142.7356003	14.113661389940903	0.0063860402432572
2460142.7779191	14.279119421775215	0.0073452301788423
2460144.5622802	14.195112709702824	0.0079340987514239
2460147.7005374	14.346973138764332	0.0123843334643912
2460150.2376652	14.365401899340885	0.0087651324981076
2460157.628707	14.075724781378742	0.0226842056782947
2460159.7124953	14.078838686821326	0.015716536561486
2460164.4326121	14.264855037229738	0.0075951332895212
2460168.2599838	14.339472546109295	0.0075856952702512
2460171.24545	14.286270239457435	0.006487849814946
2460185.4117031	14.612619957141622	0.0376754233433674
2460187.64959	14.523146176404309	0.0539333173050055
2460188.6467381	14.433349128754385	0.0250774879602088
2460189.6406788	14.40753041646623	0.0162203284100131
2460194.3660086	14.558235854431071	0.0092471277072962
2460194.6117002	14.402109969013516	0.0086726034721753
2460195.619311	14.475685269314916	0.0085325699801915
2460196.3566927	14.601109411598744	0.0140341099084613
2460201.2469989	14.304927585162	0.0103174711007814
2460214.3301031	14.470954643886834	0.0279709406565927
2460215.3176015	14.272422216374665	0.0158410696776407
2460219.2433778	14.55383636301152	0.0095187797705065
2460221.2711098	14.38590312385421	0.009423338959104
2460222.5130202	14.604556147754709	0.0103143110241816
2460224.2840709	14.305714489963124	0.0087683958669058
2460225.5336803	14.629466972674244	0.0094095463030848
2460227.2722436	14.666965404875134	0.010359772148549
2460228.4972752	14.582863385680032	0.0140974516248271
2460229.5216137	14.775486092526718	0.01037902034814
2460230.5204748	14.7280729068186	0.011787494366936
2460231.5197287	14.568516734182772	0.010680551887528
2460239.4956378	14.322195214416029	0.0155739603811555
2460241.4940584	14.165486431739897	0.023927577718508
2460242.4946383	14.071160981537352	0.0314831084071876
2460349.6100826	14.649932193494372	0.0098764465060725
2460351.6049031	14.657189407875824	0.0105584619694006
2460352.6041442	14.71697644990406	0.0129962929683864
2460353.5997222	14.7209594208922	0.0152781278161424
2460354.6101818	14.65645665963972	0.010060819828752
2460359.5893014	14.65826538552273	0.0180034993231069
2460360.588467	14.679334599079263	0.0226013979686541
2460363.5784947	14.633907894773742	0.0271787152374377
2460367.5806431	14.671219181564432	0.0209624460562731
2460369.8329122	14.69124854650521	0.0199146488160661
2460370.8283098	14.571925167654864	0.0161812327659918
2460377.8335099	14.639033080533476	0.0084153041191564
2460380.8236336	14.686070906517436	0.0093787870568297
2460386.8110568	14.71802478742032	0.0098465507792583
2460388.7966139	14.83640494038128	0.0114172458485029
2460392.9171689	14.685622989174725	0.0324882018813195
2460394.779499	14.475727277028769	0.0294634350221462
2460395.7598544	14.741798279734494	0.0358641272708135
2460397.7562235	14.678326626894322	0.0227735914045614
2460408.7226468	14.654195371202428	0.0072590932672496
2460409.7108547	14.624553455243277	0.0087885443131867
2460409.9187992	14.799738669638622	0.0133444811731002
2460411.7208813	14.686303153376592	0.0097974986458446
2460418.7964987	14.63798014423204	0.0070222508837619
2460419.8187227	14.61877397910783	0.0091221321517076
2460420.4787181	14.64130978892107	0.0176036039206118
2460424.6752311	14.639871474831432	0.0351021074698937
2460425.8796708	14.659205469316095	0.0225640022212576
2460432.3776592	14.60764690724356	0.0092522944882598
2460434.9176116	14.853619950712888	0.0128012195048495
2460436.8423772	14.459951131895464	0.0064872672684677
2460438.8361473	14.436975464033605	0.0098161741719888
2460439.6492806	14.64704976439084	0.0075129753579978
2460440.6116334	14.665931181304428	0.011587308297843
2460446.4095377	14.56726641198263	0.0104588581635297
2460446.6322747	14.656079044784018	0.0089494714920778
2460448.5783666	14.732513887886734	0.0224609426003866
2460449.5889468	14.78800587709303	0.0161815194678782
