2458282.81903750  14.43087 0.03819
2458287.55126760  14.11743 0.03435
2458291.65647400  14.83790 0.05856
2458301.54733890  14.46107 0.03279
2458316.47244450  14.75963 0.07267
2458320.79741770  14.81850 0.06222
2458329.58845930  14.07489 0.05198
2458331.55545800  14.50846 0.03054
2458349.72678680  14.81049 0.07336
2458355.71084510  14.16437 0.20989
2458356.59129960  14.80434 0.17716
2458359.50605220  14.46126 0.03695
2458382.63090390  14.52284 0.07566
2458392.60485810  14.81010 0.02255
2458392.60614320  14.78920 0.03139
2458393.60165220  14.83148 0.01505
2458394.59841070  14.88596 0.01725
2458396.59583470  14.86854 0.01412
2458396.59710990  14.76041 0.01990
2458397.59315830  14.90593 0.01798
2458398.58932350  14.88187 0.01591
2458401.52804250  14.84628 0.01636
2458404.56300310  14.64445 0.01384
2458409.49342020  14.78916 0.02112
2458410.55236220  14.84927 0.02103
2458411.54934250  14.78206 0.02133
2458412.50669610  14.84344 0.01916
2458414.53912450  14.87749 0.02722
2458415.53104020  14.67517 0.03249
2458415.53359230  14.77232 0.04111
2458416.52834790  14.33978 0.02042
2458417.52464890  14.37024 0.01708
2458419.52245970  14.63070 0.01060
2458425.50299460  14.84480 0.03298
2458525.89097140  14.75556 0.04724
2458526.88890990  14.51913 0.09033
2458528.88133550  14.85768 0.01782
2458529.87910710  14.64791 0.06163
2458534.88603340  14.25667 0.02938
2458539.87428550  14.73363 0.01818
2458540.88649950  14.70364 0.11053
2458546.89632790  14.63723 0.07392
2458547.88809800  14.67959 0.05414
2458548.88375360  14.46039 0.01449
2458549.84609050  14.32476 0.04796
2458550.84298640  14.31967 0.01538
2458551.88842180  14.50029 0.07170
2458553.83652880  14.66457 0.01189
2458554.83190780  14.70395 0.01277
2458555.83087780  14.78380 0.01308
2458556.82987910  14.88450 0.01808
2458557.82511590  14.85696 0.01860
2458558.82465420  14.87111 0.01831
2458562.81032120  14.70726 0.12790
2458563.80811880  14.87945 0.16200
2458564.80765540  14.80955 0.02733
2458565.80641120  14.25609 0.06610
2458566.82920820  14.53775 0.01494
2458567.84671790  14.64594 0.01922
2458573.77387570  14.85588 0.01550
2458575.76838200  14.84528 0.01735
2458576.76122080  14.65283 0.05698
2458577.76309500  14.88003 0.01593
2458578.78133320  14.68089 0.06788
2458579.79510580  14.48648 0.01338
2458580.76532450  14.32480 0.04926
2458581.76727120  14.21979 0.03539
2458582.77622510  14.42865 0.05162
2458583.74638290  14.58983 0.01214
2458584.74177600  14.65860 0.01208
2458586.84626380  14.77811 0.06824
2458588.73192280  14.85670 0.02640
2458589.72434780  14.55583 0.08438
2458590.84538770  14.86111 0.02004
2458591.88109970  14.31741 0.02507
2458593.72096390  14.71355 0.03806
2458594.71642710  14.86420 0.02429
2458595.76613220  14.22270 0.07020
2458601.68733900  14.66508 0.05356
2458602.69555780  14.76505 0.01623
2458604.68674210  14.86197 0.01348
2458608.87450440  14.60830 0.01285
2458618.64759540  14.80976 0.01433
2458621.76182550  14.70472 0.14627
2458626.87154720  14.83814 0.02052
2458631.61152540  14.42470 0.04369
2458635.60425660  14.88171 0.01825
2458636.60291990  14.73478 0.07058
2458637.60347660  14.68407 0.06168
2458643.60218640  14.29936 0.06561
2458644.63340680  14.50637 0.06509
2458645.63261500  14.49715 0.05380
2458646.66357940  14.78434 0.07431
2458648.79808500  14.53612 0.07272
2458650.56350290  14.79524 0.05070
2458657.75944270  14.79612 0.01600
2458659.70549240  14.79298 0.01274
2458660.86711870  14.86058 0.01532
2458662.77560080  14.84709 0.06651
2458668.71948890  14.42487 0.01493
2458669.64234530  14.35464 0.04338
2458674.53102840  14.47596 0.01676
2458676.83172320  14.88214 0.01679
2458683.73011370  14.52219 0.01930
2458684.56000480  14.92716 0.02796
2458684.57085290  14.69680 0.07169
2458688.63030470  14.72232 0.01859
2458689.63136590  14.77288 0.01081
2458692.75809810  14.90053 0.09895
2458692.78215440  14.90603 0.01568
2458694.77842000  14.22786 0.04299
2458695.73410810  14.19546 0.03392
2458697.78061450  14.66953 0.01323
2458698.77225030  14.70250 0.01281
2458699.77282620  14.75457 0.01118
2458700.76696180  14.81737 0.01445
2458701.76981780  14.85974 0.01954
2458715.54743380  14.33959 0.01476
2458716.54373020  14.40468 0.01552
2458717.53914920  14.48833 0.04075
2458718.51686080  14.55177 0.04033
2458721.71086050  14.89701 0.01712
2458722.71286510  14.71557 0.05414
2458723.70938050  14.74409 0.05169
2458724.70659920  14.56479 0.04903
2458725.68119550  14.53781 0.01562
2458726.70323230  14.49088 0.01283
2458736.68050050  14.81864 0.03507
2458738.66634390  14.92376 0.03958
2458740.66017730  14.57814 0.04056
2458742.65843470  14.57219 0.02207
2458743.65609230  14.86487 0.16823
2458744.65272720  14.41562 0.06262
2458745.64678310  14.71104 0.02076
2458746.64427030  14.80685 0.01535
2458747.64103620  14.83528 0.01954
2458748.64265010  14.86143 0.02810
2458750.63658820  14.82157 0.05920
2458751.63363930  14.86618 0.01743
2458752.63011820  14.85493 0.01693
2458753.58360720  14.79594 0.04944
2458754.62704790  14.93212 0.02254
2458755.53891380  14.84564 0.01635
2458756.62029800  14.34824 0.01536
2458758.61151670  14.54077 0.01413
2458764.48804400  14.53132 0.07905
2458766.59086410  14.85448 0.04337
2458772.57318560  14.33606 0.02020
2458773.57372860  14.49652 0.01528
2458774.57180470  14.54647 0.04728
2458775.56828650  14.58191 0.06816
2458777.56259770  14.78827 0.01293
2458781.53194640  14.88702 0.01840
2458782.52885820  14.87619 0.02221
2458783.52426580  14.79640 0.07342
2458785.52416400  14.91602 0.02238
2458786.51584110  14.86172 0.01823
2458791.51438990  14.51208 0.06807
2458900.86951450  14.80793 0.13263
2458901.87686490  14.87733 0.01683
2458904.87461840  14.90643 0.01863
2458908.85556550  14.48719 0.05053
2458909.85360940  14.54873 0.04767
2458911.85041300  14.82336 0.01714
2458911.85168690  14.79407 0.01941
2458912.84721580  14.72841 0.07119
2458913.89981810  14.90394 0.02719
2458915.83597990  14.66028 0.07927
2458916.83605700  14.85188 0.04158
2458919.83616760  14.89638 0.04609
2458921.82257100  14.35667 0.02686
2458922.81412140  14.33993 0.02307
2459151.51593120  14.83628 0.03046
2459153.51332720  14.88005 0.03535
2459257.87758800  14.84459 0.06969
2459259.86152060  14.90411 0.02154
2459260.86073220  14.92074 0.02454
2459262.88917980  14.38285 0.02082
2459264.86693370  14.55142 0.01444
2459266.85972380  14.70105 0.01370
2459267.85877940  14.76130 0.01527
2459268.85815820  14.78897 0.01268
2459269.86154600  14.80164 0.01403
2459274.82568520  15.07401 0.20805
2459275.84538540  14.95779 0.03688
2459277.90383820  14.32441 0.09544
2459283.80071540  14.83024 0.01925
2459287.79517100  14.89920 0.01589
2459293.80301180  14.35725 0.01450
2459294.78914660  14.47781 0.01299
2459295.78502950  14.57103 0.01828
2459299.76080280  14.71180 0.13993
2459300.78313810  14.84237 0.03151
2459300.79291460  14.88780 0.16092
2459309.74786860  14.55622 0.04826
2459310.80715800  14.70688 0.01349
2459311.83446710  14.55673 0.05880
2459314.83344110  14.90805 0.02109
2459315.81608920  14.93941 0.01982
2459316.71835970  14.91092 0.02138
2459316.83796070  14.80355 0.07766
2459317.72085100  14.87446 0.01546
2459317.76212930  14.74437 0.06894
2459318.70807470  14.86160 0.01988
2459318.91868370  14.31177 0.04816
2459321.78759320  14.58300 0.01539
2459322.75709550  14.41873 0.01485
2459322.86875720  14.51825 0.03310
2459323.83006820  14.55434 0.06563
2459327.70042430  14.60538 0.02485
2459328.69111590  14.29622 0.07836
2459329.73874210  14.81307 0.02566
2459330.67156750  14.82837 0.02460
2459330.83670170  15.10243 0.16500
2459332.71640590  14.86907 0.03080
2459337.65763720  14.70472 0.01034
2459338.79756120  14.62623 0.01344
2459340.65862670  14.34291 0.01494
2459340.70186700  14.19566 0.04249
2459342.66464950  14.36817 0.04864
2459345.63664930  14.81403 0.01702
2459348.63100860  14.88683 0.01653
2459351.61656830  14.77279 0.00943
2459352.82386600  14.50183 0.04851
2459356.60192000  14.38960 0.04954
2459357.67407680  14.71395 0.08891
2459358.59245440  14.61539 0.03467
2459359.69261150  14.43641 0.09217
2459364.71803240  14.96494 0.02754
2459365.58182560  14.83642 0.01471
2459365.83850870  14.55992 0.04554
2459367.78562840  14.63384 0.01546
2459368.66058000  14.33464 0.01598
2459369.72547770  14.68500 0.01260
2459372.55551080  14.35759 0.05724
2459372.70671690  14.83327 0.01505
2459373.83471970  14.67273 0.05018
2459376.54693060  14.80174 0.01231
2459377.55515080  14.82569 0.01383
2459378.56220760  14.82549 0.01323
2459379.62276070  14.84620 0.01680
2459379.62613910  14.38408 0.03276
2459380.69687430  14.88223 0.01654
2459381.79729250  14.66590 0.01866
2459384.54910380  14.80795 0.09956
2459385.58186230  14.33832 0.01908
2459385.58385670  14.40694 0.04771
2459386.52239010  14.64766 0.01573
2459386.66045290  14.58568 0.08060
2459388.65853040  14.79343 0.03585
2459388.68295610  14.58127 0.14432
2459392.64771390  14.63124 0.13983
2459393.50729360  14.61022 0.01539
2459396.60860720  14.71591 0.06008
2459397.60663580  14.86558 0.01501
2459401.72725160  14.71253 0.04425
2459401.84439760  14.87146 0.02291
2459402.62854700  14.76077 0.01359
2459402.68613810  14.63101 0.06159
2459403.65435560  14.73703 0.04530
2459403.69337090  14.86366 0.01571
2459404.82927090  14.73490 0.06091
2459404.85130360  14.88314 0.01901
2459405.84158470  14.56220 0.01326
2459406.75396520  14.92259 0.02346
2459407.51246790  14.87697 0.01461
2459408.66942920  15.07214 0.08456
2459410.77617920  14.69205 0.06374
2459411.75492530  14.61792 0.04043
2459412.67307500  14.49728 0.01654
2459412.68821530  14.42811 0.05558
2459413.61928940  14.29888 0.05627
2459415.75600430  14.85266 0.09324
2459421.50035160  14.83772 0.02283
2459424.70460310  14.34805 0.01537
2459425.69966910  14.34668 0.05007
2459426.61321300  14.55636 0.01320
2459427.60730280  14.19609 0.04930
2459428.70675140  14.64443 0.06600
2459430.77837740  14.85977 0.02043
2459432.68632970  14.85104 0.01919
2459435.69511450  14.86672 0.01823
2459436.57974890  14.87565 0.01691
2459447.52824890  14.66085 0.14953
2459448.68478920  14.76748 0.15138
2459452.70476950  14.47046 0.01996
2459453.65962190  14.64977 0.01884
2459455.61328160  14.31338 0.01522
2459461.51255560  14.42877 0.05667
2459463.65485290  14.89209 0.01888
2459464.57128490  14.91282 0.01578
2459465.57505530  14.58219 0.05623
2459466.54834000  14.83956 0.01495
2459467.58675030  14.89620 0.08051
2459470.48206040  14.95825 0.02511
2459474.53278640  14.17844 0.08947
2459475.51042960  14.42040 0.08223
2459477.50444590  14.78511 0.02603
2459482.54272600  14.89919 0.02044
2459485.62887680  14.53175 0.01393
2459488.60031520  14.77174 0.01189
2459490.56341430  14.82644 0.01861
2459491.60676610  14.92457 0.01835
2459492.56307870  14.46536 0.05945
2459501.56001960  14.51147 0.11510
2459503.54615110  14.70742 0.02150
2459504.56689130  14.77024 0.02988
2459507.55281850  14.83253 0.04300
2459508.54892570  14.86224 0.03312
2459509.54610880  14.85441 0.04098
2459510.50874100  14.92169 0.02224
2459511.54329850  14.90197 0.01718
2459512.53983530  14.93490 0.02303
2459514.53668510  14.59827 0.01758
2459516.51638510  14.43142 0.01450
2459517.53107590  14.64895 0.06935
2459518.51263470  14.71598 0.07720
2459528.50525920  14.88237 0.05300
2459617.88217430  14.90476 0.03377
2459620.87624910  14.47307 0.01782
2459623.86634580  14.74723 0.01996
2459624.87657880  14.64110 0.08427
2459629.87086350  14.48324 0.12879
2459633.86188800  14.39382 0.01870
2459638.84244310  14.68873 0.01433
2459639.85324690  14.87399 0.01900
2459639.87038950  14.72999 0.08860
2459645.89302300  14.75491 0.07176
2459646.82844760  14.92514 0.02352
2459647.84264860  14.87068 0.01516
2459648.83000900  14.56997 0.01475
2459650.81148890  14.43503 0.01502
2459651.81152780  14.55686 0.01471
2459651.90800830  14.46928 0.09830
2459653.91009630  14.63320 0.12499
2459655.79800180  14.78637 0.02886
2459657.82421140  14.76621 0.15336
2459658.78261100  14.89481 0.02865
2459659.78683950  14.92542 0.02900
2459659.78812670  14.82682 0.04126
2459665.75282910  14.32624 0.01554
2459666.75299830  14.41924 0.01347
2459666.78758490  14.39640 0.04870
2459667.74784560  14.49471 0.03853
2459669.75349290  14.74089 0.01176
2459670.78288970  14.76875 0.04869
2459670.86866230  14.86082 0.01521
2459672.75197680  14.89326 0.01692
2459672.78471780  14.60754 0.05274
2459673.76883790  14.55252 0.05465
2459673.81271720  14.88536 0.01512
2459674.86533150  14.92203 0.01648
2459676.73202770  14.66903 0.05149
2459676.80828050  14.91756 0.01967
2459677.81990860  14.22026 0.03302
2459678.77662080  14.40303 0.03295
2459680.72865990  14.23540 0.04420
2459680.77773780  14.53315 0.01267
2459681.72971060  14.44834 0.01862
2459681.73100790  14.45194 0.02287
2459682.71218340  14.17446 0.08480
2459683.72627840  14.31340 0.08827
2459684.78417380  14.79579 0.02444
2459685.71745390  14.63697 0.03144
2459686.91829100  14.90692 0.03322
2459692.81675940  14.30549 0.01527
2459693.67750910  15.01088 0.01736
2459694.87707530  14.45018 0.06513
2459695.72159740  14.15242 0.04219
2459697.67294530  14.45166 0.01497
2459698.71512410  14.73463 0.01213
2459703.65354860  14.83694 0.01440
2459704.86151840  14.58107 0.01372
2459706.87238220  14.55471 0.01268
2459708.88750430  14.63243 0.05805
2459708.88874460  14.52020 0.07578
2459708.88998640  14.71231 0.09712
2459711.80460520  14.64164 0.05613
2459711.80584550  14.70045 0.12342
2459713.83616640  14.98637 0.02470
2459715.62059200  14.69247 0.02225
2459721.81833480  14.40506 0.01537
2459722.79210180  14.45319 0.01426
2459724.85405180  14.78218 0.02539
2459725.85435100  14.72985 0.06189
2459726.86614320  14.82169 0.06436
2459726.86738360  14.82238 0.08503
2459727.87090420  14.88528 0.01634
2459737.58102260  14.73108 0.07714
2459737.59221190  14.86862 0.01943
2459738.61254360  14.91519 0.01673
2459739.61737650  14.73993 0.05631
2459740.68121090  14.53540 0.07644
2459741.68963250  14.67385 0.11662
2459742.72293550  14.39595 0.07437
2459743.91654450  14.85255 0.02525
2459747.66051550  14.88198 0.02592
2459747.71241180  14.79230 0.13803
2459748.53047950  14.69703 0.10239
2459758.61017900  14.68961 0.01152
2459758.63283250  14.60728 0.04416
2459759.64831110  14.79999 0.01187
2459763.78436810  14.32013 0.04110
2459765.52252940  14.77163 0.08762
2459766.85210590  14.72069 0.01262
2459767.71655430  14.22694 0.04427
2459767.79499830  14.72126 0.01030
2459769.65253250  14.60981 0.07248
2459769.65501400  14.69550 0.12180
2459783.49020250  14.70759 0.05069
2459785.75359250  14.63305 0.03703
2459786.73405360  14.81198 0.06158
2459787.72345500  14.81129 0.01437
2459788.67269970  14.86861 0.01254
2459788.71202380  14.77307 0.07094
2459789.79295220  14.82105 0.02000
2459791.78536330  14.85707 0.01617
2459792.70543320  14.64564 0.05408
2459793.71541680  14.86363 0.06782
2459794.73343480  14.47060 0.01721
2459795.77498020  14.58543 0.01286
2459795.77627570  14.60121 0.01515
2459796.70388850  14.30527 0.03418
2459797.62421970  14.19126 0.04394
2459804.66629580  14.88307 0.02375
2459810.57125260  14.85264 0.01275
2459812.61186860  14.31854 0.01442
2459814.52716580  14.52163 0.03407
2459815.66852670  14.77965 0.01112
2459816.70418920  14.59733 0.06520
2459819.49755180  14.74419 0.00990
2459819.49885040  14.72438 0.01331
2459820.57136150  14.77688 0.05181
2459821.60974390  14.86923 0.01521
2459821.61104230  14.89153 0.01886
2459822.64975010  14.85255 0.01516
2459823.66447070  14.88588 0.01687
2459824.66506860  14.54952 0.01302
2459825.68337390  14.24419 0.04375
2459830.28213840  15.02057 0.03322
2459833.40664470  14.55498 0.05614
2459835.37550480  14.65886 0.03291
2459836.51797060  14.87616 0.01594
2459837.52790310  14.68983 0.05410
2459838.55988770  14.85730 0.02099
2459840.63233080  14.30799 0.01540
2459841.54961530  14.90780 0.01887
2459842.58582550  14.40040 0.01403
2459843.54632700  14.37919 0.01339
2459844.54614880  14.42475 0.04016
2459845.60274360  14.72470 0.01289
2459846.59119430  14.76120 0.01084
2459850.52984010  14.79056 0.06079
2459852.49212330  14.87993 0.06917
2459853.52303450  14.87057 0.06983
2459858.57014880  14.58425 0.02284
2459859.56120120  14.64587 0.02422
2459868.51909280  14.87145 0.02170
2459872.56387540  14.52218 0.01634
2459873.52800270  14.61610 0.01716
2459874.51978310  14.64807 0.01693
2459877.50160710  14.76910 0.01915
2459880.49911770  14.78747 0.09602
2459884.50985500  14.91426 0.02453
2459886.50306010  14.59084 0.02332
2459982.88243750  14.88237 0.05660
2459984.87702210  14.94666 0.02918
2459986.87121440  14.81319 0.09874
2459995.86430810  14.83184 0.03348
2460000.84533410  14.86441 0.01981
2460003.83489370  14.93669 0.01815
2460005.85635440  14.46817 0.01361
2460006.62632330  14.94337 0.01853
2460010.82482560  14.77012 0.02015
2460010.82610050  14.76240 0.04511
2460013.57675320  14.36352 0.02272
2460016.80689190  14.96512 0.04127
2460020.91000260  14.65797 0.01897
2460020.91258780  14.71027 0.03135
2460022.76796430  14.50781 0.01533
2460022.79518710  14.52917 0.01284
2460023.77777750  14.66029 0.01421
2460025.53338290  14.95613 0.01763
2460026.83661560  14.94173 0.02011
2460028.82799350  14.96262 0.01902
2460029.80351800  14.91932 0.02069
2460030.79879540  14.91132 0.02440
2460031.76104270  14.91313 0.01653
2460032.77371160  14.83327 0.01173
2460033.80608840  14.97392 0.01767
2460035.75297140  14.68070 0.01521
2460036.76645340  14.50496 0.01737
2460040.82767600  14.85669 0.02852
2460043.72454570  14.87211 0.03961
2460050.87358370  14.67615 0.01512
2460050.88765630  14.77985 0.01352
2460053.71777990  14.60023 0.01655
2460054.85456160  14.90421 0.01684
2460056.76607370  14.86811 0.01781
2460056.78687360  14.92004 0.01852
2460057.74400740  14.93311 0.01724
2460059.74054350  14.88862 0.01401
2460060.71949970  14.92959 0.02425
2460061.87106890  14.39665 0.01383
2460062.88411560  14.53103 0.01592
2460065.68216270  14.88662 0.03056
2460066.66732260  14.68287 0.01534
2460067.71549240  14.53082 0.02844
2460068.75983050  14.82216 0.03347
2460068.76132580  14.71062 0.02155
2460069.79622160  14.78999 0.02818
2460069.80973790  14.81806 0.05067
2460082.83042580  14.91884 0.02561
2460083.85719060  14.82250 0.03486
2460085.83080780  14.88023 0.01900
2460087.87587800  14.90566 0.04036
2460091.65480300  14.86518 0.01791
2460092.66024570  15.15606 0.04529
2460094.69142790  14.73275 0.02322
2460094.85863310  14.75916 0.01384
2460096.69393030  14.59047 0.02472
2460097.74016320  14.47932 0.04713
2460097.91685730  14.87792 0.01664
2460103.87751950  14.58957 0.01848
2460104.62737860  14.99290 0.02992
2460104.86118940  14.42587 0.01985
2460107.56924670  14.84821 0.01614
2460107.90831830  14.82324 0.01913
2460108.85831260  14.80327 0.01843
2460109.70749960  14.42633 0.01679
2460110.56665020  14.91421 0.02036
2460111.55270010  14.95299 0.02938
2460112.76300550  14.79369 0.02314
2460115.55735050  14.65778 0.01608
2460116.29395410  14.99391 0.02024
2460117.56734990  14.82337 0.01125
2460118.27782730  14.83895 0.00844
2460122.53121610  14.89494 0.01920
2460124.59287120  14.92580 0.01962
2460125.51912900  14.91250 0.03047
2460130.64714930  14.66418 0.04985
2460130.86172780  14.94523 0.04314
2460139.49223020  14.91688 0.02068
2460140.59180600  14.60652 0.01302
2460141.69087670  14.67479 0.02018
2460142.68317890  14.86000 0.01408
2460147.63203900  15.01516 0.02004
2460149.67181050  14.89368 0.02187
2460153.51413430  14.78951 0.03291
2460180.21900170  14.48461 0.01943
2460189.39150070  14.48867 0.02461
2460191.31066270  14.76377 0.01496
2460219.35678410  14.37306 0.02634
2460221.27481900  14.61391 0.01999
2460222.50787310  14.97082 0.01875
2460223.56162010  14.94827 0.01971
2460224.30288490  14.77873 0.01773
2460225.54109940  14.94279 0.01625
2460226.60277540  14.38028 0.01484
2460228.32743440  14.88056 0.02166
2460229.51383650  14.43050 0.01576
2460230.50914890  14.58100 0.01470
2460231.51229780  14.67926 0.01628
2460243.51334000  14.32845 0.01844
2460247.52653400  14.73528 0.03172
2460248.53603080  14.86482 0.01960
2460251.50363230  14.86591 0.02618
2460253.51885610  14.98302 0.01922
2460254.26111030  14.80476 0.02015
2460371.85747030  14.80441 0.04784
2460379.84695520  14.72379 0.01530
2460383.83980690  14.95632 0.01997
2460386.81481250  14.98305 0.02363
2460388.81321450  14.94916 0.02781
2460394.79276000  14.65659 0.02539
2460404.86100640  14.43236 0.01392
2460407.92014680  14.80570 0.04806
2460416.83958500  15.00179 0.02190
2460417.91259330  14.47454 0.01550
2460417.91382210  14.48788 0.02033
2460418.80796340  14.97096 0.02032
2460419.84611480  14.40349 0.01508
2460420.72752090  15.02238 0.03114
2460421.62297270  14.92993 0.02104
2460435.42095540  14.76018 0.01832
2460436.73210640  14.39266 0.01581
2460437.69968110  14.52817 0.01929
2460439.50186170  14.93637 0.02045
2460440.64928440  14.58303 0.01763
2460442.66462840  14.77920 0.01669
2460443.81311580  14.98836 0.02180
2460444.46888800  14.38927 0.01501
2460448.66197470  14.97115 0.02647
