2458282.81903  12.36161 0.00180
2458287.55127  12.41154 0.00198
2458301.54734  12.38061 0.00127
2458316.47244  12.40609 0.00203
2458320.79863  12.39632 0.00194
2458329.58846  12.38943 0.00243
2458331.55546  12.39925 0.00153
2458332.57820  12.40891 0.00146
2458336.76606  12.38960 0.00172
2458349.72679  12.37842 0.00189
2458359.50605  12.41835 0.00191
2458382.63090  12.39529 0.00270
2458392.60614  12.32340 0.00340
2458393.60165  12.39646 0.00191
2458394.59841  12.36744 0.00136
2458396.59584  12.35451 0.00155
2458397.59316  12.36348 0.00120
2458398.58932  12.35105 0.00191
2458401.52676  12.36279 0.00153
2458404.56301  12.36894 0.00160
2458409.49342  12.37711 0.00251
2458410.55236  12.37331 0.00219
2458411.55061  12.34494 0.00389
2458412.50670  12.32926 0.00228
2458413.50725  12.36259 0.00240
2458414.53911  12.37150 0.00309
2458416.52834  12.34806 0.00314
2458417.52465  12.35418 0.00262
2458419.52246  12.34875 0.00176
2458424.50625  12.35630 0.00181
2458425.50300  12.36799 0.00251
2458525.89097  12.36946 0.00665
2458526.88891  12.41319 0.00399
2458527.88440  12.38827 0.00215
2458528.88133  12.37527 0.00200
2458529.87911  12.38361 0.00176
2458534.88603  12.37431 0.00663
2458539.87429  12.37354 0.00252
2458540.88650  12.41190 0.00221
2458546.89633  12.41013 0.00205
2458547.88811  12.39318 0.00154
2458548.88376  12.37053 0.00149
2458549.84609  12.40879 0.00177
2458550.84299  12.36951 0.00148
2458551.88841  12.39492 0.00169
2458553.83653  12.38835 0.00197
2458554.83191  12.38060 0.00199
2458555.83087  12.37279 0.00156
2458556.82988  12.37160 0.00155
2458557.82512  12.35684 0.00173
2458558.82465  12.34103 0.00171
2458561.83591  12.39927 0.00263
2458562.80910  12.36909 0.00378
2458563.80812  12.36713 0.00398
2458564.80766  12.36202 0.00242
2458565.80641  12.39630 0.00286
2458566.82921  12.37353 0.00278
2458567.84672  12.37409 0.00240
2458573.77387  12.37608 0.00185
2458575.52138  12.41534 0.00191
2458575.76838  12.37467 0.00198
2458576.76122  12.37033 0.00175
2458577.76309  12.36638 0.00155
2458578.78133  12.37638 0.00154
2458579.79638  12.34141 0.00213
2458580.76411  12.41893 0.00203
2458581.76727  12.37514 0.00181
2458582.77623  12.38747 0.00148
2458583.74639  12.36870 0.00158
2458584.74177  12.36392 0.00124
2458586.84626  12.38154 0.00155
2458588.73192  12.37164 0.00204
2458589.72434  12.40074 0.00289
2458590.84540  12.37692 0.00196
2458591.88110  12.37284 0.00322
2458593.72097  12.37210 0.00362
2458594.71642  12.37180 0.00314
2458595.76613  12.38353 0.00277
2458601.68734  12.38898 0.00143
2458602.69556  12.37754 0.00154
2458602.69811  12.35871 0.00227
2458604.68675  12.36707 0.00195
2458608.87451  12.34069 0.00149
2458621.76183  12.35552 0.00328
2458626.87154  12.35186 0.00262
2458631.61274  12.38019 0.00222
2458635.60426  12.38626 0.00183
2458636.60292  12.39919 0.00168
2458637.60348  12.41064 0.00178
2458643.60219  12.40499 0.00178
2458644.63341  12.40065 0.00195
2458645.63262  12.36040 0.00234
2458646.66358  12.37609 0.00228
2458648.79808  12.37857 0.00325
2458657.75944  12.34660 0.00202
2458659.70549  12.36289 0.00119
2458660.86712  12.36621 0.00158
2458662.77560  12.37829 0.00148
2458668.71948  12.34566 0.00153
2458669.64235  12.36211 0.00154
2458674.53102  12.34529 0.00185
2458676.83172  12.35564 0.00153
2458684.56000  12.36156 0.00211
2458684.57085  12.40275 0.00215
2458689.63137  12.33810 0.00153
2458692.75810  12.37706 0.00179
2458692.78215  12.34400 0.00162
2458694.77842  12.38490 0.00148
2458695.73411  12.39260 0.00170
2458697.78061  12.34746 0.00176
2458698.77225  12.36127 0.00117
2458699.29051  12.42502 0.00157
2458699.77282  12.33085 0.00169
2458700.28756  12.32100 0.00169
2458700.76696  12.39761 0.00193
2458701.76981  12.37669 0.00198
2458715.54743  12.36820 0.00145
2458716.54373  12.34740 0.00133
2458717.53914  12.37032 0.00172
2458718.51686  12.38959 0.00118
2458721.71086  12.38026 0.00183
2458722.71287  12.39399 0.00155
2458723.70938  12.40067 0.00213
2458724.70660  12.40011 0.00170
2458725.68120  12.37610 0.00167
2458726.70323  12.34190 0.00176
2458736.68050  12.35570 0.00529
2458742.65844  12.36865 0.00272
2458743.65610  12.40230 0.00314
2458744.65273  12.40501 0.00326
2458745.64678  12.36890 0.00263
2458746.64427  12.34336 0.00165
2458747.64103  12.35384 0.00170
2458748.64265  12.37377 0.00236
2458749.30712  12.43286 0.00199
2458750.63658  12.40484 0.00191
2458751.63365  12.34287 0.00179
2458752.26033  12.31825 0.00201
2458752.63013  12.35988 0.00162
2458753.58361  12.38226 0.00128
2458754.62705  12.34533 0.00172
2458755.53892  12.35282 0.00147
2458756.62030  12.38684 0.00181
2458758.61152  12.37385 0.00177
2458763.53658  12.38835 0.00256
2458764.48805  12.38450 0.00265
2458766.59086  12.32501 0.00489
2458773.57373  12.34726 0.00201
2458774.57180  12.39053 0.00184
2458775.56829  12.39193 0.00178
2458777.56261  12.37993 0.00192
2458778.55901  12.36502 0.00188
2458781.53195  12.34470 0.00162
2458783.52426  12.40722 0.00207
2458785.52416  12.36962 0.00231
2458786.51585  12.35614 0.00146
2458791.51438  12.39119 0.00244
2458900.86830  12.39859 0.00296
2458901.87687  12.36615 0.00212
2458904.87462  12.35964 0.00131
2458908.85557  12.40227 0.00302
2458909.85361  12.41870 0.00233
2458911.85041  12.33971 0.00210
2458912.84721  12.37529 0.00211
2458913.89981  12.32318 0.00227
2458915.83721  12.39958 0.00210
2459155.50249  12.37634 0.00315
2459157.50271  12.35495 0.00727
2459250.88698  12.32818 0.00912
2459257.87758  12.38737 0.00195
2459262.88918  12.37925 0.00319
2459267.85878  12.35463 0.00177
2459271.85764  12.40189 0.00311
2459272.83687  12.41114 0.00419
2459273.86727  12.37842 0.00325
2459274.82569  12.41784 0.00371
2459275.89789  12.40212 0.00304
2459277.90384  12.39497 0.00406
2459283.80071  12.39035 0.00246
2459288.82778  12.36609 0.00297
2459298.75942  12.38190 0.00297
2459299.76080  12.37986 0.00362
2459300.78313  12.35399 0.00314
2459300.79291  12.39691 0.00371
2459302.81148  12.36286 0.00537
2459303.85953  12.39055 0.00241
2459305.75855  12.39554 0.00349
2459309.74786  12.38665 0.00103
2459311.83446  12.41355 0.00211
2459314.83344  12.38104 0.00186
2459315.81609  12.38049 0.00186
2459315.86759  12.37365 0.00162
2459316.83796  12.37588 0.00166
2459317.72085  12.35406 0.00110
2459317.76214  12.39110 0.00172
2459318.70807  12.36321 0.00197
2459318.91869  12.39498 0.00228
2459321.78759  12.34203 0.00206
2459323.83007  12.37572 0.00172
2459327.70042  12.36849 0.00243
2459328.69112  12.37374 0.00295
2459329.73874  12.36608 0.00289
2459330.67157  12.36147 0.00242
2459330.83669  12.37124 0.00311
2459332.71641  12.36928 0.00325
2459332.75683  12.37254 0.00276
2459337.65764  12.35084 0.00145
2459338.79756  12.37231 0.00196
2459340.65863  12.38631 0.00194
2459340.70187  12.39903 0.00156
2459342.66464  12.35910 0.00200
2459345.63664  12.36875 0.00224
2459346.65927  12.38426 0.00194
2459348.63101  12.36788 0.00161
2459351.88139  12.35690 0.00152
2459352.82386  12.38484 0.00135
2459357.67408  12.40382 0.00293
2459358.59245  12.36383 0.00384
2459359.69260  12.37413 0.00438
2459360.73533  12.39638 0.00346
2459365.72543  12.37362 0.00262
2459365.83851  12.38448 0.00172
2459367.78563  12.36684 0.00185
2459368.66058  12.33915 0.00177
2459369.72548  12.36778 0.00176
2459371.63184  12.38418 0.00188
2459372.32402  12.33503 0.00149
2459372.70672  12.36646 0.00155
2459373.83473  12.36767 0.00211
2459375.42955  12.34197 0.00132
2459376.54693  12.36285 0.00098
2459377.55516  12.38809 0.00200
2459378.56221  12.34487 0.00185
2459379.62276  12.38389 0.00194
2459379.62614  12.40337 0.00109
2459380.69687  12.37874 0.00184
2459381.79730  12.37140 0.00293
2459384.54910  12.39419 0.00230
2459385.58186  12.38425 0.00228
2459385.58385  12.38476 0.00159
2459386.52239  12.35344 0.00189
2459386.66046  12.39933 0.00287
2459388.65853  12.38858 0.00419
2459392.64771  12.38319 0.00331
2459393.50729  12.35276 0.00158
2459396.60861  12.40371 0.00172
2459397.60664  12.35202 0.00181
2459401.72725  12.38830 0.00155
2459401.84440  12.34785 0.00317
2459402.62855  12.36031 0.00189
2459402.68614  12.38748 0.00147
2459403.69337  12.37049 0.00183
2459404.82927  12.38904 0.00192
2459404.85131  12.36995 0.00248
2459406.75397  12.36309 0.00177
2459407.51246  12.36888 0.00115
2459408.66942  12.39443 0.00168
2459410.77618  12.40069 0.00178
2459411.75492  12.40794 0.00152
2459412.67307  12.35899 0.00153
2459412.68821  12.37956 0.00208
2459413.61929  12.41807 0.00202
2459415.75601  12.41565 0.00298
2459421.50035  12.36435 0.00179
2459423.71114  12.37915 0.00275
2459425.69966  12.38981 0.00202
2459426.61322  12.34518 0.00170
2459427.60730  12.39359 0.00181
2459428.70675  12.38309 0.00184
2459430.77837  12.38388 0.00186
2459431.73052  12.40849 0.00194
2459432.68633  12.36841 0.00232
2459435.69512  12.36037 0.00165
2459436.57975  12.36075 0.00155
2459448.68479  12.38399 0.00518
2459452.70477  12.37092 0.00266
2459453.65962  12.36677 0.00257
2459455.61328  12.35707 0.00151
2459460.50490  12.37034 0.00193
2459462.50539  12.38295 0.00171
2459463.65485  12.36972 0.00216
2459464.57128  12.37356 0.00146
2459465.57506  12.38230 0.00179
2459466.54834  12.37319 0.00205
2459467.58675  12.38765 0.00198
2459470.48206  12.36558 0.00232
2459474.53279  12.37749 0.00305
2459475.51043  12.35727 0.00329
2459477.50445  12.35433 0.00295
2459478.49255  12.38215 0.00330
2459482.54272  12.33704 0.00205
2459485.62889  12.38013 0.00302
2459486.61354  12.40022 0.00220
2459488.60032  12.37024 0.00152
2459490.56342  12.36471 0.00187
2459491.60676  12.37510 0.00220
2459492.56308  12.40859 0.00187
2459493.60216  12.39162 0.00229
2459502.56477  12.38916 0.00311
2459503.54614  12.35109 0.00283
2459504.56690  12.37444 0.00353
2459505.55053  12.40109 0.00360
2459506.31180  12.29295 0.00489
2459507.55282  12.36652 0.00472
2459508.54892  12.35962 0.00488
2459509.54611  12.36264 0.00353
2459510.50874  12.33446 0.00205
2459511.54330  12.37229 0.00215
2459512.53984  12.38298 0.00245
2459513.29190  12.32884 0.00218
2459514.53669  12.37368 0.00228
2459515.54105  12.41748 0.00205
2459516.51639  12.34845 0.00203
2459518.51386  12.39501 0.00248
2459528.50656  12.36924 0.00803
2459616.88677  12.41269 0.00931
2459617.88217  12.39070 0.00327
2459619.89111  12.35744 0.01053
2459620.87625  12.39846 0.00264
2459621.89385  12.34671 0.01125
2459623.86764  12.41215 0.00300
2459624.87658  12.42373 0.00238
2459630.87782  12.39618 0.00430
2459633.86189  12.36741 0.00236
2459638.84245  12.36177 0.00172
2459639.85324  12.38238 0.00257
2459639.87039  12.39840 0.00242
2459646.82845  12.35972 0.00190
2459647.84264  12.37277 0.00167
2459648.83001  12.34470 0.00160
2459650.81149  12.34497 0.00189
2459651.81153  12.37738 0.00190
2459651.81283  12.43617 0.00203
2459651.90801  12.39668 0.00245
2459655.79800  12.36343 0.00364
2459656.53852  12.37401 0.00431
2459657.82421  12.39912 0.00233
2459658.78261  12.37093 0.00315
2459659.78684  12.36175 0.00268
2459659.78814  12.40731 0.00381
2459665.75283  12.34191 0.00195
2459666.75300  12.35458 0.00160
2459666.75560  12.43543 0.00270
2459667.74785  12.38236 0.00123
2459669.75349  12.34816 0.00144
2459669.75479  12.41494 0.00208
2459670.78289  12.38657 0.00161
2459670.86866  12.33127 0.00165
2459672.75198  12.35378 0.00145
2459672.78472  12.35248 0.00226
2459673.76884  12.39141 0.00175
2459673.81272  12.36844 0.00147
2459674.86533  12.33809 0.00162
2459674.86662  12.41426 0.00191
2459676.73203  12.36204 0.00159
2459676.80828  12.34491 0.00164
2459676.80957  12.42209 0.00184
2459677.81991  12.36917 0.00127
2459678.77662  12.39909 0.00121
2459680.72866  12.38692 0.00164
2459680.77775  12.35605 0.00144
2459681.72971  12.38523 0.00225
2459681.73101  12.42857 0.00246
2459682.71219  12.34542 0.00346
2459683.72628  12.35254 0.00363
2459684.78417  12.36791 0.00282
2459687.81356  12.41105 0.00312
2459688.46333  12.35923 0.00463
2459692.81676  12.35263 0.00174
2459693.67751  12.41622 0.00157
2459694.87708  12.40427 0.00146
2459695.72160  12.40869 0.00118
2459697.67295  12.37143 0.00152
2459698.71512  12.38853 0.00179
2459702.40596  12.34895 0.00129
2459703.65356  12.31833 0.00195
2459704.86152  12.35557 0.00159
2459706.87238  12.30106 0.00215
2459708.88750  12.37707 0.00214
2459708.88874  12.38328 0.00286
2459708.88999  12.39769 0.00261
2459711.80461  12.39216 0.00205
2459711.80585  12.37416 0.00410
2459711.80709  12.39333 0.00329
2459713.54537  12.36446 0.00310
2459713.83617  12.35952 0.00224
2459714.39259  12.32477 0.00386
2459714.39506  12.33536 0.00720
2459715.62059  12.37075 0.00270
2459721.81833  12.33547 0.00189
2459721.81963  12.42255 0.00198
2459722.79211  12.36272 0.00147
2459723.81203  12.42914 0.00210
2459725.85435  12.39256 0.00167
2459726.86614  12.38282 0.00180
2459727.87090  12.32620 0.00190
2459731.32458  12.36479 0.00195
2459733.34029  12.33114 0.00204
2459734.32813  12.34909 0.00151
2459737.30756  12.36279 0.00240
2459737.58102  12.38621 0.00201
2459737.59221  12.34513 0.00174
2459738.61255  12.33721 0.00166
2459738.65235  12.41419 0.00195
2459739.61738  12.40555 0.00136
2459740.68121  12.42074 0.00261
2459741.68963  12.37901 0.00248
2459742.72294  12.41382 0.00254
2459743.67342  12.37681 0.00385
2459743.91654  12.36843 0.00308
2459747.66052  12.33404 0.00275
2459747.71241  12.39891 0.00259
2459748.53048  12.43302 0.00293
2459756.52851  12.34044 0.00152
2459758.61018  12.33011 0.00188
2459758.63283  12.38983 0.00163
2459759.64831  12.36051 0.00221
2459761.26601  12.32410 0.00208
2459763.78437  12.41617 0.00133
2459765.52253  12.38377 0.00176
2459766.85210  12.35565 0.00147
2459766.85471  12.42282 0.00239
2459767.71655  12.38360 0.00181
2459767.79500  12.35901 0.00134
2459769.65253  12.39915 0.00170
2459777.27284  12.34979 0.00176
2459783.49020  12.40140 0.00176
2459785.35158  12.34509 0.00096
2459785.75359  12.39063 0.00170
2459786.73405  12.40665 0.00159
2459787.72346  12.35596 0.00149
2459788.67270  12.33830 0.00137
2459788.71202  12.38713 0.00183
2459789.79295  12.41754 0.00269
2459791.78536  12.37420 0.00156
2459792.70543  12.38378 0.00170
2459793.71542  12.37566 0.00247
2459794.73343  12.38759 0.00244
2459795.77498  12.32161 0.00189
2459795.77627  12.42022 0.00218
2459796.70389  12.36975 0.00211
2459797.62422  12.39346 0.00227
2459804.66630  12.35498 0.00257
2459804.66759  12.43435 0.00390
2459808.34375  12.35928 0.00237
2459810.57125  12.35723 0.00143
2459814.52717  12.40175 0.00121
2459815.66853  12.35008 0.00187
2459815.67110  12.42223 0.00279
2459816.70419  12.41390 0.00186
2459818.32162  12.34035 0.00209
2459819.49756  12.34024 0.00166
2459820.57136  12.38810 0.00165
2459821.60975  12.34803 0.00130
2459821.61234  12.42055 0.00201
2459822.64975  12.33976 0.00157
2459823.66447  12.33494 0.00164
2459823.66576  12.41686 0.00183
2459824.66507  12.33533 0.00161
2459825.68337  12.41846 0.00236
2459826.40463  12.35887 0.00308
2459830.28214  12.34856 0.00236
2459833.40664  12.42203 0.00675
2459835.37550  12.44773 0.00335
2459836.51798  12.31693 0.00204
2459837.52790  12.40282 0.00186
2459838.55989  12.35559 0.00205
2459840.63232  12.36842 0.00187
2459841.54962  12.34072 0.00153
2459842.58582  12.34056 0.00178
2459843.54633  12.33621 0.00173
2459844.54615  12.42393 0.00175
2459845.60275  12.36480 0.00160
2459846.59120  12.35502 0.00144
2459849.26361  12.34890 0.00225
2459850.52984  12.38451 0.00186
2459852.49212  12.39899 0.00139
2459853.52303  12.36769 0.00226
2459858.57016  12.33097 0.00307
2459859.56120  12.36330 0.00294
2459868.51909  12.39813 0.00157
2459870.29813  12.34196 0.00347
2459872.56387  12.33165 0.00204
2459874.51977  12.40242 0.00188
2459877.28789  12.37415 0.00259
2459877.50160  12.34390 0.00224
2459880.49912  12.40393 0.00266
2459884.25444  12.35822 0.00336
2459884.50985  12.33202 0.00324
2459885.50650  12.31979 0.00309
2459885.50779  12.40886 0.00591
2459886.50306  12.35630 0.00329
2459984.87702  12.38106 0.00329
2459988.62616  12.34613 0.00313
2459995.86430  12.36244 0.00402
2459997.60982  12.33795 0.00150
2459999.59961  12.33897 0.00149
2460000.84533  12.34622 0.00174
2460002.60662  12.35212 0.00152
2460003.83489  12.38014 0.00200
2460005.85635  12.40892 0.00157
2460006.62632  12.34599 0.00142
2460006.62760  12.33315 0.00193
2460013.57675  12.31470 0.00295
2460016.80689  12.40561 0.00291
2460017.57655  12.34399 0.00143
2460020.91000  12.36824 0.00260
2460022.76796  12.38241 0.00194
2460022.79519  12.31382 0.00224
2460023.77778  12.38390 0.00173
2460025.53338  12.41875 0.00151
2460026.83786  12.39406 0.00222
2460028.82799  12.41626 0.00218
2460029.80352  12.41012 0.00197
2460030.79880  12.40937 0.00164
2460031.76104  12.40456 0.00132
2460032.77371  12.35556 0.00089
2460033.77874  12.37844 0.00182
2460035.75297  12.41680 0.00153
2460036.76645  12.39377 0.00166
2460037.82690  12.35573 0.00168
2460037.82820  12.41057 0.00217
2460039.50870  12.32198 0.00309
2460040.77123  12.38869 0.00487
2460040.83030  12.27561 0.00653
2460043.72455  12.34292 0.00394
2460049.56725  12.31423 0.00183
2460050.87358  12.35333 0.00170
2460050.88766  12.39900 0.00160
2460052.66716  12.35117 0.00171
2460054.85456  12.35090 0.00162
2460056.76607  12.35352 0.00175
2460056.78687  12.38357 0.00210
2460057.74401  12.39226 0.00122
2460059.74054  12.34466 0.00134
2460060.71950  12.40319 0.00183
2460062.88412  12.39162 0.00184
2460064.54376  12.36394 0.00203
2460065.68216  12.40006 0.00207
2460066.66732  12.36518 0.00191
2460067.71549  12.40515 0.00255
2460068.75983  12.39011 0.00322
2460068.76133  12.36475 0.00283
2460069.80974  12.37871 0.00373
2460082.83043  12.40475 0.00160
2460085.83081  12.33876 0.00165
2460088.53821  12.32172 0.00189
2460091.44269  12.34839 0.00255
2460091.65480  12.33580 0.00157
2460092.44177  12.35768 0.00211
2460092.66025  12.37940 0.00187
2460093.43667  12.34890 0.00138
2460094.69143  12.41993 0.00240
2460094.85863  12.32993 0.00193
2460096.69393  12.40118 0.00207
2460097.74015  12.39289 0.00309
2460097.91686  12.35140 0.00155
2460103.87752  12.33402 0.00487
2460104.62738  12.34837 0.00202
2460107.56925  12.34737 0.00179
2460107.90832  12.41459 0.00193
2460108.85831  12.38819 0.00207
2460109.70750  12.40465 0.00146
2460110.56665  12.38593 0.00187
2460111.55270  12.40163 0.00222
2460112.76301  12.36314 0.00399
2460116.29395  12.40400 0.00355
2460117.56735  12.42197 0.00140
2460118.27783  12.32828 0.00125
2460120.30823  12.42416 0.00512
2460122.53122  12.31118 0.00261
2460124.59287  12.41871 0.00199
2460125.51913  12.30053 0.00454
2460126.53495  12.30379 0.00355
2460130.64715  12.37951 0.00391
2460133.74578  12.38711 0.00460
2460139.49223  12.30595 0.00174
2460140.59181  12.39114 0.00126
2460141.69088  12.39788 0.00144
2460142.68318  12.38451 0.00139
2460147.63204  12.40106 0.00100
2460149.67181  12.28423 0.00226
2460149.71215  12.40248 0.00216
2460153.51413  12.36625 0.00378
2460161.47344  12.37871 0.00405
2460167.42182  12.41695 0.00296
2460191.31066  12.39070 0.00226
2460200.35854  12.42544 0.00186
2460219.35678  12.42011 0.00360
2460221.27481  12.40043 0.00221
2460222.50787  12.32463 0.00177
2460223.56162  12.32888 0.00137
2460224.30288  12.38764 0.00259
2460225.54110  12.37878 0.00211
2460226.60278  12.30504 0.00210
2460228.32743  12.40289 0.00212
2460229.51385  12.39687 0.00167
2460230.50915  12.38620 0.00202
2460231.51230  12.38584 0.00183
2460241.28859  12.43144 0.00301
2460243.51334  12.32391 0.00246
2460245.52673  12.30059 0.00423
2460247.52653  12.37413 0.00428
2460248.53603  12.34639 0.00205
2460253.51886  12.32586 0.00211
2460357.62435  12.41231 0.00218
2460358.61989  12.42523 0.00218
2460360.61832  12.36772 0.00221
2460367.58445  12.40559 0.00345
2460371.85747  12.38640 0.00376
2460379.84696  12.41737 0.00233
2460383.83981  12.40022 0.00169
2460386.81481  12.37267 0.00218
2460388.81320  12.36692 0.00212
2460391.90333  12.32886 0.00148
2460394.79276  12.30958 0.00355
2460395.53799  12.37983 0.00439
2460404.86101  12.37460 0.00223
2460407.92015  12.38450 0.00239
2460416.83959  12.40611 0.00165
2460417.91259  12.40731 0.00174
2460418.80796  12.32696 0.00130
2460419.84611  12.40121 0.00155
2460420.72752  12.40139 0.00220
2460432.41208  12.42893 0.00294
2460435.42097  12.39584 0.00207
2460436.73211  12.33189 0.00109
2460437.69968  12.39676 0.00307
2460439.50186  12.40674 0.00192
2460440.64928  12.33200 0.00139
2460443.81312  12.38944 0.00162
2460444.46889  12.39671 0.00200
2460448.66197  12.41287 0.00216
