2458019.93702  14.39494 0.00542
2458031.86930  14.41309 0.01697
2458050.88201  14.29285 0.00667
2458051.86529  14.34314 0.00547
2458052.86831  14.31960 0.00644
2458053.86396  14.33047 0.00622
2458054.85968  14.35554 0.00490
2458055.85174  14.37883 0.00554
2458056.84747  14.41572 0.00554
2458058.79527  14.45437 0.01261
2458059.82284  14.53672 0.01522
2458074.85092  14.28369 0.00717
2458075.85105  14.26925 0.00666
2458076.87179  14.28118 0.00694
2458077.84292  14.30163 0.00604
2458079.83888  14.32136 0.00666
2458080.81184  14.39651 0.00501
2458081.80066  14.46219 0.00746
2458083.77255  14.49411 0.00851
2458084.72871  14.35526 0.00808
2458085.72602  14.34231 0.00808
2458085.74570  14.36943 0.00462
2458086.35191  14.37519 0.00997
2458086.79938  14.48009 0.00861
2458087.36380  14.43109 0.01468
2458088.38342  14.36854 0.01441
2458088.80055  14.40248 0.01199
2458089.43374  14.25202 0.01980
2458094.74042  14.28892 0.01589
2458095.70100  14.31094 0.00958
2458096.75247  14.26869 0.00778
2458097.72351  14.31438 0.00552
2458099.71429  14.40096 0.00651
2458101.68865  14.48924 0.00806
2458103.67898  14.43814 0.00718
2458104.77894  14.34222 0.00535
2458105.78318  14.34782 0.00655
2458106.79909  14.32985 0.00646
2458107.76884  14.42942 0.00665
2458108.78419  14.39777 0.00625
2458109.78065  14.46030 0.00858
2458110.77735  14.47998 0.00910
2458111.78512  14.46630 0.00768
2458112.75944  14.43653 0.00755
2458114.78972  14.47317 0.00803
2458115.62326  14.35137 0.00766
2458116.33036  14.50475 0.01587
2458116.62719  14.33277 0.01063
2458121.66050  14.28687 0.01741
2458121.71623  14.22914 0.01792
2458124.42101  14.43183 0.01201
2458126.74322  14.30169 0.00661
2458128.47367  14.34668 0.00700
2458129.45718  14.44312 0.00686
2458130.45232  14.46333 0.00804
2458131.45010  14.51888 0.00953
2458132.44478  14.52972 0.00955
2458133.39593  14.33031 0.00612
2458134.39967  14.30756 0.00764
2458135.39917  14.31416 0.00664
2458140.58075  14.34321 0.00547
2458141.60939  14.32135 0.00581
2458142.62823  14.28865 0.00825
2458144.56087  14.47544 0.01332
2458150.33037  14.44006 0.02140
2458150.61028  14.48138 0.02079
2458152.56043  14.32333 0.00603
2458166.58113  14.29792 0.00585
2458169.29429  14.46473 0.00895
2458170.28195  14.51266 0.00995
2458170.62708  14.27817 0.00682
2458177.35021  14.50394 0.02699
2458178.27501  14.26400 0.01735
2458178.58716  14.42619 0.02177
2458180.59656  14.43614 0.02105
2458181.59917  14.41944 0.01802
2458182.34078  14.36820 0.01447
2458182.59842  14.39956 0.01577
2458182.60347  14.45340 0.00687
2458183.61828  14.50030 0.00876
2458184.58908  14.34268 0.00687
2458186.56615  14.32276 0.00637
2458189.56614  14.26384 0.00622
2458190.58724  14.29352 0.00776
2458191.56077  14.26908 0.00741
2458192.56733  14.27166 0.00688
2458193.56655  14.27009 0.00828
2458194.56192  14.30916 0.00667
2458195.56101  14.34492 0.00552
2458196.55692  14.34104 0.00478
2458197.55571  14.38387 0.00789
2458198.55448  14.40822 0.00703
2458199.55040  14.46451 0.00915
2458203.28195  14.45856 0.01535
2458205.51512  14.30331 0.01226
2458208.52718  14.34141 0.01919
2458209.52321  14.28290 0.01818
2458210.51798  14.25344 0.01325
2458211.25985  14.25919 0.01022
2458211.50293  14.27740 0.00657
2458217.48738  14.37862 0.00704
2458220.50069  14.40021 0.00800
2458221.23545  14.44518 0.00704
2458222.22106  14.44507 0.01073
2458222.48100  14.46234 0.01478
2458223.22021  14.49491 0.01322
2458223.48018  14.50402 0.01978
2458224.21944  14.44705 0.01321
2458230.46410  14.28637 0.02633
2458330.67510  14.41695 0.02953
2458332.67591  14.47444 0.01665
2458334.66194  14.47002 0.01310
2458353.62986  14.38873 0.00786
2458354.62250  14.48695 0.01986
2458359.63235  14.47088 0.01773
2458361.63108  14.42939 0.01437
2458368.84112  14.27457 0.00776
2458371.83092  14.26948 0.00784
2458372.63937  14.26462 0.00732
2458373.63964  14.24357 0.00694
2458375.82662  14.31332 0.01375
2458382.79676  14.37662 0.01249
2458383.79764  14.34097 0.01269
2458384.99081  14.25163 0.01155
2458396.59175  14.24772 0.00775
2458398.58404  14.27343 0.00744
2458402.56294  14.35808 0.00551
2458409.45585  14.26474 0.01163
2458409.72377  14.29485 0.00955
2458410.56497  14.45915 0.00845
2458414.60002  14.48389 0.01617
2458423.61275  14.33525 0.01952
2458424.58780  14.30136 0.00731
2458429.66936  14.34166 0.00729
2458436.67013  14.28767 0.00742
2458437.52325  14.45646 0.00911
2458437.67900  14.28624 0.00883
2458438.77603  14.40473 0.00707
2458439.63513  14.35822 0.00956
2458440.74803  14.28574 0.00789
2458441.76253  14.34371 0.00874
2458442.45912  14.35965 0.01594
2458442.62280  14.42672 0.01797
2458442.87937  14.46724 0.01376
2458443.80152  14.38141 0.01254
2458444.63943  14.48534 0.02860
2458449.88248  14.47894 0.01219
2458452.79949  14.28584 0.00718
2458454.43489  14.49577 0.00911
2458454.85512  14.32612 0.00688
2458455.46407  14.49075 0.00963
2458456.88362  14.33881 0.00558
2458458.55587  14.32839 0.00710
2458459.57926  14.31683 0.00609
2458462.79139  14.51051 0.01119
2458463.71046  14.36518 0.00548
2458464.56522  14.46903 0.01117
2458465.52632  14.48026 0.00923
2458465.58075  14.43732 0.00897
2458466.30208  14.43483 0.00664
2458466.59210  14.41679 0.01100
2458466.91288  14.31722 0.00709
2458469.49225  14.34707 0.00620
2458469.58885  14.52248 0.01674
2458469.77305  14.37468 0.00609
2458469.93986  14.30960 0.00852
2458471.57232  14.43055 0.01497
2458472.45603  14.29417 0.01751
2458472.54114  14.37378 0.02351
2458472.84860  14.48000 0.01833
2458476.95355  14.36699 0.01561
2458477.61460  14.46877 0.01748
2458477.84242  14.43734 0.01565
2458481.51678  14.32192 0.00945
2458482.45529  14.47375 0.00851
2458483.55696  14.30208 0.00685
2458484.42606  14.43575 0.00709
2458484.83779  14.29529 0.00656
2458485.45953  14.52598 0.01155
2458485.90556  14.37117 0.00603
2458489.95299  14.42524 0.00764
2458490.48709  14.49035 0.00914
2458491.65798  14.32407 0.00604
2458493.92876  14.29525 0.00725
2458494.66800  14.29545 0.00673
2458496.53102  14.54087 0.02346
2458497.45350  14.26921 0.00817
2458497.71770  14.31932 0.00914
2458499.73861  14.31394 0.00683
2458500.54201  14.34410 0.01406
2458505.60311  14.40656 0.02121
2458506.41462  14.46762 0.01961
2458506.57288  14.32938 0.00926
2458508.70475  14.42596 0.00767
2458511.32503  14.29445 0.00752
2458513.68819  14.53406 0.01203
2458515.68460  14.39501 0.00823
2458517.37721  14.27962 0.00863
2458519.36508  14.28788 0.00729
2458520.30097  14.45686 0.00896
2458522.76507  14.52376 0.00873
2458526.76662  14.41169 0.00545
2458531.35245  14.47079 0.02431
2458532.27718  14.32882 0.02133
2458533.33968  14.41408 0.02687
2458535.63199  14.46811 0.01896
2458537.36090  14.42595 0.01227
2458537.62651  14.43936 0.01653
2458538.29079  14.30776 0.00670
2458540.58597  14.31600 0.00789
2458541.61517  14.33490 0.00856
2458542.27631  14.33360 0.00679
2458542.61506  14.37839 0.00595
2458543.63442  14.35836 0.00692
2458544.34451  14.26372 0.00796
2458545.35493  14.30964 0.00778
2458546.60381  14.32867 0.00808
2458548.29180  14.44396 0.00748
2458549.29336  14.48096 0.00743
2458558.65633  14.38475 0.01475
2458559.28198  14.39227 0.01314
2458559.65648  14.38411 0.01815
2458560.28143  14.36057 0.01754
2458561.55632  14.34257 0.01968
2458562.28163  14.35501 0.01895
2458564.28547  14.29755 0.02085
2458567.28796  14.30872 0.00752
2458568.48516  14.44610 0.02193
2458572.59336  14.30982 0.00942
2458574.61372  14.32785 0.00773
2458578.61278  14.35669 0.00678
2458581.50292  14.46950 0.01008
2458582.49713  14.43246 0.00907
2458585.48874  14.36442 0.01141
2458588.49406  14.30683 0.01197
2458589.49144  14.32044 0.01575
2458590.48965  14.29368 0.01842
2458590.51982  14.37663 0.02111
2458591.47361  14.38034 0.01743
2458594.47868  14.35784 0.00861
2458596.47015  14.45739 0.01329
2458688.94164  14.51964 0.03243
2458696.68154  14.28720 0.02094
2458697.68040  14.26935 0.01987
2458699.94046  14.28869 0.03074
2458700.93371  14.28144 0.01419
2458701.92919  14.29901 0.01281
2458702.67372  14.28330 0.00967
2458704.67369  14.34678 0.00994
2458705.66714  14.40323 0.00828
2458706.13033  14.44649 0.02601
2458708.65692  14.44613 0.01315
2458710.11687  14.49596 0.01914
2458710.64069  14.45753 0.02733
2458713.89531  14.47624 0.02020
2458717.91650  14.40944 0.01273
2458722.90020  14.26239 0.00884
2458724.91065  14.25834 0.01009
2458726.88593  14.31750 0.00648
2458727.93001  14.30167 0.00792
2458729.60687  14.33248 0.00801
2458731.96841  14.30851 0.00841
2458734.58424  14.50877 0.01198
2458735.11100  14.51768 0.00871
2458737.04687  14.35036 0.01034
2458738.05268  14.30832 0.01123
2458741.04803  14.29479 0.01644
2458741.80952  14.33049 0.02150
2458753.53543  14.41749 0.00963
2458753.99767  14.50935 0.01135
2458754.56627  14.38381 0.00733
2458756.06354  14.42889 0.00728
2458756.83172  14.39095 0.00959
2458762.03038  14.41553 0.00784
2458762.55954  14.48445 0.00992
2458763.02575  14.38266 0.00541
2458764.04096  14.40057 0.00605
2458766.89196  14.49892 0.01237
2458767.75352  14.27744 0.01652
2458777.96222  14.51353 0.01027
2458779.58503  14.30138 0.01588
2458780.13784  14.32318 0.00811
2458781.13750  14.29653 0.00909
2458786.49132  14.40396 0.00736
2458788.55876  14.49490 0.01209
2458788.77029  14.43796 0.01197
2458790.02472  14.40345 0.00716
2458791.65551  14.28623 0.01244
2458792.73827  14.26463 0.00862
2458795.01536  14.28570 0.00917
2458795.90263  14.43258 0.00841
2458796.48241  14.30990 0.01484
2458797.93944  14.36176 0.01365
2458799.66334  14.55207 0.03876
2458799.83571  14.34047 0.03141
2458800.81933  14.35843 0.03075
2458804.73747  14.37190 0.01376
2458805.10493  14.26691 0.01319
2458808.09672  14.28559 0.00952
2458808.63545  14.28430 0.00989
2458808.97853  14.50971 0.00876
2458809.47627  14.48529 0.00866
2458810.50040  14.48831 0.01042
2458810.63631  14.27532 0.00784
2458811.59445  14.27272 0.01437
2458812.85913  14.28785 0.00760
2458813.62406  14.26279 0.00908
2458814.62063  14.30931 0.00703
2458815.56381  14.42761 0.00809
2458815.63936  14.22038 0.00869
2458816.65235  14.29362 0.00769
2458817.04042  14.45409 0.01117
2458817.53966  14.47126 0.00967
2458819.35423  14.41338 0.01138
2458819.62700  14.33554 0.00854
2458820.97604  14.28174 0.00815
2458821.37802  14.49227 0.02108
2458821.83937  14.54093 0.01210
2458822.36311  14.47445 0.01347
2458822.66139  14.34315 0.00561
2458823.37677  14.44432 0.01276
2458824.59282  14.50780 0.01979
2458824.76707  14.30323 0.00697
2458825.41669  14.38810 0.02647
2458825.83631  14.47690 0.01885
2458826.87155  14.52339 0.02195
2458831.67117  14.35849 0.03153
2458831.69116  14.36954 0.01950
2458833.71070  14.43711 0.02281
2458833.92267  14.50672 0.01739
2458834.71543  14.47141 0.01122
2458836.96802  14.51458 0.01008
2458837.39638  14.29370 0.01081
2458838.53226  14.37677 0.01479
2458838.81927  14.32196 0.00850
2458839.84569  14.32075 0.00711
2458841.42721  14.28794 0.00864
2458841.90972  14.30593 0.00726
2458842.50298  14.56934 0.01305
2458842.58421  14.32070 0.00730
2458843.56716  14.38324 0.00874
2458844.45797  14.33110 0.00841
2458844.58477  14.35633 0.00807
2458847.61195  14.34369 0.00701
2458847.98370  14.34099 0.00581
2458849.35564  14.38796 0.00619
2458850.76460  14.34291 0.00681
2458851.62076  14.45118 0.01120
2458855.63290  14.46569 0.01657
2458864.74062  14.37665 0.01466
2458865.54895  14.27550 0.00821
2458865.55016  14.26696 0.00940
2458865.95205  14.47753 0.01013
2458866.87715  14.31014 0.00673
2458867.82610  14.27515 0.00781
2458872.81408  14.40532 0.00542
2458874.80732  14.47376 0.00944
2458875.81789  14.47568 0.00812
2458877.79753  14.52384 0.00929
2458878.81889  14.51443 0.00997
2458879.79039  14.41036 0.00545
2458880.79214  14.37603 0.00566
2458887.76596  14.27212 0.01904
2458887.76717  14.28141 0.02477
2458888.57625  14.30397 0.02665
2458888.57748  14.31653 0.03092
2458892.78688  14.28106 0.01369
2458901.29470  14.44171 0.00870
2458903.52806  14.47819 0.01056
2458904.61064  14.37641 0.00813
2458905.60661  14.37631 0.00769
2458906.70068  14.27533 0.00708
2458927.31067  14.32272 0.00904
2458928.31010  14.32512 0.00731
2458929.30518  14.37058 0.00583
2458930.30414  14.41715 0.00907
2458932.61728  14.31686 0.00989
2459054.68062  14.26867 0.01645
2459059.67463  14.35614 0.01479
2459063.12659  14.45145 0.02321
2459078.08525  14.41942 0.00855
2459080.13680  14.34610 0.05647
2459081.08049  14.48686 0.01028
2459084.07800  14.52426 0.01208
2459087.06892  14.44842 0.00960
2459089.08001  14.41610 0.00704
2459091.07140  14.35220 0.00839
2459094.04190  14.31083 0.02338
2459095.06122  14.30600 0.02084
2459096.04380  14.31094 0.01606
2459106.08423  14.38462 0.00780
2459110.99948  14.36398 0.00674
2459114.54021  14.39548 0.00610
2459116.57158  14.44000 0.00859
2459120.52487  14.28621 0.01680
2459123.96052  14.48450 0.02717
2459125.99155  14.38497 0.02016
2459134.87020  14.26578 0.00837
2459136.87234  14.26761 0.00853
2459139.94194  14.33039 0.00668
2459144.92448  14.37408 0.00709
2459145.92777  14.39131 0.00730
2459147.99507  14.28021 0.00769
2459153.77204  14.24206 0.02561
2459155.86193  14.32526 0.02582
2459159.72466  14.51056 0.01397
2459161.73176  14.52390 0.01119
2459163.40411  14.27745 0.00959
2459164.39206  14.31609 0.00782
2459169.85673  14.40708 0.00664
2459171.63168  14.36747 0.00712
2459173.48151  14.33810 0.00658
2459174.34845  14.41327 0.01361
2459175.71771  14.32104 0.00837
2459176.42462  14.32566 0.01157
2459177.70635  14.28406 0.01233
2459179.43736  14.36631 0.00972
2459180.07288  14.37598 0.00782
2459180.43581  14.40662 0.01315
2459180.96671  14.30584 0.00973
2459181.42109  14.42762 0.01520
2459181.77681  14.28555 0.01453
2459182.35418  14.29094 0.03238
2459183.01230  14.33929 0.01443
2459183.41166  14.57087 0.04041
2459186.39888  14.43594 0.02511
2459187.78811  14.35078 0.01489
2459188.44325  14.53672 0.01610
2459188.74492  14.44290 0.01293
2459190.03866  14.40335 0.01296
2459190.65939  14.40007 0.00659
2459192.68739  14.37683 0.00764
2459194.29471  14.48729 0.01100
2459196.53351  14.57997 0.02095
2459196.93365  14.27015 0.00944
2459200.36037  14.35379 0.00664
2459200.67411  14.33919 0.00700
2459207.79721  14.35875 0.01077
2459208.87726  14.51807 0.00999
2459209.76224  14.30572 0.01254
2459210.89402  14.49588 0.01725
2459215.34751  14.34136 0.01861
2459215.73308  14.40714 0.02265
2459217.95668  14.51720 0.01251
2459218.95735  14.49201 0.01312
2459219.78404  14.40662 0.00629
2459220.85716  14.30666 0.01062
2459225.94121  14.32876 0.00736
2459227.83137  14.47579 0.00762
2459228.65427  14.31091 0.00738
2459228.69297  14.31026 0.00651
2459230.85172  14.39396 0.00433
2459231.91603  14.33474 0.00716
2459232.47985  14.31604 0.00832
2459232.71428  14.31276 0.00819
2459233.73868  14.29984 0.01095
2459236.84318  14.44669 0.01043
2459237.36690  14.43330 0.01470
2459238.60937  14.45661 0.01872
2459246.44685  14.51992 0.02322
2459247.79466  14.35006 0.01437
2459249.76629  14.46206 0.00629
2459252.78854  14.41421 0.00561
2459253.42172  14.28999 0.00840
2459253.64443  14.27398 0.00925
2459255.82184  14.49038 0.00819
2459258.78004  14.44478 0.00595
2459261.64401  14.36548 0.00956
2459262.64661  14.40376 0.00679
2459269.83664  14.41205 0.01573
2459275.60352  14.24436 0.01535
2459276.70138  14.50590 0.00899
2459278.69222  14.42350 0.00693
2459279.59613  14.31951 0.00994
2459280.59511  14.30631 0.00825
2459281.34536  14.35032 0.01039
2459282.59244  14.35140 0.00871
2459284.57972  14.40620 0.00902
2459292.72640  14.29965 0.01348
2459295.30459  14.33837 0.01489
2459295.51718  14.33521 0.01535
2459296.28551  14.23845 0.01637
2459297.54307  14.32803 0.01337
2459299.55269  14.32292 0.02046
2459301.53168  14.29255 0.02062
2459305.61631  14.35044 0.00718
2459307.61173  14.31049 0.00924
2459313.49860  14.46609 0.00864
2459314.52970  14.54443 0.01379
2459320.48624  14.30834 0.01002
2459323.22460  14.24764 0.01598
2459323.46850  14.44011 0.02012
2459323.48550  14.32345 0.01081
2459330.46142  14.58015 0.04608
2459330.46268  14.55437 0.04806
2459413.68690  14.36068 0.02867
2459413.93686  14.37392 0.01984
2459414.93722  14.47101 0.02094
2459420.92680  14.47422 0.02825
2459422.91954  14.38743 0.01980
2459423.92435  14.40504 0.01892
2459432.11720  14.37327 0.00944
2459433.12826  14.33005 0.02023
2459434.66389  14.29432 0.01079
2459437.68297  14.30883 0.04661
2459442.88771  14.52541 0.01457
2459445.11909  14.40742 0.00660
2459448.87000  14.27169 0.02513
2459451.63250  14.34079 0.02419
2459453.06913  14.30447 0.01536
2459455.85082  14.35808 0.01146
2459456.08400  14.32396 0.01250
2459456.58983  14.25829 0.02408
2459456.84753  14.26637 0.01435
2459458.97021  14.39244 0.01225
2459460.92175  14.44809 0.05601
2459461.97383  14.37238 0.00901
2459465.82462  14.48997 0.01951
2459465.96641  14.29614 0.00824
2459469.02413  14.36679 0.00739
2459470.80669  14.36240 0.00792
2459470.89852  14.53096 0.01059
2459473.81884  14.28621 0.01050
2459473.86116  14.41197 0.00793
2459475.55741  14.25702 0.02034
2459476.54261  14.24377 0.02508
2459477.78938  14.33548 0.02215
2459478.00074  14.33597 0.02156
2459481.52784  14.38957 0.03013
2459482.78970  14.38264 0.03105
2459483.59130  14.21214 0.02602
2459483.85893  14.30959 0.01159
2459487.06897  14.41553 0.00816
2459489.78221  14.52152 0.01173
2459489.83566  14.42837 0.00864
2459490.97088  14.31488 0.00846
2459494.01258  14.35986 0.00683
2459495.53312  14.34889 0.00821
2459496.73421  14.34383 0.00550
2459497.82838  14.44922 0.01002
2459498.47992  14.27055 0.01452
2459498.73516  14.26042 0.00917
2459501.93887  14.45317 0.00956
2459504.93850  14.57784 0.02779
2459505.70381  14.52143 0.02474
2459506.78958  14.35429 0.01842
2459509.05771  14.29912 0.01687
2459510.77910  14.29929 0.03156
2459511.73034  14.52909 0.01734
2459514.71592  14.43852 0.01244
2459514.72631  14.39696 0.01319
2459515.88619  14.27677 0.01023
2459519.51488  14.46783 0.01169
2459519.76882  14.44764 0.00940
2459521.95693  14.30189 0.00875
2459524.03713  14.47747 0.00660
2459524.03840  14.45784 0.00645
2459526.12149  14.48275 0.00862
2459526.65310  14.45874 0.00883
2459527.79783  14.35009 0.00740
2459528.69666  14.33210 0.00938
2459529.82545  14.34203 0.00656
2459530.72536  14.32630 0.00908
2459531.72774  14.31836 0.00749
2459532.76338  14.27108 0.00837
2459533.00132  14.33891 0.00677
2459533.62410  14.43882 0.02478
2459533.83567  14.32448 0.00812
2459538.69824  14.49658 0.03026
2459540.59938  14.37659 0.01931
2459541.00792  14.44861 0.01616
2459543.71840  14.49318 0.01129
2459547.06152  14.45603 0.00768
2459547.82221  14.40071 0.01100
2459548.89367  14.32782 0.00589
2459550.70613  14.32276 0.00717
2459551.79097  14.47573 0.01030
2459554.82263  14.50265 0.00835
2459556.82472  14.45766 0.00819
2459557.65772  14.40043 0.00995
2459558.60365  14.42975 0.00803
2459563.48420  14.39405 0.01502
2459565.93082  14.55488 0.04671
2459577.71752  14.34302 0.00891
2459578.77916  14.47143 0.01005
2459579.70911  14.28643 0.00881
2459579.75751  14.36769 0.01048
2459580.77117  14.38135 0.01006
2459582.52898  14.44200 0.00952
2459582.77649  14.34962 0.00859
2459583.53428  14.38739 0.00844
2459584.35124  14.49728 0.01042
2459585.37900  14.40802 0.00857
2459587.75751  14.26772 0.00919
2459589.81659  14.32579 0.00864
2459591.73022  14.27762 0.01319
2459595.83403  14.25195 0.01833
2459597.74454  14.42223 0.01808
2459598.62474  14.28380 0.02268
2459599.31374  14.33850 0.01691
2459601.55966  14.35536 0.00885
2459602.43145  14.32766 0.01650
2459602.81802  14.32875 0.00704
2459604.43237  14.30225 0.01194
2459605.79706  14.49056 0.00879
2459606.44354  14.29864 0.01165
2459607.43352  14.29019 0.00925
2459609.76445  14.42154 0.00680
2459612.68949  14.28096 0.00880
2459612.87812  14.43785 0.00781
2459613.87181  14.47147 0.00861
2459614.43196  14.34185 0.01142
2459614.87160  14.53298 0.00993
2459617.80381  14.34006 0.00722
2459618.68004  14.43777 0.01070
2459619.76396  14.28611 0.00954
2459620.72554  14.32978 0.00899
2459622.73006  14.39831 0.01299
2459623.75363  14.31969 0.01928
2459624.72839  14.38307 0.01315
2459625.73130  14.41218 0.01668
2459626.61042  14.25465 0.02807
2459630.39133  14.36227 0.02335
2459631.72821  14.45296 0.01112
2459632.61706  14.26671 0.01086
2459633.62958  14.27909 0.00956
2459634.63099  14.26907 0.00882
2459636.61759  14.29197 0.00887
2459636.69001  14.27320 0.00822
2459637.56436  14.49451 0.01125
2459640.35345  14.45120 0.01056
2459643.57511  14.44300 0.00898
2459644.64963  14.42798 0.00512
2459645.58732  14.41754 0.00767
2459647.32927  14.37139 0.01562
2459650.74385  14.30587 0.01463
2459652.62687  14.39142 0.01254
2459652.75972  14.32191 0.01511
2459653.29380  14.31144 0.01957
2459657.65912  14.32474 0.02011
2459657.66035  14.34479 0.02396
2459658.56828  14.23843 0.02047
2459663.72758  14.36857 0.00815
2459664.63620  14.28705 0.00890
2459665.54041  14.51180 0.01228
2459666.54616  14.49921 0.00943
2459667.53485  14.45426 0.00960
2459668.52610  14.40998 0.00794
2459669.53267  14.41845 0.00805
2459670.52221  14.33806 0.00866
2459671.60962  14.53113 0.01058
2459673.27137  14.26052 0.00986
2459674.51524  14.30152 0.00827
2459675.49864  14.29702 0.00848
2459677.47703  14.29071 0.01256
2459678.50394  14.28373 0.01011
2459679.49801  14.32066 0.01210
2459680.50622  14.31788 0.01253
2459681.49611  14.35660 0.01337
2459682.23210  14.40496 0.05672
2459684.48774  14.40602 0.01424
2459685.48673  14.45405 0.02133
2459686.48777  14.54327 0.03560
2459687.48575  14.43061 0.02685
2459688.48322  14.46441 0.01106
2459689.48142  14.47464 0.01092
2459690.48056  14.42170 0.01058
2459691.47708  14.40466 0.00968
2459692.46975  14.41550 0.01209
2459693.46681  14.37555 0.01745
2459783.93381  14.30636 0.01076
2459785.93398  14.28006 0.01466
2459787.92345  14.35639 0.00609
2459796.11776  14.43907 0.01088
2459800.67882  14.42512 0.02524
2459802.11877  14.34100 0.00974
2459805.88347  14.22523 0.02208
2459805.88471  14.16815 0.02605
2459810.88101  14.31600 0.01002
2459814.86639  14.38083 0.00722
2459815.86175  14.36610 0.01109
2459818.60465  14.44384 0.01082
2459819.63119  14.43511 0.01115
2459820.62461  14.49408 0.01215
2459821.85085  14.44338 0.00930
2459823.84400  14.38923 0.00765
2459824.84428  14.35274 0.00690
2459825.61916  14.41052 0.00869
2459826.56631  14.33964 0.01098
2459829.56197  14.34506 0.02561
2459830.57194  14.24598 0.02295
2459831.52999  14.33428 0.05809
2459834.79450  14.36160 0.02539
2459836.82653  14.40730 0.03721
2459837.80722  14.38809 0.01413
2459839.57569  14.40479 0.05311
2459840.79524  14.47182 0.01375
2459842.04660  14.50958 0.01067
2459843.78551  14.44769 0.00835
2459845.14064  14.38019 0.01234
2459846.78452  14.35743 0.01226
2459849.62949  14.46355 0.01121
2459850.99769  14.31471 0.00811
2459852.76367  14.26589 0.00789
2459853.76002  14.26756 0.00817
2459854.75758  14.30581 0.00719
2459855.76881  14.30285 0.00765
2459858.74851  14.40483 0.01558
2459859.80837  14.29329 0.01371
2459860.77007  14.32083 0.01852
2459860.77132  14.40822 0.03213
2459861.48579  14.49531 0.05057
2459864.71394  14.38111 0.02772
2459865.80701  14.33912 0.01882
2459866.79924  14.34726 0.02221
2459868.07213  14.37143 0.01240
2459869.81274  14.48097 0.01210
2459870.80606  14.50081 0.01116
2459872.70648  14.28422 0.00873
2459874.44450  14.31526 0.01147
2459875.72813  14.27875 0.00763
2459876.72043  14.27525 0.00688
2459877.75042  14.28613 0.00794
2459879.49112  14.24827 0.01107
2459879.49237  14.22346 0.01176
2459880.42986  14.40326 0.01134
2459880.99447  14.31106 0.00979
2459882.69033  14.38390 0.00649
2459884.03693  14.29538 0.00805
2459884.43839  14.47494 0.01277
2459884.90195  14.52909 0.01276
2459885.88686  14.45938 0.01338
2459886.67811  14.43099 0.01423
2459886.87886  14.34939 0.01510
2459893.41383  14.30997 0.04258
2459897.62870  14.30980 0.00741
2459897.96180  14.38219 0.01268
2459899.46449  14.32602 0.01058
2459901.94236  14.34266 0.00542
2459907.81651  14.45961 0.00802
2459911.34172  14.40762 0.01289
2459912.46643  14.32754 0.00859
2459913.90316  14.53028 0.00985
2459914.79883  14.28096 0.00720
2459915.94160  14.53975 0.01273
2459916.37739  14.37146 0.01802
2459916.70574  14.47952 0.01210
2459916.70704  14.49188 0.01420
2459923.72373  14.48586 0.02094
2459926.90500  14.29784 0.01250
2459932.49984  14.37692 0.00793
2459932.60366  14.40277 0.00766
2459935.40053  14.37146 0.00859
2459935.50871  14.36427 0.01715
2459940.36478  14.45832 0.01109
2459942.36548  14.44128 0.01342
2459945.38824  14.40231 0.01940
2459951.45811  14.40395 0.04864
2459952.75952  14.59126 0.03566
2459952.76082  14.62606 0.03879
2459953.63063  14.28276 0.01413
2459957.75360  14.44305 0.01464
2459960.37845  14.37408 0.00624
2459962.79940  14.42153 0.01221
2459967.89215  14.49555 0.00877
2459968.87302  14.54903 0.01092
2459969.86826  14.47896 0.00838
2459976.29741  14.36540 0.01557
2459980.68435  14.46186 0.02557
2459982.58224  14.32523 0.01317
2459982.58354  14.31400 0.01822
2459993.66435  14.28658 0.00926
2459995.53238  14.35118 0.00595
2459996.63482  14.51368 0.01141
2459996.63612  14.49290 0.01273
2459997.60623  14.46076 0.00832
2459998.62877  14.51110 0.01260
2459998.63135  14.47814 0.01470
2459999.61587  14.43228 0.00757
2460007.54850  14.30940 0.01471
2460008.60510  14.25395 0.01556
2460011.58683  14.30541 0.01814
2460011.58811  14.23375 0.03467
2460012.59693  14.22907 0.03633
2460013.58897  14.27473 0.01866
2460014.59177  14.27893 0.01902
2460015.58725  14.30210 0.01577
2460016.58230  14.42659 0.00813
2460018.57688  14.45780 0.00883
2460019.56651  14.50379 0.01026
2460020.57125  14.50453 0.01012
2460021.57040  14.44673 0.00834
2460022.55812  14.44883 0.00968
2460023.55779  14.35629 0.00819
2460027.54207  14.26076 0.00929
2460028.54278  14.30933 0.00810
2460029.53337  14.24682 0.00718
2460034.60856  14.36676 0.01288
2460035.61763  14.34900 0.01527
2460039.52304  14.44288 0.02450
2460041.60055  14.27947 0.01711
2460044.50220  14.39374 0.00826
2460045.50331  14.42178 0.00846
2460046.47803  14.34349 0.00838
2460047.49789  14.41758 0.00894
2460048.48713  14.32063 0.00756
2460049.48326  14.28184 0.00783
2460050.49084  14.29836 0.00882
2460052.48162  14.26964 0.00856
2460054.47103  14.32568 0.01019
2460054.47233  14.29734 0.01536
2460057.46630  14.28418 0.01706
2460061.46115  14.47733 0.03660
2460150.66966  14.49021 0.01240
2460153.66838  14.45970 0.01869
2460158.92893  14.38564 0.02029
2460161.67012  14.26307 0.02406
2460162.12884  14.34104 0.02878
2460162.66309  14.33028 0.02137
2460163.11695  14.40924 0.01862
2460174.95443  14.36582 0.00920
2460178.07529  14.33763 0.00842
2460179.07589  14.33040 0.00921
2460184.57411  14.24678 0.03007
2460186.94029  14.38123 0.05300
2460187.97099  14.41656 0.02398
2460190.10903  14.33447 0.01452
2460192.97991  14.36157 0.01780
2460198.14144  14.38663 0.02678
2460201.04041  14.32951 0.00764
2460205.02138  14.27349 0.00905
2460209.01494  14.35978 0.00884
2460215.57839  14.18533 0.02707
2460215.97674  14.45001 0.01921
2460218.75936  14.47170 0.03321
2460221.95669  14.35177 0.01391
2460223.96992  14.32615 0.01246
2460224.98146  14.32786 0.01183
2460226.73898  14.29116 0.00862
2460227.93793  14.31174 0.01034
2460228.87957  14.46482 0.01039
2460230.71955  14.33993 0.00580
2460231.73595  14.27375 0.00782
2460232.07494  14.39393 0.00661
2460234.01856  14.28769 0.00792
2460235.69863  14.39901 0.00722
2460236.99432  14.33425 0.00754
2460238.12468  14.39107 0.00747
2460242.45603  14.49437 0.02318
2460243.69268  14.47128 0.01812
2460249.43436  14.38033 0.03594
2460250.67410  14.34055 0.01819
2460252.06033  14.51514 0.01276
2460253.68772  14.35330 0.00572
2460254.04015  14.48059 0.00929
2460256.86083  14.49711 0.01003
2460260.41270  14.38110 0.00864
2460264.73248  14.27401 0.00897
2460266.36489  14.35352 0.01156
2460267.93167  14.47549 0.01393
2460270.34864  14.34676 0.02135
2460270.68937  14.45217 0.01272
2460271.68257  14.46555 0.01280
2460272.66380  14.36843 0.01415
2460278.53490  14.50912 0.02755
2460279.75332  14.44307 0.01778
2460283.01059  14.43859 0.01014
2460283.52235  14.55025 0.02970
2460283.59182  14.43526 0.00952
2460284.03316  14.44444 0.00954
2460284.63368  14.37020 0.00558
2460286.03365  14.42518 0.00814
2460287.81929  14.41966 0.00780
2460288.78854  14.37185 0.00696
2460290.66414  14.39596 0.00753
2460291.65029  14.47654 0.00845
2460293.42007  14.45552 0.01313
2460294.63120  14.48578 0.01094
2460296.76073  14.31730 0.00773
2460297.77651  14.30608 0.00759
2460298.76902  14.30715 0.00700
2460301.31032  14.34273 0.02149
2460301.91714  14.39555 0.01788
2460303.66345  14.34267 0.01895
2460308.57999  14.34956 0.00574
2460309.85935  14.35974 0.01057
2460312.69250  14.26474 0.00763
2460313.60113  14.45922 0.00915
2460313.88747  14.32743 0.00991
2460319.59791  14.50398 0.01109
2460319.75188  14.24219 0.00959
2460320.82884  14.36098 0.00896
2460322.82333  14.22108 0.01182
2460323.59109  14.31317 0.00624
2460324.38551  14.49116 0.01040
2460324.38674  14.51324 0.02007
2460325.40133  14.46008 0.00970
2460333.58810  14.24674 0.02157
2460334.64775  14.25655 0.03705
2460334.89676  14.23604 0.02986
2460335.88636  14.30164 0.02686
2460336.64997  14.23521 0.02149
2460336.88180  14.23409 0.01927
2460337.88971  14.29969 0.01294
2460340.68663  14.27896 0.01219
2460341.87595  14.33230 0.00919
2460342.69015  14.26322 0.01096
2460357.63030  14.32619 0.00940
2460369.61026  14.33196 0.01198
2460370.36816  14.42179 0.02551
2460371.81138  14.53257 0.01174
2460390.73413  14.56393 0.02020
2460393.72724  14.49331 0.01982
2460394.27650  14.58333 0.11840
2460403.60592  14.59075 0.01688
2460405.59944  14.50150 0.00996
2460406.49720  14.25365 0.00838
2460408.49551  14.25876 0.00782
2460409.49203  14.25752 0.01214
2460410.49376  14.29848 0.01100
2460411.48551  14.32096 0.00880
2460412.48485  14.38177 0.00643
2460416.47973  14.48755 0.01546
