2458197.62938610  15.14192 0.01407
2458198.37291760  15.12664 0.01191
2458295.49625020  15.02981 0.03013
2458296.51879340  15.08126 0.02694
2458297.50037550  14.95277 0.02783
2458298.51561560  15.06923 0.03033
2458303.48724070  14.99584 0.01088
2458306.49140010  14.98602 0.01249
2458308.47719740  15.11495 0.01342
2458409.88011720  14.92052 0.03219
2458411.87727600  15.17300 0.03260
2458412.87540300  14.96514 0.03089
2458414.86746800  15.20314 0.02922
2458419.85577550  15.06158 0.02055
2458425.85914690  15.12558 0.01336
2458427.86094130  15.01705 0.01975
2458428.85372450  15.11386 0.01261
2458434.85322910  15.12137 0.01802
2458436.84349390  15.03359 0.00911
2458438.82815070  15.05407 0.01016
2458443.80932780  15.11649 0.02385
2458444.82442750  14.96958 0.03301
2458446.79957580  15.07502 0.02154
2458447.80426950  14.99383 0.02002
2458450.82852410  15.01122 0.01718
2458451.79602900  15.06131 0.01913
2458452.81901520  15.10248 0.01501
2458453.78890190  15.04635 0.01331
2458454.81931560  15.13253 0.01518
2458455.79109720  15.11477 0.01319
2458456.79958020  14.99044 0.01434
2458458.76967410  15.13790 0.01516
2458461.75321890  15.12404 0.01167
2458462.79829810  14.96971 0.01327
2458463.76563890  15.04044 0.01142
2458464.76963880  15.12103 0.01553
2458465.74797200  15.06711 0.01061
2458467.78558150  15.06544 0.00876
2458469.74675750  15.07197 0.01071
2458472.78036330  15.16702 0.02224
2458473.72523120  15.11424 0.02931
2458474.76982920  14.89213 0.02819
2458475.73073460  15.21274 0.03822
2458477.81428180  15.01947 0.02768
2458479.79788520  14.94963 0.01850
2458483.83047660  15.05326 0.01323
2458484.79482230  15.00136 0.01272
2458487.83071880  15.00488 0.01237
2458488.83434880  15.07411 0.01434
2458489.72204810  14.99090 0.01473
2458490.70897040  15.05759 0.01040
2458492.68616440  15.04808 0.01016
2458493.73276610  15.13699 0.01241
2458495.82916720  15.05619 0.01080
2458496.84359540  15.05126 0.00908
2458498.80897040  15.01765 0.01314
2458500.67052570  15.12643 0.01858
2458501.66548620  14.98080 0.02129
2458501.84602250  14.98980 0.01384
2458502.80062030  15.01612 0.02165
2458504.74796660  15.06445 0.01328
2458505.63642050  15.07777 0.04196
2458506.70982140  15.03982 0.03000
2458507.80663290  15.06887 0.02088
2458509.65353800  15.03265 0.01498
2458511.79080410  15.02642 0.01355
2458513.85371590  15.06515 0.01025
2458514.83771780  15.10551 0.01634
2458515.78875300  15.12475 0.01217
2458516.67734220  14.93869 0.01273
2458517.79547110  14.99921 0.01360
2458520.62646140  15.12705 0.01426
2458524.64612890  14.96842 0.01251
2458525.63497880  15.01761 0.01502
2458526.71560010  14.99271 0.01535
2458528.74974600  15.05517 0.01175
2458529.68331650  14.98894 0.01622
2458530.68257340  14.92873 0.02387
2458530.86294110  15.02806 0.01264
2458532.64145240  15.08207 0.02115
2458536.65535700  14.99358 0.02701
2458536.84671350  15.00373 0.02438
2458537.83766300  15.09531 0.02324
2458538.86349080  15.04675 0.01926
2458539.60914650  14.93053 0.01192
2458539.79880960  14.95682 0.01605
2458540.62680910  15.09186 0.01265
2458540.81332740  15.12374 0.01283
2458541.64118460  14.95867 0.01226
2458541.82329860  15.00367 0.01490
2458542.61812730  15.03733 0.01220
2458542.80804790  15.03725 0.01222
2458543.79549790  15.14732 0.01522
2458544.78309280  15.12350 0.01438
2458546.76057430  14.99958 0.01187
2458547.81818920  15.01660 0.01420
2458548.80923110  14.93765 0.01283
2458549.73549740  14.96768 0.01269
2458550.79543080  15.03197 0.01006
2458551.79661360  14.95168 0.01433
2458553.52018190  15.10713 0.01344
2458554.61227550  15.07360 0.01040
2458555.71418000  15.00719 0.01234
2458556.74347860  15.07851 0.01298
2458557.68317190  15.04644 0.01111
2458558.64467620  15.09498 0.01153
2458559.53562900  15.05255 0.02281
2458560.49203970  14.91313 0.04081
2458560.81512690  15.07739 0.01548
2458561.77211370  14.85618 0.02853
2458562.55537240  15.02325 0.03229
2458564.65021950  15.10732 0.03049
2458566.73395110  14.95924 0.02047
2458567.50998250  14.96667 0.01602
2458568.60223770  14.91223 0.01534
2458568.79348160  15.01373 0.02115
2458570.34760480  15.10711 0.01115
2458570.56762090  15.10897 0.01350
2458571.71447690  15.07747 0.01280
2458572.40324800  15.04434 0.00861
2458574.45969450  15.11443 0.01050
2458575.31786080  15.02553 0.00956
2458575.60874140  15.11198 0.01687
2458576.50882130  15.10028 0.00888
2458576.76379570  15.08229 0.01123
2458577.53646800  15.07254 0.01483
2458582.43525920  15.03142 0.01031
2458582.70199980  15.09999 0.01281
2458583.25882250  15.12495 0.01749
2458583.51048760  15.05022 0.01185
2458584.30416610  15.03744 0.01045
2458584.57147230  14.98129 0.01478
2458585.25134170  15.03762 0.01178
2458588.75454640  15.01019 0.01790
2458591.41499410  15.01538 0.03172
2458599.59657090  15.00715 0.01234
2458600.59087580  15.05691 0.01075
2458601.22615480  15.13251 0.01098
2458602.29166520  15.10150 0.00877
2458602.57753250  15.03645 0.01075
2458603.25583070  15.11361 0.01187
2458605.35626070  15.08435 0.01045
2458606.45989340  15.14153 0.01152
2458612.60246460  15.06649 0.01148
2458613.43684930  15.03306 0.01167
2458614.40157380  15.03670 0.01023
2458615.43752070  15.09419 0.01239
2458616.50388470  14.91395 0.02074
2458618.37889400  15.11642 0.02961
2458618.65185530  15.01317 0.03162
2458620.40380470  15.00407 0.02569
2458625.50199460  15.06615 0.01097
2458627.32902240  15.02027 0.01341
2458629.39559140  15.11542 0.01133
2458636.35933490  15.19439 0.01464
2458637.49559470  15.10200 0.01273
2458643.53978690  15.00162 0.01337
2458644.57020180  15.16078 0.02130
2458648.50105240  15.14790 0.02293
2458651.32862910  15.02273 0.04542
2458653.56002260  15.12522 0.03391
2458661.26185960  15.12249 0.00973
2458662.51710230  15.16173 0.01625
2458668.48088640  15.10614 0.01328
2458670.51282940  15.07564 0.01228
2458674.47745410  15.15473 0.02130
2458680.46437340  15.14149 0.03749
2458681.46104020  14.95402 0.03045
2458683.45817190  15.06080 0.02347
2458690.22017230  15.10074 0.00983
2458791.84389240  15.04667 0.01183
2458798.83766900  15.14452 0.02891
2458799.83836190  15.03549 0.02582
2458800.83888350  15.01758 0.02745
2458806.81847870  15.02729 0.01974
2458807.86131060  14.89396 0.05936
2458808.85479800  15.03535 0.02771
2458810.83381430  14.97265 0.01182
2458811.86037320  15.05452 0.06424
2458812.55825490  15.03945 0.01051
2458813.57338270  15.14547 0.01227
2458813.79845450  15.12324 0.01456
2458815.57125730  15.07478 0.01071
2458815.85167790  15.07382 0.02482
2458816.82898770  15.05954 0.01490
2458820.52238090  15.06436 0.01094
2458822.51429970  15.03865 0.01068
2458823.83183780  15.10053 0.02979
2458827.77708590  15.06730 0.02451
2458829.49704130  15.09539 0.03825
2458829.75471360  14.86233 0.03771
2458830.49372390  14.89602 0.03233
2458833.84121470  14.91783 0.03736
2458834.85912940  15.14695 0.07058
2458835.73680030  15.04805 0.01458
2458836.78796910  15.02966 0.01826
2458838.55859560  15.01957 0.01001
2458838.81214780  15.14356 0.01925
2458839.80886810  14.95529 0.01628
2458840.81272060  15.01920 0.01268
2458841.85426880  15.03111 0.01917
2458842.75153830  15.08359 0.01349
2458843.77171930  14.96842 0.01341
2458845.56672380  15.07626 0.00944
2458846.53403630  15.02048 0.01255
2458847.83776350  15.07180 0.01074
2458848.45423040  15.07119 0.01096
2458850.78502830  15.11935 0.01427
2458851.67461130  15.05695 0.01707
2458852.76213140  15.05561 0.01179
2458853.75015300  15.01565 0.01347
2458854.75375560  14.98849 0.01718
2458856.78786180  15.16095 0.04912
2458858.75526630  15.10504 0.03629
2458860.57612620  14.97850 0.02810
2458861.82764540  14.96980 0.03136
2458861.82892360  14.88403 0.03420
2458869.79859170  15.00390 0.01299
2458870.79578500  15.13155 0.01659
2458871.80441130  15.01025 0.01569
2458872.80677740  15.11159 0.01475
2458875.80320250  15.05795 0.01462
2458878.81286800  15.10543 0.01665
2458879.60398660  15.02987 0.01768
2458879.82004450  15.01400 0.01532
2458883.62836980  15.02564 0.02002
2458883.81073510  15.00292 0.01343
2458884.82098750  15.07731 0.01208
2458885.64306570  14.96648 0.02327
2458888.83707760  15.04724 0.03208
2458889.65880590  15.08165 0.05328
2458894.61380980  14.98494 0.01397
2458897.84510640  14.97958 0.01210
2458899.89150450  15.08599 0.01545
2458900.80451930  14.99081 0.01423
2458902.54505310  15.09720 0.01918
2458903.62887450  15.05606 0.01352
2458904.53404010  15.04195 0.00782
2458905.63430240  14.98480 0.01328
2458906.64987050  15.08241 0.02265
2458907.60557500  15.11073 0.01497
2458908.59687930  15.03014 0.01490
2458908.59809750  15.00106 0.02062
2458909.58813020  14.98904 0.01033
2458910.68779800  15.03402 0.01370
2458915.28075880  14.96635 0.04872
2458916.74254970  15.13796 0.03494
2458918.59158440  14.97023 0.04059
2458920.77021340  14.92836 0.02731
2458921.77101460  15.25755 0.03279
2458923.29165240  15.16614 0.01263
2458924.78952180  15.17367 0.02354
2458925.71580020  15.06724 0.01457
2458927.27687640  15.03765 0.01087
2458989.36822470  15.03153 0.01104
2458993.38826230  15.11870 0.01198
2459001.29989090  15.02826 0.01525
2459015.33729330  15.02011 0.00972
2459018.24555290  15.12165 0.01465
2459019.33118990  15.05109 0.01553
2459025.19925850  15.10344 0.01640
2459035.28057700  14.93942 0.04177
2459048.23491150  15.02213 0.01053
2459052.20254580  15.12750 0.02089
2459054.21442130  15.07268 0.01006
2459141.62148320  15.01104 0.04784
2459142.61821940  15.06415 0.03568
2459143.61451540  15.02758 0.01692
2459148.83961050  14.96549 0.01765
2459151.85321360  14.98707 0.02268
2459153.84679670  14.96319 0.02943
2459155.83956590  15.08362 0.03125
2459156.83648550  15.07170 0.04037
2459167.79847090  15.14971 0.01765
2459170.78286840  15.15035 0.01306
2459172.78837720  15.02200 0.01193
2459173.76763110  15.09550 0.01741
2459174.78205990  15.03880 0.01406
2459177.76719630  15.01381 0.01303
2459179.76680670  15.10015 0.01570
2459180.80523280  14.95284 0.02457
2459181.78078310  15.00201 0.02247
2459181.81493150  15.01913 0.02837
2459184.50893610  15.06896 0.02971
2459185.74641550  15.10184 0.02962
2459188.76930450  15.05714 0.02310
2459189.75139060  15.04781 0.02061
2459192.73117380  15.02694 0.01298
2459194.71973090  15.11207 0.01513
2459194.74845000  15.11609 0.01353
2459195.76713290  15.04659 0.01224
2459196.75253310  15.07290 0.01374
2459199.70424690  14.99650 0.01477
2459200.72600110  15.14887 0.01452
2459200.73803670  15.07738 0.01637
2459201.70156130  14.96273 0.01312
2459201.74569750  15.04474 0.01183
2459202.79584760  15.09329 0.01727
2459203.85352780  15.03351 0.01696
2459206.69379260  15.19821 0.02276
2459207.69268800  14.94050 0.02199
2459207.71443540  15.02000 0.02184
2459209.58370390  15.03509 0.01107
2459210.70107210  14.92333 0.02800
2459214.74474320  14.94402 0.02704
2459217.73412450  15.03947 0.02666
2459219.82686500  14.96862 0.01898
2459220.78765310  15.00957 0.01752
2459221.78409860  15.08580 0.01298
2459222.72071120  15.07098 0.01739
2459223.85913450  15.09911 0.01647
2459226.66959090  15.09998 0.01699
2459228.82252480  14.97071 0.01344
2459229.77911220  15.01779 0.00963
2459230.78688090  15.02074 0.01247
2459233.61089160  15.12029 0.01728
2459235.68703850  15.05005 0.01250
2459236.81986580  15.06408 0.01327
2459238.59350330  15.06499 0.02814
2459238.61479920  15.04322 0.03183
2459247.65947660  15.03735 0.02529
2459251.42988230  14.98883 0.01231
2459253.72471330  14.92882 0.01503
2459254.67893930  15.03605 0.01162
2459255.68560640  15.02377 0.01202
2459256.67367640  14.98680 0.01086
2459256.67490500  15.00509 0.01675
2459257.72198040  15.11800 0.01691
2459258.66600910  15.05979 0.00948
2459259.61861010  15.03854 0.01396
2459261.77273600  14.99360 0.01386
2459262.74142460  15.14655 0.01772
2459264.54282160  14.97638 0.01757
2459265.71762280  14.99436 0.01249
2459266.66958400  15.12068 0.01498
2459268.55894430  15.03965 0.02458
2459278.76271620  15.01528 0.01966
2459281.65786920  15.05768 0.01419
2459293.57372120  15.06692 0.01931
2459294.25403710  15.05134 0.01493
2459294.54759070  15.02687 0.01598
2459295.65323610  14.98417 0.01690
2459296.33088670  15.06489 0.00777
2459297.56129760  15.05356 0.01398
2459298.54970830  15.07810 0.02328
2459305.24095000  15.06111 0.00986
2459305.72851290  15.05157 0.02870
2459306.53084630  15.03365 0.01317
2459306.66427080  15.00285 0.01971
2459307.25306940  15.13491 0.01258
2459310.72060370  14.99025 0.01055
2459311.34578310  15.14669 0.01107
2459312.50059610  15.13342 0.01450
2459313.26080050  15.08911 0.00782
2459313.75433500  14.99422 0.01478
2459314.75333030  15.05053 0.01320
2459315.33558010  15.04321 0.01030
2459316.57213310  15.12708 0.01422
2459317.67347830  15.03104 0.01384
2459317.69433590  15.05020 0.01272
2459318.55403390  14.99506 0.01285
2459318.60945900  15.05313 0.01167
2459319.55699860  15.12449 0.01448
2459320.71452480  15.14394 0.01615
2459321.24891020  15.04442 0.00947
2459321.64593950  15.05048 0.01475
2459322.60384450  15.10555 0.01604
2459323.70308120  15.09524 0.01686
2459324.72109860  14.98030 0.01572
2459328.71003370  15.08170 0.02383
2459329.64488840  15.04773 0.03231
2459330.71079310  15.08160 0.03681
2459333.47720960  14.96801 0.01428
2459343.52235290  15.14445 0.01895
2459345.22602850  15.09494 0.00696
2459345.62620450  15.01522 0.01430
2459346.35783290  15.09808 0.01001
2459346.65087460  15.11427 0.01301
2459348.35409020  15.05815 0.01048
2459349.64024960  15.07236 0.01729
2459351.48019180  14.96136 0.01374
2459352.63433260  15.00648 0.01347
2459353.50850910  15.00512 0.01505
2459365.51526880  14.93593 0.01342
2459369.46898170  15.04142 0.01595
2459375.29706240  15.10239 0.01003
2459376.57453270  15.12606 0.01839
2459377.52793580  15.07772 0.01222
2459378.51788790  14.98838 0.01341
2459383.52185360  15.20665 0.02799
2459383.52315190  15.22970 0.03495
2459394.54406190  15.11743 0.01465
2459402.27789100  15.02926 0.01296
2459404.47797190  15.05341 0.01357
2459406.24403140  14.99653 0.01160
2459408.51050230  15.06317 0.01448
2459410.49521980  14.92191 0.01631
2459412.46310910  14.97521 0.01954
2459419.23748560  15.00882 0.05471
2459420.23163480  15.14520 0.03501
2459423.47352210  14.94032 0.03438
2459502.86715000  15.00740 0.01642
2459520.85864330  15.01144 0.01628
2459529.55878600  15.11282 0.01071
2459530.80909250  15.11217 0.01789
2459530.81780670  15.11461 0.01942
2459532.80911100  15.05546 0.01539
2459535.82498710  14.97143 0.02670
2459537.79097460  15.04651 0.05593
2459543.77446390  15.00269 0.01465
2459544.81275290  15.08689 0.02169
2459548.57926590  15.11620 0.01385
2459550.75622040  14.94839 0.01747
2459551.73152380  15.07607 0.01542
2459553.72942260  14.96986 0.01656
2459559.72488320  14.96343 0.01709
2459559.74888800  15.01768 0.01360
2459562.72386920  15.01296 0.02443
2459565.79418380  15.12801 0.02057
2459565.84130290  14.99405 0.01592
2459573.77686350  15.04905 0.02567
2459576.83729850  15.03009 0.02098
2459578.66031610  15.08238 0.01625
2459584.70768750  15.05727 0.01040
2459585.72476920  15.07701 0.01285
2459586.73658030  15.16234 0.01781
2459587.70634130  14.99812 0.00885
2459591.69453450  15.09426 0.01720
2459597.64038780  14.99481 0.04722
2459600.83475230  15.01020 0.03058
2459600.83598130  14.96698 0.02808
2459605.79002040  15.08560 0.02074
2459606.64560270  15.06680 0.01027
2459607.74931230  15.01857 0.01448
2459609.73198650  15.11099 0.01233
2459610.76819610  15.06137 0.01524
2459613.76816130  14.98302 0.01643
2459618.79840190  15.02533 0.01617
2459627.43033640  15.06613 0.03912
2459630.54285910  15.00857 0.01492
2459642.41119840  15.09090 0.01121
2459643.73918190  15.14359 0.01650
2459644.69448210  15.04579 0.00892
2459644.76196520  15.01593 0.01295
2459645.69409120  14.98307 0.01065
2459646.57163720  15.06481 0.01448
2459647.52068820  15.05625 0.01321
2459649.63738200  15.04294 0.01265
2459650.64939840  15.02854 0.01466
2459652.56346410  15.02959 0.01496
2459652.61287250  15.05880 0.01418
2459653.54249370  14.90042 0.02291
2459657.61471420  15.04556 0.02162
2459657.61653430  15.04592 0.03453
2459658.78682090  14.98663 0.02573
2459659.79881570  15.02752 0.03900
2459661.78171260  14.96188 0.02063
2459661.78295360  15.01851 0.02286
2459667.77060590  14.93877 0.01251
2459668.59441760  15.06940 0.01312
2459672.24688970  15.05562 0.01522
2459673.74198040  14.97661 0.01181
2459674.73453720  15.13039 0.01277
2459674.75377830  15.15018 0.01414
2459677.28887250  15.06685 0.00997
2459678.69679450  15.08309 0.01134
2459679.67681580  14.95175 0.01467
2459680.68307280  15.08190 0.00974
2459681.72247250  15.05598 0.02183
2459681.72372450  15.05200 0.01479
2459682.71606860  15.05430 0.01986
2459683.71864670  15.23687 0.02964
2459685.62255630  15.07597 0.02922
2459687.65057530  15.07377 0.02635
2459689.74091390  15.12122 0.03001
2459690.60593920  15.08439 0.01401
2459691.73755850  15.03420 0.01859
2459695.60567500  14.99223 0.01253
2459697.57730610  15.12899 0.01475
2459700.21300960  15.10526 0.01830
2459700.69007750  14.99941 0.01160
2459702.51036950  15.03488 0.00801
2459703.63776800  14.98235 0.01203
2459705.66308780  15.01585 0.01240
2459708.47234650  14.89873 0.01675
2459710.56340890  14.98387 0.01638
2459710.56600710  15.02623 0.02167
2459710.59967180  15.04286 0.01530
2459711.60098780  14.95620 0.01847
2459723.36834950  15.12787 0.01311
2459724.56334920  14.89322 0.01496
2459724.57547580  15.00668 0.01271
2459733.34414980  15.06917 0.01106
2459736.57598250  14.99876 0.01312
2459738.51032890  15.19130 0.01635
2459739.56441850  14.84499 0.01466
2459741.30353940  15.22907 0.03347
2459743.55561620  15.08237 0.03137
2459749.45491590  15.02602 0.01436
2459759.51135840  14.99895 0.01257
2459762.49096450  14.99253 0.01236
2459765.48117380  15.01952 0.01377
2459767.45853900  15.17350 0.02207
2459769.47395710  14.95902 0.02293
2459773.26552610  14.99776 0.04846
2459784.48544470  15.12614 0.02578
2459863.88071160  14.96875 0.03264
2459864.87320840  15.14735 0.03494
2459865.87718240  14.98668 0.02215
2459866.86638120  15.02909 0.02287
2459878.59758930  15.01986 0.01519
2459879.83606770  15.09698 0.01290
2459880.85630910  15.00209 0.01615
2459881.85289000  15.06647 0.01440
2459882.84962100  15.05672 0.01372
2459883.85327230  14.97596 0.01120
2459897.79961500  15.06492 0.01848
2459898.80402810  14.98826 0.01819
2459900.79203890  15.06859 0.01676
2459901.82680490  14.99878 0.01414
2459903.81377300  15.03007 0.01206
2459907.79012930  15.01612 0.01139
2459907.79141740  14.96549 0.01527
2459907.81743870  15.02918 0.00976
2459910.76760280  15.03459 0.01191
2459910.76888950  15.02434 0.01532
2459912.80684200  15.04747 0.01148
2459912.80809550  15.02505 0.01538
2459914.74157340  15.04791 0.00839
2459916.74557330  15.05852 0.01956
2459917.73417690  15.16941 0.02661
2459917.73541950  15.16558 0.02580
2459918.77096840  15.06065 0.01856
2459920.77052380  15.22252 0.04761
2459920.83756760  14.93307 0.02281
2459926.71114800  15.06310 0.02195
2459927.71895610  15.03442 0.01429
2459928.74747510  14.98264 0.01712
2459929.78382760  15.05548 0.01513
2459929.78630880  15.10746 0.02487
2459934.81784670  14.96851 0.01195
2459934.82032740  15.13247 0.01582
2459937.84088010  15.03101 0.01153
2459947.82297700  15.00855 0.01153
2459949.67207650  15.14563 0.03434
2459952.76349730  15.04056 0.03180
2459952.79694450  15.11837 0.03153
2459954.76945470  15.08761 0.02735
2459956.81380260  15.13258 0.01966
2459957.65572500  15.02869 0.01764
2459958.72863970  15.05300 0.01169
2459960.82876180  15.05886 0.01374
2459961.75600120  14.95286 0.01208
2459962.59848850  15.05112 0.00878
2459963.61319410  14.94962 0.01366
2459965.57434270  15.06026 0.01081
2459967.76507780  14.99116 0.01410
2459968.74653380  15.05879 0.01139
2459969.75820680  15.15523 0.01438
2459970.73624120  15.02686 0.01232
2459970.73749310  15.00799 0.01348
2459971.58838610  15.08152 0.01162
2459971.86036170  15.04741 0.01225
2459972.63301140  14.98994 0.01446
2459973.61719800  14.96854 0.01165
2459974.81823250  15.08951 0.01362
2459975.72980510  15.03353 0.00849
2459976.73885580  14.99548 0.01648
2459977.72537120  14.99480 0.02079
2459979.49781740  15.02570 0.02733
2459979.49905790  15.01657 0.02920
2459980.64358700  14.96154 0.03966
2459982.60088610  15.06324 0.03722
2459983.68908310  15.03937 0.02062
2459983.69038210  15.18660 0.03630
2459984.77481580  15.04056 0.05749
2459985.63727830  15.12195 0.02028
2459986.75779500  15.07424 0.02752
2459987.67344600  15.03306 0.02065
2459988.76424250  15.05595 0.01811
2459988.79198580  15.02336 0.01371
2459989.66113030  15.00567 0.01286
2459993.82318400  15.03090 0.00904
2459995.67588180  15.01035 0.01071
2459997.64645490  15.04738 0.01349
2459999.40583790  15.10348 0.01031
2460001.49644140  15.14058 0.01061
2460002.60790430  15.09084 0.01148
2460003.62843650  15.01849 0.01072
2460004.67301390  15.06289 0.01021
2460008.60829780  14.91846 0.02568
2460010.67502310  15.08827 0.04134
2460010.67626350  15.01023 0.04493
2460012.58603050  15.10624 0.02329
2460013.74264060  14.95833 0.02119
2460015.62494120  15.05792 0.01516
2460017.26519680  15.06248 0.00808
2460018.50884770  14.99609 0.01413
2460019.82255080  15.10093 0.01667
2460021.32131050  15.14010 0.02000
2460023.41897620  15.11619 0.01100
2460024.77421400  15.00679 0.01026
2460025.64606380  15.12350 0.01411
2460025.66977820  15.07286 0.01217
2460026.50759320  15.11076 0.00854
2460027.52741280  15.09382 0.01509
2460028.43723790  15.18280 0.01189
2460029.73940020  15.13414 0.01438
2460030.62203570  15.03687 0.01195
2460031.25299640  15.15421 0.01193
2460031.52893080  14.91801 0.01583
2460032.28658620  15.03784 0.01806
2460032.51174310  15.05980 0.01563
2460034.49339870  15.04158 0.01164
2460034.77272860  15.06116 0.01203
2460035.33710940  15.12697 0.01903
2460036.34617060  14.95868 0.01672
2460037.28563320  15.16995 0.02238
2460037.75779310  15.22527 0.03093
2460038.24527450  15.01559 0.01663
2460039.39642620  15.06609 0.02171
2460040.35940620  15.10707 0.02517
2460040.76046450  15.00701 0.04315
2460042.24581000  15.13513 0.02473
2460042.51022810  14.98263 0.02335
2460043.70070570  15.05134 0.02467
2460044.35544860  15.03099 0.02028
2460045.51637210  15.00826 0.01113
2460046.76587240  15.13139 0.02520
2460047.62815270  15.08771 0.00966
2460048.23877010  15.12505 0.01185
2460048.51078820  15.03025 0.01220
2460049.24593850  15.02264 0.01096
2460049.50243230  14.97777 0.00911
2460050.28187740  15.10931 0.00871
2460050.72107700  15.06065 0.01312
2460051.22736180  15.08836 0.00655
2460052.48554970  15.02008 0.01187
2460056.66913890  15.08231 0.01186
2460056.67039080  15.07661 0.01281
2460058.71462340  15.13673 0.01616
2460063.37352200  15.05525 0.02613
2460066.69119080  15.07744 0.02366
2460068.29144510  14.95866 0.11338
2460069.30989780  14.85411 0.17266
2460073.44296560  15.12636 0.02780
2460073.56439780  14.99478 0.01937
2460074.46440410  15.00770 0.01209
2460074.67200890  14.97868 0.01534
2460075.34319880  15.20472 0.02323
2460075.65773430  14.98673 0.01759
2460077.65289190  15.04149 0.01106
2460078.65242590  14.96092 0.01251
2460079.65008700  15.04146 0.01126
2460080.65395900  15.02309 0.01437
2460082.64939220  15.11431 0.01396
2460085.64046120  15.11437 0.01380
2460088.62573680  15.11740 0.01220
2460089.62566650  15.07579 0.01270
2460091.62192440  15.13839 0.01641
2460092.61743500  14.95671 0.01754
2460100.59050890  15.19022 0.03961
2460101.58689580  14.85317 0.02441
2460103.57541240  15.06190 0.01631
2460104.57999310  15.02699 0.01073
2460109.47681770  14.92689 0.01446
2460111.56031910  15.04107 0.02189
2460113.57869520  15.04278 0.01092
2460120.49310900  15.03407 0.00994
2460128.29195790  14.90239 0.04324
2460131.24262840  15.16510 0.01850
2460137.22535500  15.14280 0.01061
2460141.23178990  15.00469 0.01123
2460148.47904540  15.02617 0.01277
2460153.47353570  15.12532 0.02321
2460226.88721200  15.12869 0.04089
2460229.88080430  15.13520 0.03320
2460231.87793780  15.05157 0.02139
2460245.84019730  15.01890 0.04452
2460255.83244710  15.01886 0.01579
2460257.59613780  15.17228 0.01826
2460260.55643010  15.04463 0.01383
2460262.79393270  15.03441 0.01293
2460264.80611830  15.00349 0.01349
2460266.54281050  15.03945 0.01425
2460268.77206110  15.00090 0.01387
2460270.51996020  15.10316 0.01666
2460272.78403540  15.11337 0.01777
2460276.77638670  14.89900 0.03837
2460279.85356120  14.99202 0.04587
2460285.56799440  14.95730 0.02579
2460291.46401670  15.12287 0.02095
2460294.72507790  14.93849 0.01347
2460295.71889300  15.06638 0.01414
2460296.72660220  15.02635 0.01266
2460297.76900010  14.93771 0.01230
2460298.78029100  15.07460 0.01208
2460301.69660440  14.98213 0.02461
2460309.68170330  14.97386 0.02026
2460311.75270460  14.88223 0.01886
2460312.71889230  14.93223 0.01388
2460315.76435300  15.10516 0.01209
2460316.66331490  14.99708 0.01169
2460320.83837950  15.07539 0.01227
2460321.81622180  14.91960 0.01120
2460322.43840930  15.06505 0.01461
2460322.82388200  15.03602 0.01056
2460323.81948390  15.10988 0.01084
2460323.82072430  15.12249 0.01573
2460324.83088960  15.01390 0.01066
2460325.83146380  15.07733 0.01163
2460326.83630360  15.06068 0.01270
2460327.65265050  15.02257 0.01137
2460328.83393100  15.11237 0.01304
2460329.65082210  15.07991 0.01982
2460329.82932810  14.98360 0.01158
2460330.79903280  14.98876 0.01282
2460331.79478290  15.08292 0.01258
2460332.62600880  15.00240 0.04185
2460333.64055580  14.91497 0.02552
2460338.78269540  15.13930 0.02961
2460352.82018860  15.01996 0.01320
2460353.81952240  15.00934 0.01370
2460355.81430400  15.03017 0.01136
2460358.62207190  15.03128 0.01512
2460359.52505330  14.97997 0.01778
2460364.82069590  14.96542 0.03485
2460370.76359380  15.10545 0.02124
2460371.78235270  15.03647 0.01430
2460372.65668840  15.01754 0.01127
2460373.65939860  15.07284 0.01049
2460373.84188970  15.03093 0.01469
2460374.64343450  15.14033 0.01415
2460375.82050810  14.98719 0.01165
2460377.75764270  14.99045 0.01274
2460379.79699410  15.01447 0.01128
2460380.75530370  15.05039 0.00809
2460381.79101340  15.06815 0.01168
2460386.50556680  14.93037 0.01166
2460388.49313770  15.15087 0.02228
2460388.72529040  15.00295 0.01223
2460389.51501610  15.05406 0.01164
2460390.80515930  15.03659 0.01369
2460393.78116810  14.97135 0.02841
2460394.74159490  15.07443 0.03565
2460395.68771710  15.03397 0.02987
2460397.68211630  15.05427 0.02087
2460399.51796490  15.10764 0.01307
2460400.57366450  15.05332 0.00966
2460400.77645830  15.16382 0.02004
2460401.52759520  15.09078 0.00916
2460402.57572210  14.98687 0.01053
2460403.52598670  14.98716 0.00937
2460403.77033700  15.14759 0.01497
2460404.76451290  15.08894 0.01446
2460405.76104820  15.01073 0.01150
2460409.75402460  15.13962 0.01313
2460411.74884330  15.03735 0.01120
2460417.72960000  15.00457 0.01412
2460418.70212150  15.05727 0.01739
2460419.72671400  15.05348 0.01651
2460420.71988140  14.97497 0.02230
2460423.71389460  14.96518 0.03198
2460428.63201020  15.04685 0.01548
2460432.53604830  15.07820 0.00939
2460433.60350600  15.00306 0.00976
2460437.56920460  14.99414 0.01293
2460442.21435200  15.08569 0.01037
2460442.68038200  15.12534 0.01720
2460447.47763240  15.02753 0.01081
2460448.63148090  15.03230 0.01632
2460449.62729440  15.00307 0.01789
2460454.61929050  15.21806 0.03802
2460456.61418100  15.06446 0.02555
2460457.52894360  14.98536 0.01436
