2458283.7837961	15.256236807533828	0.0104941058391676
2458291.4472166	15.247899902677023	0.0355490423839417
2458301.524922	15.21208342857402	0.0132204562389865
2458303.5584195	15.301993102129044	0.0127451463329728
2458313.5864835	15.217966572789363	0.013806244332316
2458314.7082547	15.275096416296636	0.0125639152037126
2458324.6780595	15.442287788261735	0.0388739991648845
2458326.4721695	15.371566706178744	0.03140592601078
2458328.6408474	15.2689053151951	0.0261244990877416
2458335.6461677	15.326041440675908	0.0178099540332782
2458339.6102872	15.16742466409232	0.0175197408194142
2458341.6262239	15.26659384678917	0.0137198246981077
2458355.5867539	15.239841171610674	0.0320922116445376
2458358.5762091	15.318528389171943	0.0327980427011276
2458360.5696336	15.222326917456217	0.0186195967741352
2458361.570228	15.346647258264149	0.0187727366533267
2458364.5488995	15.388181891335352	0.0185440229510159
2458367.5422719	15.329807078718144	0.0161576015519873
2458369.5429103	15.310935413685725	0.0187263502706142
2458370.539391	15.265908733047327	0.016006632924146
2458373.4996437	15.229972855995126	0.0175849336369426
2458390.4842514	15.372273016501602	0.0266275414403794
2458492.8655311	15.483530825501663	0.0464395201936443
2458505.8490758	15.513166192028956	0.0438190989569024
2458506.8468086	15.202637114137952	0.0363771211108288
2458507.8485565	15.258599385707605	0.0342185773642646
2458508.8403457	15.38691720901539	0.0279664510579928
2458511.8598559	15.139160200930702	0.0300290610758035
2458513.8749334	15.31380452406902	0.029780863996146
2458514.8661899	15.150204543051016	0.0186826793937997
2458515.872769	15.442536653473356	0.0250223640909263
2458518.8564281	15.372783247545312	0.0175825217243863
2458523.8026324	15.298386751321226	0.0159879981272801
2458524.8290348	15.329879823135911	0.0177557339880534
2458526.7899933	15.310433692724889	0.016186795764817
2458527.7883383	15.380202969937692	0.0159614866861334
2458532.7779643	15.356691800223189	0.0493917116438584
2458534.787173	15.47365276592351	0.0619420301633989
2458536.8529626	15.229744267498235	0.0366761943976594
2458537.7744468	15.332859716252337	0.0326220298024622
2458540.8549178	15.177638561511545	0.0210341041218508
2458541.7492264	15.257927524213668	0.0239633751060453
2458542.8532338	15.290776905496791	0.0301852345442161
2458543.8671982	15.3055194084013	0.0154034465476129
2458544.784925	15.323344933598124	0.0182617562560838
2458546.8375653	15.275506182299075	0.0177266562462403
2458547.8219437	15.313940613331448	0.015613876921723
2458548.8254247	15.197241901954586	0.0145525917933108
2458550.8230618	15.23823527943097	0.0147625926020932
2458552.7834529	15.261840111148707	0.0181487019609332
2458553.7166042	15.341526480060065	0.0213951074942876
2458554.7180776	15.230573528306351	0.0134590301918209
2458555.7132921	15.28708003964637	0.0156982512513555
2458557.7227058	15.22319915964066	0.0151418742339811
2458559.7521903	15.248930611781333	0.0179178899950277
2458559.9039699	15.273619040308066	0.0233636740479105
2458560.716217	15.224783928144012	0.0258642094163162
2458562.6950949	15.253158095170384	0.0344942263993051
2458564.7581648	15.271333192151936	0.0368543173302415
2458565.6827623	15.214517866684256	0.0385162692188997
2458566.7672507	15.32809963339494	0.0324612905100071
2458567.8880893	15.32384122226482	0.032842246747942
2458568.8381338	15.29332919374883	0.0268896134440964
2458570.6045349	15.331682724965406	0.0211050264789272
2458571.4049147	15.20598034374592	0.0135910584237158
2458572.6363797	15.257896355564275	0.015813235732363
2458574.7275409	15.452401858527642	0.017338849408136
2458575.6795659	15.296462212702764	0.0119807306557045
2458576.6377265	15.20765871197196	0.0145777783883476
2458577.6752805	15.270899674280749	0.0172364140152147
2458578.7151242	15.228579774682451	0.0148249168160607
2458579.726202	15.339775853793096	0.0173229218083639
2458580.6561971	15.342260376015712	0.0159634729418745
2458581.6666594	15.178303354009222	0.0145667426519079
2458582.6500372	15.407441383877163	0.0253905876146534
2458582.7001045	15.41500979776864	0.0228839077257846
2458583.6541582	15.26403414125848	0.0157244554244506
2458584.6310614	15.241354170603984	0.0120177883778866
2458585.6129682	15.345667699131774	0.0178622530415646
2458586.6121593	15.329299689739477	0.0165520718915845
2458587.643519	15.351849916002262	0.0274037982725769
2458588.6678913	15.179983839908056	0.0240436207021661
2458589.647613	15.20737127193243	0.0291180196958819
2458590.6957813	15.362291967390163	0.0357702464139444
2458591.8104492	15.27003816769209	0.0304711264894233
2458594.6329601	15.151968362911536	0.0355382430023944
2458595.7213916	15.080352218914822	0.0412895592048013
2458596.7268155	15.289377287592746	0.0229708198650405
2458598.3785449	15.324776869931856	0.0214972963604107
2458599.3158941	15.353876410862386	0.0178434399125821
2458599.6338739	15.22599847687683	0.0134985839191321
2458600.3344498	15.192575088137437	0.0135398162269091
2458600.5909845	15.285681172379466	0.0167089167346704
2458600.7217358	15.35235051812869	0.018573383397966
2458601.3229655	15.227018399933172	0.0111834379040125
2458601.8794227	15.218600002723797	0.0221976093223687
2458602.3932066	15.180134659438655	0.0190360509022912
2458602.5700759	15.231314921100289	0.0094538625951571
2458603.4012714	15.355090346734698	0.0214487363328941
2458603.8370243	15.260468931257645	0.0160770456030886
2458604.4584694	15.165487724381808	0.0170563324779229
2458604.5656825	15.321874255615525	0.0114261194247146
2458604.7636707	15.340479619253228	0.0173069186217562
2458613.2746742	15.288594131360515	0.0148217102410761
2458613.5891843	15.21228714586258	0.0144189270696066
2458615.2699904	15.392559945511238	0.0208864925189755
2458615.7203478	15.324612786179754	0.0171069226647473
2458617.7492194	15.366918155999748	0.0206018455794681
2458618.7109866	15.438656497494003	0.03511366190584
2458619.5323064	15.387178407868852	0.0181986747582894
2458620.2542275	15.44655633734964	0.0388234254071524
2458620.7186957	15.43937631749268	0.0488477802127244
2458621.2638797	15.332991101015516	0.0274428637252927
2458624.7179514	15.226131272270164	0.032251815730815
2458625.2879916	15.339462348662254	0.0296036265874164
2458625.5576575	15.382784192554622	0.0269793048670188
2458626.2438843	15.257372941206237	0.0152733634547038
2458626.6508701	15.433149538275376	0.02736645057666
2458627.3141323	15.310730250172217	0.0182878190591537
2458628.228466	15.249367208370032	0.0144027230995521
2458629.3170208	15.205382413606854	0.0146292991138816
2458631.2394235	15.288386981887408	0.0195124589555822
2458633.4855069	15.339145967942873	0.0150811596080404
2458636.6927887	15.376860338266322	0.0163860167639653
2458637.2638395	15.216971733796534	0.0140755089120543
2458637.5552651	15.272217083389618	0.0154029785371343
2458637.8086407	15.386389860807906	0.0206324394241924
2458642.200991	15.304813590676224	0.0108454371189363
2458642.6276795	15.358154701459847	0.0182861669495621
2458644.7745771	15.1818342711495	0.0170621614716382
2458645.7588212	15.29257270125915	0.0164666789738894
2458646.4916983	15.33458179693358	0.0155208556393415
2458647.5808034	15.289943106441395	0.0248304994995805
2458648.1928794	15.31483837655324	0.0361791954332413
2458648.5390972	15.404701503436284	0.029179455644669
2458649.2041374	15.265212256608208	0.0209304636305406
2458650.5843819	15.366147024952198	0.0359966124905754
2458657.5628475	15.14893809744454	0.0178337576671766
2458658.6128051	15.302393344428102	0.042316012320426
2458658.6285928	15.275735614388193	0.0281695099270891
2458660.7642706	15.300289773477951	0.0216153513934119
2458667.6317666	15.349126220778462	0.0139245008386239
2458668.6115947	15.3534331757575	0.0214498454737206
2458674.7275171	15.391354800728507	0.0150464631869551
2458675.6744265	15.366615216556472	0.0234268797925397
2458677.3184066	15.218902589137947	0.0292875054544579
2458678.5084774	15.10729162917406	0.0333582088642461
2458679.4219255	15.176045657556092	0.0540779956593654
2458679.7052388	15.126183840898042	0.0375535380411346
2458680.7092269	15.252884365935508	0.0771363582145868
2458681.6390736	15.425847602177214	0.0551798842588791
2458683.4891707	15.321945761666216	0.0163505444342396
2458684.4956239	15.278124988610031	0.0124085647375818
2458685.3980078	15.3319102574844	0.0219756257797902
2458686.4185803	15.296263081555107	0.020642837674779
2458687.6935151	15.327784198933973	0.0173522921006071
2458688.6435633	15.454925071006514	0.0189388027576706
2458689.6858107	15.219496681559813	0.0206995849857596
2458690.5731479	15.158976420310797	0.0186381442363852
2458692.6799597	15.30762714280372	0.0150350258306603
2458693.6447015	15.271710099723991	0.0160164145928629
2458696.2965671	15.186885349299502	0.022650821916772
2458697.2741417	15.369570383217358	0.0189377613125272
2458697.6524498	15.2241931557171	0.0174616326284442
2458698.3502175	15.155807130929306	0.017793755756369
2458698.6581959	15.424622842595436	0.0206470332549789
2458699.6594311	15.288499510067684	0.0150470068337897
2458700.6570529	15.23020054700446	0.0181713635152637
2458701.6533109	15.425886586813128	0.0178109973139468
2458705.3072811	15.409325149705229	0.0366087049651951
2458705.6433388	15.247722555034985	0.0289538815102521
2458707.6323784	15.325163562248896	0.0315870242600493
2458708.6219716	15.24477133065182	0.0332551810099688
2458710.2872081	15.314554515548815	0.0306791270121891
2458711.6270227	15.29766459146466	0.048715932087748
2458712.2308912	15.24417972594716	0.0233637378880247
2458712.6199578	15.24252186941493	0.0460630301017755
2458713.3662167	15.169962036792718	0.0425674803824112
2458715.3185339	15.372668066440866	0.0208158190201481
2458715.6164236	15.255396925705275	0.0219682234867156
2458716.613277	15.315567848180669	0.0159236346446762
2458717.279536	15.15947868257805	0.0170871917656295
2458717.5950796	15.347770031071896	0.0185513008937323
2458718.3273076	15.29992665620782	0.0196894797100348
2458719.2264252	15.329373296593516	0.0168947589592308
2458719.6062772	15.284963983980138	0.0161385718249708
2458721.5995407	15.161645003123068	0.0180087283797719
2458722.2966327	15.167504120489223	0.0143004088544356
2458722.5944863	15.34502617956562	0.0187626455915291
2458723.5918044	15.322878871036352	0.0147354916203327
2458724.2321201	15.380108808464083	0.0167702644150484
2458724.586149	15.299926160590822	0.0125891157532611
2458725.583598	15.400784059283431	0.0172217416032332
2458726.585696	15.257974600948431	0.0165217479635681
2458727.3266222	15.191334133623611	0.0154842417713558
2458727.5821153	15.307154110314618	0.0170137098673549
2458728.2837019	15.277402796313185	0.014996096167788
2458728.5785785	15.353263687290012	0.0191927296430887
2458729.5699541	15.293921127271885	0.0151593950798577
2458729.575683	15.266257978409309	0.0152969787226173
2458730.5701032	15.43101547794394	0.0194099009851149
2458730.5731134	15.393062258928316	0.039943393074638
2458731.570365	15.32705461041347	0.0236654744457636
2458734.5657503	15.14734816632816	0.0286819945495214
2458738.535957	15.294607410537465	0.0431773715570749
2458740.5501066	15.288650148147871	0.0379512611968544
2458742.5414928	15.207609168903264	0.0234112565832972
2458743.5386334	15.354057749664358	0.0195468161569834
2458744.5130715	15.376070379364837	0.0205514070463993
2458745.5148613	15.26242015955246	0.0144677039113614
2458746.5114765	15.367967237084567	0.014666173231972
2458747.5080767	15.37963778289564	0.0171741853777471
2458748.5044024	15.21884652109855	0.0171839671596136
2458749.5010249	15.449052275303078	0.0188059943580438
2458750.4966233	15.227885217810575	0.0157742427312302
2458751.482441	15.277613395710476	0.0274341287017976
2458754.4872281	15.306728829715478	0.0277897791278474
2458755.5025143	15.150263848273324	0.0176790528811789
2458756.4806919	15.150987992174043	0.039483663249005
2458868.8619193	15.235142696064068	0.0265591394593212
2458870.8566822	15.21290413471937	0.0227030878156987
2458871.8563252	15.30149504856472	0.0202066538258075
2458872.8499012	15.37174161946232	0.0246384292967005
2458875.8666402	15.14859426336342	0.0214585031290091
2458876.866837	15.280654001251392	0.023984133512429
2458878.8737029	15.254685916063996	0.0190190871808207
2458879.8733586	15.400472908427448	0.0215241639336803
2458880.8688949	15.245395824768366	0.0197882449217664
2458889.8322091	15.252290185883016	0.0388677638989036
2458890.8143371	15.2190712669128	0.025980054252042
2458893.837619	15.285114443739364	0.030522041375234
2458899.751214	15.450398765118976	0.0213296753419425
2458900.7520404	15.067874884964148	0.0314988336918897
2458900.7544879	15.046027056901208	0.0379419326388559
2458901.5221948	15.380433828175716	0.0288945005244167
2458901.7558625	15.359251191226427	0.0181497428112064
2458903.4982577	15.240964262992652	0.0170183080910577
2458903.8196437	15.296044833984253	0.0204266883960011
2458904.8173517	15.202219203447456	0.0199020944882858
2458905.7436629	15.201695268757138	0.0163596108807563
2458906.7965824	15.354265251735711	0.0231722151385231
2458907.7689731	15.143235654374784	0.0153710063624893
2458908.7725379	15.3481624899806	0.0207164291085246
2458909.7459772	15.33894966285586	0.0306823414568283
2458911.4788278	15.242398246514536	0.0238205062933576
2458911.7295	15.219817592374618	0.0275093785519489
2458912.7283651	15.35296032240495	0.0274446014969901
2458913.7235465	15.249413914779192	0.0274993654144314
2458914.7374921	15.478413672058991	0.0345365184595182
2458915.7156908	15.326766649185425	0.0359277012609736
2458916.8465258	15.334438623669495	0.0397548418444104
2458918.8367338	15.532242185200396	0.0499510393187599
2458920.8703838	15.28678845152413	0.0469049276159664
2458923.7998755	15.284088965609566	0.0234395352551135
2458925.6844962	15.360112495575544	0.0174085020728867
2458927.4417374	15.261892791304552	0.0183799444473319
2458929.4173862	15.239883124293817	0.0170162336354058
2458931.4293834	15.313980721467129	0.0170162443175692
2458979.2708644	15.196891631417127	0.0419608401891955
2458980.289365	15.272874503808389	0.0226522324472005
2458983.5626348	15.371291236827751	0.0231878631603608
2458989.5050256	15.41917259857259	0.025258285656048
2458992.4065958	15.319087270739017	0.0133602846832172
2458993.4113785	15.318240329251436	0.0204598141020346
2458999.4912037	15.398705999170144	0.0226080465381549
2459009.2709091	15.189419053960592	0.0244942286618882
2459016.2665897	15.207264136145142	0.01859715601807
2459019.375557	15.358138633467592	0.0179336026117606
2459024.231973	15.268879009707572	0.0115791848450062
2459029.494058	15.15000272319729	0.0170660327994041
2459031.33576	15.194746297330523	0.0270743038037518
2459034.3943013	15.531074501529966	0.0613898067705433
2459036.2120182	15.336994216302545	0.0467988375257614
2459046.3843936	15.183795196739588	0.0139609428129949
2459050.3827497	15.363934316238216	0.0167160578012267
2459053.389252	15.320120594266754	0.0146697571988883
2459060.2835904	15.074507314919208	0.0293007099800952
2459063.3445839	15.385261435691492	0.0673826561994552
2459083.3155298	15.13220184574828	0.0159301535489735
2459097.3219916	15.422095974313532	0.0426428923684749
2459116.2583381	15.262380432998716	0.0264082645141312
2459120.2548123	15.24204586146407	0.0313012690611587
2459128.2308291	15.121815001036076	0.0520524613479088
2459128.2320645	15.130677264204024	0.0514614898455574
2459216.8628567	15.179177354979911	0.0915483307977036
2459217.8578412	15.396797738961515	0.0423473923016792
2459220.8509731	15.456720239525838	0.0378334339531174
2459222.8434915	15.309414964573095	0.0244569088584473
2459228.8319957	15.335620578979857	0.020812199319342
2459230.8713609	15.448160908997512	0.0548076698430077
2459233.8707057	15.30226474730174	0.0385117160933414
2459236.8238619	15.355638855541947	0.0219948582229055
2459237.8378395	15.217628979504704	0.0314603943304758
2459240.5468976	15.259161236438132	0.0275145664301869
2459241.806747	15.399865018979153	0.0498608601675655
2459243.5639321	15.102507580601102	0.0462937415784536
2459246.5448289	15.254821191566156	0.0371205533686948
2459249.8063967	15.338350562230758	0.0349523216884941
2459250.7866286	15.269759534050667	0.0195791490444751
2459254.5888323	15.323842568318376	0.0229199367476797
2459255.6052286	15.213685087305096	0.0143148824504575
2459256.7673614	15.140748596628177	0.0197404872378775
2459258.5991978	15.186938519150438	0.0476897355623465
2459259.7545333	15.339012316751504	0.0169645091126267
2459261.7966326	15.29553125468573	0.0199111791012583
2459261.8562471	15.375485215690864	0.0164208204948423
2459263.7507722	15.265371283503352	0.0172776995638359
2459264.7453154	15.2361278121878	0.0172089503428802
2459266.4921466	15.213777862666667	0.015178003316239
2459266.8484658	15.215366212889457	0.0189324864661841
2459268.6115291	15.171051670030916	0.0167100244327016
2459269.726255	15.184550342955944	0.0337013692727461
2459270.7413638	15.444938786251276	0.0401572408990547
2459271.7295169	15.26645232928092	0.03794360033831
2459272.7174363	15.235844843464925	0.0401920908021571
2459272.7262867	15.152396327625212	0.0426117833523169
2459273.7178115	15.49782801325421	0.060200729242276
2459275.7043813	15.41558335118019	0.0401475095197916
2459276.7020519	15.396903523239802	0.043639565596891
2459276.7893623	15.21925146692136	0.0298607589476014
2459279.5470631	15.256935599812856	0.0204219923926939
2459282.8921432	15.280973267967648	0.0156978667180617
2459285.8748901	15.258730831188853	0.0131469595348405
2459288.6764965	15.298468519742002	0.0159610873116824
2459291.4174376	15.222930387434534	0.0165270418510536
2459293.6677917	15.260473860339886	0.0189570516734285
2459294.6760233	15.369310038521617	0.0161823719091539
2459296.6535973	15.25541170882304	0.0268462843934247
2459297.7897545	15.254515050139378	0.0188914067550693
2459299.6404239	15.40024534756978	0.0461963811490455
2459300.6835051	15.261143506548487	0.0393043279394627
2459301.712481	15.308481898815426	0.0382828326196835
2459303.7543255	15.395645595975417	0.0549807252872983
2459303.7973735	15.526167537988218	0.0453119159139653
2459304.8489826	15.278849736455811	0.0390483884294882
2459305.8151061	15.28694930260402	0.0363809380235704
2459306.6934155	15.267048254893892	0.0268624402913365
2459308.4932354	15.239727129239656	0.0201226815553028
2459310.3688658	15.362154598115184	0.0200192969410892
2459312.3663089	15.190875757175348	0.0165309953162066
2459313.6725284	15.22111590149146	0.0179574284852897
2459313.6989274	15.23802853298816	0.0147115677715832
2459314.6686185	15.305570960081544	0.0131767331808069
2459314.7151354	15.35245689182339	0.0199544851346089
2459315.6727919	15.22923804431754	0.0150008590963835
2459317.6072139	15.220316106067788	0.0207670872186437
2459318.4604614	15.16233084129113	0.0233088201332259
2459320.5843492	15.30327412972245	0.0165994154349086
2459320.6070782	15.267844818770053	0.0148613258002431
2459321.5888581	15.405791127789769	0.0222137410576491
2459322.6491826	15.250975312965394	0.0234456599473023
2459324.5810373	15.348326624687893	0.0239489925548952
2459324.6035502	15.303842837455024	0.025772058325956
2459325.9073131	15.393720550457443	0.0202041195829509
2459328.4040741	15.316303226396018	0.0319353292019102
2459329.5713278	15.205528660511256	0.0434056172362628
2459331.755271	15.27673849121982	0.0704075138100888
2459333.6214192	15.447329390774447	0.0443409663901149
2459333.8673469	15.365049022658535	0.0545797682542605
2459336.3673597	15.279402218059555	0.0209009797846581
2459337.8148372	15.192590025248515	0.0281731357077349
2459338.5276246	15.14233264584999	0.0191922039305234
2459339.6459135	15.336873053065766	0.0184949503551775
2459340.5442507	15.317929741002532	0.0183140367666311
2459342.5202385	15.38638749819224	0.0159651470398297
2459343.6492407	15.37036885270388	0.0185581053978779
2459345.4622505	15.284530541688904	0.0156857552916625
2459345.7045059	15.40480761774464	0.0183039124520367
2459346.2790625	15.19864264825917	0.0162897823322482
2459346.5798832	15.279998991489892	0.0117527072944484
2459351.4933062	15.32555586053916	0.0229701341140572
2459352.551671	15.396511672011464	0.0307513356845746
2459353.3406743	15.160499451358088	0.0187449732857079
2459356.8225216	15.311084310085416	0.0145436446708169
2459357.5110695	15.299537001176311	0.0175933772516547
2459357.5797623	15.191889126659234	0.0305276095958811
2459358.776632	15.26652429193349	0.0255562723619988
2459359.7342574	15.130319212391132	0.0331025713139382
2459360.2402144	15.493990797240462	0.0712780996981374
2459361.7757235	15.115253666001964	0.0306292624756197
2459363.6217244	15.254318293940766	0.027988102215158
2459366.6587067	15.37588338221038	0.0203834876336885
2459367.7029078	15.226764792734084	0.0148065696943727
2459368.6293044	15.21697976423547	0.0185731458005522
2459369.6384977	15.36652865679958	0.0148257076468948
2459370.7002927	15.250456436886203	0.0156673617872592
2459373.6638571	15.181589982797394	0.0175659614294632
2459374.5483109	15.136389434042808	0.0225764229935805
2459376.3267325	15.191261137727242	0.02045628829583
2459379.4691767	15.338968108852622	0.016071766719299
2459380.5230883	15.17621121516703	0.020369316307894
2459384.5112213	15.31672724909523	0.0285896074205598
2459385.5619518	15.302859135256863	0.0252285555373528
2459387.4927768	15.265892931535284	0.0365822102339206
2459388.6969244	15.452318305173764	0.0640629544703501
2459403.351043	15.34595579808504	0.0165769300384353
2459406.3655204	15.395912457343575	0.0221790016214474
2459408.7021191	15.27334695840387	0.0188615853597395
2459412.5358297	15.356119762797952	0.0237289807975088
2459413.5297503	15.18595402483715	0.0212210972658565
2459415.5727315	15.248401689307856	0.0257124873455013
2459416.6339306	15.32897672429959	0.0419652541710341
2459419.5585525	15.316935910194005	0.054417877794142
2459420.6444463	15.348733599506728	0.0537130436985849
2459426.3969745	15.346994242549506	0.0185102255976185
2459428.5126658	15.373139419949082	0.0177376172496236
2459435.5150286	15.334673436754224	0.0205840938804565
2459437.5258929	15.287703271969123	0.0203768268579602
2459439.5723952	15.295702429950056	0.0175663977768658
2459440.6201878	15.209883842963068	0.0192643505610289
2459443.5730781	15.2741242756403	99.99
2459444.6253575	15.380915567057086	0.0354239978841317
2459451.3354489	15.205024125398989	0.0368089211655953
2459466.2754577	15.265285863106264	0.0209545033239433
2459467.499974	15.295615476854833	0.0156272781605901
2459471.5000679	15.399833480816415	0.0284061471402203
2459474.5390485	15.430871606302489	0.0400054315611632
2459475.5294999	15.165059665397642	0.0402551749450902
2459478.2870268	15.548858452231473	0.1051280002698364
2459480.4895031	15.304358882633922	0.022303660700519
2459482.5070292	15.396988793904615	0.0165269146294643
2459483.4874992	15.232825669431875	0.0197869410834467
2459485.5000995	15.309673060528734	0.0192089842070181
2459493.2420548	15.366132656084076	0.0245633144936905
2459581.8609657	15.389355060548048	0.0585721079421857
2459584.8546808	15.33122229818544	0.0268360229672392
2459587.8468867	15.338877651351838	0.0173068815714225
2459594.8434548	15.521262238640386	0.0619357176978843
2459597.823734	15.266892400528484	0.0523038504350199
2459597.834323	15.281279766365213	0.070605920183249
2459598.6150775	15.345854663772528	0.062759157463279
2459599.8264015	15.404654096443052	0.0473217833906827
2459600.8273218	15.442463456935371	0.0453612947781878
2459602.8059046	15.31722833624356	0.0421289427103087
2459605.8173145	15.365181835702362	0.0290062294189743
2459605.8245995	15.291005433477684	0.0250133003569368
2459607.5818226	15.3276220933604	0.0174757571385481
2459608.7958379	15.266248057114336	0.0234125459462231
2459610.8038721	15.37913947177794	0.0265699938024296
2459617.5450405	15.247240302401648	0.0186211936354959
2459620.7801993	15.317097321717924	0.0214276724498927
2459621.7718747	15.351068446898124	0.0206676095241243
2459622.7988914	15.231675533080049	0.026192886935031
2459623.8000517	15.412895972559886	0.026811580319919
2459624.7863146	15.137138946187648	0.0351787550545584
2459625.8122174	15.452726536673453	0.0679448683965063
2459625.8610895	15.422749647279089	0.035010291155704
2459627.7506285	15.186671824022715	0.0438309580661073
2459628.744721	15.333089854144506	0.0451558209602813
2459629.7449236	15.413455577896372	0.0393371804550186
2459630.7650318	15.22686924559058	0.0292002421254723
2459630.7903301	15.388081015951045	0.0470536226302632
2459631.7964317	15.409894843730427	0.0328345207774148
2459632.7474014	15.294292476690178	0.0176747362939453
2459633.8186363	15.357025749258709	0.0214078020268937
2459633.8996408	15.443781958540502	0.049215461325041
2459634.7793214	15.29247388681496	0.0206156624436241
2459636.7647156	15.330760103647092	0.0250098968665732
2459637.8855602	15.25560010498036	0.0159829030579818
2459639.5057043	15.314727754459796	0.0129973202535718
2459640.7047759	15.288689167540031	0.0182690478109506
2459643.7009422	15.164033840963793	0.0160589313328291
2459644.7025807	15.363015686718422	0.0141064990591773
2459646.6896608	15.22120560265118	0.0160224963690328
2459647.6842207	15.335011760956018	0.021103583028159
2459648.6938305	15.309252317288845	0.0178321157555368
2459650.6890707	15.354559658294516	0.0245694468615592
2459651.7108522	15.168195619702708	0.0241728495027031
2459652.7020984	15.29860607416846	0.0243039680372273
2459653.8133751	15.373894266358366	0.0196517302824767
2459655.7280541	15.28226227568052	0.0473713420487658
2459656.6370327	15.261525805025691	0.0434153641957117
2459658.7030232	15.35686186667151	0.0325614799642591
2459658.7631638	15.113918888703662	0.0283256832041592
2459660.530922	15.279010341619326	0.040682845320801
2459661.7203442	15.157329564279468	0.0225898291001738
2459661.7228366	15.248974636318614	0.0340977970441877
2459662.6877267	15.168418049038385	0.0210912987745588
2459664.9003608	15.198836832575983	0.0206823309533123
2459666.6016027	15.357706171274923	0.0295512546036982
2459666.602843	15.4389968425423	0.0395285385598438
2459667.8786378	15.168502387345104	0.0287108776158217
2459668.778963	15.223119130258828	0.0156718236913757
2459669.8025003	15.350816360817774	0.0159490382621789
2459670.697595	15.330477024360777	0.0178570211911445
2459670.7410632	15.38377935630331	0.0162518076645927
2459671.630223	15.376327533742796	0.017216789072983
2459672.625568	15.332986683015442	0.0151737649256957
2459673.6132977	15.280292156066547	0.0127363772557577
2459674.6107371	15.414483138208174	0.0197413675377608
2459675.6117159	15.265377803582403	0.0117846447142127
2459676.6748492	15.318826866534312	0.0209412397818223
2459677.6330471	15.262105375537258	0.0124256962314333
2459678.6199237	15.277091019702132	0.0146918943078254
2459679.6271848	15.297385258273376	0.0141537356122139
2459679.6296673	15.323182832017268	0.041244392937937
2459680.6334168	15.173830545690198	0.0179145431574975
2459681.6294896	15.33858093552583	0.0207244773760506
2459681.631982	15.249257008333595	0.0277951131832829
2459681.6900321	15.377836120812296	0.0239638680259781
2459682.6855268	15.290284989709123	0.028568488419892
2459683.6871862	15.36667765794935	0.0285210504261227
2459683.6956432	15.386751695317551	0.0319022047707526
2459684.7360476	15.28644004902594	0.0354281874077621
2459689.7907924	15.371575742847428	0.0246074344946211
2459690.8728534	15.164857321485384	0.0288105071183083
2459691.5929714	15.214651905099997	0.0162443084544427
2459691.6495783	15.286949174570909	0.018809119412827
2459692.8086542	15.404096387318011	0.0270902122360152
2459693.685192	15.29146501941782	0.0138565982844379
2459694.8770451	15.427474094434375	0.0183610525544789
2459695.7350578	15.327879684846256	0.0140724090340746
2459696.7631597	15.423501923624729	0.0182052755264819
2459697.8056254	15.29870788205834	0.0130441549293474
2459698.6261654	15.120465844122544	0.0155574232231352
2459699.7194973	15.36465671164006	0.0217024103415375
2459701.4117012	15.23007585158685	0.017537005662203
2459702.8354436	15.327154027936889	0.0130007650422644
2459703.5945948	15.331083022870471	0.0249305494359739
2459703.673651	15.27944692563478	0.0128899435109022
2459704.4300683	15.38234329445649	0.0175362892366633
2459708.6061435	15.305868044866802	0.0242896935668463
2459708.6328601	15.314824304543729	0.0201438330444988
2459710.5155383	15.221489770906002	0.0180136832693218
2459711.7151933	15.297264206888537	0.0221630867829045
2459711.7164846	15.29457960204246	0.0468663376983336
2459711.7177674	15.32265202195097	0.0342289941362614
2459713.6134819	15.324630743039586	0.0334133724725294
2459713.6147682	15.342726346773391	0.0595652065405905
2459713.8509581	15.26568729565282	0.0394858748701881
2459716.724435	15.291864063893836	0.0729433997218188
2459717.6808957	15.4826149708816	0.0365812535927544
2459719.786881	15.238978242551944	0.0246833757241174
2459721.7984836	15.365829451255005	0.023000122108352
2459721.8521898	15.213544735332029	0.0194451636768147
2459723.5635725	15.34305337590656	0.0176717885805974
2459726.3239102	15.299804740350345	0.013093388403775
2459736.5752013	15.389823515957108	0.0175185126845889
2459736.5764998	15.386575790396147	0.0204117365329002
2459737.5624977	15.223461664810426	0.0158153527083969
2459738.6050375	15.308089893670338	0.0141353459769739
2459739.6477016	15.221253039760166	0.0140493130001155
2459740.7157895	15.371217506305149	0.0349219020378798
2459741.7289011	15.160057453161276	0.0268384496653516
2459742.7648817	15.388269501247056	0.0511380451662654
2459746.738724	15.22214022401606	0.0398120712365719
2459748.649375	15.363515605975348	0.0275033129181358
2459748.650615	15.355970506083668	0.0548787836448722
2459749.6174251	15.421419335440207	0.0232779722587547
2459756.4485496	15.42408020334758	0.0252757477316929
2459758.2707957	15.355890390203408	0.0193779054764057
2459759.5700515	15.358580415525422	0.0123642337171167
2459759.6021522	15.250952481591414	0.0138397903533621
2459759.6046188	15.251686938757771	0.0277371968749837
2459761.3475969	15.258028028681563	0.0129587791548935
2459762.5794612	15.512590816920644	0.0312733065538112
2459763.6354525	15.244124641751318	0.0153212702888958
2459763.6917905	15.40864564164311	0.0168055107690246
2459764.6729564	15.310013132966349	0.0120668174536975
2459765.7292275	15.413525695630256	0.0224174455058215
2459767.5238477	15.30075485408988	0.0182010698290349
2459769.561213	15.29248516845981	0.0243203538350071
2459774.4488306	15.164110638365475	0.0720757823229713
2459777.4243599	15.28033215602006	0.0332710546229064
2459782.5690368	15.249889338412949	0.0143934455041631
2459783.5968177	15.318935726349194	0.0134253426158613
2459785.4774604	15.268240729543065	0.0141550051002975
2459787.6645658	15.40119280122499	0.0170126371128209
2459791.4737217	15.257099340924182	0.0150285288919873
2459792.5234734	15.216052891641516	0.0153609569341078
2459793.5203885	15.364778783721594	0.0220846411888637
2459794.5089468	15.404804727829262	0.0196986279397395
2459796.3260923	15.338371479083255	0.0326553746400841
2459798.3418644	15.29033612939088	0.0407341307346358
2459800.4974848	15.34523392700918	0.0351301417998444
2459800.6253069	15.296186620584438	0.038940491511912
2459805.6097473	15.233109181947604	0.0465429879323848
2459807.4765944	15.38686242939109	0.0192256109451359
2459807.4778324	15.422559053487197	0.0248908165773815
2459808.5308438	15.191404003774988	0.0151566376820602
2459810.5116728	15.28064858310904	0.0138687262453356
2459811.550787	15.375817356828442	0.0219302487800121
2459814.245049	15.30352897605832	0.016665604058001
2459815.4866295	15.360916113554955	0.016858548607446
2459815.4879258	15.338596104319675	0.0359138951033752
2459816.5299253	15.267289260526686	0.0141348649448801
2459817.5322644	15.370014311527536	0.0173183451247236
2459818.498302	15.162674749300535	0.0160167733726479
2459818.4995535	15.156465662613122	0.0219061207267954
2459819.535416	15.30970259903079	0.0201731367301721
2459820.5448009	15.209620355900269	0.0183036790281367
2459821.5826952	15.280482106771306	0.0147024006649639
2459823.5015831	15.336439869155305	0.0152966855418355
2459824.5537629	15.365454507222577	0.0200301383784097
2459826.4900599	15.118997407265478	0.0284047202472797
2459829.2743183	15.204946047635785	0.0432907692428491
2459833.3048906	15.0577008739343	0.1093282253268112
2459842.2622224	15.250541672280065	0.015555023957167
2459844.2622196	15.265352854115298	0.0162602075584983
2459847.5156547	15.32850976580641	0.0422453394069064
2459849.2335942	15.322839706111091	0.0303824982769113
2459851.4881289	15.341584209456826	0.027345080725744
2459854.4856738	15.26911228822562	0.0318814878459415
2459860.2378653	15.22420617315294	0.0405761346352378
2459947.8611202	15.19492034750854	0.0340084454030643
2459947.8623723	15.13736386141372	0.0652303494414605
2459951.8576228	15.29532629381288	0.0517020347160963
2459957.5846985	15.173855521930538	0.0328437966539217
2459957.5859289	15.235166722805008	0.0522671220552838
2459963.8157328	15.366741998913527	0.0184677480001196
2459964.8666758	15.165609547271782	0.0264456898694489
2459964.8691804	15.080457660608344	0.0412181302153976
2459965.8307135	15.294093221111687	0.0149911305004885
2459972.5756733	15.166781981742652	0.0116019518788605
2459973.7972662	15.214897905009272	0.020028305276569
2459975.8291094	15.168284070084251	0.0221370588496473
2459975.8704395	15.316212808312804	0.0190045291556362
2459976.7935105	15.313083427784084	0.022056778630295
2459977.7962409	15.341825963143169	0.0186268766652496
2459977.7975471	15.330030361490534	0.0333715774788493
2459978.7880903	15.15867828252874	0.0238063248396354
2459978.7893901	15.196262872336938	0.0425237245128683
2459980.7846547	15.178818499956686	0.0456730188609966
2459981.7996373	15.399803498767652	0.0469301929032739
2459981.8022341	15.48380165522799	0.0600765984959932
2459983.7792974	15.12142540660048	0.0329540371073677
2459985.776848	15.402888448886426	0.0281759353045057
2459985.7781363	15.370158778089946	0.035454352406319
2459986.8826197	15.254361697316764	0.0454457143799214
2459987.8371484	15.20608553234487	0.035972105485854
2459988.7721825	15.227468260277384	0.0235547022226367
2459989.5799878	15.268574803841252	0.0281331914396728
2459993.7585286	15.215566750714837	0.0177190666842906
2459994.7526845	15.18231875515708	0.0164222635332743
2459996.7517075	15.208453250652145	0.0153968169272768
2459997.7717879	15.389153560269596	0.0199784434126099
2459998.8416459	15.181015820258768	0.0183661303716203
2459998.8539334	15.345223900602662	0.0148988744448922
2460000.47321	15.25114347579214	0.015595713760976
2460002.4840276	15.219743652542714	0.0134183612528722
2460003.7049013	15.37648682403065	0.0180864564472875
2460004.7520742	15.209022570031006	0.0172917953992489
2460004.7654595	15.110309914418146	0.0157986148774139
2460005.7723083	15.348058191622	0.0149353890478719
2460006.8239285	15.21115413228695	0.0201954558600517
2460007.753415	15.2864025752545	0.0202128287383037
2460009.6891798	15.381393177223917	0.0440836626174864
2460011.6999609	15.348311681661537	0.0429635038041094
2460012.9077271	15.21655546293468	0.0689436066281359
2460012.9089642	15.1320719157457	0.080128988360274
2460013.7222649	15.360506365284625	0.0248989933943479
2460015.731268	15.26322652550654	0.0377248271006004
2460018.8281994	15.212729683080555	0.0250803255922432
2460019.818554	15.269431936940697	0.0195914353444577
2460021.4315078	15.223019446593998	0.0175341469357243
2460023.4145919	15.216668596415085	0.0145854443113664
2460024.7861959	15.191318567804135	0.0158562900229835
2460025.7377454	15.251424978897012	0.0104593297070015
2460027.6441114	15.321016591705902	0.0164990271165778
2460028.815481	15.33110426078445	0.0136235267202389
2460029.7426353	15.27497910267318	0.0161542669400837
2460029.7551748	15.327338425648252	0.0138759927850613
2460030.6920878	15.142613284091356	0.0135878398118186
2460031.6763711	15.335899005496664	0.0152106653159527
2460032.7057738	15.330994973728842	0.012344886981499
2460034.3936996	15.247491094742829	0.0151586670667835
2460035.615989	15.39616187475368	0.0317163036003603
2460035.6172772	15.37836829186052	0.039373639566459
2460036.6640584	15.157629197244669	0.0315190711808917
2460037.6786982	15.276687637342214	0.0288171815741915
2460037.6799479	15.302105120479046	0.0624947796191151
2460037.7074833	15.46822615745658	0.0351216900493113
2460039.6952037	15.290046191546876	0.0453679355825025
2460039.7378269	15.517728038339731	0.0384601188852315
2460040.732922	15.18264210031264	0.0384958602471346
2460042.6475235	15.242366651169608	0.0485980315610305
2460043.831746	15.313330411181392	0.0404596392059223
2460044.6584569	15.215509926127648	0.0259389530171525
2460045.7880008	15.279229326347558	0.0273395007461033
2460046.8312286	15.368447264888662	0.034541544518814
2460047.7516191	15.30674078191884	0.0192136911121324
2460048.8126445	15.391339350958477	0.0201129160795149
2460049.8677832	15.120870833673024	0.0182011508951434
2460050.7449035	15.197090852355002	0.0191055163382585
2460050.8317633	15.257802113544564	0.0178926587153831
2460051.6597456	15.219563465850472	0.0179597141518303
2460052.6849501	15.395659375339328	0.0186416417469448
2460053.7016973	15.276556185467005	0.0184832681792151
2460054.8718569	15.16618611893368	0.0195940663939547
2460056.7712782	15.378544674849284	0.0190195127253457
2460056.7725186	15.369687026825476	0.0305272495140057
2460057.8562688	15.29011457171566	0.0217590802694655
2460058.8903014	15.265887217932567	0.0189769968358122
2460060.4965005	15.452751003994573	0.0282513442134048
2460060.5646561	15.21508798558284	0.0220021250633012
2460061.6067464	15.281369924218223	0.0136953380010938
2460063.5589307	15.262823366226678	0.0229064671314191
2460064.7488534	15.291171012816784	0.0201917640028279
2460065.7174822	15.358887875395624	0.0195398041450127
2460066.7575089	15.105066796329172	0.0279905147710588
2460066.7775567	15.270285237381804	0.0251572876042756
2460068.8028864	15.218577622359415	0.0338339338404292
2460069.362513	15.29525575468118	0.0279682744980746
2460069.7322614	15.12827656838494	0.0381413916603379
2460070.5484615	15.481766227364597	0.0801779001404059
2460070.7598176	15.391059142715404	0.0638825115481823
2460071.4879643	15.157673781720284	0.0353534575305732
2460071.5404119	15.147685349887055	0.0523798887578695
2460072.4710259	15.027208595963517	0.0350808569818981
2460073.4652237	15.413332423659543	0.0391708338144288
2460073.6963443	15.267430589572594	0.0347211362319326
2460073.7642059	15.29463495468131	0.0317178278641463
2460074.773361	15.3580533094017	0.0332721851120896
2460075.795333	15.249294163312973	0.0221943854198668
2460076.6267846	15.37767360668296	0.0198664778664843
2460077.8058251	15.362766648858656	0.0274960396630022
2460078.797695	15.16778624177572	0.0172761860471579
2460085.773316	15.442604651479218	0.0164760580283677
2460086.7727181	15.183945695626315	0.0230644068273444
2460089.7919697	15.235104509984264	0.0233806829525426
2460091.4968788	15.266404494071654	0.0201648405935864
2460092.5819385	15.293418679282926	0.0333650241515849
2460094.7936754	15.148492887542025	0.0223423477071479
2460096.7933615	15.20619573922768	0.0476838853272687
2460097.7743257	15.283582746660882	0.0340182082510604
2460098.762831	15.202249730289155	0.0708102534477708
2460101.785664	15.283577435567206	0.0505876152523297
2460103.5792635	15.215119580580977	0.0225535597516072
2460103.5805155	15.202543002752256	0.0406759925881309
2460103.793678	15.307897981565723	0.0256042128439572
2460107.7689226	15.18727744231025	0.0203659917190887
2460108.6865986	15.221387661337644	0.0152717616628185
2460111.7461764	15.403019854367129	0.0235130661990308
2460112.6970943	15.354352286239006	0.0311975601741159
2460114.6836652	15.333098085773598	0.0198528213892646
2460114.7482616	15.328177352881738	0.0301551662024265
2460119.6388913	15.160522702901543	0.0165903104735406
2460120.7463287	15.208634894087272	0.0143529673101702
2460123.5820049	15.24151976963912	0.0228232518264505
2460124.6960757	15.250071122766425	0.0300524913442983
2460124.7313937	15.408543192655952	0.0300021858281515
2460125.7382431	15.067484420095171	0.0682144185855938
2460128.6048787	15.239007329740057	0.1198406668618984
2460129.6874855	15.31889300632568	0.0656997891382289
2460129.7039441	15.50501207684109	0.1110838484680815
2460130.5291304	15.19026256090564	0.0324483549978888
2460131.6738185	15.316637323475348	0.0445654190939946
2460137.3416497	15.20141243794926	0.0099961181020943
2460139.4340528	15.23654433541914	0.0110481076899247
2460140.6404447	15.295217825230802	0.0202427909164583
2460140.6969652	15.421319391186469	0.022254932264072
2460141.6608073	15.241776795434149	0.015960511577973
2460142.6132327	15.188784401334068	0.0127696065176218
2460147.6887734	15.27432972569471	0.0194440200055616
2460153.5969918	15.152035001188109	0.0258236846102925
2460155.5366498	15.362457103094822	0.025953248947332
2460157.59698	15.331459430271735	0.0449967295854208
2460158.5538068	15.184228011607235	0.0336449963491644
2460161.4122013	15.362942510933507	0.0378714432291617
2460161.4146908	15.263012905129411	0.064114152033951
2460163.4073325	15.215358931313412	0.0182227922528615
2460164.4060481	15.311028968050437	0.0164659222876028
2460172.350482	15.379280102867485	0.0220203083289288
2460183.2433391	15.219480246138094	0.0255319426570914
2460208.2611287	15.231746460026258	0.0181965231551907
2460219.2546798	15.221840791451546	0.0150646620290567
2460220.4835311	15.37339755159125	0.0354845244427687
2460227.2326112	15.340860378325798	0.0555643888030654
2460322.606879	15.343622745527227	0.0363030162105879
2460369.7971873	15.222901858049667	0.0287868988829489
2460370.8560253	15.393484122153964	0.0277145730395856
2460373.8259158	15.304518516612571	0.0259418503392569
2460374.8398722	15.17357034757859	0.0187876442969805
2460375.8429869	15.35470107424526	0.0218155375049579
2460379.8044473	15.329947636003393	0.0183113665730329
2460381.8302407	15.380902850681457	0.0156639516419679
2460384.8827066	15.19660824546325	0.0156446428293585
2460385.7507201	15.259498214662068	0.0156064688489023
2460386.8072662	15.275238309189154	0.0176999858426725
2460387.8402462	15.212072141003896	0.0176287477884217
2460388.81697	15.336242139848071	0.0135062908152103
2460389.8423673	15.227679774629236	0.0177428838503279
2460392.8400223	15.311070269366809	0.0186924839428782
2460397.7525024	15.91405783434251	99.999
2460401.8000507	15.338376085948829	0.0311293372783453
2460402.8316821	15.38868537901564	0.0193416763981609
2460403.84965	15.346176649451042	0.0168323080119769
2460404.8229729	15.346074496129592	0.0171212406156378
2460405.8291993	15.297331827985918	0.014718097675721
2460407.7994625	15.390001744454448	0.022372049412261
2460408.7980245	15.175418195925182	0.0153778191809375
2460409.7896236	15.28791194083396	0.0128653712879254
2460410.8101478	15.347731004440684	0.0143901458899397
2460411.8132432	15.198033916163173	0.0169050865098053
2460416.7552015	15.313025052368763	0.0222812017711407
2460417.6466566	15.328756410073336	0.0245176680530114
2460418.7663693	15.449716856384692	0.0173758074683268
2460419.697722	15.296109785470538	0.0200413566125657
2460423.6014987	15.211412271317574	0.035389289995453
2460428.4557962	15.198132781636977	0.0902495260409848
2460428.6428558	15.272579827001246	0.0272445863371719
2460429.4356016	15.366663409863856	0.027007886817486
2460432.284015	15.13871755556183	0.0318286547233004
2460433.7212665	15.167593491764135	0.0342515866427407
2460435.4319214	15.333846103846833	0.0234308872839493
2460436.7637153	15.443443567672396	0.0302771456100419
2460439.2836976	15.34298062371022	0.028689227039531
2460439.8775718	15.390645182773785	0.0469506059290172
2460440.5159975	15.22979680897027	0.0203119081601023
2460443.4478489	15.185961550061002	0.0150351456082335
2460446.5375665	15.432302943622586	0.0235963060412931
2460449.5189629	15.364130198457511	0.0247055314960466
2460449.7529324	15.30841780437446	0.0244545781523948
2460452.498088	15.15427173770469	0.0388763281635082
2460456.7863778	15.239655880593158	0.0351496706433385
