2458373.62498600  17.2805
2458396.58807280  17.4878
2458424.50239070  17.2693
2458548.88759130  17.3513
2458550.86145810  17.2306
2458552.86371000  17.3168
2458555.84637790  17.2533
2458557.84054750  17.0216
2458576.78315010  17.4520
2458580.77218460  17.6002
2458604.70629860  17.0604
2458605.70175790  17.1560
2458628.35626400  17.1367
2458631.62590600  17.1991
2458635.62757720  17.2232
2458643.47506340  17.6919
2458644.59483660  17.3961
2458646.66036100  17.1509
2458657.54819280  17.2287
2458668.25998750  17.9088
2458669.84123180  17.1927
2458689.76578940  17.1808
2458692.62398320  17.3186
2458698.61450870  17.4671
2458699.30789230  17.5306
2458716.68766970  17.0220
2458722.70882160  17.2162
2458724.32168120  17.1754
2458725.44387000  17.0453
2458725.66559980  17.0341
2458727.43289620  17.7201
2458729.65420200  17.1109
2458749.36798780  17.1793
2458755.53505530  17.0956
2458757.58535800  17.0742
2458760.28623350  17.3563
2458782.55302440  17.1946
2458907.88004270  17.1929
2458930.56069630  17.5442
2458996.87721710  17.0589
2458999.81114240  17.0293
2459019.46926860  17.2095
2459025.31767340  17.5581
2459048.48734480  17.3927
2459049.38866990  17.0984
2459052.50352290  17.2095
2459056.49858770  17.1426
2459316.51153980  17.5361
2459316.78067110  17.0865
2459323.50346980  17.0066
2459344.43498500  17.1984
2459393.52308250  17.3580
2459400.63638290  17.0600
2459407.50059820  16.9921
2459425.48434560  17.3105
2459427.63133010  17.0331
2459428.48298770  17.0078
2459432.57515890  17.1443
2459460.33851500  17.4915
2459460.69095980  17.1448
2459482.60395650  17.3768
2459489.51725040  17.4767
2459513.50636900  17.0826
2459518.51708880  17.0184
2459624.88483060  17.1174
2459638.59891860  17.0829
2459638.86002580  17.0707
2459660.79144290  17.0480
2459730.87088650  17.0417
2459737.72273160  17.2525
2459751.77351620  17.0873
2459758.65806120  17.0104
2459767.68782770  17.1065
2459785.30619450  17.4889
2459793.55424080  17.2064
2459812.38821620  17.2249
2459819.71762410  17.0774
2459832.54744360  17.0699
2459837.30381630  17.2967
2459841.50046870  17.0225
2459847.54411280  17.5051
2459849.53317460  17.2885
2459851.50032300  17.1685
2459851.58012120  17.2025
2459853.56827960  17.2783
2459865.55220030  17.0035
2459868.53814250  17.5804
2459997.87561090  17.2560
2459999.61879820  17.1883
2460001.87384740  17.5399
2460004.86566380  17.2200
2460014.83417160  17.0836
2460025.57942380  17.2443
2460048.72935650  17.2359
2460050.77246140  17.0712
2460053.85799150  17.1847
2460058.72856410  17.2427
2460077.75316980  17.1193
2460085.74759020  17.2975
2460091.37358190  17.5244
2460093.36468920  17.2632
2460117.50324130  17.0350
2460118.28930440  17.9350
2460150.21114280  17.0170
2460151.78630530  17.0135
2460220.52365970  17.4995
2460222.58841020  17.1157
2460227.29877650  17.4178
2460228.51218320  17.1252
2460233.32148910  17.2051
2460240.27397300  17.1720
2460417.82017960  17.7205
2460433.80473890  17.0646
2460435.88150280  17.8546
2460437.85497000  17.6963
2460439.78651630  17.3536
2460446.67416770  17.2562
2460448.67332800  17.2403
