2458226.9471663	17.15713893901108	99.999
2458228.9647665	17.526421929684112	99.999
2458265.8474409	15.589439571528729	99.999
2458282.7685205	17.767411704090364	99.999
2458282.9128368	16.929100676721763	99.999
2458283.534653	17.468626835720244	99.999
2458283.9052064	17.719605307600812	99.999
2458284.6929687	17.674602148408283	99.999
2458284.8830929	17.74513521684028	99.999
2458286.6365252	17.845351303979356	99.999
2458287.899618	17.75230202263052	99.999
2458288.6786559	17.544980534632792	99.999
2458288.897619	17.742430214199125	99.999
2458289.8710199	17.406601644553202	99.999
2458290.8535179	17.487839542202583	99.999
2458291.8375919	17.586532571389206	99.999
2458292.8685384	17.681798625131208	99.999
2458293.869225	17.205502688142964	99.999
2458295.5785057	17.188804275413098	99.999
2458300.67332	17.48061982287708	99.999
2458304.8514513	17.519673840272507	99.999
2458306.7819478	17.71397297106006	99.999
2458318.8132191	17.951861459980247	99.999
2458319.7709852	17.94173069816001	99.999
2458320.8010978	17.722365042149644	99.999
2458328.5843435	17.258740972728233	99.999
2458332.7691484	16.812266305027467	99.999
2458334.5971621	17.850390971303426	99.999
2458335.5865067	17.61283902298417	99.999
2458335.7608648	17.70252742410042	99.999
2458337.7554699	17.836512113900152	99.999
2458338.5210981	18.030949603637435	99.999
2458338.6956783	17.97731664153404	99.999
2458359.6586012	17.41237887623077	99.999
2458362.6944768	17.879039444036835	99.999
2458367.4901738	17.862893239379364	99.999
2458368.4905967	17.75379613816051	99.999
2458371.6695457	17.633179690146545	99.999
2458372.6518535	17.823661817826356	99.999
2458375.6456785	17.819106864603036	99.999
2458385.5154207	17.3391266994101	99.999
2458392.6102203	17.588181322506372	99.999
2458393.5929077	17.452793815695333	99.999
2458394.5906763	17.572085295469144	99.999
2458396.5880728	17.76171853266028	99.999
2458399.579999	17.42640559173724	99.999
2458401.544267	17.782638266839303	99.999
2458404.5591799	18.03623701830485	99.999
2458410.5445804	17.489832805484347	99.999
2458411.546785	17.397442019084465	99.999
2458412.5060244	17.490598311622843	99.999
2458413.5343604	17.250236496226783	99.999
2458414.5274705	17.002105221746987	99.999
2458415.5271877	17.208368200115597	99.999
2458416.5205234	17.139972900283734	99.999
2458417.5238171	17.238000494981627	99.999
2458418.5209156	17.678277353604336	99.999
2458419.5027237	17.45512084436061	99.999
2458424.5023907	17.18603846366981	99.999
2458530.8942878	16.545081684634727	99.999
2458532.8901819	17.28284377977731	99.999
2458538.8916671	17.33843179616525	99.999
2458546.9047941	17.232531487234056	99.999
2458547.892469	17.600590315413193	99.999
2458548.8875913	17.640193379801858	99.999
2458549.8622959	17.90825220017648	99.999
2458550.8614581	17.84808155748261	99.999
2458551.8775298	17.570185665442093	0.1718225779047684
2458552.86371	17.863464561597475	99.999
2458555.8463779	17.863350338470195	99.999
2458556.8454147	17.75793141925432	99.999
2458557.8405475	17.734914787091594	99.999
2458558.8401637	17.694637246886572	99.999
2458575.5287445	17.54929228885456	99.999
2458576.5313198	17.78086296622185	99.999
2458576.7831501	17.54781998631501	99.999
2458577.5674561	17.721553039136385	99.999
2458578.7814889	17.48217121545797	99.999
2458579.7929981	17.72115620146324	99.999
2458580.7721846	16.874339341164855	0.1652169210820781
2458581.7783884	17.79172663761077	99.999
2458583.8794219	17.235374811286007	99.999
2458585.5049632	17.485479941799902	99.999
2458585.9168379	17.71084512270774	99.999
2458586.797487	17.754152241218755	99.999
2458587.8274601	17.66603050730524	99.999
2458588.7505824	17.437841994678028	99.999
2458589.7644849	17.351774311932356	99.999
2458590.8546609	17.544535078814974	99.999
2458591.8972278	17.41352459350493	99.999
2458593.8185529	16.910923115698985	99.999
2458595.8577212	17.524571374535128	99.999
2458600.8679595	17.670388098203883	99.999
2458601.9211359	17.068735717006476	99.999
2458602.8901476	17.831947845737183	99.999
2458603.8705073	17.879043582899097	99.999
2458604.7062986	17.925976514818206	99.999
2458605.7017579	17.717618720556793	99.999
2458605.8261977	17.958467939563242	99.999
2458607.4552557	17.750862504982713	99.999
2458608.6962471	17.618941144152448	99.999
2458609.7152166	17.68990624491701	99.999
2458611.9303192	17.520396049229877	99.999
2458612.9040944	17.67819192014606	99.999
2458615.4225679	17.86543752832425	99.999
2458616.412257	17.466122973399173	99.999
2458617.8786959	17.00817439631598	99.999
2458618.8913848	17.34237998715735	99.999
2458627.6006686	17.18857580993172	99.999
2458628.4452858	17.19399098838767	99.999
2458631.625906	17.543239899444412	99.999
2458635.6275772	18.25958229241572	99.999
2458636.7292252	17.66369658369864	99.999
2458637.7337644	17.900498645328593	99.999
2458640.8319612	17.36218778477538	99.999
2458642.3388331	17.727148140931916	99.999
2458643.4750634	17.780079112335773	99.999
2458644.5948366	17.738443620635657	99.999
2458645.5990808	17.43050113551839	99.999
2458646.660361	17.583519841280456	99.999
2458648.3262555	17.307593054364574	99.999
2458648.785242	17.43521698107348	99.999
2458657.5481928	17.609138591873375	99.999
2458657.8072933	17.334164348737634	99.999
2458658.3968046	17.878633437541406	99.999
2458660.8474497	17.874491761266324	99.999
2458661.4267603	17.97923199526928	99.999
2458667.730544	17.38164044770246	99.999
2458668.2599875	18.030285564238856	99.999
2458669.8412318	18.105664570340853	99.999
2458670.8273461	17.633962295937348	99.999
2458671.6617032	17.874293514202243	99.999
2458673.259431	17.33299836116802	99.999
2458674.8293503	17.672818090968107	99.999
2458677.2747278	17.47753781572075	99.999
2458682.7722769	16.96421090877341	99.999
2458683.7338741	17.011337837296022	99.999
2458684.6730424	17.336189384264138	99.999
2458686.3306319	17.601740222028376	99.999
2458686.8162331	16.801331402364607	99.999
2458687.6684758	17.861031502511118	99.999
2458689.7768154	17.374829858701364	99.999
2458690.4797495	17.37086182225778	99.999
2458692.2804419	17.391252828456672	99.999
2458692.6239832	18.066413971975305	99.999
2458692.790029	17.586906453698752	99.999
2458692.7912577	16.53230280914525	99.999
2458693.6707452	17.937667980591854	99.999
2458694.7282483	17.3888336186165	99.999
2458694.7697374	17.41932705743298	99.999
2458695.7626113	17.28806117946451	0.1801546538664704
2458697.6124186	17.746299152752556	99.999
2458697.7801007	17.201350738770355	99.999
2458698.4594434	17.802952893031055	99.999
2458698.6145087	17.72571298599845	99.999
2458698.7817742	17.383405081110855	99.999
2458699.3078923	17.73820541760989	99.999
2458699.6069664	17.818470250620223	99.999
2458700.2726882	17.637941850550355	99.999
2458700.7584328	17.804998714761492	99.999
2458700.7698068	17.15832516365581	99.999
2458701.6790149	17.97903175109633	99.999
2458701.747803	17.45164005831738	99.999
2458702.2231421	17.712082025027748	99.999
2458702.7679363	17.139715263847783	99.999
2458703.6892402	17.377820916794168	99.999
2458703.7681233	17.2760388084679	99.999
2458705.5538142	16.88719891877217	99.999
2458711.532672	16.969512983678744	99.999
2458712.5258466	17.379806011646473	99.999
2458713.5737914	17.00890317480326	99.999
2458715.5489434	18.03530278271125	99.999
2458716.6764968	17.348121788388134	99.999
2458717.7307296	17.451384891132243	99.999
2458718.5050622	17.663628173063827	99.999
2458721.5364648	17.604055217263095	99.999
2458721.7190152	17.70484630617694	99.999
2458722.7088216	17.35846564777742	99.999
2458723.2547069	17.82464965271344	99.999
2458723.5378442	17.72291613221195	99.999
2458724.3216812	17.766542149989228	99.999
2458724.5233079	17.798961638176657	99.999
2458725.44387	17.81949469402189	99.999
2458725.522188	17.89858273138836	99.999
2458726.5193893	17.917370708843436	99.999
2458726.7033753	17.41367227232803	99.999
2458727.4328962	17.633731863144554	99.999
2458727.5126153	17.74829815661721	99.999
2458727.6830326	17.480528545663258	99.999
2458728.4299095	17.785396866834287	99.999
2458728.5072932	17.67663705335188	99.999
2458729.2524232	17.60141523130921	99.999
2458730.2453813	17.434125845385772	99.999
2458730.6924689	17.513006728256318	99.999
2458731.6912796	17.40381114760175	99.999
2458732.2167381	17.101295324901095	99.999
2458741.3947522	16.685155495288743	99.999
2458742.3599954	17.038553526333867	99.999
2458744.648807	17.062520750835255	99.999
2458746.3705434	16.84275074625208	99.999
2458747.3815062	17.26579562789221	99.999
2458748.5815909	17.06295551400669	99.999
2458749.3679878	17.280639884510137	99.999
2458750.3790309	17.863509172386674	99.999
2458752.3076482	17.686960818484767	99.999
2458752.6307013	17.63148464193349	99.999
2458754.3609047	17.520515710787688	99.999
2458754.6031854	17.398889500415613	99.999
2458755.5350553	17.708480214708565	99.999
2458756.5799733	17.387794864491305	99.999
2458757.585358	16.979407669083255	99.999
2458758.3513071	17.49226287413287	99.999
2458760.2862335	17.327530136566864	99.999
2458764.26864	16.097478574075435	99.999
2458764.5761406	16.434642958255974	99.999
2458766.2939683	16.363801824756635	99.999
2458768.3155949	16.764955888001477	99.999
2458769.5646679	16.85002814180973	99.999
2458771.3140272	17.051632205338038	99.999
2458772.5693455	17.080385171588496	99.999
2458773.5699035	17.080862590631853	99.999
2458774.5681037	17.794446454429806	99.999
2458775.5654809	17.55447533788021	99.999
2458776.5622333	17.40801391078801	99.999
2458777.5587654	17.42249318646755	99.999
2458781.5281242	17.524136181498985	99.999
2458782.5235468	17.883421619417685	99.999
2458782.5530244	17.624817231478676	99.999
2458783.5217703	17.248817486852722	99.999
2458786.257881	17.372258963942166	99.999
2458786.508071	17.49039803972256	99.999
2458791.514869	17.17680937144665	99.999
2458906.6278282	17.784649844003134	99.999
2458907.8800427	17.32327983086876	99.999
2458908.8712351	17.623283648485582	99.999
2458909.870497	17.743117237284007	99.999
2458917.8495871	16.92237502736135	99.999
2458918.8419861	16.579005964205006	99.999
2458922.5911788	17.056886436341706	99.999
2458928.5700351	17.453688832276242	99.999
2458930.5606963	17.649312086486493	99.999
2458957.9482918	16.96223033955917	99.999
2458958.93935	17.451940345838544	99.999
2458960.9428256	17.163110460812355	99.999
2458962.9309024	17.24779278708138	99.999
2458965.9189933	17.244191382928843	99.999
2458968.9132785	17.35899459304371	99.999
2458974.9597382	16.996966117655983	99.999
2458983.4084724	17.374709049803876	99.999
2458986.9442247	17.639085791063504	99.999
2458990.8600025	17.7205789384487	99.999
2458991.9214423	17.75053082587204	99.999
2458993.8517119	17.55238706280426	99.999
2458998.8255218	17.308605104348164	99.999
2458999.8482117	17.54537383383924	99.999
2459013.7803301	17.671862352463126	99.999
2459018.3753718	17.81011995196337	99.999
2459019.3717312	17.642734725382212	99.999
2459022.7737809	17.75149145772388	99.999
2459025.3176734	17.946067886911916	99.999
2459031.3017906	17.287464774453902	99.999
2459038.4928427	17.03933815833217	99.999
2459044.7039662	17.31742336148474	99.999
2459045.8014035	17.591413889257133	99.999
2459048.4873448	17.4678729264264	99.999
2459049.3886699	17.617381044616735	99.999
2459052.5035229	17.772750084648028	99.999
2459056.4985877	17.506750716360294	99.999
2459066.7505899	15.792253333024666	99.999
2459067.7679854	16.24176271925046	99.999
2459068.767525	16.7210542731597	99.999
2459069.7618055	16.75229143052252	99.999
2459070.7609387	17.145759628252367	99.999
2459082.6070998	17.308701747537338	99.999
2459095.6942917	15.556386867245475	99.999
2459097.4172972	16.182876578662388	99.999
2459122.37367	16.743364875951055	99.999
2459128.5883504	17.525620138703204	99.999
2459129.5950183	17.12164418884265	99.999
2459133.5672898	17.35722156550667	99.999
2459146.5088933	17.04579719571945	99.999
2459148.5162343	16.964703042842913	99.999
2459151.5119855	17.315405573197765	99.999
2459153.509414	16.994066329273807	99.999
2459156.5007035	16.76879790540527	99.999
2459255.8917343	15.971974980642695	99.999
2459258.8767489	17.658636786079672	99.999
2459259.8760427	17.604059774594184	99.999
2459260.8802877	17.382255523386675	99.999
2459267.8669301	17.545459440722972	99.999
2459268.8757094	17.493422223186755	99.999
2459271.8772622	17.432405265268752	99.999
2459277.8322196	17.13669621020404	99.999
2459278.8343934	17.367658202587208	99.999
2459283.8076288	17.51824513880771	99.999
2459285.895429	17.740800262953613	99.999
2459288.7996619	17.541570502799175	99.999
2459290.8203326	17.98778090155881	99.999
2459291.8010616	17.850353983617588	99.999
2459292.6234626	17.431564414230852	99.999
2459294.7971091	17.580435253711514	99.999
2459295.5364414	17.446718604103985	99.999
2459295.7994215	17.428351261312894	99.999
2459296.6118163	17.90508249243706	99.999
2459298.5396651	17.749398637545532	99.999
2459305.7887114	17.027407308140976	99.999
2459310.7431526	17.66385652031184	99.999
2459311.8159633	17.720616132530758	99.999
2459312.9754116	17.645894678822025	99.999
2459315.9000278	17.595064563301055	99.999
2459316.5115398	17.95076431370197	99.999
2459316.7806711	16.761447105289395	0.1890037504209668
2459316.9756177	17.8569561562083	99.999
2459319.7284402	17.917338943984646	99.999
2459320.72355	17.95551524726469	99.999
2459321.5261574	17.637913277552766	99.999
2459323.5034698	17.565824415534316	99.999
2459323.7629074	17.68112468730068	99.999
2459323.8949976	17.709286204719152	99.999
2459326.9490022	17.794481430495594	99.999
2459328.5430859	17.54215633376505	99.999
2459329.6996844	16.90800933255262	99.999
2459333.7690118	17.064362471261504	99.999
2459337.6732455	17.388509187350696	99.999
2459339.9522417	17.70969778416766	99.999
2459340.7581119	17.60653950236197	99.999
2459344.434985	17.820901135290214	99.999
2459344.8842303	17.60551749596204	99.999
2459345.8331798	17.898056187620107	99.999
2459348.3955559	17.77430752065585	99.999
2459351.4164062	17.862820665534073	99.999
2459351.679426	17.87299930121547	99.999
2459351.9440454	17.51578359793143	99.999
2459352.8118587	17.783463405760575	99.999
2459355.8465202	17.48202846319421	99.999
2459357.3989569	16.990755675377535	99.999
2459365.6051284	17.6600297166272	99.999
2459367.5976668	18.08731878907704	99.999
2459368.7063754	17.641961263223024	99.999
2459369.8765156	18.12777761296298	99.999
2459370.8401744	17.912624851553925	99.999
2459371.6969737	18.130570646625014	99.999
2459372.570651	18.12552337940394	99.999
2459373.8121613	17.77022463590276	99.999
2459374.839661	16.990223076922252	99.999
2459378.3067513	17.21898707409308	99.999
2459379.5599955	17.430206054684025	0.1996860525054997
2459379.742363	17.81115720688912	99.999
2459381.7719686	17.498810175060584	0.2040881065953682
2459384.3222984	17.37228663835554	99.999
2459386.531288	17.306598475195834	99.999
2459386.721944	17.2467003012017	99.999
2459392.8480017	16.939721143379675	99.999
2459393.5230825	17.650198761618096	99.999
2459400.4960169	17.60692968166611	99.999
2459400.6363829	17.296420434267144	99.999
2459401.6470135	17.727324836911016	99.999
2459401.6740324	17.798976819120245	99.999
2459403.2589685	17.71455390352429	99.999
2459407.4748445	17.825098547955363	99.999
2459407.5005982	17.932420254417462	99.999
2459408.7754676	17.83015236264023	99.999
2459409.8024347	17.485743729512176	99.999
2459412.2574718	17.81779693523666	99.999
2459414.2427507	17.285834681356313	99.999
2459414.6095309	17.639471023610437	99.999
2459421.5553713	17.17425311985085	99.999
2459421.8022252	16.69815534317943	99.999
2459422.6479779	17.27163049095005	99.999
2459423.6945	17.37710791950859	99.999
2459424.6923263	17.51949772680122	99.999
2459425.4843456	17.12423449634629	99.999
2459426.6450025	17.641412137928643	99.999
2459427.6313301	17.72924804120744	99.999
2459428.4829877	18.15189159932794	99.999
2459428.7829314	17.6268805746015	99.999
2459429.6735688	17.939419852807866	99.999
2459430.6633164	17.34784832521303	0.1514233597120726
2459431.6162196	17.61019054972639	99.999
2459432.5751589	17.881034576188956	99.999
2459435.4922034	17.809936954488478	99.999
2459436.6054653	17.611011976134776	99.999
2459437.5574457	17.931111740363935	99.999
2459443.5728368	17.43975308900338	99.999
2459449.5932565	17.035074465485184	99.999
2459452.6981529	15.76064091916609	99.999
2459453.6581188	17.107895076733666	99.999
2459454.5857485	17.586739029899206	99.999
2459455.6089346	17.70234918756937	99.999
2459456.533795	17.707750644541	99.999
2459457.6716432	17.70919792586008	99.999
2459459.2582532	17.30482634760279	99.999
2459459.6381217	17.591200226457854	99.999
2459460.338515	17.730630955356183	99.999
2459460.6909598	17.634352512919563	99.999
2459461.6955939	17.42140830470067	99.999
2459462.6947093	17.005444651788892	99.999
2459464.6927316	17.005775725243502	99.999
2459465.5979942	17.704644827570363	99.999
2459466.2870916	17.461107691997174	99.999
2459469.2603502	16.644695661848225	99.999
2459469.6257626	16.469937262418686	99.999
2459470.2311763	16.611166029132743	99.999
2459470.5930753	17.159951439651582	99.999
2459475.2335597	16.886994455484146	99.999
2459478.5846733	17.00280939569239	99.999
2459479.618624	16.924227013327346	99.999
2459482.6039565	17.49045181619754	99.999
2459489.5172504	17.616346277555014	99.999
2459490.5277028	17.729524901530723	99.999
2459491.598417	17.67065593020905	99.999
2459493.5956419	17.481501545259338	99.999
2459495.2923277	17.672453068955726	99.999
2459497.3055035	17.496981138846003	99.999
2459502.4994347	17.334102537056193	99.999
2459503.5416228	17.20302433736817	99.999
2459504.5586491	17.07821332034029	99.999
2459506.2764658	16.953185807914473	99.999
2459507.5485415	16.666925597896515	99.999
2459508.548614	16.836284043732594	99.999
2459509.5453895	17.001102999359855	99.999
2459510.5078021	17.473628917479914	99.999
2459511.5425914	17.489042404950958	99.999
2459513.506369	17.767743073537403	99.999
2459514.5243657	17.608795308678253	99.999
2459515.5226121	17.343976479086074	99.999
2459516.5264486	17.469524806373492	99.999
2459517.520463	17.641602771784648	99.999
2459518.5170888	17.467919531682725	99.999
2459522.2502444	16.624592453839742	99.999
2459524.2526776	16.170597789178057	99.999
2459621.8875556	16.933100015651927	99.999
2459623.8811146	17.57594386370624	99.999
2459624.8848306	17.262502070158977	99.999
2459632.8932723	16.90500965412719	99.999
2459638.8600258	17.51366641757177	99.999
2459639.8878143	17.66715961619188	99.999
2459644.5890035	17.508750685574338	99.999
2459646.8402266	17.94649663096838	99.999
2459646.8818272	17.47780891572107	99.999
2459648.8378591	17.620945460641217	99.999
2459650.8313171	17.813653514835018	99.999
2459651.8234685	17.628003405679554	99.999
2459652.8346076	17.633497675717898	0.1674157684896191
2459653.8987479	17.87769661699637	99.999
2459654.8428999	17.833909261645424	99.999
2459657.8141145	17.140966696815035	99.999
2459659.5774691	16.622307823216985	99.999
2459659.5787094	15.978792560203258	99.999
2459660.7914429	17.066550963076086	99.999
2459665.8400941	18.019496203804927	99.999
2459665.9892598	17.21076708872009	99.999
2459666.8295572	17.569864620507325	99.999
2459667.8352598	17.736837280317697	99.999
2459669.8961805	17.980629695056518	99.999
2459671.9058639	17.79507508153135	99.999
2459671.9737001	17.75702132092332	99.999
2459673.9891639	17.080377497932567	99.999
2459675.8709248	17.9149816108687	99.999
2459677.7599216	17.906136888352403	99.999
2459677.8272819	17.834059035440944	99.999
2459678.8681132	18.08845712304256	99.999
2459680.9702067	17.717944834688538	99.999
2459681.5199632	16.82301075187519	99.999
2459682.6026163	16.7581752619947	99.999
2459693.860618	17.586576709371776	99.999
2459694.7092414	17.4394585210768	99.999
2459694.7565048	17.980776865141056	99.999
2459697.9216752	17.431317403157358	99.999
2459698.9049865	17.64184736143789	99.999
2459701.5666802	17.76567776965054	99.999
2459702.8413016	17.77299047784367	99.999
2459703.7886567	18.325166698797467	99.999
2459704.7099808	18.19659408856812	99.999
2459706.7929023	18.07529511683781	99.999
2459709.9226083	17.79187727986228	99.999
2459709.9238602	17.072411440488526	99.999
2459709.925102	17.13361751178787	99.999
2459709.9519382	17.331633717253183	99.999
2459712.4072568	17.20020255406362	99.999
2459712.408497	16.60882677508344	99.999
2459712.4097372	16.5178117807481	99.999
2459713.8247987	17.71559442335359	99.999
2459714.8053217	17.007678748216723	99.999
2459714.8078374	16.61914209158334	99.999
2459720.8106581	16.933493130042034	99.999
2459721.7558313	17.105871705562816	99.999
2459722.8615983	17.59208106312094	99.999
2459723.7792897	17.996452554913557	99.999
2459726.9133761	17.786465936301646	99.999
2459727.7999345	17.96521089680657	99.999
2459731.4787666	17.447970454594305	99.999
2459731.8268073	17.291041122103156	99.999
2459733.8644294	17.737834480391523	99.999
2459736.9233035	17.508958579763178	99.999
2459737.7227316	18.30656242862588	99.999
2459739.3272286	16.93507199904475	99.999
2459740.4560622	17.088389097614304	99.999
2459740.9134148	17.67327497455851	99.999
2459741.811548	17.40267812636291	99.999
2459742.8124882	17.493289628489176	99.999
2459747.727609	17.52185055692248	99.999
2459749.6681567	18.025366103520877	99.999
2459749.859421	17.44819670250812	99.999
2459751.7735162	17.623500437382162	99.999
2459754.7729116	17.83074159649125	99.999
2459754.7741403	16.37557577510933	99.999
2459756.8763322	17.731364888809352	99.999
2459758.6580612	18.145603077097	99.999
2459758.7280733	17.957111836147142	99.999
2459759.8752541	17.609532465537853	99.999
2459760.742385	17.78274519622694	99.999
2459761.7428313	17.81076979778431	99.999
2459762.8202941	17.599614919219576	0.1959971996708056
2459766.2502169	17.301335349403384	99.999
2459767.5791127	18.06103342008862	99.999
2459767.6878277	18.044694786327938	99.999
2459769.8032639	17.240988698825287	99.999
2459769.81678	17.9385877276062	99.999
2459776.3256334	16.974906567617193	99.999
2459777.3643851	16.991691926327537	99.999
2459780.8068115	17.24634530355821	99.999
2459782.5273459	18.057055076659942	99.999
2459785.3061945	17.433164318060573	99.999
2459789.2162106	17.297369066000627	99.999
2459790.7903484	17.490062874490803	99.999
2459792.3283376	17.72328050417173	99.999
2459793.5542408	17.92958075501137	99.999
2459794.5582584	17.781797527622906	99.999
2459795.75276	17.568196747042307	99.999
2459796.6961776	17.718635154207345	99.999
2459797.6051686	17.47139122168469	99.999
2459804.6501824	17.042226808534394	99.999
2459805.7479603	16.051063653853227	99.999
2459805.7492005	15.826542309381562	99.999
2459806.6957214	16.866766147883695	99.999
2459808.4222017	17.279873457288385	99.999
2459809.7263979	17.559054350261402	99.999
2459812.3882162	17.242112890471255	99.999
2459814.4943345	17.207388383667283	0.147186140424671
2459815.6912167	17.57973501274857	99.999
2459816.6991574	17.52562937275243	0.1874400794991381
2459818.5514802	17.78237867364019	99.999
2459819.4829961	16.733285807238726	99.999
2459819.7176241	17.834310490092196	99.999
2459820.7009639	17.4629460317814	99.999
2459822.4309611	17.31081149091368	99.999
2459823.6403026	18.097176835412466	99.999
2459824.6377638	17.90985179275718	99.999
2459825.6793863	17.88413455253137	99.999
2459826.2562756	16.51157789577302	99.999
2459830.2668917	16.8110208725926	99.999
2459831.4739324	16.96444053970921	99.999
2459832.5474436	17.050823048779414	99.999
2459833.5201851	17.32721670910655	99.999
2459835.371771	17.02555580619294	99.999
2459837.3038163	17.557898116572076	99.999
2459839.61086	17.46048577547342	99.999
2459841.5004687	17.625475950632428	99.999
2459842.5790501	18.171780281678856	99.999
2459843.5341769	17.91932936119064	99.999
2459844.5347724	17.591382177387057	99.999
2459846.5358115	17.91315789016584	99.999
2459847.5441128	17.607555536190535	99.999
2459848.5364852	17.68018737369962	99.999
2459849.5331746	17.50095063372629	0.1800560237222973
2459851.500323	17.68972550246556	99.999
2459852.5684596	17.54196050479792	99.999
2459853.5682796	17.853329881872618	99.999
2459857.3071503	17.17272061602871	99.999
2459858.5728638	17.206389935532062	99.999
2459859.5596506	17.293269900884845	99.999
2459861.3160107	16.72296318189759	99.999
2459864.5734419	16.45841383067145	99.999
2459865.5522003	17.39365833735626	99.999
2459866.529535	17.50996950142572	99.999
2459867.5296228	17.58262071404407	99.999
2459868.5381425	17.316410666763197	99.999
2459869.5457236	18.02294998947965	99.999
2459870.5312085	17.284183415604055	99.999
2459872.2472758	16.87403807118312	99.999
2459873.2432345	16.624702900486444	99.999
2459874.2501624	17.333111760199106	99.999
2459875.2439598	17.046117376397806	99.999
2459877.5280092	18.08274292195222	99.999
2459879.5040731	17.420593700503066	99.999
2459880.2627326	17.297541931536664	99.999
2459987.8855142	16.678241261686935	99.999
2459997.8756109	17.83226102396823	99.999
2459999.6187982	17.59593362539553	99.999
2460001.8738474	17.7569017734937	99.999
2460001.8902798	17.674104794706864	99.999
2460003.5964408	17.689250609658068	99.999
2460004.864377	17.9559725104062	99.999
2460004.8656638	17.75654891810583	99.999
2460007.8302082	17.63898827628762	99.999
2460010.8344362	17.063959997634353	99.999
2460012.8233315	16.882559717665377	99.999
2460012.8258124	16.418591224296343	99.999
2460014.8341716	17.22906400069964	99.999
2460016.8370584	17.00488664840321	99.999
2460021.5712475	17.59740109201674	99.999
2460023.8123776	18.015370505909857	99.999
2460025.5794238	17.387278173964226	99.999
2460026.8709323	17.88734350463806	99.999
2460029.7831496	17.75601878316593	99.999
2460032.523217	17.204891226029144	99.999
2460033.7871091	17.791660902030625	99.999
2460034.7656459	18.14630035212635	99.999
2460039.5578076	17.11080203766364	99.999
2460048.7293565	17.851098207753516	99.999
2460049.9483949	17.27744902946889	99.999
2460050.7724614	17.903743927832153	99.999
2460051.7359062	17.699110754245133	99.999
2460052.7798056	17.027310856689017	0.1233792969274073
2460053.8579915	17.880295810243773	99.999
2460054.8072718	17.892580760112327	99.999
2460056.759939	17.670640212030527	99.999
2460057.7623736	17.948782026946862	0.2166173691748834
2460058.7285641	17.933467257944464	99.999
2460059.7880873	17.810215991481275	99.999
2460059.8266619	17.812036958037332	99.999
2460060.96592	17.181586176812345	99.999
2460063.5073951	16.72385873158898	99.999
2460066.5119187	16.6247652876703	99.999
2460076.6951568	17.101859541953853	99.999
2460077.7531698	17.72753534964483	99.999
2460078.7418774	18.13655645734903	99.999
2460079.709409	17.68007125271358	99.999
2460080.7782463	17.29310200318597	99.999
2460081.9437965	17.011005002785218	99.999
2460082.742306	17.2447833325183	99.999
2460084.5967229	17.913088383001043	99.999
2460084.7508259	17.291158040129105	99.999
2460085.7475902	18.003771364836712	99.999
2460086.75012	16.994004891206306	99.999
2460086.9501993	16.84417672289864	99.999
2460087.9470002	17.280901834414728	99.999
2460088.379624	17.47577346737447	99.999
2460089.3808954	17.133318732831594	99.999
2460091.3735819	17.324077355302418	99.999
2460091.7638262	17.885365199326536	99.999
2460092.3693358	17.450703507437048	99.999
2460093.3646892	17.514518023053856	99.999
2460094.7253361	17.52415340415518	99.999
2460094.9126828	17.526452153636566	99.999
2460096.9324692	17.192989171156903	99.999
2460104.7510705	16.93297121903918	99.999
2460107.7775418	17.587648309180082	99.999
2460109.5709826	17.826667900491017	99.999
2460111.7910192	17.171897716069736	99.999
2460112.731344	17.15054340220242	99.999
2460113.7247584	18.1110810334992	99.999
2460114.6683299	17.161994881736497	99.999
2460116.3745593	17.1033163037377	99.999
2460117.5032413	17.6026257810338	99.999
2460118.2893044	18.06084807461345	99.999
2460119.5019658	17.61638154571918	99.999
2460122.8947576	16.656094784658208	99.999
2460124.7670063	17.21105634668058	99.999
2460126.5121036	17.19767775758074	99.999
2460130.5011653	17.155573030047787	99.999
2460132.8630256	16.75789106444333	99.999
2460133.8585187	16.234578680357142	99.999
2460136.5699978	17.556699129934415	99.999
2460138.2294406	17.524800326015523	99.999
2460139.7078786	17.334556870503846	99.999
2460140.6821399	17.839108952554177	99.999
2460141.7007881	17.585285502359255	0.1974254082318742
2460142.8406311	17.25819568380368	99.999
2460143.6902359	17.104779841462854	99.999
2460144.7416325	17.445014687238384	99.999
2460145.7714733	17.53346299726283	99.999
2460146.727762	17.539106321291833	99.999
2460148.7244965	17.32547510209153	99.999
2460150.2111428	17.149554462125348	99.999
2460151.7863053	17.21345603873218	99.999
2460154.6411824	17.106185842425738	99.999
2460162.5206631	16.543562367121833	99.999
2460162.7800853	16.59851007814681	99.999
2460166.4869476	17.796244609458146	99.999
2460168.2827959	17.480334939283978	99.999
2460172.7533627	17.36280127478317	99.999
2460175.7418457	17.683596004682826	99.999
2460177.7254271	16.998373673345352	99.999
2460178.7261233	17.117190658022707	99.999
2460190.6920964	16.67051679149951	99.999
2460192.6833143	17.378105348690564	99.999
2460194.6775409	17.273396086221208	99.999
2460195.6810597	17.384743943858375	99.999
2460196.69431	17.47797249982695	99.999
2460198.6737325	17.221878805307355	99.999
2460202.6591448	17.098664833734638	99.999
2460203.6579334	17.26406465937206	99.999
2460205.6620748	17.166812126887613	99.999
2460207.6095289	17.162647175454307	99.999
2460218.6041378	17.352772473054387	99.999
2460219.5296605	17.445836185256656	0.1423750102709027
2460220.5236597	17.579668821614206	99.999
2460221.5959901	17.6247399691048	99.999
2460222.5884102	17.500136781313838	99.999
2460224.5239157	17.76088648298949	0.2002653702431649
2460225.5888594	17.174504417137328	0.1749697171160023
2460227.2987765	17.71510093872347	99.999
2460228.5121832	17.77196467841187	99.999
2460230.4869268	17.396549499968504	99.999
2460231.2656747	17.61115572942535	99.999
2460233.3214891	17.490070024117976	99.999
2460235.5006175	17.48727904996086	99.999
2460240.273973	16.986722669725843	99.999
2460241.536158	17.010366223383127	99.999
2460242.5216569	17.199484036978816	99.999
2460245.5254659	16.987681703296456	99.999
2460247.5114407	17.549156884820945	99.999
2460248.5205407	17.620342663365236	99.999
2460251.5113515	17.24325555520439	99.999
2460252.5080182	17.333124156410804	99.999
2460253.5065559	17.4163007883377	99.999
2460388.8774676	16.965817906573516	0.1089607263523372
2460389.9050675	17.467261301089287	99.999
2460395.8072781	16.173531583839505	99.999
2460416.8549331	17.96032436764273	99.999
2460417.8201796	17.56824578052285	0.1674056418680331
2460418.8458226	16.809345294304496	0.084967948405213
2460423.7631022	17.24287172217866	99.999
2460431.8959399	17.298557934941222	99.999
2460432.7952813	17.342233740350856	0.1287610514265251
2460433.8047389	17.782782922623205	99.999
2460433.8447884	16.87627417132742	0.1819401192818477
2460434.8491359	17.761271099929775	99.999
2460435.8815028	17.699520063324876	99.999
2460437.4899781	17.30498901570064	99.999
2460438.8798461	17.46489509239976	99.999
2460439.7865163	17.892148822139642	99.999
2460440.7749553	18.102859990058494	99.999
2460442.8827194	16.9696983831959	99.999
2460443.8778447	17.130719253395974	99.999
2460445.4519002	17.274935997056073	99.999
2460446.4566107	16.897192232177296	99.999
2460446.6741677	17.569555407899617	99.999
2460447.380248	17.15462146877172	99.999
2460448.673328	17.471494641815745	99.999
2460449.6386894	17.555416406109316	99.999
