2458226.94716630  14.69461 0.01836
2458228.96476650  14.73525 0.02104
2458282.91283680  14.69673 0.02963
2458283.53465300  14.71426 0.02052
2458283.90520640  14.69773 0.01152
2458284.88309290  14.73528 0.01821
2458287.89961800  14.81259 0.01987
2458288.89761900  14.70899 0.01416
2458289.87101990  14.65636 0.01646
2458290.85351790  14.79437 0.01885
2458291.83759190  14.74508 0.01806
2458292.86853840  14.73675 0.01998
2458293.86922500  14.71361 0.02081
2458304.85145130  14.71956 0.02161
2458318.81321910  14.72985 0.01627
2458328.58434350  14.77899 0.02490
2458332.76914840  14.69271 0.03222
2458335.76086480  14.67101 0.01715
2458337.75546990  14.74773 0.01543
2458338.69567830  14.62956 0.01591
2458362.69447680  14.69219 0.01298
2458371.66954570  14.74158 0.01710
2458372.65185350  14.63038 0.01509
2458392.61022030  14.66241 0.01699
2458394.59067630  14.68502 0.01471
2458396.58807280  14.71349 0.01407
2458399.57999900  14.66372 0.02171
2458404.55917990  14.73938 0.01468
2458410.54458040  14.74794 0.01543
2458411.54678500  14.70298 0.02174
2458414.52747050  14.72600 0.02717
2458415.52718770  14.74780 0.02984
2458416.52052340  14.79555 0.02731
2458424.50239070  14.69583 0.02075
2458530.89428780  14.78890 0.03936
2458546.90479410  14.72845 0.02331
2458547.89246900  14.77617 0.01834
2458548.88759130  14.64754 0.01426
2458549.86229590  14.70852 0.01530
2458550.86145810  14.75788 0.01624
2458551.87752980  14.64582 0.01218
2458552.86371000  14.77920 0.01584
2458555.84637790  14.78170 0.02130
2458556.84541470  14.72014 0.01883
2458557.84054750  14.61425 0.01151
2458575.52874450  14.78262 0.01804
2458576.53131980  14.79467 0.01592
2458576.78315010  14.71114 0.01524
2458578.78148890  14.70163 0.01507
2458580.77218460  14.76317 0.01560
2458583.87942190  14.73239 0.01352
2458588.75058240  14.74155 0.02287
2458589.76448490  14.73493 0.02404
2458601.92113590  14.65365 0.02519
2458604.70629860  14.77666 0.01448
2458605.70175790  14.67077 0.01567
2458608.69624710  14.72030 0.01885
2458609.71521660  14.70212 0.01400
2458611.93031920  14.71999 0.01637
2458612.90409440  14.78256 0.01622
2458615.42256790  14.70917 0.01268
2458617.87869590  14.64072 0.01997
2458618.89138480  14.72187 0.02103
2458627.60066860  14.71991 0.02030
2458631.62590600  14.66371 0.01335
2458635.62757720  14.74981 0.01270
2458636.72922520  14.76789 0.02013
2458640.83196120  14.67795 0.01842
2458643.47506340  14.73498 0.00996
2458644.59483660  14.74807 0.02028
2458646.66036100  14.75710 0.01595
2458648.32625550  14.72423 0.02151
2458657.54819280  14.68399 0.01537
2458658.39680460  14.76652 0.01156
2458667.73054400  14.73363 0.02252
2458669.84123180  14.67023 0.01293
2458670.82734610  14.72230 0.01922
2458674.82935030  14.75478 0.01727
2458677.27472780  14.79365 0.01825
2458686.33063190  14.79311 0.01614
2458686.81623310  14.70982 0.03133
2458689.77681540  14.66740 0.02093
2458690.47974950  14.73117 0.01810
2458692.62398320  14.76453 0.01585
2458692.79002900  14.67203 0.01531
2458692.79125770  14.66209 0.04586
2458694.72824830  14.62575 0.02025
2458695.76261130  14.67681 0.01715
2458697.78010070  14.68218 0.02061
2458698.45944340  14.69844 0.01354
2458698.61450870  14.75117 0.01714
2458699.30789230  14.75761 0.01632
2458700.27268820  14.72706 0.01331
2458700.76980680  14.60685 0.02177
2458701.74780300  14.74945 0.02211
2458702.22314210  14.64919 0.02006
2458702.76793630  14.76824 0.02714
2458703.68924020  14.78961 0.02452
2458703.76812330  14.64666 0.02128
2458716.67649680  14.81568 0.02721
2458718.50506220  14.78800 0.02208
2458721.71901520  14.77296 0.01762
2458726.70337530  14.74306 0.01860
2458727.51261530  14.64526 0.01262
2458727.68303260  14.64192 0.02055
2458728.42990950  14.74518 0.01339
2458729.25242320  14.71410 0.01241
2458730.24538130  14.71185 0.01564
2458730.69246890  14.66239 0.02258
2458731.69127960  14.67484 0.01845
2458742.35999540  14.69227 0.02922
2458744.64880700  14.79673 0.03158
2458746.37054340  14.77259 0.03138
2458747.38150620  14.77564 0.02228
2458748.58159090  14.68294 0.02716
2458749.36798780  14.74530 0.01840
2458750.37903090  14.74951 0.01194
2458752.63070130  14.65232 0.02106
2458754.36090470  14.66793 0.01511
2458754.60318540  14.63191 0.01648
2458756.57997330  14.72342 0.01913
2458757.58535800  14.68159 0.02888
2458760.28623350  14.65050 0.02331
2458764.26864000  14.77800 0.05990
2458764.57614060  14.71657 0.04754
2458769.56466790  14.67136 0.02835
2458771.31402720  14.73359 0.02913
2458772.56934550  14.70480 0.03638
2458773.56990350  14.79296 0.02818
2458775.56548090  14.72907 0.01870
2458776.56223330  14.66359 0.01765
2458777.55876540  14.66944 0.01640
2458781.52812420  14.74171 0.01773
2458782.55302440  14.73756 0.01800
2458786.50807100  14.67317 0.01994
2458791.51486900  14.79017 0.02614
2458907.88004270  14.70519 0.02367
2458908.87123510  14.78477 0.02063
2458909.87049700  14.62507 0.01961
2458917.84958710  14.70247 0.04193
2458918.84198610  14.74572 0.04390
2458922.59117880  14.76601 0.02466
2458957.94829180  14.68275 0.03168
2458958.93935000  14.71239 0.02381
2458960.94282560  14.69602 0.02621
2458962.93090240  14.66421 0.02429
2458965.91899330  14.72172 0.02385
2458968.91327850  14.67325 0.01621
2458974.95973820  14.65660 0.02426
2458983.40847240  14.77619 0.02043
2458986.94422470  14.69888 0.01324
2458990.86000250  14.63261 0.01758
2458991.92144230  14.63434 0.01610
2458993.85171190  14.68272 0.01449
2458998.82552180  14.78788 0.02160
2458999.84821170  14.63976 0.02301
2459013.78033010  14.74502 0.02026
2459018.37537180  14.76117 0.01266
2459019.37173120  14.66353 0.01548
2459022.77378090  14.71926 0.01601
2459025.31767340  14.71739 0.01466
2459031.30179060  14.73009 0.02462
2459038.49284270  14.63904 0.02637
2459044.70396620  14.74258 0.02456
2459045.80140350  14.74244 0.01857
2459048.48734480  14.67623 0.01443
2459056.49858770  14.82130 0.02099
2459068.76752500  14.67944 0.03561
2459069.76180550  14.74978 0.03073
2459070.76093870  14.67138 0.02571
2459082.60709980  14.64390 0.02459
2459122.37367000  14.72622 0.03533
2459128.58835040  14.70921 0.01716
2459129.59501830  14.66286 0.01972
2459133.56728980  14.62279 0.01535
2459146.50889330  14.74728 0.02413
2459148.51623430  14.70723 0.03254
2459151.51198550  14.73540 0.03026
2459153.50941400  14.75568 0.03382
2459156.50070350  14.66792 0.03272
2459260.88028770  14.76704 0.02515
2459268.87570940  14.65410 0.02036
2459277.83221960  14.69176 0.02851
2459285.89542900  14.69078 0.01313
2459288.79966190  14.66802 0.01647
2459290.82033260  14.73814 0.01346
2459294.79710910  14.79200 0.02251
2459295.53644140  14.75340 0.01907
2459295.79942150  14.70151 0.01814
2459296.61181630  14.71500 0.01553
2459316.51153980  14.72937 0.00978
2459316.78067110  14.75416 0.02817
2459316.97561770  14.75885 0.01728
2459321.52615740  14.76291 0.01598
2459323.50346980  14.75497 0.01692
2459323.76290740  14.64677 0.01358
2459326.94900220  14.74833 0.01418
2459328.54308590  14.69033 0.01460
2459329.69968440  14.63986 0.03115
2459337.67324550  14.73409 0.02113
2459339.95224170  14.72039 0.01671
2459344.43498500  14.81808 0.02457
2459344.88423030  14.76195 0.01528
2459348.39555590  14.76622 0.01571
2459351.41640620  14.76833 0.01247
2459351.94404540  14.72718 0.01746
2459352.81185870  14.67773 0.01543
2459357.39895690  14.81579 0.02613
2459365.60512840  14.72180 0.01452
2459370.84017440  14.67552 0.01542
2459374.83966100  14.71054 0.02201
2459379.55999550  14.76543 0.01700
2459381.77196860  14.73831 0.01922
2459384.32229840  14.72002 0.01953
2459386.72194400  14.77003 0.02378
2459392.84800170  14.76609 0.03079
2459393.52308250  14.73080 0.01563
2459400.63638290  14.67376 0.01944
2459401.64701350  14.73780 0.01926
2459403.25896850  14.75226 0.01475
2459409.80243470  14.79227 0.02092
2459412.25747180  14.81754 0.01479
2459423.69450000  14.63189 0.01809
2459424.69232630  14.77830 0.02334
2459425.48434560  14.74181 0.02062
2459426.64500250  14.68350 0.01774
2459427.63133010  14.71140 0.01464
2459428.48298770  14.67049 0.00956
2459430.66331640  14.69163 0.01454
2459432.57515890  14.73447 0.01414
2459443.57283680  14.67729 0.02342
2459452.69815290  14.70596 0.08150
2459453.65811880  14.73846 0.02559
2459454.58574850  14.77588 0.01862
2459457.67164320  14.80311 0.01799
2459460.33851500  14.72046 0.01329
2459460.69095980  14.72987 0.01674
2459461.69559390  14.76578 0.01968
2459466.28709160  14.75218 0.01782
2459469.26035020  14.70360 0.04466
2459469.62576260  14.64841 0.04118
2459470.23117630  14.76417 0.03413
2459470.59307530  14.75326 0.02156
2459475.23355970  14.63569 0.02834
2459482.60395650  14.77443 0.01915
2459489.51725040  14.75026 0.01534
2459491.59841700  14.61578 0.01543
2459493.59564190  14.66785 0.02068
2459495.29232770  14.69366 0.01749
2459497.30550350  14.78737 0.01581
2459503.54162280  14.79958 0.02663
2459504.55864910  14.66489 0.02515
2459506.27646580  14.79693 0.02757
2459507.54854150  14.78622 0.03733
2459513.50636900  14.76275 0.01875
2459514.52436570  14.67993 0.01545
2459517.52046300  14.70226 0.01890
2459518.51708880  14.73255 0.01824
2459522.25024440  14.72782 0.05088
2459624.88483060  14.78766 0.02937
2459632.89327230  14.80369 0.03197
2459638.86002580  14.66640 0.02119
2459646.84022660  14.78744 0.01673
2459648.83785910  14.62883 0.01490
2459650.83131710  14.73634 0.01307
2459652.83460760  14.74719 0.01521
2459659.57746910  14.70075 0.03216
2459659.57870940  14.81818 0.06537
2459660.79144290  14.64225 0.02458
2459665.84009410  14.66410 0.01092
2459665.98925980  14.78776 0.02484
2459671.97370010  14.68948 0.01606
2459673.98916390  14.71200 0.02369
2459677.75992160  14.76514 0.01489
2459680.97020670  14.64395 0.01505
2459693.86061800  14.78668 0.02136
2459694.75650480  14.65952 0.01076
2459697.92167520  14.72485 0.02530
2459701.56668020  14.79228 0.01849
2459703.78865670  14.70833 0.00953
2459706.79290230  14.72120 0.01278
2459709.95193820  14.77007 0.02180
2459712.40725680  14.78343 0.02923
2459712.40849700  14.77831 0.04215
2459712.40973720  14.81314 0.05341
2459713.82479870  14.81509 0.01741
2459731.47876660  14.75352 0.01619
2459731.82680730  14.78278 0.04720
2459733.86442940  14.70019 0.01555
2459736.92330350  14.66446 0.02263
2459737.72273160  14.78065 0.01306
2459739.32722860  14.64940 0.02346
2459740.91341480  14.80228 0.01900
2459742.81248820  14.80984 0.02007
2459747.72760900  14.80547 0.01931
2459754.77291160  14.73487 0.01710
2459756.87633220  14.70654 0.01650
2459766.25021690  14.67161 0.01797
2459767.68782770  14.72714 0.01764
2459785.30619450  14.71625 0.01343
2459789.21621060  14.79295 0.02044
2459790.79034840  14.74346 0.02031
2459792.32833760  14.70916 0.01196
2459793.55424080  14.66128 0.01111
2459805.74796030  14.62510 0.06820
2459808.42220170  14.65349 0.01552
2459814.49433450  14.68870 0.01240
2459816.69915740  14.70486 0.01243
2459819.48299610  14.70534 0.02866
2459819.71762410  14.70123 0.01303
2459822.43096110  14.78990 0.02484
2459825.67938630  14.61495 0.01448
2459826.25627560  14.79738 0.04708
2459831.47393240  14.68695 0.02667
2459832.54744360  14.74555 0.02655
2459833.52018510  14.63365 0.01958
2459835.37177100  14.79824 0.03121
2459837.30381630  14.79955 0.01993
2459841.50046870  14.63345 0.01299
2459846.53581150  14.69678 0.01260
2459848.53648520  14.70257 0.01245
2459849.53317460  14.64453 0.01178
2459851.50032300  14.72575 0.01340
2459852.56845960  14.81966 0.01941
2459857.30715030  14.73770 0.02360
2459858.57286380  14.77715 0.02757
2459865.55220030  14.79603 0.01844
2459867.52962280  14.67171 0.01523
2459868.53814250  14.62661 0.01245
2459869.54572360  14.78052 0.01469
2459872.24727580  14.70593 0.02655
2459873.24323450  14.74960 0.04574
2459874.25016240  14.75935 0.02336
2459875.24395980  14.66331 0.02770
2459879.50407310  14.78444 0.01897
2459880.26273260  14.67447 0.01831
2459999.61879820  14.66845 0.01549
2460001.87384740  14.68456 0.01344
2460004.86437700  14.66294 0.01098
2460014.83417160  14.66159 0.02023
2460029.78314960  14.67958 0.01449
2460032.52321700  14.74631 0.01874
2460039.55780760  14.67326 0.02569
2460048.72935650  14.80723 0.01783
2460049.94839490  14.71632 0.01938
2460050.77246140  14.75224 0.01381
2460052.77980560  14.75555 0.01579
2460053.85799150  14.64233 0.01069
2460057.76237360  14.77465 0.01315
2460058.72856410  14.68330 0.01344
2460059.78808730  14.68271 0.01547
2460060.96592000  14.68250 0.02072
2460066.51191870  14.73406 0.04591
2460077.75316980  14.69248 0.01449
2460078.74187740  14.78573 0.01237
2460081.94379650  14.70031 0.02763
2460084.75082590  14.78142 0.02734
2460085.74759020  14.80032 0.01536
2460086.95019930  14.77334 0.04189
2460088.37962400  14.61663 0.01594
2460089.38089540  14.69640 0.02278
2460091.37358190  14.60763 0.01725
2460092.36933580  14.76841 0.01932
2460093.36468920  14.77990 0.01603
2460096.93246920  14.71072 0.02044
2460107.77754180  14.81713 0.01901
2460109.57098260  14.78367 0.01524
2460111.79101920  14.65412 0.02098
2460113.72475840  14.67298 0.01236
2460116.37455930  14.65894 0.01867
2460117.50324130  14.76838 0.02245
2460118.28930440  14.73247 0.00712
2460119.50196580  14.70690 0.01611
2460122.89475760  14.61727 0.03308
2460126.51210360  14.67313 0.02452
2460130.50116530  14.79638 0.02876
2460132.86302560  14.75871 0.05055
2460133.85851870  14.72869 0.04591
2460136.56999780  14.70786 0.01462
2460138.22944060  14.73046 0.02299
2460139.70787860  14.72160 0.01790
2460141.70078810  14.79833 0.01546
2460143.69023590  14.67632 0.02279
2460144.74163250  14.66336 0.01651
2460145.77147330  14.68983 0.01544
2460150.21114280  14.74097 0.01998
2460151.78630530  14.71936 0.01731
2460154.60644220  14.68892 0.01547
2460162.52066310  14.77893 0.04262
2460162.78008530  14.61727 0.03473
2460166.48694760  14.70483 0.01505
2460168.28279590  14.72519 0.01811
2460172.75336270  14.79355 0.02351
2460175.74184570  14.71085 0.02090
2460177.72542710  14.65076 0.02080
2460178.72612330  14.76390 0.02957
2460202.65914480  14.74023 0.01998
2460203.65793340  14.78473 0.02475
2460205.66207480  14.67216 0.02269
2460207.60952890  14.65140 0.01857
2460220.52365970  14.64302 0.01503
2460221.59599010  14.67833 0.01628
2460222.58841020  14.70353 0.01843
2460227.29877650  14.78671 0.01772
2460228.51218320  14.69490 0.01432
2460230.48692680  14.74447 0.02402
2460231.26567470  14.78885 0.01773
2460240.27397300  14.68813 0.02938
2460241.53615800  14.72976 0.01978
2460247.51144070  14.66164 0.01904
2460389.90506750  14.61049 0.01997
2460433.80473890  14.62431 0.01130
2460437.48997810  14.67118 0.01742
2460439.78651630  14.67661 0.01155
2460445.45190020  14.70729 0.02497
2460447.38024800  14.69976 0.02155
