2458228.87020920  16.04823 0.04624
2458232.85691800  15.83738 0.04812
2458252.80754730  15.99093 0.04165
2458262.77317900  15.81301 0.04801
2458264.81244550  15.91663 0.07533
2458282.81533710  15.62601 0.02936
2458283.51021440  15.86814 0.02947
2458288.52538830  15.58662 0.02075
2458289.84496630  16.06007 0.03984
2458290.52182800  15.63964 0.02222
2458291.87478810  16.02691 0.05182
2458292.82301040  16.01699 0.07038
2458294.72767250  15.89867 0.07144
2458300.75332670  15.89990 0.05293
2458318.79084100  15.84573 0.05294
2458320.75915550  15.63991 0.02109
2458328.50993150  15.72743 0.04440
2458329.70364100  15.59472 0.05439
2458333.49667540  15.68519 0.02184
2458334.64551080  15.72844 0.02509
2458336.71544150  15.96169 0.04274
2458344.59383330  15.58577 0.02201
2458355.52705000  15.77717 0.05277
2458356.59375330  15.56966 0.04774
2458359.62879530  15.78189 0.04831
2458360.48764920  15.71690 0.02487
2458362.68326690  15.88430 0.03938
2458363.53701060  15.61178 0.02325
2458366.49365400  15.73948 0.02366
2458370.66810050  15.74087 0.04453
2458371.66585950  15.92485 0.04960
2458372.64448120  16.04246 0.03498
2458373.64350950  15.93246 0.03719
2458374.63545850  15.98212 0.03825
2458375.59385130  15.67075 0.02795
2458383.55185390  15.72718 0.05227
2458392.60653390  15.89665 0.04204
2458393.52417620  15.85413 0.02331
2458394.53254960  15.82730 0.02695
2458399.56882450  15.99181 0.04969
2458408.49029130  15.95039 0.10666
2458410.49009660  15.64812 0.05733
2458522.88131630  15.82643 0.06386
2458523.87648250  15.91157 0.03719
2458524.87599800  15.89634 0.03778
2458525.87134450  15.85119 0.03264
2458526.86683070  15.84162 0.03689
2458527.86626540  15.75031 0.02926
2458528.86188290  15.90627 0.03152
2458529.86807050  15.59871 0.02462
2458530.88124020  15.79277 0.03518
2458537.87977360  15.98252 0.07420
2458539.85206830  15.81377 0.04705
2458553.81716050  15.85667 0.02734
2458553.81843260  15.74823 0.02646
2458554.81240550  15.85109 0.02823
2458555.81152380  15.85135 0.02298
2458556.80678410  15.97830 0.03549
2458558.80897080  15.74937 0.02915
2458561.84788860  15.71098 0.03487
2458562.84330990  15.62371 0.05074
2458565.78322850  15.65565 0.06312
2458566.79145780  15.91442 0.05914
2458572.50412130  15.93324 0.03521
2458573.88310030  15.60398 0.02828
2458575.75675140  15.97351 0.03449
2458577.50070120  15.74004 0.03783
2458577.90486940  16.05071 0.05679
2458579.07568470  15.66334 0.02667
2458579.74224460  15.83108 0.03582
2458580.73837470  15.93427 0.03642
2458582.06886830  15.76301 0.03014
2458582.98873770  15.83597 0.11723
2458583.72819460  15.83975 0.02855
2458584.71630550  15.57232 0.02486
2458585.47269810  15.89201 0.03195
2458586.50327660  15.77297 0.02843
2458587.90048910  15.85192 0.04802
2458589.05669690  15.72486 0.03015
2458591.79926350  15.53218 0.04705
2458594.81154020  15.74427 0.06540
2458599.57846970  15.92869 0.03868
2458600.68013130  15.83052 0.02772
2458601.66872160  15.67959 0.02754
2458602.67609620  15.79262 0.02372
2458604.40646260  15.83815 0.03351
2458604.97190530  15.62153 0.20442
2458605.66816980  15.90773 0.02812
2458606.47119480  15.88596 0.02611
2458610.99957790  15.71865 0.02549
2458612.66086040  15.61352 0.02739
2458613.98902670  15.69513 0.02937
2458614.88907970  15.63123 0.02953
2458615.80604870  15.98130 0.06754
2458616.44200130  15.83988 0.03116
2458617.67836020  15.71090 0.04103
2458621.60888060  15.68614 0.11425
2458626.66647480  15.70521 0.04559
2458628.95621110  15.87010 0.03426
2458630.95684090  15.76711 0.03091
2458632.95288990  15.85359 0.03092
2458634.97769970  15.73149 0.02468
2458636.57684070  15.80742 0.02860
2458637.58236110  15.91848 0.03131
2458640.69659450  15.61416 0.02541
2458643.36874020  15.83447 0.02786
2458644.55168290  15.90482 0.04013
2458645.58040730  15.66956 0.03222
2458646.90139290  15.66118 0.03755
2458648.36332890  15.86952 0.05059
2458655.26792630  15.85927 0.03860
2458657.60040370  15.59407 0.02335
2458659.91332180  15.75329 0.02603
2458660.79765120  15.60925 0.03268
2458662.77192650  15.64233 0.02456
2458666.85827470  15.79616 0.02425
2458667.82684360  15.75716 0.01769
2458668.79241910  15.65843 0.02849
2458670.61271250  15.80318 0.02692
2458670.88537570  15.73250 0.02743
2458671.88612180  15.70580 0.02117
2458673.24459010  15.89360 0.04160
2458674.81801960  15.66761 0.04261
2458675.79229270  15.96396 0.07905
2458682.62434550  15.54926 0.05207
2458684.77182940  15.77879 0.06311
2458685.81025220  16.10174 0.13505
2458686.76696090  15.69136 0.05958
2458688.67996520  15.92918 0.03055
2458689.75794380  15.69894 0.03882
2458689.83031990  15.75403 0.02747
2458690.25389720  15.88494 0.03396
2458691.26684000  15.97243 0.03288
2458692.59229490  15.73858 0.02350
2458696.79665450  15.76168 0.02117
2458698.46678060  15.84195 0.02835
2458699.26103580  15.77610 0.02599
2458702.69872430  15.68537 0.02675
2458713.54834130  15.87276 0.03542
2458715.40989120  15.81709 0.05360
2458715.53964060  15.82219 0.02311
2458716.30537230  15.75460 0.03177
2458716.67323880  15.92695 0.03908
2458717.67358790  15.77853 0.04091
2458718.66912040  15.60335 0.02419
2458719.62492750  15.53398 0.03069
2458719.66235560  15.87783 0.03646
2458720.64096640  15.63984 0.02672
2458721.71163100  15.99586 0.05188
2458722.66110500  15.92442 0.05508
2458723.53418080  15.67116 0.02481
2458724.51959790  15.59328 0.02220
2458725.52001700  15.93219 0.04579
2458726.51220360  15.82792 0.02284
2458726.69970060  15.88292 0.04880
2458727.37944700  15.83867 0.02605
2458727.50467920  15.87949 0.02429
2458728.38835720  15.87928 0.02863
2458729.35741830  15.90648 0.03235
2458729.67275470  16.05208 0.04407
2458730.23800920  15.89909 0.03615
2458730.67154550  15.82862 0.04472
2458741.49160520  16.00213 0.05435
2458744.53497700  15.83683 0.02695
2458750.32863160  15.89818 0.04436
2458750.58360480  15.71458 0.02907
2458751.58010030  15.90924 0.03655
2458752.57420560  15.87395 0.03942
2458753.22952560  15.77629 0.05390
2458753.60398670  15.97742 0.04807
2458754.31156280  15.87112 0.03008
2458754.59581290  15.88796 0.06492
2458755.52106520  15.69485 0.02682
2458756.59477560  15.95916 0.05286
2458758.29831480  15.90153 0.02772
2458763.54027880  15.79289 0.03437
2458764.51519200  15.71827 0.04320
2458766.51247850  15.94484 0.07574
2458767.56626980  15.97923 0.09406
2458769.25270320  15.75852 0.05617
2458772.49944770  15.74570 0.03158
2458773.49626560  15.60739 0.03945
2458773.49748510  15.74854 0.04905
2458774.49742910  15.57294 0.03733
2458775.49394500  15.58513 0.04294
2458775.54427520  15.85374 0.03755
2458778.53814000  15.82413 0.05018
2458899.86154290  15.82232 0.04232
2458901.61114700  15.84147 0.03927
2458902.86282730  15.75185 0.05142
2458903.60728590  15.80945 0.03255
2458904.85248800  15.81204 0.03177
2458905.84886070  15.92172 0.04249
2458906.86899260  15.80840 0.03280
2458907.84219320  15.69305 0.03681
2458908.87092120  15.70344 0.02789
2458909.83288020  15.67190 0.03810
2458910.83124510  15.66166 0.03223
2458911.83097260  15.91502 0.03445
2458912.57335530  15.81762 0.02685
2458913.82564960  15.79382 0.03175
2458915.82098710  15.69122 0.04658
2458919.79816640  15.63336 0.06246
2458927.53857100  16.00263 0.05460
2458929.52583340  15.84530 0.03724
2458933.10647680  15.68124 0.02219
2458955.87340610  15.86194 0.03776
2458958.86159500  15.90389 0.04127
2458962.01619300  15.65354 0.02184
2458964.84087460  15.95522 0.02834
2458967.00975410  15.71551 0.02156
2458968.83443530  15.84276 0.03603
2458972.00124200  15.70886 0.02505
2458981.99137520  15.73475 0.04212
2458985.95500720  15.75019 0.02249
2458988.96286470  15.69775 0.02645
2458994.93080800  15.70308 0.01857
2458998.93012930  15.66259 0.02511
2458999.93886440  15.96803 0.04550
2459009.29356160  16.05514 0.08713
2459011.92699020  15.72189 0.02887
2459013.82079440  16.04618 0.04567
2459017.89831160  15.78451 0.02894
2459022.88169390  15.78440 0.02967
2459025.87277260  16.03668 0.04183
2459029.84278690  15.70055 0.03813
2459030.89989210  15.60893 0.03648
2459037.81394920  15.72323 0.04720
2459039.85860030  15.78785 0.03234
2459040.82556900  15.95429 0.06485
2459042.84523590  15.79366 0.02811
2459043.74892750  16.04511 0.04018
2459046.81896090  15.90812 0.04044
2459053.43384130  15.85255 0.02617
2459054.75226980  15.86624 0.03806
2459059.76457530  15.69381 0.04063
2459065.23518460  15.80432 0.10837
2459066.79130490  15.59018 0.03822
2459069.75424520  15.80385 0.07741
2459070.75724810  16.04795 0.07782
2459074.75708760  15.79071 0.03288
2459075.71666280  15.81875 0.04035
2459080.73487320  15.74878 0.06340
2459087.28619280  15.77323 0.04567
2459100.37549100  15.86324 0.04514
2459113.22471920  15.99998 0.09644
2459114.32069390  15.89934 0.04334
2459125.59809900  15.61593 0.05927
2459131.58007880  15.94426 0.04289
2459136.24667980  15.86499 0.05485
2459137.27059230  15.87430 0.03215
2459248.88675500  15.69240 0.16215
2459255.60895460  15.78186 0.04142
2459256.87698260  15.66229 0.03027
2459263.84182210  15.59239 0.03901
2459264.85325660  15.87880 0.04932
2459267.58632020  15.84338 0.02952
2459267.83896120  15.94887 0.04794
2459267.88542650  15.71702 0.04142
2459268.83324740  15.66099 0.02222
2459269.83280250  15.63011 0.02266
2459277.55297960  15.79541 0.08807
2459283.79262910  15.93648 0.05157
2459285.64114070  15.83173 0.03463
2459291.52020550  15.87840 0.02773
2459292.84152810  15.68347 0.05129
2459293.84285580  15.60957 0.03772
2459294.82793270  15.65858 0.02080
2459294.95688030  15.97863 0.03778
2459295.76535500  15.77468 0.02544
2459298.85042540  15.75875 0.03176
2459302.59790410  15.71129 0.16362
2459309.48275370  15.99053 0.05181
2459309.71158250  15.88869 0.02610
2459309.89933780  15.65100 0.03273
2459310.82080860  15.56873 0.02907
2459311.57535700  15.95641 0.03616
2459312.90044700  15.89846 0.03187
2459313.81277190  15.95514 0.02911
2459313.82557590  15.62400 0.03655
2459314.84819510  15.66713 0.01840
2459315.80026010  15.65917 0.03239
2459315.83549600  15.72937 0.02977
2459315.88298960  15.90653 0.03137
2459316.50027360  15.93052 0.02921
2459316.68863420  15.66485 0.02078
2459316.74552900  15.83553 0.02460
2459316.97188530  15.87435 0.03771
2459319.03998440  15.76004 0.02816
2459322.50546290  15.96079 0.04804
2459322.83092390  15.64550 0.02575
2459322.89717700  15.79755 0.02737
2459326.94530480  16.00252 0.03494
2459328.55813470  15.76779 0.04520
2459329.66062150  15.64886 0.06018
2459337.50111620  15.85617 0.04771
2459337.64210400  15.94436 0.03507
2459337.64338410  15.92156 0.03502
2459337.77704840  15.71043 0.03802
2459338.04537960  15.69022 0.05789
2459339.39145470  15.83468 0.02288
2459339.87259770  15.93997 0.03064
2459340.84229270  15.71030 0.02842
2459341.37685630  16.02554 0.04003
2459342.97626750  15.72148 0.02467
2459343.42792860  15.89751 0.02113
2459343.61199890  15.72409 0.03792
2459343.63311470  15.77534 0.03245
2459343.88785330  15.84323 0.02259
2459344.37230760  15.84850 0.01827
2459344.80545970  15.95413 0.02651
2459344.97570980  15.69926 0.02170
2459345.36193930  15.94694 0.03255
2459347.96631180  15.81628 0.03186
2459350.00935490  15.78538 0.02404
2459350.87042560  15.81163 0.03684
2459351.47946470  15.72629 0.02487
2459351.62044780  15.89348 0.03561
2459351.65709870  15.72266 0.02272
2459351.85031690  15.88945 0.03510
2459355.87674980  15.98778 0.04317
2459357.35881360  15.86283 0.06654
2459358.33578380  15.76458 0.09355
2459358.69321690  15.59971 0.05620
2459365.30700080  15.96307 0.04243
2459365.56241540  15.77804 0.03792
2459365.66560540  15.73972 0.03112
2459366.86806060  15.81954 0.05032
2459368.80458700  15.60012 0.02890
2459369.80460670  15.64571 0.02200
2459370.84590450  15.79335 0.03406
2459371.70623930  15.92825 0.04148
2459371.74590820  15.74183 0.03874
2459372.53935490  15.80667 0.02410
2459372.67224720  15.64581 0.02432
2459372.74438750  15.99827 0.03487
2459374.51345100  15.82383 0.03703
2459376.36838550  15.85321 0.03815
2459377.87613870  15.91778 0.03853
2459379.51704770  15.84250 0.02106
2459379.57389090  15.70307 0.02052
2459379.70810520  15.93845 0.02717
2459379.90705480  15.67477 0.02581
2459380.69683060  15.66632 0.02274
2459384.84814860  15.95773 0.04878
2459385.84737290  16.09518 0.06301
2459386.44088300  15.90764 0.08486
2459386.50272320  15.94996 0.04003
2459386.62246220  15.69674 0.03976
2459391.88891680  15.74881 0.06343
2459392.48565840  15.90601 0.05021
2459393.48605200  15.70520 0.02443
2459393.63456950  15.81849 0.03017
2459393.87717370  15.77213 0.03462
2459397.83116450  15.78300 0.02845
2459400.46193030  15.86727 0.02926
2459400.73645860  15.94379 0.05413
2459401.71440590  15.86027 0.02830
2459403.45490660  15.70309 0.05325
2459404.84558060  16.00024 0.03644
2459405.78913640  15.68459 0.03064
2459405.80974470  16.07963 0.03757
2459407.67292760  15.70478 0.02146
2459408.61602550  15.74836 0.03077
2459409.73019910  15.89227 0.03508
2459410.82712370  16.06479 0.05174
2459411.79548020  16.04322 0.04856
2459412.69965180  15.64078 0.02690
2459412.77825910  15.89421 0.03630
2459414.36419440  15.93020 0.04619
2459414.49777410  15.68270 0.06457
2459414.56431000  15.60213 0.02607
2459420.37393270  15.66738 0.11093
2459421.36268120  15.74967 0.11497
2459421.49642490  15.81791 0.02773
2459423.68439870  15.54582 0.04449
2459424.62562570  15.66011 0.03130
2459426.69971380  15.81259 0.03712
2459427.69464390  15.54160 0.02795
2459428.56608520  15.70572 0.02500
2459428.73804080  15.71666 0.03039
2459432.68995640  15.84955 0.02906
2459433.64485600  15.79143 0.02539
2459434.57353600  15.95248 0.04021
2459435.53406310  15.65804 0.01747
2459435.71901520  15.82118 0.02991
2459436.57993000  15.72373 0.03134
2459440.24474200  15.86119 0.06910
2459441.75282570  15.70502 0.03500
2459446.74216100  15.63506 0.06482
2459449.23770260  15.65259 0.08066
2459449.53259420  15.65872 0.04728
2459450.39925370  15.81021 0.08054
2459450.49856400  15.89403 0.08862
2459450.76984980  15.71765 0.03830
2459451.38069780  15.73530 0.05143
2459451.73133980  15.74900 0.05750
2459452.65579650  15.90680 0.06845
2459453.60450880  15.60357 0.02945
2459454.56316100  15.80354 0.04795
2459455.60935470  15.92487 0.02736
2459456.52622190  15.63252 0.03333
2459457.64089770  15.68529 0.02960
2459459.29121030  15.89706 0.04224
2459459.61134980  15.64561 0.02618
2459463.48706410  15.58498 0.02322
2459466.30998690  15.96430 0.04754
2459468.28704300  15.83116 0.09633
2459469.62951810  15.72811 0.04823
2459475.48019010  15.94672 0.06846
2459477.50835490  15.84153 0.07836
2459478.55353580  15.88033 0.09213
2459480.62330500  15.55457 0.06153
2459483.31237470  15.82230 0.03795
2459484.30194940  15.98002 0.04961
2459484.57427210  15.81384 0.03312
2459485.56417870  15.59385 0.03750
2459487.58683470  15.89886 0.03048
2459489.50153000  15.86414 0.03842
2459490.51442890  15.81543 0.02568
2459491.27924660  15.81117 0.03990
2459491.54616910  15.85419 0.03748
2459492.53643450  15.71834 0.03477
2459493.51716050  15.91543 0.04094
2459493.53361160  15.60256 0.03135
2459494.51827190  15.75228 0.04115
2459497.25609860  16.08686 0.05275
2459503.55580270  15.83051 0.08670
2459505.24129690  15.89453 0.07725
2459505.50122930  15.54736 0.05595
2459506.24625660  15.83008 0.09488
2459507.50206410  15.93557 0.11610
2459510.49253070  15.96398 0.10996
2459610.88214440  15.80964 0.12484
2459616.87088570  15.81220 0.04015
2459618.86180130  15.81083 0.04269
2459619.88486170  15.85844 0.07836
2459622.60393760  15.90179 0.05914
2459626.85802920  15.90685 0.09527
2459627.59646260  15.75329 0.10861
2459628.85388490  15.85709 0.07580
2459629.85290540  15.81738 0.06277
2459630.85534510  15.69416 0.07759
2459630.86629800  15.94775 0.08733
2459632.60246820  15.97808 0.10238
2459633.84216920  15.99764 0.06720
2459637.82699080  15.75183 0.03912
2459639.58438180  15.81310 0.04729
2459640.81263890  15.88390 0.04648
2459644.15120200  15.71446 0.02810
2459646.79667320  15.77905 0.03106
2459648.63908940  15.82899 0.04533
2459649.80572210  15.76105 0.03278
2459649.89135820  15.86700 0.02333
2459649.89264500  15.89271 0.02978
2459652.13471390  15.77515 0.03445
2459654.78159670  15.77467 0.06255
2459656.53474190  15.92647 0.10097
2459657.87339350  15.76360 0.05413
2459659.76228620  15.74046 0.06152
2459660.86722690  15.78714 0.06494
2459666.52033330  16.02178 0.04716
2459667.54743020  15.83139 0.04986
2459668.81085080  15.88825 0.01988
2459670.89922710  15.64621 0.02534
2459670.90849090  15.94254 0.03929
2459672.74279610  15.65683 0.01699
2459674.92356140  15.93204 0.03527
2459676.92964160  15.96623 0.04282
2459678.87998850  15.89673 0.03171
2459681.50113420  15.76442 0.04721
2459681.50237450  15.73700 0.06738
2459687.87316870  15.72042 0.13684
2459688.43813350  15.96753 0.11445
2459693.68848940  15.88483 0.02846
2459697.02435540  15.75508 0.02687
2459702.82055590  15.88010 0.04439
2459703.71390360  15.65768 0.02330
2459703.79656190  15.92396 0.03207
2459704.75618870  15.81240 0.02088
2459706.90111390  15.97369 0.04377
2459709.37031040  15.87903 0.06008
2459709.37153920  16.09748 0.11939
2459709.95990850  15.90197 0.07753
2459709.96245920  15.58271 0.07857
2459711.79697690  15.69071 0.02270
2459714.79118480  15.76171 0.06478
2459720.94902420  15.79700 0.03135
2459721.68766850  15.60511 0.03262
2459722.84815310  15.80549 0.02023
2459722.85075250  15.73993 0.05013
2459723.77134780  15.88764 0.04122
2459726.52946930  15.84756 0.03574
2459726.56963900  15.65377 0.02823
2459729.43840710  15.85042 0.02539
2459733.91027420  15.73381 0.03755
2459734.58902610  15.87644 0.06655
2459735.38267340  16.04019 0.05554
2459736.91574560  15.99005 0.05135
2459737.70530800  15.83837 0.02150
2459737.70789330  15.81255 0.03490
2459739.37395260  15.95695 0.06200
2459740.40690990  15.95782 0.03889
2459741.79649930  15.77530 0.07194
2459742.79535540  15.75708 0.05120
2459747.52684300  15.62084 0.04055
2459747.52807180  15.72442 0.06390
2459749.56147690  15.66920 0.02894
2459751.86458330  15.72487 0.02950
2459755.77170770  15.80957 0.03799
2459755.77293630  15.71037 0.04366
2459759.42685070  15.84121 0.04030
2459760.60649460  15.83780 0.02570
2459763.82560390  15.87912 0.03730
2459765.48826080  15.69670 0.02810
2459765.54053800  15.73927 0.03233
2459767.80492200  15.55215 0.02460
2459779.78380730  15.71548 0.02369
2459783.84541960  15.74962 0.02771
2459784.73536740  15.52962 0.02308
2459786.46463980  15.71098 0.02896
2459787.61017140  15.81691 0.02325
2459789.67305030  15.98445 0.04176
2459795.48856280  15.84551 0.03726
2459795.66799500  16.00392 0.04534
2459796.72858170  15.89620 0.06228
2459797.65570160  15.81303 0.03790
2459803.77759580  15.68339 0.05189
2459807.25819580  15.94496 0.04740
2459808.40991340  15.83299 0.05236
2459812.22559970  15.92711 0.03260
2459817.77607390  15.75055 0.02611
2459829.25001640  15.69219 0.07800
2459833.66552430  15.87116 0.18460
2459837.30007210  16.00279 0.05172
2459842.26976060  15.93266 0.03983
2459843.56609200  15.82662 0.02769
2459844.57020860  15.83577 0.02670
2459846.28991850  15.90372 0.03239
2459847.61152470  15.96063 0.03668
2459848.56269920  15.68911 0.02937
2459851.60005860  15.94384 0.03724
2459859.52564090  15.68454 0.05191
2459863.51405890  15.66930 0.05117
2459864.51061840  15.98205 0.03424
2459867.50820810  15.71657 0.03272
2459868.50765060  15.62810 0.02447
2459870.49780600  15.99299 0.04338
2459871.49568750  15.82475 0.04056
2459872.49840560  15.64682 0.04119
2459977.87722320  15.84021 0.06078
2459978.87616930  16.03372 0.08164
2459979.87145860  15.69535 0.04657
2459980.86709280  15.61853 0.09897
2459981.87164290  15.53796 0.09403
2459984.85729110  15.72814 0.09458
2459985.87592840  15.83461 0.05930
2459989.59889890  16.00195 0.04463
2459997.01480920  15.71376 0.05713
2459999.59203030  15.89786 0.02946
2460000.84008110  15.66243 0.03447
2460002.56426840  15.90576 0.03786
2460010.80516380  15.80590 0.14919
2460013.99982220  15.93894 0.09443
2460016.55470640  15.69498 0.05456
2460021.58452350  15.75003 0.03556
2460023.60662600  15.99274 0.05241
2460026.75641520  15.92370 0.02788
2460027.86910790  15.67447 0.02838
2460030.09439470  15.71730 0.02183
2460031.60662150  15.90265 0.02671
2460035.48127730  15.91685 0.02865
2460037.89255720  15.83153 0.02255
2460037.89375900  15.67207 0.01982
2460040.54500000  15.86497 0.08012
2460047.81869220  15.95049 0.05283
2460049.54152360  15.85659 0.03747
2460056.80561900  15.94406 0.03571
2460057.71896140  15.98592 0.04381
2460058.79879610  15.61286 0.02223
2460059.84948490  15.73549 0.02040
2460060.79704290  15.64852 0.01736
2460063.84972490  15.91000 0.04055
2460065.55296390  15.94205 0.03399
2460067.56682590  15.88306 0.03524
2460071.61335280  15.91342 0.17572
2460077.02834860  15.70733 0.04768
2460078.01679490  15.67465 0.02440
2460079.02788740  15.74518 0.02895
2460080.01337070  15.77994 0.03867
2460080.68179530  15.60609 0.03111
2460081.01034270  15.70921 0.03521
2460082.67411720  15.64316 0.02590
2460083.04405460  15.59570 0.05830
2460084.61575740  15.84210 0.03420
2460085.67773630  15.67960 0.02379
2460085.97725410  15.73983 0.03111
2460087.67161920  15.85055 0.04818
2460088.37204160  15.82621 0.04742
2460088.67155650  15.83539 0.02369
2460090.93063200  15.70726 0.03052
2460091.33898890  15.75194 0.03822
2460091.93049070  15.75499 0.03075
2460092.33511800  15.73852 0.04649
2460092.33762180  15.82293 0.06373
2460092.94192350  15.94139 0.10434
2460093.33056380  15.87844 0.04464
2460093.92322570  15.63897 0.03913
2460095.93138870  15.63200 0.04078
2460096.73281260  15.77992 0.04564
2460097.62514650  15.59727 0.10136
2460102.50155430  15.83351 0.12444
2460102.95209410  15.67494 0.04175
2460103.94857420  15.70043 0.04620
2460111.87158630  15.73496 0.05628
2460113.68182300  15.66915 0.05093
2460114.77526820  15.89533 0.03608
2460117.91419600  15.77100 0.03380
2460120.66036550  15.75200 0.03135
2460123.56361810  15.88720 0.03292
2460125.51106020  15.64914 0.07138
2460126.35706140  15.72636 0.11302
2460131.42252610  15.83205 0.11720
2460133.89253140  15.82230 0.03413
2460135.81894990  15.82036 0.05481
2460137.86479520  15.65444 0.02551
2460138.78342820  15.87794 0.03338
2460141.80238050  15.71369 0.02253
2460142.76612380  15.73182 0.02725
2460148.51181970  15.82769 0.03581
2460148.54490160  15.65941 0.02947
2460153.58943310  15.78832 0.03710
2460158.60629060  15.52428 0.06030
2460159.38539160  15.86156 0.07082
2460162.74965630  15.73641 0.03745
2460167.44865490  15.97804 0.04562
2460170.30540610  15.83988 0.02761
2460179.74046150  15.65353 0.03266
2460189.68637320  15.60756 0.05968
2460193.69325710  15.91993 0.04339
2460194.37348510  15.92772 0.04235
2460194.67318250  15.63028 0.03034
2460195.67223870  15.61584 0.03398
2460196.66914470  15.56432 0.03014
2460206.65266370  15.61686 0.03126
2460207.63207490  15.64811 0.03170
2460208.23109380  15.79587 0.03055
2460221.54514770  15.95881 0.04007
2460229.48641430  16.05335 0.08466
2460232.53031440  16.07226 0.05097
2460234.56181680  15.64219 0.02951
2460239.49167340  15.63824 0.06770
2460357.59669570  15.87361 0.02625
2460361.59899160  15.88660 0.03078
2460370.84691460  16.09201 0.08202
2460371.88245100  16.09558 0.06714
2460377.89812040  16.05675 0.05019
2460403.83833600  16.01641 0.04871
2460404.81919750  16.06487 0.04266
2460407.81083540  16.04853 0.03799
2460416.77765630  16.05384 0.07362
2460423.06474280  15.70354 0.05933
2460425.71361770  16.00249 0.08761
2460431.82474700  15.66481 0.02817
2460432.98986790  15.68929 0.04070
2460435.55323750  15.89245 0.03567
2460437.85865580  15.62759 0.02119
2460438.94679710  15.58738 0.02206
2460442.94148680  15.59011 0.02226
2460444.56384320  15.89565 0.02628
2460446.44437040  15.89032 0.03800
