2458393.57059450 -20.8205
2458397.56203280 -20.7074
2458398.55816170 -20.7366
2458401.53443860 -19.9725
2458408.52832450 -20.6064
2458412.49249650 -21.0414
2458524.86827350 -20.4704
2458525.86365850 -20.9271
2458527.85851450 -20.4962
2458529.86503790 -20.6646
2458544.89879460 -21.0802
2458549.82049330 -20.5879
2458551.81490750 -20.7257
2458552.81020490 -20.2914
2458553.80937800 -20.0573
2458555.80483300 -20.9498
2458556.81060730 -20.7875
2458557.82129090 -20.1077
2458578.73444090 -20.3007
2458580.73065640 -20.8342
2458582.77468430 -20.3261
2458583.91556070 -20.4363
2458585.78268670 -20.8158
2458590.85703740 -20.8599
2458626.63786500 -20.4730
2458636.65607490 -20.4491
2458637.75236710 -20.0379
2458644.54394630 -20.1923
2458645.54392000 -20.2789
2458646.54748550 -20.9651
2458660.80994410 -20.5906
2458674.81739440 -21.0823
2458676.80455010 -20.5553
2458689.77254470 -20.9571
2458695.75781040 -20.5009
2458698.75043100 -20.1066
2458699.72954290 -20.8045
2458700.74751850 -20.8757
2458701.74256590 -20.1296
2458703.72606170 -20.1903
2458716.51669430 -20.7988
2458718.67496160 -19.9773
2458719.69706250 -20.8236
2458726.67790550 -20.5967
2458727.66658590 -20.1442
2458729.65054570 -20.3470
2458730.64529490 -21.0528
2458745.62346640 -21.0688
2458747.62017060 -20.5064
2458748.61046140 -20.1259
2458750.60884660 -20.9415
2458751.58271910 -20.6790
2458753.60464250 -19.8264
2458756.59406760 -20.4979
2458757.59054250 -20.3424
2458773.52744510 -20.3153
2458774.52597930 -20.4948
2458775.52358540 -20.7017
2458776.52612690 -20.7426
2458777.51484510 -20.4271
2458781.50497030 -21.0035
2458782.50170170 -20.4276
2458893.88267000 -21.2443
2458904.84090430 -20.5775
2458907.83444830 -20.4166
2458908.83378650 -20.8971
2458909.82883890 -20.4959
2458910.82432530 -20.7336
2458912.81848640 -20.5478
2458913.81790990 -20.6107
2458915.87465420 -20.4328
2458919.80255090 -21.0525
2459261.85227570 -20.8021
2459268.83810800 -20.7983
2459277.80827710 -21.3213
2459278.78393370 -20.3963
2459294.75705770 -20.3805
2459297.75178530 -20.9463
2459298.73762150 -21.4060
2459304.79712340 -20.9101
2459311.80696700 -20.7234
2459322.78686310 -20.4971
2459329.71538330 -20.6152
2459340.62314080 -20.4223
2459342.65423150 -20.8685
2459346.62712950 -20.0983
2459365.58569690 -20.4008
2459374.53350440 -20.5160
2459375.69618500 -20.2729
2459377.76664440 -20.6597
2459378.75466500 -20.5410
2459383.55362970 -20.8460
2459385.68789230 -20.4945
2459387.56464670 -20.7227
2459394.57209930 -20.2690
2459401.76975060 -21.0180
2459402.69948250 -20.7344
2459408.80608230 -20.6138
2459410.52739110 -20.5015
2459412.55327170 -20.8716
2459428.75778840 -20.3684
2459433.60861490 -20.8015
2459439.70448000 -20.7095
2459467.50492340 -20.7091
2459482.49524580 -20.4688
2459483.49143220 -20.8827
2459489.52115730 -20.5964
2459497.52730560 -20.7537
2459504.54270860 -20.6346
2459510.50480930 -20.4218
2459513.51033040 -20.4895
2459514.50830970 -20.4766
2459610.87415390 -21.2246
2459621.85590630 -20.8387
2459638.83851880 -20.4046
2459639.84935330 -20.4955
2459647.79756580 -20.2120
2459649.83304690 -20.0928
2459649.83436060 -20.0537
2459650.79961770 -20.9517
2459651.83917920 -20.6650
2459656.79577240 -20.6885
2459665.74083930 -20.3005
2459666.72124590 -20.7932
2459668.75910360 -20.3313
2459669.72975770 -20.3373
2459670.72936840 -20.3772
2459675.71929220 -20.8503
2459676.84391460 -20.6869
2459678.84239940 -20.2208
2459680.73451580 -20.7803
2459693.76117830 -20.1031
2459697.69312150 -20.3571
2459698.72704840 -20.2889
2459703.77278930 -20.4993
2459713.66907400 -20.2138
2459722.72805970 -20.7736
2459725.56989950 -19.6306
2459727.63316190 -20.5901
2459741.71713020 -20.6905
2459742.76549320 -20.3636
2459751.78044010 -20.6258
2459783.73769790 -20.0041
2459786.68907570 -20.1464
2459791.69425350 -20.5862
2459794.62143420 -19.8542
2459795.74202370 -20.9232
2459797.69806670 -20.5350
2459812.58983230 -20.3612
2459817.51330420 -20.5798
2459820.63688080 -20.4384
2459821.68105710 -20.7535
2459833.49884430 -20.5920
2459846.55162580 -20.5565
2459848.54435710 -19.8381
2459864.52807050 -20.0643
2459867.51206990 -20.3989
2459872.52253040 -20.4927
2459876.52095700 -20.9269
2459979.87227010 -20.7246
2459993.83487980 -20.5787
2459995.84041770 -20.2169
2460021.76356850 -20.1108
2460023.75702780 -20.1116
2460024.82656770 -21.0606
2460030.73348770 -20.6029
2460031.74413880 -20.2083
2460048.80078610 -20.7374
2460049.86115250 -20.9097
2460050.75670590 -20.5881
2460054.87723610 -20.7854
2460056.78198150 -20.3585
2460061.71380810 -20.3375
2460065.67804780 -20.9151
2460066.66341610 -20.4534
2460075.83805370 -20.4229
2460079.71184320 -20.9927
2460085.81906730 -20.6231
2460089.82574050 -20.9833
2460090.83561360 -20.2555
2460094.84083740 -20.6280
2460104.81208780 -20.5112
2460107.52280330 -20.4276
2460110.53683240 -21.3567
2460113.51899150 -20.6103
2460114.65123290 -20.9616
2460121.55511520 -20.7198
2460136.80311830 -20.3414
2460139.67517530 -20.8049
2460140.77515370 -20.5228
2460141.78727320 -20.4318
2460142.75824170 -20.4013
2460149.50704790 -20.0687
2460223.52257730 -20.0599
2460229.53959480 -20.7003
2460231.54066610 -20.6702
2460405.86330880 -20.3582
2460417.71443690 -20.5004
2460418.81169590 -20.4356
2460433.69882550 -20.9607
2460434.69797590 -20.1878
2460438.87248530 -20.6003
2460442.62279220 -20.6260
2460448.59689030 -21.0668
