2458014.5349647	11.110160992837807	0.0007920694250524
2458015.5357767	11.103428810406555	0.0008404473500768
2458016.5246425	11.155491159229957	0.0003041785521197
2458018.5207806	11.115934403999177	0.0007353207504982
2458019.5147473	11.174529217946231	0.0005582364316789
2458020.5077995	11.101692698773103	0.0008428895282078
2458021.5008156	11.15040875715206	0.0004099619961094
2458033.506159	11.142451111498543	0.0005579329340521
2458034.6041986	11.071321709414658	0.0009534571991174
2458035.5070181	11.125038083941025	0.0006999475233108
2458037.502273	11.17189805739008	0.0004998227400131
2458039.5127467	11.177763100474658	0.0006141206038567
2458040.5501189	11.155031924031949	0.0003164954838836
2458041.5617355	11.155196752853238	0.0003590763407193
2458042.5787853	11.170841082433109	0.0005119542004815
2458043.5555124	11.145169862266282	0.0004373457055571
2458045.5528866	11.15031421227037	0.0004303850301916
2458046.5460852	11.139385761631718	0.0005289305390427
2458047.5573441	11.140035283152244	0.0005234627471681
2458048.5508026	11.12284595244452	0.0007079290132537
2458058.5655871	11.165351251516624	0.0006564581026297
2458086.5441072	11.418861490630407	0.0031408704266998
2458197.9032142	11.215184500301708	0.0011781713262702
2458200.6326648	11.14434551536704	0.0005979354371489
2458200.9008846	11.242659064203622	0.001270576429274
2458201.6317865	11.202622747055312	0.0011846177558485
2458203.6299733	11.120748650541742	0.0004361859127598
2458204.6216994	11.216214201590756	0.0012894526817306
2458205.6359229	11.245093289078918	0.0014836365478845
2458208.8710481	11.275597894986731	0.0018681708426287
2458209.8701235	11.306571976298653	0.0019335327885389
2458210.8655026	11.3085689490827	0.0017698804545837
2458211.8648796	11.267614667409571	0.0014817419414826
2458212.8966445	11.239796855353871	0.0012893045681488
2458220.8694875	11.23982492412358	0.0011515931282506
2458222.8563167	11.23013752581736	0.0011095735553767
2458224.8583345	11.24767951274836	0.001199925685927
2458227.8594384	11.249620877615095	0.0012837119794338
2458228.8195716	11.292465149143698	0.0014925223800699
2458230.8124392	11.296786929518458	0.0015262541259848
2458235.5393134	11.209786896157103	0.0014533515649614
2458238.9029785	11.19230622178382	0.0010165529229463
2458241.8520692	11.241986590961424	0.0013301300165664
2458250.7620672	11.26194462227108	0.0013452323570343
2458251.7885052	11.292903574125992	0.0015622945781441
2458254.7965925	11.261296130649136	0.0013098671417652
2458256.5442441	11.082554518722748	0.0008329442423283
2458256.8187297	11.211850083768027	0.0009312143446648
2458257.5549111	11.10772264229823	0.0005793990451182
2458258.7458355	11.230214060734085	0.001064685770306
2458259.7365231	11.281392985264782	0.001447681799191
2458261.8553763	11.181669992172518	0.0006143804014348
2458262.7271345	11.217576061824616	0.0009662223837051
2458264.711786	11.278346156830494	0.0015694528705311
2458275.4984397	11.103958142243444	0.0006973462823597
2458276.4900637	11.1469428102666	0.0006763615331541
2458277.7095331	11.229366355538444	0.0010498142770454
2458280.4934158	11.126860074195385	0.0005273281324381
2458281.4750472	11.134310781352356	0.0004268685547564
2458282.475185	11.189105103616471	0.0010321811750628
2458283.5683621	11.195723435313685	0.0010953848929507
2458290.3864437	11.136713289206847	0.0005511035849339
2458290.8199969	11.114664562020682	0.0003717514837599
2458291.8312598	11.223511614858248	0.0010039682336826
2458292.8078708	11.171258583412476	0.0011161648417429
2458294.8298346	11.138363223489687	0.0007690795562085
2458295.6347873	11.269111928133954	0.0016542186606767
2458295.924197	11.11652998540859	0.0007218598780924
2458297.7542791	11.189820747608444	0.0012656127893426
2458303.3880878	11.174922588593576	0.0009744800321612
2458305.7185923	11.303983545290247	0.0016053183690302
2458307.5031484	11.180151427262462	0.0009515047210669
2458308.4727041	11.115386895199109	0.0004903730758439
2458308.6840929	11.225382866792993	0.0010173423193141
2458310.8893021	11.229320023111804	0.0010604244222626
2458318.4272425	11.192101585898868	0.0010724190078151
2458319.844269	11.131205793454546	0.0006205682516641
2458323.5606168	11.272801112447173	0.0017212209092003
2458324.2963128	11.258029469721532	0.0018636464358847
2458324.7466949	11.234860658472432	0.0013762929054643
2458330.3641673	11.184842405782176	0.0013924069599813
2458331.5702153	11.305642948165591	0.001599597773664
2458331.7678975	11.190628471342292	0.0014796422586261
2458345.3258841	11.108598920938183	0.0005590618708432
2458345.4935043	11.44310536993478	0.0023844220117724
2458346.3592314	11.140026011699	0.0004896763309239
2458346.7766489	11.371687681286677	0.0019705786352738
2458347.6924213	11.294403459844318	0.0014917967757975
2458352.2251592	11.156970338136174	0.0009576908310248
2458357.512742	11.260011766524183	0.0017049683666183
2458361.5884037	11.232321534731412	0.0010759029469025
2458369.5652795	11.233019043690174	0.0010805408938296
2458371.2998282	11.174420389724846	0.0009036415152386
2458372.3297417	11.113874834891176	0.0004855640449315
2458372.599779	11.216845628164656	0.0009441885554131
2458373.6992305	11.150125191245657	0.0006744178907509
2458385.6597299	11.2641967777223	0.001706486362647
2458389.6513821	11.14799207351954	0.0009308957419889
2458392.7032487	11.216501783540824	0.0014036231237072
2458393.6674609	11.325962661566898	0.0017054421020291
2458394.6581399	11.151741002539808	0.0008366019908512
2458396.6580197	11.220240453700573	0.0012065447904789
2458398.6554352	11.143739918308274	0.0006179623017376
2458399.3276567	11.232459404740885	0.0013937211320065
2458399.6816256	11.205813341657858	0.0012527667500174
2458404.6330646	11.178975077784775	0.0007056043502031
2458405.6758309	11.1199446171022	0.0002743293217159
2458413.2549743	11.114651093666502	0.0007303220587482
2458416.6483503	11.151671931652556	0.0013423562568941
2458417.3164014	11.192867083252862	0.0013087979061978
2458418.272494	11.22447393329966	0.0013309388040389
2458418.6406052	11.07063773187786	0.0011608040025518
2458419.6396238	11.157933479201894	0.0010001522641865
2458420.6095928	11.129854323152218	0.0002987808528273
2458424.5723174	11.128345918875551	0.0006924303741046
2458425.5690266	11.127526741512868	0.0006914378926599
2458426.5662433	11.151812385764195	0.000354134665646
2458427.5630377	11.20887960325866	0.0011289277984633
2458428.5596772	11.16910378947722	0.0005765879447131
2458429.6085091	11.128186829328396	0.0004861094511002
2458430.2955193	11.182228725394676	0.0010039695008389
2458430.6045736	11.09885859000999	0.0006504406650496
2458431.6040739	11.119895644357651	0.0004634639929791
2458432.5504142	11.168099095859684	0.0005466459046316
2458441.2677683	11.186770105249408	0.001292599652489
2458441.5710891	11.22336334471499	0.0017944165574645
2458442.518316	11.154902353405117	0.0007778522998523
2458444.5132058	11.119834855410163	0.0015781004463904
2458451.543874	11.1171231591141	0.000538388392063
2458554.6477083	11.332130501743592	0.0023241110719368
2458554.9059813	11.196886795341648	0.0017029484531451
2458555.9014264	11.180096694365249	0.0009261512228487
2458556.899007	11.2810212330905	0.0018093906625443
2458557.8994646	11.257638870130243	0.0015901331129679
2458558.636718	11.332773472401191	0.0021076449385487
2458558.8948561	11.260146604366309	0.001579074522247
2458559.8928264	11.489621232625428	0.0027171062368023
2458563.9035333	11.182455362647817	0.0023288623382821
2458564.9025685	11.193414403519684	0.0018209242055227
2458565.8939515	11.239657281972288	0.0017218205330453
2458567.8922746	11.259429281174056	0.0016908617775887
2458575.6077688	11.22169914819968	0.0013211891554121
2458576.8625109	11.201824798581344	0.000990183466115
2458578.850254	11.24425766210084	0.0014055441154853
2458579.8605942	11.19650560310446	0.000998565824286
2458580.8433531	11.511505515123796	0.0028221350337961
2458581.8469372	11.257996999607972	0.0015421786158873
2458582.5910848	11.20468442804588	0.0011847356115906
2458584.6121831	11.177454965931153	0.000953021540888
2458585.6546832	11.205997118287293	0.0011958992784818
2458586.5758437	11.261847812205922	0.0015999303439736
2458587.9748946	11.173349449416095	0.0010654890436858
2458589.8230515	11.194575305642934	0.000901123033309
2458591.5626966	11.204571992425317	0.0019883207549316
2458594.8115696	11.262834459611115	0.0017953432245673
2458595.8101238	11.37023144012031	0.0020616981442355
2458602.8263446	11.167870400847566	0.0006220827640893
2458606.5299101	11.23229873243844	0.0013888927648917
2458607.9350433	11.270464611880945	0.0018581037077545
2458608.7716854	11.221949768534522	0.0012152898908624
2458611.1091236	11.134994566784275	0.0009804520372958
2458611.9228777	11.174249512449336	0.0010317593965678
2458612.9301046	11.180290900387844	0.0011041577380245
2458615.0868435	11.118109035516104	0.0004675302602383
2458616.4977327	11.286698123593837	0.0017554452773423
2458617.915974	11.200532324239134	0.0011970700325419
2458618.7825512	11.36570750809522	0.002038376767031
2458619.7410821	11.510028915153388	0.002953879363365
2458620.9380054	11.271925443153243	0.0021461680907529
2458622.1012017	11.100169902899024	0.0008848845371256
2458624.7704967	11.344882172214366	0.0019817134426146
2458625.5582658	11.14832619467547	0.0010105092828143
2458630.0413609	11.214038188729257	0.0012783228289088
2458633.0345779	11.145009690477892	0.0005809030466855
2458635.697658	11.530884495339762	0.0029121758997012
2458635.8008911	11.189839705976944	0.0008479768310543
2458636.7941156	11.20866828509442	0.0010468775947052
2458640.6821548	11.23220132897753	0.0013134791141993
2458642.6763224	11.432475493761851	0.0023198188999511
2458643.6768494	11.443180197591278	0.0023808597501336
2458644.6984921	11.170239817408358	0.0005976874321782
2458645.543251	11.182030661556064	0.0009877188160989
2458646.7209646	11.207160341548132	0.0011229140583365
2458647.7211159	11.209330779389829	0.0012191574702712
2458648.6988161	11.192566904669505	0.0010430385087852
2458649.993263	11.125508889343443	0.0007135067590692
2458650.7675652	11.420545738453418	0.0025250003932205
2458651.8045264	11.337753551369856	0.002217951484929
2458658.3710029	11.262188515660403	0.0015886868306122
2458662.6784794	11.390012559928987	0.0020778939486909
2458667.6603069	11.383012220794608	0.002074177904122
2458669.000144	11.189481268819533	0.0010186945522472
2458672.0074617	11.200431671528396	0.0011239459966615
2458673.3475462	11.294671670510324	0.0018372513367954
2458674.3234923	11.331665289076966	0.0021340982322907
2458674.9360107	11.13817771719062	0.0006674323241574
2458675.6406141	11.53092624936027	0.0030032717907464
2458675.7160581	11.310526950315992	0.0020669739058701
2458676.8123475	11.203156471444204	0.001000124206474
2458677.3331621	11.239702254021063	0.001465349948179
2458678.367738	11.254995118633818	0.0017837046659834
2458679.9835105	11.152932556246896	0.0010658910938291
2458685.8165602	11.230883665130108	0.001821888214537
2458688.9592113	11.17115911287402	0.000896960698959
2458689.9588287	11.095646694379568	0.000713030993097
2458690.5397798	11.191865686179645	0.0010671662226118
2458690.9323629	11.112540145755949	0.0005826503556388
2458691.5334781	11.335627050644607	0.002083970687021
2458691.9504158	11.141907702886362	0.0004918422852098
2458693.7549062	11.22375748013917	0.0012073152964536
2458694.7652631	11.392901307177668	0.0021115439350032
2458698.5589494	11.20127564171139	0.0010044957399174
2458698.5661221	11.226509117318404	0.0013305230264015
2458699.3446237	11.18515549404173	0.0010135664184428
2458699.564643	11.472473710871506	0.0025587578792688
2458700.3546818	11.165760366762804	0.0008062777355257
2458700.9244189	11.12343260429242	0.0003988951935367
2458701.5333481	11.42304581114098	0.0023013978301946
2458702.5776195	11.377614784082311	0.002041382719486
2458702.7487921	11.169011313724472	0.0005546422649962
2458703.5246943	11.456843015397048	0.0025567098221437
2458703.8801397	11.163068961605063	0.0008199992420824
2458704.8199243	11.388553414645877	0.0025424886866938
2458705.2659787	11.208803988194267	0.0013611483335648
2458706.7084839	11.171549333128294	0.0007530546302216
2458712.3546045	11.20711486144456	0.0020245185129984
2458716.8784175	11.176206423585969	0.0012371876962286
2458718.5090817	11.276589437952945	0.0017108546379466
2458718.8732073	11.149732360521211	0.0006162782379654
2458719.3770525	11.257406650473555	0.0015519713567124
2458719.8037852	11.226674441045304	0.0012959613383439
2458719.85725	11.180411226147836	0.0009408967986963
2458720.7701314	11.231751101701205	0.0014712380961563
2458720.8328872	11.167985842132378	0.0008640183283978
2458723.6960384	11.259050686422608	0.0015576074853285
2458725.7532612	11.181954141110634	0.000849617873909
2458726.7774345	11.500739821758234	0.0027312831956895
2458727.844423	11.1314321857384	0.0003427943371929
2458728.4872757	11.2273687214922	0.0013391298051517
2458728.8536382	11.12295647365569	0.0003784040180965
2458730.2787903	11.24906079668646	0.0014948122217992
2458730.6491632	11.177764463565454	0.0008057308849662
2458734.5854773	11.165105369845149	0.0006523786527132
2458740.5985792	11.383013179659978	0.0025613689160275
2458741.5373694	11.389325167156466	0.0023003060132644
2458744.6411341	11.18764756651288	0.0009646392778333
2458745.7860563	11.134146096592255	0.0003589272070169
2458746.5895149	11.395041411943163	0.0021142280004603
2458747.4458547	11.575076837583168	0.0035945293847499
2458750.6982963	11.254232820913003	0.0014711240571355
2458751.7856937	11.190874756924671	0.0010192740959685
2458752.6720389	11.1976757092445	0.0012212610907738
2458755.7788905	11.254231193666438	0.0014776306177516
2458756.7429292	11.19741139595731	0.0010723092258136
2458757.5602202	11.230473643041872	0.0013006377011496
2458758.5673796	11.445487689394	0.0024265811112938
2458760.3218823	11.183678916539538	0.0010022010805433
2458761.6688454	11.19936864212904	0.0013399770000588
2458767.2777635	11.216675204621732	0.0016260939454882
2458767.7023882	11.2285870196955	0.0020567999679543
2458768.7087628	11.228265499592773	0.0019079667473119
2458772.3781805	11.302106513144684	0.00214429555898
2458773.3741198	11.331696657617128	0.0022330801957518
2458775.2747692	11.210458581858529	0.0012104708671653
2458775.5537142	11.193302575567568	0.000893582803898
2458776.2804759	11.26741223628042	0.0016731964426959
2458776.5388632	11.41408683531904	0.002233784945879
2458777.6212747	11.208634905839116	0.0010730623019251
2458778.6214584	11.07612677436028	0.0008731610168281
2458779.6593774	11.065729006137117	0.0009625718625907
2458780.6579816	11.099648090542445	0.0006077285036875
2458782.6073193	11.274691359240382	0.0016815623083556
2458783.65615	11.1396717855945	0.000692675630407
2458784.655907	11.119053406965952	0.0004892796131875
2458785.6522563	11.181514326559231	0.0011075162070509
2458786.6503441	11.164503778588273	0.0009782954673043
2458787.3380752	11.24358655668232	0.001471229250129
2458788.6412587	11.09150914926101	0.0007226168000256
2458794.5763434	11.214197184823874	0.0014301983195558
2458795.5615303	11.231708798703838	0.0014214247478171
2458797.566118	11.22329789507554	0.0015405674050055
2458800.2843761	11.23774303032251	0.0016346781476637
2458802.5516103	11.604951540996428	0.0033588669267843
2458802.6034434	11.138102156752884	0.0008655227188649
2458803.6016814	11.122262955408686	0.000444479482449
2458804.2725736	11.272969851619209	0.001677154617328
2458805.2698301	11.334481429646209	0.0021511769810822
2458806.5660094	11.580862550456686	0.003200722305071
2458806.571387	11.11328121488733	0.0005472773918098
2458807.5181311	11.23939891305956	0.0014442953408813
2458807.5628994	11.62352760467823	0.0034634244959701
2458808.5635493	11.61262450019511	0.0034062149052242
2458810.3087904	11.3581872470702	0.0022089983312907
2458811.5590743	11.125547683091035	0.0003633047526458
2458811.5652248	11.560992154729751	0.0030907472318881
2458813.5612886	11.35088080151412	0.0022191388560355
2458919.9011239	11.78576859105592	0.0054873904117074
2458920.8965625	11.753133366663524	0.0047812933673855
2458921.9005849	11.297538622507211	0.0020268354920699
2458923.8903761	11.648034479277458	0.0037923973706779
2458925.8845686	11.670545531433053	0.0039106113451078
2458931.6318167	11.351894072902214	0.0027941482066947
2458966.9406977	11.198395560653871	0.0011914818443843
2458968.9378827	11.130134474530928	0.0005530111709684
2458985.0865201	11.13078454077978	0.0003721162560205
2458988.8939799	11.249307888203187	0.0016609939056646
2458991.5408944	11.37363211580816	0.002298340759374
2458994.8819712	11.175841784711352	0.0009687683680726
2458996.8697639	11.138428281888071	0.0006385788823607
2458999.0518469	11.145969249949744	0.0005864429785545
2459000.4534633	11.384016238872224	0.0024715284874193
2459002.8604025	11.143041992190543	0.0008206937074605
2459006.9121287	11.049821889217068	0.0015516643338632
2459014.0145466	11.200694217177832	0.0011455842575011
2459015.4003929	11.332538718723812	0.0020609036628758
2459016.8509605	11.251012030568514	0.0016689235489052
2459018.398031	11.5056479992024	0.0031341197182471
2459019.4368941	11.29584527062858	0.0018192002495085
2459022.9786447	11.19751525235758	0.001060797795077
2459025.4029721	11.33801131901877	0.0021526805471162
2459026.7888825	11.115623548424027	0.0003984923097959
2459030.0193577	11.164468214645	0.0008613713369155
2459031.3910519	11.306861539401504	0.0019061209198338
2459034.4173526	11.306490339733152	0.0022678997008953
2459039.9462178	11.19757022420487	0.0012391151588862
2459041.876605	11.1239382734024	0.0007339468064567
2459046.8508213	11.156865472058762	0.0008476178783147
2459049.9060972	11.152993192663306	0.000641376167635
2459051.888865	11.151509098345135	0.0006289544995308
2459053.3706028	11.321686300056612	0.0019772376860971
2459055.8759281	11.215112565457773	0.0011306015080063
2459059.8664046	11.130786192555242	0.0004152456375897
2459061.8594739	11.17286580466275	0.0011602044832726
2459066.876917	11.22521308668998	0.0017600906274655
2459068.268395	11.48097347749035	0.0029859749765845
2459073.8317648	11.152716526117963	0.0006340536289982
2459074.7780609	11.194530232992136	0.0012267637542018
2459075.7879225	11.20409376357114	0.0012285002610432
2459078.8724206	11.222536893951789	0.001263273569
2459079.8504167	11.525084733471946	0.0034792363700469
2459084.7930236	11.20246347482199	0.0011114795300069
2459085.7682189	12.0469444940745	0.0075777486829149
2459087.7834269	11.188322122391211	0.0009380887351088
2459088.8347109	11.446813666784658	0.0029681488802824
2459089.8133219	11.329716984807355	0.0024840317535037
2459097.776871	11.204777406869116	0.0011650272906422
2459099.7567677	11.246859741167228	0.00142787464023
2459100.8204719	11.187552540235233	0.0009881867873175
2459102.8074786	11.177932986376655	0.0008907232299878
2459104.8064048	11.138714675263534	0.0004280937505946
2459110.3655501	11.410558824805612	0.0025439595418753
2459123.7220873	11.1956059488514	0.0013423834673153
2459129.722125	11.186213690850495	0.0009827390121033
2459133.7122683	11.174730955010716	0.0009061784091399
2459134.6740699	11.176802333262112	0.0010673775819014
2459138.7208919	11.202379073814663	0.0011506561961923
2459140.6644693	11.211842031129368	0.0013571474932117
2459143.6523152	11.223171577930254	0.0014498047828546
2459144.6045676	11.49326314773534	0.0026988676654235
2459144.6324153	11.216440279524658	0.0014749439987457
2459149.2508333	11.352279290191644	0.0024490609573005
2459155.3248315	11.413329565752484	0.0030266609966065
2459155.6215393	11.142861130844777	0.0009891451377907
2459156.3078099	11.401101401410394	0.0025834533690363
2459157.613465	11.209677754863508	0.0014628522548821
2459158.613064	11.319923294361626	0.0020895328065014
2459159.6089929	11.218280720443603	0.0014100958237841
2459162.6153961	11.342719551753564	0.0023224061168263
2459164.5419584	11.49843767874244	0.0027020964379944
2459164.5473086	11.153181600314294	0.0007610384078467
2459165.5557294	11.518284507073073	0.0028466839359047
2459171.5678624	11.222578335983878	0.0014692689243346
2459177.5667514	11.252371407907908	0.0019647958219601
2459184.5477479	11.168889863617466	0.0014393801340606
2459292.6469571	11.44881571279667	0.002893202287324
2459293.8825971	11.419581739595117	0.0028130710002855
2459297.8750705	11.30810478042036	0.0019089985813039
2459299.8470543	11.382124222097172	0.002440302434098
2459304.9035486	11.606202995370973	0.003562271148787
2459312.5724935	11.556975201851689	0.0034821163136891
2459313.6038618	11.40168233150003	0.0025169120893485
2459314.8255481	11.324724739793387	0.002046909032536
2459317.8208614	11.306688271037746	0.0019378654644631
2459317.9120988	11.622022278096216	0.0035300822608546
2459320.8007161	11.394989038703224	0.0025179352839062
2459322.5502263	11.70168948191691	0.0044275284988999
2459326.9602898	11.292229325671242	0.0019606703886221
2459328.6108253	11.367253515207532	0.0022844853486696
2459329.7820668	11.2872764787304	0.0019792192929474
2459343.0863502	11.141518145312642	0.0005374741459458
2459345.7840892	11.614640332404562	0.0034318121476226
2459346.7915453	11.58037291902721	0.0031765702767483
2459349.7193063	11.44354043879391	0.0028533950475338
2459350.0665276	11.227136793921906	0.0013014436971536
2459354.0560377	11.205121346296082	0.0011224869018788
2459356.9218781	11.625078959886126	0.003473196330002
2459362.533029	11.33252230049642	0.0025865317794223
2459367.8542359	11.503846316448216	0.0027932699176671
2459370.5962698	11.356610761120876	0.0023137782315514
2459371.4152288	11.572965869517391	0.0035614288452973
2459373.5257342	11.501882625232644	0.003103607907151
2459374.9085467	11.31255513470682	0.0019203236515615
2459375.4599362	11.540515192650677	0.0033632366134609
2459376.4395496	11.544340670170165	0.003366676934699
2459378.6763009	11.288954698432873	0.0017454162199271
2459379.7902571	11.246440997426411	0.0014025405972037
2459379.842233	11.526439928350127	0.0028711861986545
2459380.7175351	11.510788536277708	0.0027773063800585
2459384.4100651	11.505058408107953	0.003182534625146
2459385.379555	11.629353803638196	0.0040434054787095
2459395.9359708	11.180974713264185	0.0009805292931513
2459396.705164	11.267639422870008	0.0015925615601914
2459398.9509559	11.195895603746273	0.0010770968605737
2459401.8159443	11.20782575619317	0.0013189467551208
2459403.446435	11.358415417920058	0.0022017930025843
2459405.5003801	11.387436349977053	0.002397308125472
2459405.9943017	11.19974758521388	0.0010882384697181
2459408.7711443	11.425120010955895	0.0027929594644507
2459409.6461027	11.582841152824493	0.003226852848316
2459411.3635391	11.36028286214269	0.002224221299642
2459412.4167443	11.4327282081339	0.0026681670829086
2459413.363023	11.477901095455136	0.0029882227660004
2459423.4892931	11.403177993185786	0.0026103358035904
2459424.7484898	11.24048506071754	0.0014359989974595
2459425.4121669	11.367094999635276	0.002296633506779
2459428.8478728	11.686393716208368	0.0038921059881276
2459431.5166994	11.518285052660993	0.0032098702419705
2459431.8388627	11.213446539350132	0.0012134325112414
2459434.3271932	11.422995564437144	0.0026133899973952
2459436.7206059	11.486437186349338	0.0026593768616843
2459439.6507839	11.26012018175091	0.0015185958800144
2459441.8183214	11.192504023655095	0.0010585291323478
2459443.7584316	11.559136949027964	0.0031467764024772
2459452.7811127	11.171081757779762	0.0008541041902471
2459454.6449306	11.470953423360925	0.0031100751243807
2459457.3325262	11.400403235703228	0.002477708404439
2459458.6146536	11.386896752314616	0.0025311758320535
2459459.6533318	11.524893643733286	0.0028744301714925
2459460.5796532	11.302120151331064	0.0018922065534145
2459460.7875421	11.58473288211048	0.003857157170887
2459462.5168213	11.6008474530346	0.003375482217285
2459464.8062584	11.40227359484416	0.0026198264319513
2459465.7355025	11.31123133567134	0.0020803988067428
2459468.2910202	11.554386175974678	0.0034584142453738
2459472.279756	11.368116909242476	0.0023860644938201
2459477.6481896	11.57348764358257	0.0035495390904618
2459479.6998704	11.348106183685127	0.0025020477016477
2459481.7728255	11.213256960569248	0.0012317837020544
2459487.7153139	11.206387481813008	0.0011547827405168
2459490.7442022	11.21557947977611	0.0011959777091894
2459494.3373495	11.382341192440808	0.0023652475870128
2459495.677344	11.295519968527572	0.0019684094865809
2459505.5291683	11.321580949954852	0.0023146848442469
2459506.3577029	11.47294937565967	0.0032777720171824
2459510.6564573	11.290089280373184	0.0022095774527579
2459511.644215	11.222152374124835	0.0016322478271854
2459513.6502821	11.238197656953194	0.0015250451804201
2459517.2963371	11.434069556223337	0.0026818026588061
2459520.6275832	11.164275147409931	0.0009678884824374
2459522.3094349	11.49383662056106	0.0030707357474504
2459522.5226314	11.663888332242088	0.0037415012160062
2459524.6217726	11.25047871599011	0.0016652776838301
2459525.613726	11.199786106691237	0.0012284612831025
2459527.2676345	11.43939364747648	0.0027601529447802
2459531.2718908	11.4726289028209	0.0029816279550041
2459532.5395997	11.616310574757293	0.003567839610944
2459537.5891981	12.011797681948032	0.0142553709701597
2459538.5818993	11.238839481521303	0.0018700179501038
2459539.5114449	11.631154993387788	0.0038877123588856
2459543.5141858	11.646352433300276	0.003881759924323
2459549.5478581	11.325898745667004	0.0021458463472816
2459552.5417867	11.25522374725529	0.0016945519897444
2459643.904669	11.207411000393996	0.0032436885144223
2459644.9038565	11.245934123104508	0.0028751828012484
2459645.900521	11.207980390884128	0.0015580877440505
2459645.9031575	11.241578731576908	0.0024192787991409
2459647.8922571	11.386280151313802	0.0021411326208995
2459650.8866755	11.17309185312889	0.000778309393191
2459656.8695138	11.190962710208538	0.0017012795906776
2459658.8727169	11.185742661397173	0.0012093071674075
2459667.8544601	11.192446474948548	0.000890573393995
2459669.8961573	11.137033500901408	0.0007138669976077
2459671.8518186	11.173386035326446	0.00062477287863
2459673.846174	11.264321161704018	0.0016033031659565
2459673.8966798	11.269822426884543	0.0013639539851129
2459675.832699	11.372193254735674	0.0019831403034481
2459677.8312241	11.180912220689487	0.0007634914360925
2459678.8345373	11.18919547847623	0.0008829360958007
2459678.837135	11.161024183869085	0.0010752528473804
2459679.8430527	11.301585250417848	0.0015538090603782
2459680.836366	11.355154408165138	0.0019123784482953
2459682.583699	11.518849099625568	0.0032244744359796
2459683.8183324	11.185964684607026	0.0010663169471578
2459690.8049792	11.30314135674019	0.0016469992382194
2459690.8257676	11.195344010951496	0.0012890727388624
2459695.1180771	11.227137994218054	0.0013142110422253
2459695.1193418	11.2398440688655	0.001432241477952
2459695.7846755	11.226103324530424	0.0012223009959782
2459696.7807372	11.349431381201336	0.0018517124799722
2459697.8669273	11.154904821394853	0.0003566751798013
2459698.9414916	11.267337494792873	0.0017928162956916
2459702.5883411	11.652346303007551	0.0040999755117712
2459703.8594611	11.138105863224796	0.0006235669501009
2459706.961917	11.109436073089602	0.0007666062086617
2459706.9631903	11.12529001111475	0.0010629490541075
2459706.9644527	11.130412266460318	0.0015144821485939
2459709.5891803	11.477750117341984	0.0029717658638147
2459709.590885	11.485203957221046	0.0030481547110395
2459709.944092	11.32295019349161	0.0021572362516838
2459709.9453918	11.319665721050322	0.0022362955526344
2459711.7283014	11.388609615571392	0.002226824270705
2459712.9221258	11.301980704199153	0.002421650639897
2459714.47631	11.609670504932293	0.0044370168511174
2459714.7336353	11.16668291940004	0.0012597790307052
2459715.7359951	11.315651478515209	0.0019839572182774
2459715.7372381	11.329593603219092	0.0027476382581832
2459716.8163797	11.14823962122861	0.0007980940556058
2459716.8176665	11.158486595884415	0.0015728388589699
2459724.0426208	11.209400331212976	0.0012444718819849
2459725.7393476	11.231768789502665	0.001288224345617
2459727.4468608	11.636805755038802	0.00397377942636
2459732.0223685	11.231719670577387	0.0013357423199081
2459733.4831174	11.536647622200656	0.0033186248367812
2459735.9381503	11.2212695998376	0.0014041049251982
2459738.038773	11.216098122160307	0.0012263996423787
2459738.0400259	11.173548726469615	0.0008794747963368
2459738.4791938	11.493251105702832	0.0030625810105727
2459740.4107123	11.644187553668976	0.0041769015268464
2459742.0150525	11.18927793550752	0.0010410339964095
2459751.9687974	11.286364704320675	0.0017355267859256
2459755.7942409	11.335782507653336	0.0022399314949715
2459755.7954812	11.439709382396677	0.0029008757045549
2459758.4432939	11.610757455746729	0.0038162916744336
2459759.9245005	11.2459947629803	0.0015516441733908
2459760.8303142	11.253936087950116	0.0012452665386679
2459761.8678902	11.241446482530574	0.0011498605102132
2459761.9074312	11.152430376477136	0.0004282987601123
2459765.9661143	11.3807631412259	0.0023079514553752
2459767.3222275	11.820763730920085	0.0054652445353727
2459768.4070983	11.51838974538232	0.0032123268925426
2459769.8205588	11.340862501309992	0.001804617321155
2459771.8133829	11.201446294322784	0.0033222980589259
2459776.9578841	11.20677119739182	0.0013624273820894
2459778.4062066	11.58651566373765	0.003847053068348
2459781.8513044	11.460041658185087	0.0031056155895594
2459782.7619342	11.124849846649967	0.0007883994968963
2459783.7852413	11.14939127317596	0.0005029477090085
2459783.8426955	11.354947886657566	0.0018870161119627
2459785.5210092	11.408747440581076	0.0022104515604011
2459786.8398401	11.265862726428356	0.0017617971024416
2459788.7060846	11.178415666584836	0.0009863319556035
2459791.8702832	11.330674121932574	0.00197684134678
2459792.8000113	11.129726151687718	0.000506197628872
2459793.7550263	11.296049405699025	0.0019880110667204
2459795.6944697	11.225874294122104	0.001483097690133
2459797.4937558	11.197931924119828	0.0010915859826438
2459800.8430301	11.188086687004883	0.0013895435068016
2459804.869061	11.2268951920911	0.0017809322174099
2459806.6960027	11.14516427554782	0.000715399998743
2459811.815642	11.238482959116364	0.0013887267479266
2459815.4481918	11.629597853392893	0.0039446700518233
2459816.5087076	11.343122312420208	0.0018225419763734
2459817.7318616	11.118372947700523	0.0008862633846792
2459817.734458	11.18509614877677	0.0010154543060836
2459818.8354689	11.357660413824629	0.0023749181414546
2459818.8379494	11.403000061456844	0.0026958885903874
2459819.7294459	11.192062485987195	0.0008727150728055
2459820.70472	11.27379983434466	0.001378069626625
2459822.388332	11.567326292858892	0.0035179221760015
2459827.5445291	11.185392455320873	0.0009426954245053
2459833.7970798	11.18439883577966	0.0011912457558354
2459837.8020438	11.199601955818482	0.0010772279802897
2459838.8078398	11.231865978673271	0.001341292382306
2459840.6503362	11.286970831371114	0.0014564046146311
2459841.6854009	11.319953829678967	0.0016832234270646
2459843.4131492	11.68560357319662	0.00432829306563
2459845.7660327	11.212425708838126	0.0011901597157169
2459846.6828247	11.13312202125902	0.0005539780912375
2459847.7062677	11.226946023549036	0.0014850924713696
2459849.3546659	11.451529720447397	0.0027928988337141
2459850.5731057	11.378147572160293	0.0023774870689016
2459852.7616834	11.229409190637384	0.0013398952823817
2459853.4136352	11.716163069281162	0.0045489132775426
2459855.4860335	11.288118460792926	0.0015689887908251
2459860.7198338	11.244625704636835	0.0018112218166565
2459864.5506651	11.27638266174645	0.0014321351893959
2459865.7030832	11.233715843538487	0.0036656459726153
2459866.3850899	11.891337494944748	0.0060139923266759
2459869.7016717	11.272017178269843	0.0016440182894642
2459872.7078751	11.266279801390471	0.0015901146666145
2459874.6662522	11.171745534788434	0.0010889577304803
2459877.2839947	11.668396416826482	0.0042102385416332
2459878.5524959	11.262333983325313	0.0013071285558145
2459879.5317859	11.141482410223498	0.0005998890790021
2459881.3236434	11.666023330950113	0.0042095000560624
2459881.6368278	11.308206212180403	0.0020495380814702
2459882.6250794	11.132870624778912	0.0006274577424552
2459886.5707123	11.181739623700626	0.0010615608138435
2459887.5674008	11.156586767178297	0.0007948585306566
2459891.5575135	11.30269689605055	0.0029912283305767
2459892.5606025	11.159881060650962	0.0009305200683259
2459894.2912002	11.699964888068186	0.004431473565462
2459895.5600825	11.290606008907329	0.0017982658440838
2459897.5224773	11.314395805150516	0.001649188411236
2459898.5414255	11.341702321738536	0.0018189545824545
2459900.5287494	11.152784339312651	0.0004862506891639
2459901.5172907	11.184475952060373	0.0008728746911348
2459901.566402	11.381232747999393	0.0020493029928434
2459906.5748901	11.181911830866008	0.0011104722386384
2459914.54795	11.220711698087069	0.0015490955446908
2460009.9039217	11.248720123310662	0.0043783754226831
2460011.8984748	11.244028076166742	0.0019932027826798
2460012.8973717	11.26412228406176	0.0021406230149399
2460016.908046	11.500606984347872	0.0045581522521978
2460017.9073072	11.354838879077825	0.0025195145737156
2460017.908559	11.32014995799974	0.0034579688296353
2460023.6228424	11.327378139213574	0.0020952423104811
2460024.8727435	11.478851302473924	0.0026577531880965
2460027.85915	11.268752557388604	0.0015978689781075
2460027.9136679	11.319090427473723	0.002187000984304
2460029.8624985	11.230162301841515	0.0013483539651464
2460031.6189392	11.277959997075728	0.0017348158040675
2460032.8423392	11.264799682145446	0.0015535415175141
2460032.8703867	11.431121534178317	0.0023491094859328
2460036.5936448	11.285258197557384	0.0017714905209887
2460039.836755	11.510619925304722	0.0032997945605821
2460042.837483	11.413271465502346	0.0024493436853165
2460045.5760605	11.295977667899614	0.0020709193227234
2460045.8238747	11.205977114167386	0.0012925442689407
2460046.8541427	11.34102561646431	0.0019204348454851
2460050.5565592	11.297970984574484	0.0018904065102859
2460051.9689973	11.293449676953951	0.0019607568705205
2460052.8038977	11.375529036974532	0.001984866877572
2460053.8120607	11.377933821743254	0.0020115125068162
2460056.9791907	11.267384409265874	0.0029060301584006
2460057.7983383	11.484531266100518	0.0027136109710192
2460059.9506289	11.390634329396608	0.0026048106152783
2460061.539201	11.289438190692833	0.0018867942173029
2460062.9484182	11.636286658037257	0.0042883155646047
2460067.5170231	11.28567126405465	0.0019945978090717
2460070.5777329	11.276406766848732	0.0020254030503516
2460072.492632	11.326366218239738	0.0021888664515707
2460081.0716802	11.261173321283689	0.001526707352556
2460088.4600671	11.347484753573454	0.0021413322118986
2460091.4503273	11.310278761424302	0.0019292097983865
2460092.041717	11.247101140654046	0.0015183721621953
2460092.4493126	11.338135357976151	0.0021094742448462
2460093.0484324	11.432545152327725	0.0025889391834023
2460093.0509591	11.372324292766558	0.0023391463216054
2460093.4442958	11.323947033695193	0.0020821729442188
2460094.7405683	11.342301096123249	0.001886027284571
2460095.7450061	11.691048264461	0.0041148348661089
2460096.0415622	11.221455956416872	0.0012630955475228
2460096.7054198	11.415167156679429	0.0025102028638691
2460097.6983662	11.369643902016334	0.0022139720884603
2460099.031069	11.36606393795258	0.0026107088524428
2460101.0165832	11.278113821346048	0.0019592152078923
2460108.0241057	11.234264658228794	0.0013707353934625
2460108.7160469	11.343640800756775	0.0018165343087112
2460110.8713817	12.293207703213838	0.0102705902904269
2460110.9162371	11.318806143408365	0.0016555961441512
2460112.8224839	11.812893973320826	0.0056483037960209
2460114.9760454	11.289995831320097	0.0016429405202454
2460118.4288506	11.28006153713524	0.0017238347284407
2460119.0171891	11.215402665591776	0.0012070181713309
2460120.9542406	11.256571618955643	0.0014967817026071
2460123.6312653	11.3857897668408	0.0021541264209949
2460124.9258471	11.303034402079756	0.0020121811046363
2460125.5969907	11.447872024302235	0.0027337934516929
2460126.907334	11.344899607782516	0.0018273994892426
2460132.9979665	11.202694238493942	0.0012401891052216
2460135.8053041	11.25856117506352	0.0019372007240683
2460137.5530916	11.1910851080345	0.0010894922591935
2460138.8155084	11.356514443697463	0.001874710301064
2460139.8452787	11.3223938459418	0.0017185934107122
2460141.9738891	11.263665748655027	0.0014804975975808
2460148.8765213	11.3033717805518	0.001806255077751
2460150.8792547	11.304597600628892	0.0020501013838405
2460151.9567754	11.233583090372331	0.0013649523212424
2460153.8614905	11.367712841355251	0.0019515111515568
2460155.7016205	11.282417839448753	0.0016886157090447
2460155.7266302	11.216526350048277	0.0018704617706455
2460159.6885941	11.192571759193722	0.0014017808611565
2460162.2537879	11.938015820367632	0.0064689971298486
2460165.2584879	11.240701910576568	0.0014644470453287
2460171.6820707	11.321287660358028	0.0021364498730618
2460177.798639	11.21192264101397	0.0011966428168816
2460178.8052969	11.297888901377132	0.0017978189723622
2460187.8421577	11.32433927235706	0.002106735449558
2460189.2466494	11.278391399073662	0.0017292184495555
2460191.8107652	11.415676252005962	0.0030069845077772
2460194.2247	11.236464439333634	0.0014711256299948
2460195.7948547	11.25357788683834	0.0014113659209826
2460196.8128387	11.250708508299518	0.0013903073022555
2460197.8084618	11.191351606867194	0.0010210066059917
2460200.8005002	11.234683920918442	0.0012766417861818
2460202.7791584	11.389743457712711	0.002782323358986
2460203.8099417	11.257919176011642	0.0014489915312365
2460205.7711641	11.398805068065458	0.0026773406091553
2460206.7870735	11.25335608256481	0.0014794854386276
2460214.7636939	11.235716399368892	0.0014744172166614
2460218.522828	11.233926372676509	0.0011393087188132
2460220.6387008	11.170644759474095	0.000679712758536
2460222.6183773	11.237698138481436	0.001118812334288
2460225.740832	11.298229833473709	0.0017181573541809
2460227.6158612	11.330786262127193	0.0017572165580809
2460228.6679364	11.267178729658768	0.0017748901894626
2460230.5899626	11.241219992736385	0.0016026925222973
2460231.5837321	11.198335672143834	0.0009549909559979
2460231.685824	11.352856928869477	0.0023664787562501
2460234.7311523	11.251431693341374	0.0014691116368768
2460235.6151726	11.25425700289883	0.001692860241341
2460236.5947866	11.931875799470228	0.0056918423138866
2460237.6362992	11.290275789775723	0.0019722856329809
2460242.6980384	11.215824409049269	0.0014851067082017
2460243.639931	11.256239663751726	0.0020634962860116
2460247.5081827	11.177085168478664	0.0007675092154408
2460252.3463757	11.293271156667274	0.0018410543891837
2460253.5125729	11.1358126434322	0.0007399332281974
2460257.2858696	11.29530782070868	0.0018307799865435
2460259.5307122	11.31277975387312	0.0016249175761786
2460260.5961727	11.256575036459637	0.0015540689823524
2460261.2826304	11.292161399623824	0.0018123025519034
2460262.5427173	11.193538798066353	0.0009205576480827
2460263.5558265	11.148273650917124	0.0005298131654023
2460264.5894242	11.25337968266508	0.0016718551940503
2460269.558349	11.216273855422362	0.0012300115230444
2460274.5157539	11.331700175517335	0.0027460532540724
2460279.5401069	11.324712668510983	0.0023125179279313
2460282.5326757	11.235013489138256	0.002035574333317
2460386.8886992	11.19045334034177	0.0009004327049492
2460416.851142	11.116355127652524	0.0009258352494216
2460418.8344857	11.215582360696772	0.0009871569925374
2460419.8523748	11.21921703827164	0.000990973967774
2460420.6745464	11.480642637257006	0.0043883195365494
2460423.1247866	11.29003405213964	0.0017941201209332
2460424.9742954	11.164498962992464	0.0035326511744602
2460426.9486331	11.405536550536596	0.0054677052531629
2460427.921481	11.19028151835311	0.0010205367148686
2460429.5301332	11.681429021970722	0.0047454234921889
2460433.6766457	11.565291368789534	0.0041846015332911
2460434.7472893	11.246345495098504	0.0014124064483722
2460436.7627304	11.269167339495723	0.0016047218753748
2460437.918572	11.261125895490684	0.001766196672805
2460439.5623212	11.32962115496336	0.0020430500611565
2460440.4991007	11.344410296802872	0.0021526432320664
2460442.7209083	11.217503646123612	0.0012371725265503
2460444.9125199	11.340716156259653	0.0022927409653141
2460447.4622133	11.53184176353598	0.0033594157044205
2460448.7122331	11.174576358806728	0.0012845869350335
2460449.7135755	11.281970041989272	0.0015931850455042
2460450.5674863	11.28700277602837	0.0018653191671759
2460452.9599692	11.299484457202702	0.0048987438966142
2460453.8790158	11.323852990099429	0.0036479091910008
2460453.8802329	11.316779617560176	0.0045698584508427
2460455.873983	11.20179422839204	0.0011061908623836
2460456.8813514	11.247789890186766	0.0027487257212892
