2458283.3916858	14.883601911858827	0.0102231866309771
2458288.7588638	14.974828575835488	0.0089998942552207
2458290.5181066	15.01361144398802	0.0159860249122351
2458293.7080914	14.809949416636517	0.0175130061545656
2458294.566773	15.039573737552471	0.0229859011209949
2458298.6348346	14.743614888292369	0.0228955265044675
2458303.5559632	14.81330697398411	0.0120725641561237
2458312.6309211	14.82916037538578	0.0091560743364868
2458324.6743864	14.78703239520241	0.0265663671871957
2458328.6177445	14.91877906444184	0.0204580369239264
2458329.465653	15.086447999963914	0.018009357970543
2458331.4662764	15.09280179437484	0.0152145579258887
2458335.6425012	15.023913525026828	0.0127464207888028
2458339.6176482	14.876040536313504	0.0102339399855484
2458341.6225386	14.91384823589991	0.0093054040869637
2458345.5234019	15.041476411433148	0.0182653039309593
2458347.4912381	15.055076860762435	0.0133340102134754
2458350.5141452	14.849423765372512	0.0146458474163632
2458351.5559312	14.87343325282485	0.0148517318885796
2458356.5677368	15.063015262642354	0.0292471942260398
2458359.5507459	14.9184458576341	0.0170232299466947
2458364.5452362	14.899510076769694	0.0088021604575995
2458367.5459467	14.990551962156076	0.0082663567796648
2458368.542848	14.875094221695385	0.0103960848001428
2458370.5282243	14.88333015235835	0.01076677750403
2458372.5328676	14.832384299557416	0.0099759347707307
2458378.5131135	14.837864953149571	0.0173730937798883
2458383.4997694	15.064449992863349	0.0219585472881628
2458390.481678	15.033656265397164	0.0279232349759816
2458489.8654353	14.92230233466384	0.0565767629729088
2458491.8579554	14.851638604454338	0.0135923619908124
2458492.8578693	15.13858795776872	0.0219421229786381
2458498.8618021	15.070095830659442	0.0232787391240422
2458499.8584774	14.863542667828842	0.0104369471614552
2458500.8544399	15.133575865016503	0.0168890757547353
2458503.8576121	14.898417622580684	0.0235580369198519
2458504.8542419	14.893671585984489	0.0440815875035264
2458506.8379757	15.024858398063046	0.0271699617850573
2458507.8689825	14.977762394249991	0.0472925677975574
2458509.8330962	15.011021583555635	0.0193294776931708
2458510.8290486	14.976541998578972	0.0224003552365771
2458511.8501427	14.892481143104474	0.0116455808826369
2458514.8733066	15.11252703049812	0.0195810473814032
2458515.8656309	14.91419016547183	0.009880894183503
2458516.8552276	15.012165357845152	0.0207384222992714
2458519.8596032	14.845159945322834	0.0103005511517681
2458522.7954183	14.894455500731038	0.0110262849154058
2458523.8064578	15.149998214960368	0.0179326492506092
2458524.7869971	14.85264183711175	0.014142445033434
2458525.7867204	15.175747296947502	0.0217246544244576
2458526.7859394	14.882522594443545	0.0118606808452196
2458527.7740804	15.00994696867693	0.0129145576082191
2458528.8367341	14.89599986716762	0.0098869698384847
2458531.7971328	15.161007462794393	0.0282628473381214
2458533.7800205	15.049578359166125	0.0305057362188681
2458534.7534339	14.959547505740256	0.027413022036016
2458535.8866255	14.890885757670835	0.0231959203636058
2458536.8082765	14.843730428660091	0.0182626599602643
2458537.8637095	15.059071476753385	0.0211674798606741
2458538.8145589	14.864775479074956	0.0140464345606712
2458539.8626714	14.910571419061394	0.0124248911488105
2458540.7496895	15.07889427744309	0.0184806458017918
2458543.8879873	14.88800826162256	0.009955586259131
2458546.8777467	15.115384002634377	0.0192171212367447
2458548.8700091	15.040840895796418	0.0127107148103051
2458549.7685202	14.96097008225644	0.0111919952019253
2458550.8685296	15.004038538141888	0.0091996411699229
2458551.8680924	14.955341627925849	0.0094157818964602
2458553.7111565	14.89646966908007	0.0090531428199632
2458554.7291042	15.224482982451262	0.0196109327003815
2458555.7216261	14.884850365220474	0.0117213871312124
2458556.8144694	14.886543383945344	0.0107257363786492
2458560.7446838	15.15310195352625	0.0163579218563409
2458561.7464004	14.927354405354183	0.0188626016879799
2458562.7599601	15.032320824874322	0.0255538153329663
2458564.7651922	14.991433810356495	0.0284594265653086
2458565.7014039	14.989927493565247	0.022266035468798
2458566.7597975	15.06621512761404	0.0257186150405523
2458568.8536845	14.941229758996196	0.0163227241285555
2458571.3901846	14.871501582983404	0.0105308531250419
2458572.5358898	15.09195454655991	0.0130581413599706
2458574.7237032	15.131705521307603	0.0177877316177683
2458575.6721936	15.074483397802933	0.0111078518580975
2458576.6303328	14.859176310601786	0.0117744026803649
2458577.6648563	15.120511980459348	0.0164046829960463
2458578.6839275	14.967707610499378	0.0089587081321683
2458579.7076093	14.957148553366586	0.0102459441634396
2458580.6488408	14.829117417864886	0.0106590488961999
2458581.6629865	15.127615769327027	0.0171378010885046
2458582.7094191	15.036448604976584	0.0132490704827832
2458583.6735906	15.166524295441402	0.0165496954369041
2458584.6421311	14.862015481966235	0.0100604500197491
2458585.6341648	15.107209452653787	0.0156090110652227
2458586.6237288	15.005977946903844	0.0119274562504642
2458588.6265974	14.885126228759628	0.0178963402911279
2458589.5936619	14.885825504459977	0.025279837002292
2458590.6996371	14.984202967631784	0.0212495747680535
2458591.8824721	15.031052170401413	0.0242157212002983
2458593.8020419	14.970898110953817	0.0293806014002999
2458595.680326	15.00991108379326	0.0227631247979388
2458596.6915863	14.932437674364468	0.0158136487578816
2458598.3286783	14.924503263713929	0.0112852673190689
2458599.3086275	15.182861878503914	0.0205323557516805
2458599.6376939	15.04415493062787	0.0122317739233813
2458600.3196926	14.933227541259074	0.0105827391702918
2458600.5767013	15.040803954285773	0.011544562365314
2458601.363597	14.915616446073692	0.0090526907568335
2458601.6340923	15.08550341829302	0.0137893601571739
2458602.2991282	14.853331974443549	0.0096883803073788
2458602.6163208	15.026377857872216	0.0095783217614283
2458603.370553	14.905579850658231	0.0131752214983528
2458604.3061105	14.898176464619215	0.007627615803737
2458604.7101914	15.018274782276109	0.013011676286855
2458604.8076564	14.940483842417615	0.0102667669434199
2458605.9012413	14.943403599687466	0.01522640751724
2458606.4108306	15.098053023907989	0.0155110241586505
2458607.4747258	15.13854777250785	0.0164884918408948
2458613.2709854	15.037940828823972	0.0191087427637858
2458615.5490022	14.914036326191466	0.0086993705722624
2458617.5736098	14.996485303276472	0.0121709357672704
2458618.5437788	15.081017425347747	0.0152348393002008
2458619.5400432	14.9933332711462	0.0272241291793292
2458621.4786034	14.986142510802342	0.027311106778958
2458624.7237168	15.025911039153684	0.0259644636434352
2458625.2583487	14.916139360221514	0.0148466475695357
2458626.2326021	15.112864236895255	0.0137894361907782
2458626.7758533	15.157991231877778	0.0229282617388136
2458627.5487254	14.990306670081166	0.0196212221082326
2458628.3489025	14.923727896006342	0.0151747472645008
2458629.4179127	14.89964291050071	0.0130513559657968
2458631.228262	14.849888681259811	0.011992767321088
2458633.4440664	14.91032513016142	0.0098773053392512
2458636.7071715	14.892180722687666	0.0097150686491994
2458641.460836	14.952581209860034	0.0089427150207351
2458641.7367813	15.021048482032942	0.0109008798200663
2458642.4468049	15.008770961837804	0.0130397781777712
2458642.7061064	14.85478156293608	0.0112853153991975
2458643.2786197	14.983775358656626	0.0129706846781669
2458643.5945477	14.928662812634938	0.0114730573328012
2458644.4582163	15.037542180421966	0.0119415402879232
2458645.458008	14.997535149148067	0.016057677985485
2458645.6999316	15.147037962667476	0.019190359196158
2458647.7897801	14.8578401779087	0.0191368881978603
2458648.2039493	14.981524572574296	0.0177107011890384
2458649.4600008	14.927937406770386	0.0231812885935568
2458650.1967596	14.927483372061594	0.0326466515024938
2458650.5806274	15.028783420672283	0.0417595148677054
2458652.6759037	14.869041649752912	0.0243437940610133
2458653.6908694	15.129457777037098	0.0269688126666749
2458655.4964303	15.102564636264615	0.037655284155663
2458657.7197947	15.065115665672844	0.0188828598983707
2458659.7538875	14.941306506131234	0.0133128398774299
2458660.74677	14.941716030217156	0.0139344526950584
2458661.3930995	14.933175300069257	0.0102385078499374
2458668.2223585	15.020179134822296	0.0116098763824839
2458669.5905188	14.920213359178312	0.0124384867808369
2458670.706785	14.866053387577583	0.010525869625927
2458674.6653741	15.06845043780636	0.019060631385015
2458674.7236035	14.901488374537925	0.0140953057201519
2458675.670753	14.932253309270427	0.0167022881032667
2458676.7203097	14.863404006573786	0.0248984997874454
2458678.5397225	14.94704060055878	0.0297282033527676
2458679.4376268	14.916127824211308	0.0341224722469346
2458680.5882	15.077220110819496	0.0294802583259844
2458682.6111212	14.990607190721434	0.0464062435991024
2458682.7036608	15.02652672035209	0.0387055285043552
2458683.5049981	14.984492351596264	0.0161352505192952
2458686.4146955	14.96873691222352	0.0187836897120825
2458687.6896894	14.976839449688786	0.0142297217128468
2458689.5573477	15.107587119664398	0.0155283252117772
2458690.5153584	14.886384333068296	0.0101301005389434
2458691.6795391	14.994722340251904	0.0127903756864538
2458692.6761319	15.011396816746522	0.012983260567134
2458693.6709317	14.937045670183831	0.008266179664996
2458697.2398416	14.923059947259429	0.0088846410804981
2458697.6486128	14.87047273446375	0.0103759469906657
2458698.2753814	15.109135014096935	0.0154145054815701
2458698.6543822	15.157585811742706	0.016469615064715
2458699.6556208	14.946594689223208	0.0120573565563242
2458700.6532022	15.17326301292412	0.0176331390383686
2458703.5209453	14.973353612251604	0.0169455115315433
2458705.6394974	14.857980375767037	0.0218254456901019
2458707.6362011	14.834296988943851	0.02479816695681
2458708.6238921	15.05760053834509	0.0231500613663191
2458709.3542503	15.075195477505376	0.0337942109436361
2458710.3208991	14.983262357301491	0.0344453570016867
2458711.623184	14.978446697436176	0.0327166824505721
2458712.3471868	14.9349018446992	0.0299222964459142
2458712.6028193	14.969211915242866	0.0208670254328158
2458713.3625654	15.094677122162636	0.051012076801221
2458715.2358276	15.02145057239258	0.0152844000537756
2458717.3344443	14.931273690525511	0.013449200106854
2458717.5997286	15.027016197565391	0.0135507945173739
2458718.3309463	14.997054512388068	0.0139559817096574
2458718.6057111	14.994666614717964	0.0114786607948056
2458719.2689983	14.900398853379851	0.0109160065592822
2458719.602472	15.050810191896216	0.0139574148489381
2458721.591832	15.115626743151427	0.0158913839557922
2458722.582582	14.812731930249836	0.011956589647434
2458724.3327133	15.05837048329902	0.0128064673770182
2458724.5823127	14.878672253951349	0.0104091318968245
2458725.5797726	15.071423890752234	0.013964859376713
2458727.3192257	14.895219051867228	0.0106223797331252
2458730.5152183	15.072696478209677	0.0186113552081027
2458730.5583247	14.930768492811822	0.0162272817418754
2458731.5665281	15.095287877645523	0.0227097025580889
2458734.5626283	14.923909605577151	0.0225397070086889
2458738.5281077	14.98156134494671	0.0284415694972817
2458741.5109527	14.951898497840624	0.0225626202919531
2458742.5160834	15.065402046722308	0.0206670883639612
2458743.5178246	14.891055066861906	0.0115120657453094
2458744.5056276	15.101193546373096	0.0203105611674323
2458745.499446	14.83386013919153	0.0134486427670621
2458746.5062969	15.1099463371102	0.0137017938425465
2458747.4918361	14.84059613336106	0.0126190794753605
2458748.4995069	15.136366835311046	0.0204673534750693
2458749.4889157	14.869849318476795	0.0133049580888679
2458750.4976356	15.180148143461643	0.0186103550758657
2458751.4941007	14.858675052964076	0.0117608863185463
2458752.49013	15.146206669474346	0.0192687116504705
2458753.4871477	14.922403454650912	0.0135434664535038
2458755.499598	14.866585229985196	0.0111817995319148
2458872.8643496	14.899057144341135	0.0120290034116927
2458872.865629	14.903163605013908	0.0146808192992816
2458882.5740472	15.125300258923671	0.0178322085900849
2458883.5637584	14.937720123665756	0.0103889624707382
2458884.5640445	15.002237779366464	0.0137911690070336
2458885.8695789	15.106935877249622	0.0148800328704404
2458887.8899114	14.977086181364989	0.0305898528954418
2458888.5533652	14.923009917925048	0.0434600459307116
2458890.8354621	14.968323690705969	0.0306777400354814
2458891.6086854	14.928669787497546	0.0269296956171823
2458893.6271499	14.873159407683614	0.0243351969392887
2458893.8195257	14.89129784065237	0.0199158190978705
2458894.6279191	15.026271054978618	0.0318040359120046
2458896.8897579	14.927917608399303	0.015954828005347
2458899.743387	14.924787581872092	0.014238809164283
2458900.7564846	15.04865361518327	0.0134509833126021
2458901.778981	14.80074718668612	0.0130852552027531
2458902.7540823	15.01291368343028	0.0177597689178515
2458903.7335469	14.954915890813927	0.0116353139083336
2458904.7418519	14.952806436583968	0.0103330804427124
2458905.7358828	14.995916432605638	0.0180050029812945
2458905.8658441	15.089756660365374	0.0136873083503313
2458906.8767178	14.89206050156096	0.0110142120611009
2458907.8891094	15.12242960906114	0.023570947824727
2458908.7264971	14.8461095301042	0.0130125173193959
2458909.7187682	15.043404145594153	0.0224763711559937
2458910.7264885	14.936844568666649	0.0126699247432566
2458910.8163488	14.996640538997864	0.0107080109719153
2458911.7175369	15.005236297626643	0.0129167142531113
2458912.7085326	14.83249450069328	0.013893525305843
2458913.7414914	14.9788625667413	0.0150288421653795
2458915.7078979	15.105935106533115	0.0299540369119878
2458917.7399471	15.044691581218617	0.0393766368980452
2458918.8095638	15.044548951862629	0.0400791327221262
2458919.8750806	15.12121500611363	0.0322498117564529
2458920.6912915	14.87856084812571	0.023210017862363
2458921.6926978	15.12407857380902	0.0339955685656906
2458922.5837672	14.99564087912992	0.0206961814335822
2458923.6928503	15.186460115659363	0.0233956601158769
2458924.6775385	14.896751397983683	0.0121245679797402
2458925.6741895	14.95330934285884	0.009496323986878
2458927.5648399	14.885717371962182	0.010627659687816
2458929.4397774	14.863856337836625	0.0114726399563118
2458931.4107303	14.882191323138995	0.0107266902363406
2458980.6115264	15.093885298604365	0.0659931738467913
2458985.3553182	14.956950217215434	0.0120761368283609
2458989.31323	14.884699039778384	0.0110905901173689
2458991.4846706	14.80637509394006	0.0130711274557021
2458992.2914428	15.061649076592294	0.0155507884379217
2459000.3160616	15.035172246091172	0.0173295863763351
2459004.4483229	14.93161449604318	0.0373367755450164
2459009.4268944	14.963812936294392	0.0281545644476883
2459017.2947687	14.832125369260153	0.0113403574851279
2459021.4574535	14.84734094348539	0.013392834952462
2459025.3898948	15.018573746384083	0.0123888261001383
2459033.3874898	14.957932049820672	0.0368417241215961
2459046.4109906	14.825333969881047	0.010519942331928
2459049.3662467	14.84894058970088	0.0124239453836166
2459055.2148779	14.951651956791803	0.0139527973267416
2459059.2853831	14.926223657190818	0.0144342678297051
2459062.2433047	14.754035559768328	0.0219399597111188
2459065.4046132	14.99841760431194	0.0537583324163572
2459083.2221968	14.86123722834212	0.0127685478887916
2459088.2978767	14.787750760324844	0.0219881332477932
2459097.3182846	14.868068693373033	0.0369130033989007
2459102.2971562	14.815913815933628	0.0143457425978726
2459109.2631596	14.984826786751292	0.0119234450980709
2459116.2322751	14.867114481790937	0.0231484108558499
2459122.2517559	14.984436917658524	0.0284636834057436
2459214.8568006	14.863716689205996	0.0414616513859269
2459216.8606907	15.004845319610473	0.0420422535713917
2459220.8470394	15.004418658007822	0.014653619191182
2459222.8353915	15.1402151407779	0.0206536375543317
2459227.8298664	14.806850869841654	0.0127174008768632
2459230.8344393	15.045761523526249	0.0208662671280912
2459231.8207352	14.809155763713216	0.0122052911752523
2459231.8674349	14.872590989665106	0.0167053368687719
2459233.8387448	14.933121783723482	0.0387260474338288
2459234.8279584	15.087376016653987	0.0154310769223051
2459236.8317333	15.069361587427112	0.0137526180929752
2459240.5505919	14.881786627763114	0.0156794482891792
2459241.8004708	14.834662101718273	0.0274483186847028
2459243.5375591	15.072267790117255	0.0360605690410781
2459247.8008298	14.823817526495638	0.0157504666080109
2459248.8336584	15.004072340426813	0.0172109639908791
2459249.8013872	14.879463334017023	0.0167943381072115
2459250.7827246	14.86265673737083	0.0179947317412175
2459252.8287291	15.001605553168432	0.0144777618810293
2459255.5693095	15.101934488448796	0.0146136188800884
2459256.775438	14.840923398368346	0.01362545400479
2459257.8170722	14.833246690683907	0.0102999894521873
2459259.551172	15.04609519893162	0.016250225197237
2459261.7702201	15.06487984856294	0.0160877711219602
2459263.5516672	15.07014659620824	0.0142097324722777
2459264.7402032	14.818305332271514	0.0137678965377873
2459268.482686	14.991858359194644	0.0192884813416111
2459269.7112971	14.820711080547602	0.0262596390006889
2459273.7135914	14.827640316185857	0.0301302963803722
2459275.6964174	14.820521431843312	0.0289538116245515
2459276.6898936	15.037393341329636	0.0324952299949782
2459281.6893917	14.814513868371964	0.0112484823661964
2459282.7224923	14.8686768164745	0.0109693037145785
2459283.7613358	14.948218718429626	0.0067092665684586
2459285.7205021	14.92371572662606	0.0119798140393671
2459285.7268127	14.88020067598297	0.0139265537842766
2459286.7665162	14.784558084202756	0.0133417011771832
2459288.6925858	15.084599790079738	0.016936956919029
2459291.4248953	14.967710875268075	0.0088002997031304
2459294.6547745	14.95752381953914	0.0097896814985215
2459296.6533994	14.937465711174587	0.0189960268054854
2459297.7496226	14.933381372444996	0.0126981885858469
2459297.7977514	14.991825362160183	0.0107910297093044
2459298.7632006	14.81352915120514	0.0155448683485193
2459299.7117888	14.891457850103178	0.0144940170392837
2459300.7712725	14.80831705783194	0.021523299639961
2459300.7891211	14.770605784059557	0.0265822248244375
2459301.8175304	14.994340473082062	0.0338461933796431
2459303.8520155	14.73963165697181	0.0239417887099291
2459304.9074893	14.938553949568137	0.0335981929793051
2459306.7839767	14.724855809753798	0.0174047442090948
2459309.6268947	14.906537015090496	0.0099431094218617
2459310.7990717	14.753073935648231	0.0139520432559121
2459311.8307212	14.883631740057496	0.0105590509666136
2459311.8536924	14.846555428498911	0.012088809773615
2459315.5900483	14.969888581532466	0.0133666368281876
2459317.5909372	15.021348833594669	0.0114786466556815
2459318.6559641	14.837866038246515	0.0117751562835563
2459319.6418184	14.936545606254816	0.00810129308622
2459320.5957612	14.788505974093376	0.0107349890390375
2459321.608461	15.03399201841764	0.0149209858577179
2459321.6538657	14.859888918433864	0.010454602598042
2459322.6155697	14.784583293076228	0.0110769315166152
2459325.9191595	14.83379538269614	0.0153267739069385
2459328.5783316	14.8963816593681	0.0224247025103284
2459329.6014965	15.00429281614226	0.032386544663866
2459331.6412698	14.942936379030854	0.0459999093555764
2459332.7418046	14.966696944071709	0.0336011311242429
2459333.5418416	14.92205114827672	0.019706507961987
2459337.8181907	15.01062081659439	0.0162298254325926
2459338.7032065	15.050032999164532	0.0153631922349971
2459339.6388384	15.016620955526056	0.0128870179464049
2459340.5391963	15.059414399945288	0.0196946044145299
2459340.5518575	14.974388416088686	0.0128414335829053
2459342.5163674	15.040422806765037	0.0139757647107484
2459343.5321945	14.799173334863651	0.01286891932573
2459345.4360187	14.986539726429434	0.0106606742769318
2459345.5208036	14.796127215379606	0.011075982641691
2459347.2940797	14.892070765016657	0.0087604431798014
2459348.4647626	14.84112555581172	0.0121379620687313
2459351.485478	14.935357820722215	0.0121988147916895
2459352.4807626	14.844269752896968	0.0129615608390472
2459353.3482909	14.81071803193132	0.0129876806733738
2459353.6191821	15.013159139826836	0.0156924586109905
2459357.3838578	14.806727203468668	0.0205147438278922
2459358.4718296	14.720389276450115	0.0236516791060555
2459360.7505027	15.079306253448156	0.0514379536942028
2459361.5191337	14.835927033690188	0.0443417536317414
2459363.7244721	14.749402146249418	0.0224718289087926
2459363.7450708	14.72771428374018	0.0167260956098115
2459366.5846434	14.858915334291442	0.0104729600681255
2459367.6583747	14.972056338231258	0.0121614420170721
2459368.6085775	14.795683933524211	0.0102247351334555
2459369.6461519	15.04810529891336	0.0139269182659116
2459369.674633	14.911679699064386	0.0105402684488816
2459374.2439067	14.924365063556984	0.0145794335285668
2459376.3191522	14.878848885136858	0.0134321969316126
2459379.4700472	15.018109316451309	0.011154953422895
2459382.4846844	14.769209763435786	0.0146117569641094
2459384.4847618	14.751336033130242	0.0155664592942285
2459384.498292	14.837226662685444	0.0165565024281239
2459385.5260331	14.849091089497843	0.0189695708541539
2459387.5766596	14.801832755141897	0.0251155719032441
2459387.6179928	14.890592625498646	0.025309509271363
2459392.6927158	14.90897556514888	0.0217251999322127
2459392.7247495	15.011326552104222	0.023946179027735
2459394.5927761	14.895761600094303	0.0132884310748267
2459396.6390854	14.821572601975596	0.013201106875821
2459397.6735067	15.06341270678288	0.0134787754439189
2459401.5568947	14.829807028402175	0.013706270277978
2459403.2474631	14.950820974112908	0.0099677334552226
2459410.4717878	14.800407475519965	0.0126502769629638
2459411.5064621	15.025080559266415	0.0132413802792927
2459412.5244814	14.80672625732594	0.0137321171713876
2459413.5257987	14.91145928003359	0.0161403883294461
2459415.5651815	14.878563869754034	0.0246538564881298
2459416.610859	14.924628666387749	0.0262082958258458
2459417.6124392	14.78374677074294	0.0311737461111733
2459418.5050605	14.808826580677666	0.0281975566888374
2459419.650234	14.9021897136738	0.0424704538507206
2459422.5828531	15.013409764386058	0.0254953496815674
2459423.5411451	14.899904849938984	0.0125005570463821
2459424.5329018	14.825496262137168	0.0113671274888214
2459425.5455342	14.858043248768102	0.0115779395594024
2459426.5153249	14.791560472212764	0.0118776702784659
2459427.5081801	15.033433263242644	0.013528428165932
2459429.6353482	14.843660600447176	0.0102446445114333
2459431.4946772	15.074063083606518	0.0135318976737473
2459432.4908538	14.831151115669652	0.0138566732409591
2459433.5027716	15.036309465893078	0.0138965042420225
2459439.4788925	14.910542583787478	0.0137956048957257
2459447.5358307	15.117586881024629	0.0453352127867111
2459448.5137963	14.746630269724454	0.0255433932487956
2459451.3202159	15.097470343566355	0.0344855066008556
2459453.5742378	14.876832070689412	0.0106644763236568
2459455.5065841	15.004790645490251	0.0159276261534047
2459457.5605152	14.90323839819102	0.0122471686868381
2459459.5676126	14.893431305018776	0.0124695434099193
2459460.5560923	14.84166192295324	0.0123386412234543
2459464.5168259	14.816545555367671	0.0170899099998084
2459467.5525046	15.01473988547967	0.0138255997330589
2459472.2874264	14.916091723224378	0.0269361406866487
2459473.5097818	14.921344537827972	0.0220210067132396
2459475.4913864	14.87870040118959	0.02823448622874
2459476.4989646	14.968138540882435	0.025260854057257
2459479.2714958	14.805306267862584	0.0421709819236631
2459481.4931704	14.882033126817436	0.0102926504909729
2459482.4912838	14.93631966762716	0.0132005138620696
2459485.483881	14.853741677438547	0.0258332943474645
2459488.4974771	14.912831578259135	0.014245041202087
2459490.49019	14.932697260140031	0.0174488972543731
2459493.2383087	14.82523059375959	0.0205329358624816
2459493.2395489	14.772742520479952	0.0211283365395325
2459577.8608314	14.715896788414744	0.0408920123297673
2459579.8607132	14.77462455505454	0.031949948616414
2459581.8545581	14.898149722897411	0.0201914002188169
2459583.8512457	14.863231728103	0.0127532552266282
2459585.8469949	14.878718026962828	0.0146114030548011
2459593.6103659	15.36321349249432	0.073883295131415
2459594.8761546	14.932243561558272	0.1370350830302953
2459597.8198178	15.0870510965653	0.0380826530365472
2459598.599968	14.938923823830052	0.0295169170755429
2459599.8352407	14.923391252147802	0.0343319868360778
2459600.8114612	14.743916182997427	0.0235504426954929
2459601.5659852	14.851682405009116	0.0234986698204557
2459602.8035618	14.762308009946892	0.0225769588815016
2459603.8063147	15.012847795542982	0.0234592762261229
2459604.5512607	14.981402046992711	0.0274508708970965
2459605.7891793	15.040177223165983	0.0241206443579513
2459606.7895449	14.864948386480174	0.0124973086076869
2459607.5472422	14.806477603263676	0.0216748955979581
2459607.8219094	15.056955011793816	0.0164109492906932
2459608.5420768	15.082777979560005	0.0189797953535024
2459608.8793728	14.990290617369164	0.020758080514045
2459609.8031846	15.04111569389378	0.0170441844940771
2459610.811697	14.805291383617218	0.0126858006562032
2459616.5732597	14.94087740940468	0.0202396257677912
2459616.7853302	14.824789565196886	0.0136428504175173
2459617.6161923	14.994366151255846	0.0177318685570362
2459617.7541614	14.808131356209795	0.0147969322116186
2459618.7688942	14.946103631977252	0.0155905937147458
2459619.7641007	14.810113263287295	0.0169960836068185
2459620.514517	14.866995950752877	0.0144622738011542
2459621.5105682	14.86377345228046	0.0126502504319857
2459622.6127568	14.764293619644873	0.0176403335719348
2459623.752535	14.772515579095485	0.0225713817658622
2459624.7519037	14.9102243313357	0.0330186403962229
2459625.8529226	14.970759967043596	0.0231385221043079
2459627.7390575	14.7398769044444	0.0393253469716175
2459628.7336123	14.931178807584343	0.0333107281601708
2459629.7336869	14.844935817028528	0.0271517890710702
2459630.7827113	14.786382229446666	0.027556437827146
2459631.7289752	14.78236034496401	0.0227988075651099
2459631.7710424	14.913386038645353	0.0258089190189888
2459632.7239505	15.003435370361784	0.0285183468452715
2459632.7314454	15.001040887477782	0.0249885184679743
2459633.8073289	14.967533982547693	0.0207395258185448
2459633.8382232	15.036816351508984	0.0205192546166948
2459634.9033298	14.943700869626406	0.0649337037492092
2459637.6250286	14.99353999172987	0.0276708809515151
2459637.7132117	14.84890175152037	0.0125149790870827
2459638.7423547	15.072124590054765	0.0222167057844909
2459639.7329739	14.764971409632247	0.0138841899155534
2459640.7007002	14.925427528202611	0.0093786943514666
2459642.6969559	14.906856141612494	0.0104197780683782
2459642.7589599	15.02246945423705	0.0107967189635413
2459642.760204	15.033125157970634	0.0129494565731849
2459643.8887998	14.865455238086302	0.0101176624421832
2459644.8086637	14.767261451594306	0.0098235586847061
2459646.7086185	14.906971288542296	0.0135551262873914
2459646.7372205	15.00581598389278	0.0106021335478428
2459647.7109586	14.795959343285608	0.009364631124039
2459648.6915498	14.844922693724964	0.0097064225966302
2459649.7090394	14.863569856328558	0.0107342479434236
2459650.6919194	14.783454098821233	0.0147623243353918
2459650.7247682	15.063774556400611	0.0137709323926054
2459651.7129568	14.870877054216372	0.014729595628555
2459652.6928869	14.855470343946031	0.017619126184615
2459652.7299002	14.999582311729329	0.0154321397740735
2459653.7111414	14.75079665730336	0.0190448235603404
2459654.6588929	14.759428782888037	0.0223982829666904
2459656.9072754	14.968089914041798	0.0256968842588986
2459658.793863	14.840900156954763	0.0197820543867
2459659.8462033	15.021189817164336	0.0235539819760541
2459660.8448463	14.758775879390829	0.0227533777040536
2459661.6475332	15.042995688490892	0.024434048120658
2459662.6976756	14.806349327457845	0.0124069866075639
2459663.9064663	14.81999059936673	0.0142924664292425
2459664.6935386	14.800126921544338	0.0130319081061534
2459664.6948549	14.819178414332848	0.0133693461997936
2459665.8679333	14.97903029167964	0.0133083791830367
2459666.7675733	14.934706282025893	0.0087887291914008
2459666.8399251	14.762302559150696	0.012221854596508
2459667.8619402	15.029133378155704	0.0110901802771647
2459669.6391842	14.952780735908922	0.0104362153452832
2459670.61815	14.906669084925356	0.0111417215243467
2459671.6524671	15.05910333291876	0.0138521774108598
2459672.6175859	14.931120678468483	0.0099017386781921
2459672.8343335	14.76466800734636	0.0113217480102353
2459674.6351867	14.819973700197826	0.0110356945002949
2459675.6040137	14.809387960897531	0.0122506894956807
2459676.6334767	14.873193613951091	0.0127124504239561
2459676.6347738	14.89033072362752	0.0191039608651404
2459677.6041854	14.840594150159296	0.0097785698324156
2459678.5958854	15.053846920714143	0.0156713534658824
2459679.7960673	14.79318527965834	0.0129449646753395
2459679.7973612	14.842592503802186	0.0172833027721148
2459680.7171605	14.829570044542974	0.0106588437365315
2459681.6704412	14.924377115739151	0.0113906387601649
2459681.6716932	14.896052253859969	0.0142488417051252
2459681.7177434	14.880740511214931	0.0127063050235177
2459681.7301252	14.893870994567433	0.0121939687046566
2459681.7313665	14.806945248879348	0.0154735475671262
2459681.7325957	14.7767870128397	0.0182221804071832
2459682.452655	15.003886983120982	0.0532288916700613
2459683.5878174	14.88326982379826	0.0139490736521058
2459683.5904255	14.97873435248843	0.0188600818363958
2459683.6435039	14.914173516321332	0.0208362067343889
2459687.7180528	14.837217499248585	0.0293819779882325
2459689.8601161	14.926877900793228	0.02114679531088
2459691.7867061	14.762988713866962	0.0148554353835376
2459692.6111883	14.990996980751415	0.0130392978582483
2459694.5525609	14.896522789679654	0.0115509396257879
2459695.85867	15.001203341463428	0.0141020753882185
2459696.692579	14.793893271126375	0.0118283158026581
2459697.3731271	14.860801226333212	0.0143197520057793
2459700.8599703	14.784667338922077	0.0121685772604877
2459702.3066927	14.772894207217249	0.0140928680466865
2459703.2834024	14.879173715005551	0.0131829666046523
2459705.516233	15.0720673361967	0.0192107623418414
2459705.518822	15.111578383370446	0.0326918048427302
2459709.3311792	15.080116249759168	0.0223477929774101
2459711.2942953	14.91605353318003	0.022248458007817
2459713.6257213	14.795950404366495	0.020898755340181
2459714.6138789	15.047794361522088	0.0393070052534436
2459715.705604	14.995941627795482	0.0117085292749767
2459715.7254177	14.926994968282017	0.0184367918166712
2459719.695569	15.006644697960224	0.0134343913528032
2459719.797873	14.774037644579536	0.0195694320944109
2459722.5536466	14.880335323679128	0.017854783411415
2459723.528426	15.051571014455815	0.0144080994938467
2459724.6693682	14.800982773494958	0.0137862127923193
2459726.3900116	14.9869363875889	0.0129991376650215
2459726.7127588	14.87752531217577	0.0085721446552149
2459727.2652571	14.813142034943978	0.0147931819335969
2459737.5587525	14.930354337916064	0.0159635263711078
2459738.596803	14.94389108183331	0.0130400431277517
2459738.6475293	14.926428413795785	0.0136031876320754
2459739.6666693	14.847391023252888	0.0113906011504299
2459739.6751352	14.90133489624993	0.0139610227794376
2459740.7004203	14.78593065555242	0.0171552999989354
2459741.7009716	15.054101983086362	0.0162180127297984
2459742.7800376	14.931504548573272	0.0345237890583981
2459745.7636341	14.780205802687142	0.0319706672467872
2459747.6763946	14.910216060349107	0.0169397431708993
2459747.7469472	14.899238719692557	0.0176208736742516
2459750.2756014	15.042360165609876	0.0215667782323387
2459751.7656459	14.859438043581314	0.014855888073816
2459756.4788966	14.904113865124714	0.0108411051525775
2459758.6057743	14.918492612207274	0.0093289909551232
2459758.6342945	15.01789135644026	0.0107615102552153
2459759.6521234	14.807833023812602	0.0094403806584643
2459759.6545875	14.80407659611534	0.0205953730005302
2459760.6863442	14.877109678060322	0.0111307095263016
2459761.6973029	14.96557381057421	0.0106583825400441
2459764.6076876	14.915165057423838	0.0113780045930607
2459765.5875408	14.849261618751823	0.0120767091742133
2459767.6079731	14.79085684596572	0.0114463769253075
2459769.6183577	14.826250150242068	0.0184331530614751
2459769.6388653	14.719034956136898	0.0164923785144864
2459772.697074	14.85188344930804	0.0500424927732184
2459773.5208845	14.966597717799017	0.0206107466515452
2459777.428142	14.766057480205284	0.0313270092153182
2459782.5774068	14.764717548935549	0.0128781409889265
2459783.608665	14.855237563153832	0.0101057654681051
2459784.6758398	14.99299661570939	0.0132810447657066
2459785.6655965	14.807807514312149	0.0109960004729855
2459786.5398513	14.780766754112609	0.0117590861817961
2459786.5411351	14.759632809151949	0.0163912883785824
2459787.6717477	14.796012808632945	0.0128161251532428
2459788.6204887	14.895121925687132	0.0107090357471688
2459788.6555224	15.024768643637705	0.0189254201276379
2459791.4699532	14.75412567760853	0.0115530785867623
2459793.5384911	14.892166819250027	0.0140385622767318
2459794.526748	14.819060591440955	0.0118232243785336
2459797.5174398	14.80967819286655	0.0160401326987183
2459799.5770694	15.094406264391733	0.0284640054872468
2459801.2974094	14.987647792883717	0.0341112496886788
2459804.5179127	14.876800683551451	0.0189508290145632
2459808.2968725	15.014463690570905	0.0179601904904264
2459808.2984489	15.072608852811411	0.0207004044284434
2459809.5559466	14.91040703373201	0.0102077875238834
2459812.2608185	14.859932042193885	0.0143875583076712
2459812.5054153	15.018287492837386	0.0136434967366231
2459812.506702	15.025267258185892	0.016316184605104
2459813.5847033	15.058324076821442	0.0125196340582018
2459814.3501778	14.906211498761152	0.0213263095063224
2459815.4984402	14.757126441484974	0.0123590053486619
2459815.4997273	14.767559779999404	0.0128722247344908
2459816.5604545	14.75889823123268	0.0126749436074298
2459817.5929157	15.064114113062388	0.0148271656863671
2459817.5942143	15.035724672949126	0.0170279819567705
2459819.2816684	14.84335505733001	0.0197405191611711
2459820.2872869	14.99297111573297	0.0246216726283683
2459821.4731511	14.809301918238866	0.0135072197169082
2459821.4743914	14.81182769298916	0.0196834619053156
2459822.5341535	14.9277239419236	0.0108827072070591
2459823.5462871	14.847080518892636	0.0141649345497105
2459825.2915767	14.796072801036166	0.025115061221442
2459825.5575935	14.843794877633425	0.0174394012762996
2459827.4968671	14.740279164348332	0.0164021408458484
2459828.5518011	14.840901031298618	0.0245483048262098
2459830.2987873	14.863770609714592	0.0304971573280815
2459835.2425823	15.03773728600664	0.0178076185605134
2459836.2352106	14.68081082863481	0.025580355491173
2459842.5032082	15.006452435069068	0.0120066714305822
2459843.5060495	14.769513836963368	0.0136322891263979
2459845.5135245	14.7544911624092	0.0129416330239393
2459846.5099934	15.106193203313076	0.0155658581989923
2459849.2598408	15.011661278696993	0.0152852709150557
2459851.4963652	14.800480968281835	0.0130693800012252
2459853.4888086	14.825715523871036	0.0161574692629985
2459855.4941012	14.825313679603724	0.0237962054890124
2459856.4907995	14.835480154644683	0.027704919764609
2459860.2342541	14.715469208896	0.0515884130388123
2459944.8620549	14.728389109305542	0.0410954623308722
2459945.8584467	15.087532642486632	0.0283195249049813
2459945.8597299	15.006402423042005	0.0335166071312714
2459948.8496158	14.741375442623395	0.0128843791476128
2459951.8423077	14.882661833465413	0.0258101655556218
2459952.6040338	15.076082147777576	0.0584424994155479
2459953.8459805	14.969357889210936	0.0291438339351484
2459958.5925967	15.058473940686278	0.0250817856960643
2459963.5906744	14.764743510891131	0.015333231250543
2459963.5919148	14.764515203177638	0.0162197285173762
2459963.5931435	14.761134190355405	0.016728135717183
2459965.6128544	14.75458337198349	0.0186907086352157
2459967.8216475	14.826038858299205	0.0108726509289859
2459968.8022313	15.028738238856398	0.0143764670487737
2459970.7886001	14.973027564582411	0.0130693620825348
2459970.7898405	14.963446040421942	0.0134401383168744
2459974.7849139	15.059916418382024	0.0156507238762408
2459975.8135931	14.770408029934838	0.011333089532394
2459976.5734429	14.919385116954697	0.0099818101357096
2459977.780267	14.76763275158158	0.0146581777115349
2459978.7800165	15.040566686744064	0.0266944823592597
2459979.7903802	14.799032010147378	0.0293092909768372
2459980.7768594	15.044697472834102	0.0294717872475244
2459981.7950609	14.584299222211689	0.0265802202353533
2459981.7962979	14.612723922568955	0.0363586879084861
2459982.8209462	14.92964522332814	0.0229586739645804
2459984.7668049	14.973237618736768	0.0230269897034722
2459985.7786562	14.78593792583303	0.0245780704533764
2459986.8799275	14.778935771051238	0.0244645734394154
2459988.5586364	14.87831631147204	0.0178232351827409
2459989.7329629	14.94252046766296	0.018978855024471
2459990.762362	14.919102382021237	0.0166614686919186
2459994.7297722	14.820429368655748	0.0133398734729333
2459996.7458375	14.878423569905806	0.0131364408604393
2459997.7372314	14.90139089232851	0.0177904068546382
2459998.7274316	14.82711454592641	0.0109311411361069
2459999.7264432	14.991700242396362	0.0116582911836775
2460000.745291	14.838696418730128	0.0144682775459217
2460001.7471237	14.886255035096116	0.0124707873392315
2460001.8112288	14.782782897821116	0.0136534225511795
2460002.7193749	14.796194377018915	0.0127853911183103
2460002.720678	14.80503756449615	0.0135258436039945
2460002.7608662	14.86400941877601	0.0099373045191816
2460003.7966917	14.782155820936092	0.0107506828022967
2460005.5599479	14.957761969319757	0.0091174886465578
2460006.897773	14.739929832759222	0.0171917697354895
2460008.7028013	14.792058249498002	0.014192462176953
2460010.7016525	14.838115847668728	0.0336331939568928
2460010.7179507	14.804754419535012	0.0292214555227835
2460012.6850439	14.733841541154703	0.0338882404866939
2460014.6909953	14.77806652226868	0.017264164973857
2460015.7551725	14.865084827296624	0.0209872855963059
2460016.6814409	14.843764558808362	0.0232422234998158
2460018.814903	14.976799134677082	0.0140345735307999
2460019.8146438	14.791322496804352	0.0144109952295862
2460021.4098288	14.868743738059225	0.0118090428002251
2460022.428063	14.982975882542943	0.0165995382042813
2460023.653713	14.79623492700012	0.0123599444207223
2460024.6553439	14.993862327461702	0.0111445955123542
2460025.8633322	14.825206414648548	0.0130942774674433
2460027.6403678	14.756051356722214	0.0109591073668557
2460028.8073968	15.043333146355966	0.0131108567117672
2460029.8111576	14.77857664341214	0.0101014450337709
2460030.8673529	14.835554595128992	0.011757737163816
2460032.6383433	15.024760971622635	0.0143510363770583
2460035.4388649	14.774303542715652	0.0168075798178407
2460036.6184053	14.906413663318244	0.018106293088705
2460037.651839	14.814966891816844	0.0139611410621146
2460040.4129687	14.885110269049587	0.0229415993320207
2460045.7563422	14.87967542664164	0.0137267783906493
2460046.8579938	14.92776245841358	0.0139483547579446
2460047.5835199	14.913429673386103	0.0118560762567008
2460048.9160282	14.772448039938345	0.0150342085429557
2460049.597015	14.884828026645655	0.0126011885232651
2460050.8558559	15.039861986616051	0.0139391328661494
2460052.7127125	14.806658335100275	0.0118118378147971
2460053.7101594	14.899422311137975	0.0095057183390689
2460053.7454891	15.010804741065732	0.0116620130606372
2460056.588777	14.83823959187118	0.0123828227416997
2460057.5610203	15.128614943254854	0.0190848627997347
2460059.7379933	15.03150881936566	0.014637791224321
2460060.700608	14.8926590364718	0.0091380693840616
2460061.7098674	14.83631336136699	0.0113292796033399
2460062.7370129	14.794027502570833	0.0120677117440494
2460062.7735841	14.781000821912851	0.0141372569664161
2460063.6779943	14.827013548182178	0.0119443324525591
2460063.7243746	14.974750491167237	0.0149843087657376
2460065.614338	14.869752544445408	0.0163745695327306
2460065.6441138	14.77422861409078	0.0177095500048651
2460066.6278356	14.926361348279958	0.0152494068569764
2460067.64803	14.735566825446458	0.0157189630966563
2460068.6722882	14.966782750462732	0.0267954584501766
2460069.4077925	14.906881879006413	0.0260652970958607
2460071.3320324	14.884162807512489	0.0381599480111463
2460072.2765826	15.132811936333752	0.0396658146947025
2460072.7123047	14.885347197026142	0.0221817412525778
2460073.2615691	14.851714369715928	0.0145216533821552
2460073.5221272	14.893818050579098	0.0105277534325409
2460074.7190495	14.879158365334051	0.0161321562473431
2460075.6273614	14.84541288343014	0.0175897620390941
2460077.6909684	14.761205378161296	0.0122188080846369
2460077.8633133	14.812995979909916	0.0139759339347064
2460078.6714698	15.05296452046246	0.0226939694679528
2460079.8403577	14.79580395129181	0.018358185980099
2460080.840191	15.095235443864272	0.0158390123526186
2460082.8191241	14.94284253985896	0.0143666510347889
2460085.829532	14.781399742649368	0.0119832213733293
2460086.8218155	14.824767265458728	0.0154353614642961
2460087.8183251	14.845989544555492	0.0120194225253051
2460089.489752	14.756913162484684	0.021274186518176
2460091.4892508	14.772466095185512	0.014695337381221
2460092.5308283	14.926809807503812	0.0125794796716643
2460094.8130586	14.895156281790076	0.0110972458662629
2460095.8124392	14.902367138531678	0.0127593545851347
2460096.8046324	14.728469559060985	0.0242649465149928
2460097.7787998	15.11805603095642	0.041212203974229
2460101.462153	14.85577158456427	0.0138438501764434
2460102.8123475	14.875617916952883	0.0346970613927766
2460103.6211162	14.9779017056475	0.0150117530632503
2460103.8082513	14.968262113091455	0.0246239538661521
2460104.6355757	14.777321051507997	0.0180527061568353
2460108.7928348	14.768512363630828	0.0128994622861152
2460109.6820201	14.759109889434718	0.0122686461352923
2460112.7747523	14.836220154131368	0.0168378968508306
2460114.6077984	14.76292645659598	0.0114847106634176
2460121.4971578	14.81027062514207	0.0138100087802725
2460121.5905895	14.97157594729593	0.0137554032350845
2460123.7176264	14.801070464481828	0.014840844285798
2460125.618159	14.951276118218146	0.0307989566435016
2460126.7055608	15.046112971178198	0.0352603196356375
2460128.551764	14.920760216121954	0.0347171680661393
2460131.4836821	14.952520718152762	0.0368433524864376
2460136.6934302	14.95402625498062	0.0122907075435555
2460139.5479325	14.904957205789128	0.0095263088830115
2460140.5277862	15.046899570134457	0.0149673895829954
2460143.2451912	14.973126646323715	0.0102212119627441
2460147.6849364	14.83396487464806	0.012438561613731
2460153.4881378	14.864730784905245	0.0245695125435077
2460155.6303086	14.989177297546467	0.0251864584104334
2460157.4848935	14.966173309646564	0.0270398141998562
2460158.5484003	15.074865036819586	0.0448609353047955
2460161.4047009	14.869317905246136	0.0244741157622757
2460162.3942119	15.031043347682376	0.0314994334592675
2460163.4036225	14.852732371434229	0.0126436121237053
2460171.2908364	15.043444410143504	0.0141342664478879
2460184.3369118	14.867399941139576	0.0291707316924552
2460194.3059383	14.755494264374867	0.0197053665562322
2460201.2831185	15.04752983176606	0.0141149021163173
2460216.258902	14.749266083565622	0.0292567210239821
2460219.2471681	14.772066035938945	0.0130384024564394
2460220.4898446	14.656006709394498	0.0167094014187558
2460222.4909632	14.773926469018622	0.0264932513932657
2460223.4834352	15.022185630613414	0.0406189513611328
2460311.8567567	14.852819192025152	0.0222256604943324
2460314.8640051	15.02307471869942	0.0498107952967256
2460323.8642159	14.745900778715018	0.0169914354126713
2460324.8640887	14.99654110536062	0.0158238255518349
2460325.8638839	14.84415877989389	0.0166975844523833
2460327.8708076	14.746893998193094	0.0215026330439979
2460328.5821799	14.880673972877185	0.0153281471894243
2460328.8709964	15.06734913562296	0.0256087526259374
2460329.575119	15.000243788520605	0.0130832024966928
2460329.8665971	14.821903067993238	0.0138079382018462
2460330.8700368	14.983231916035235	0.0242526914152514
2460333.5717438	15.032673886285908	0.0247143795100397
2460337.8600248	14.720601232669123	0.0190046334944881
2460369.7785219	15.067440634253554	0.0271282588710194
2460370.8208448	14.811483809644786	0.0193982385220185
2460371.9011376	14.746677394489051	0.0208795476842204
2460372.8154526	14.890452811970862	0.0161957317164412
2460373.8131275	14.93838247501889	0.0200320835837627
2460374.8174407	14.79084361648935	0.0116040950433204
2460375.8167636	14.98612335655321	0.0104841548873857
2460377.8869349	14.797447126645524	0.0126782534474113
2460378.8292209	14.833492183795894	0.0135592869927098
2460379.820804	14.937275193118328	0.0174957624574262
2460380.8497484	14.929272593127092	0.013001562862864
2460381.8152869	14.980724120401884	0.0101285103054913
2460382.7877556	14.778592783870977	0.0130224443965105
2460385.7097432	14.818931957287871	0.0156097435832076
2460388.820714	14.857209272525512	0.0102004491324715
2460389.827589	14.96221359530348	0.0099358222319908
2460390.8340131	14.757915561787328	0.0170020340026156
2460401.7775351	15.307469674530733	0.0739627684895029
2460402.8144338	14.804572076754804	0.0129845368591604
2460403.8459055	14.870602506643994	0.010463593395319
2460404.8116525	14.797121345457729	0.0108003027069808
2460405.8006389	15.060364208910729	0.0134204025022526
2460407.769273	14.923611865804569	0.0100711439948302
2460408.7641461	14.846407631829798	0.0091100037124641
2460409.7920842	15.074537262332916	0.0146565940786569
2460410.7778528	14.825654409913724	0.0127902391860297
2460411.798027	15.085966524317392	0.0132607859195907
2460416.7514569	14.91283697523436	0.0099613645875924
2460417.6460191	15.044867453758076	0.0164334210183967
2460418.7284026	15.040279008323756	0.0164323352876265
2460419.679059	14.884601577400144	0.01240143390411
2460419.9191113	14.795064506447988	0.0152222972475403
2460420.7954282	14.849373902883292	0.0161843783910496
2460427.8661431	14.780856861564915	0.0408052558198915
2460429.5151221	14.8027906344895	0.015279069084991
2460430.292063	14.817092558976244	0.021992081599629
2460432.3738579	15.091131249877645	0.0152319891208366
2460433.5834877	16.01778701463109	0.066011209688351
2460434.5760638	15.04103107798217	0.0128035092438174
2460435.8095899	15.13538164881122	0.0300093157982207
2460436.8776426	14.896032734298169	0.0121810738079849
2460438.841001	14.81388494962988	0.0109886666074571
2460439.6530596	15.102903841253177	0.0170156689689554
2460442.5809667	14.95164233813433	0.010439602154519
2460445.469334	15.063720730628049	0.0159379883211295
2460446.5528223	15.06536237165314	0.0128689776435581
2460448.5409573	15.077054060133548	0.0240150419590741
2460449.5250372	14.964016920622669	0.0127694641710399
2460454.6144681	14.743729521996006	0.0285800750670481
2460456.6952197	14.842103309590575	0.0211099539506071
2460457.716305	14.84265956501964	0.0154146445419828
