2458393.57059450  11.78688 0.02540
2458394.57131170  11.78096 0.02526
2458397.56203280  11.72366 0.03147
2458398.55816170  11.58672 0.02442
2458401.53443860  11.71905 0.02447
2458408.52832450  11.60781 0.01953
2458409.49081870  11.57434 0.04420
2458410.51351410  11.74743 0.03417
2458411.51814420  11.66928 0.03638
2458412.49249650  11.52811 0.04598
2458415.50844170  11.60873 0.04020
2458416.50506810  11.61235 0.03979
2458518.88231670  11.72111 0.03943
2458522.87749670  11.65464 0.02363
2458523.87265070  11.57303 0.02644
2458524.86827350  11.48572 0.02633
2458525.86365850  11.67610 0.02820
2458526.86300370  11.70306 0.02551
2458527.85851450  11.65684 0.01926
2458529.86503790  11.71074 0.02445
2458532.86803980  11.61844 0.02523
2458533.86462440  11.95569 0.15357
2458534.87431170  11.55780 0.04331
2458544.89879460  11.63169 0.03126
2458549.82049330  11.68312 0.02332
2458551.81490750  11.52961 0.02149
2458552.81020490  11.66056 0.02020
2458553.80937800  11.67946 0.01769
2458555.80483300  11.58124 0.03046
2458556.81060730  11.67305 0.02517
2458557.82129090  11.57404 0.02356
2458558.85824770  11.59581 0.02002
2458562.78338250  11.95387 0.06542
2458564.77758040  11.65278 0.04233
2458565.77671570  11.60917 0.04045
2458566.77201740  11.64326 0.03676
2458574.74696870  11.58329 0.02457
2458578.73444090  11.64674 0.02088
2458580.73065640  11.69788 0.02296
2458582.77468430  11.54086 0.01987
2458583.91556070  11.57998 0.02803
2458585.78268670  11.63374 0.02483
2458589.76064060  11.62952 0.03092
2458590.85703740  11.69868 0.02215
2458593.70917940  11.67639 0.05204
2458603.87703290  11.51115 0.02357
2458626.63786500  11.73465 0.02724
2458636.65607490  11.59604 0.01904
2458637.75236710  11.59501 0.02039
2458642.66757430  11.63212 0.01998
2458644.54394630  11.68647 0.03026
2458645.54392000  11.61560 0.02764
2458646.54748550  11.62416 0.02981
2458647.78207900  11.51997 0.02527
2458660.80994410  11.65786 0.02806
2458674.81739440  11.60041 0.02573
2458676.80455010  11.63581 0.03156
2458682.76843590  11.80195 0.05686
2458689.77254470  11.59181 0.02658
2458693.64230110  11.70195 0.02370
2458695.75781040  11.51779 0.02569
2458698.75043100  11.57881 0.02244
2458699.72954290  11.75163 0.02437
2458700.74751850  11.53300 0.02635
2458701.74256590  11.62287 0.02214
2458702.74099610  11.64919 0.02295
2458703.72606170  11.73624 0.02486
2458704.73395990  11.61993 0.03175
2458708.61798670  11.59543 0.04341
2458709.62712780  11.74537 0.06081
2458713.67562040  11.68973 0.04191
2458716.51669430  11.71185 0.03061
2458717.69992460  11.65758 0.02761
2458718.67496160  11.58320 0.01730
2458719.69706250  11.70194 0.02944
2458726.67790550  11.69022 0.03360
2458727.66658590  11.65137 0.02663
2458729.65054570  11.67568 0.01614
2458730.64529490  11.62707 0.02230
2458740.63703920  11.68044 0.05421
2458742.63372920  11.70380 0.05154
2458743.63070520  11.69559 0.04098
2458744.62678660  11.68175 0.03099
2458745.62346640  11.64522 0.02061
2458747.62017060  11.73334 0.02873
2458748.61046140  11.60774 0.02774
2458750.60884660  11.71537 0.02486
2458751.58271910  11.65357 0.01766
2458752.60683730  11.50966 0.02811
2458753.60464250  11.68051 0.01994
2458754.60094240  11.64475 0.02577
2458756.59406760  11.70008 0.02529
2458757.59054250  11.64141 0.02393
2458758.59113270  11.58746 0.02589
2458763.57250160  11.57408 0.03306
2458764.51903730  11.55987 0.02759
2458766.53248560  11.62144 0.03770
2458773.52744510  11.68084 0.02103
2458774.52597930  11.68586 0.02530
2458775.52358540  11.63974 0.02856
2458776.52612690  11.54898 0.02354
2458777.51484510  11.65271 0.02035
2458781.50497030  11.72419 0.03560
2458782.50170170  11.57310 0.02667
2458891.88419490  11.57762 0.04507
2458893.88267000  11.71175 0.04327
2458904.84090430  11.52288 0.02372
2458907.83444830  11.58078 0.02675
2458908.83378650  11.56295 0.02570
2458909.82883890  11.63273 0.02632
2458910.82432530  11.66977 0.03059
2458912.81848640  11.66842 0.02007
2458913.81790990  11.63467 0.01872
2458915.87465420  11.66415 0.02423
2458919.80255090  11.47269 0.05152
2458920.79357540  11.69837 0.03901
2459261.85227570  11.55466 0.02806
2459268.83810800  11.71069 0.02693
2459273.81671890  11.96050 0.13965
2459277.80827710  11.55581 0.04091
2459278.78393370  11.68797 0.02969
2459294.75705770  11.58301 0.02718
2459297.75178530  11.61617 0.03353
2459298.73762150  11.59235 0.03484
2459304.79712340  11.59504 0.03991
2459310.71839780  11.61329 0.02371
2459311.80696700  11.58368 0.02379
2459315.70172590  11.61294 0.01559
2459319.69556520  11.62503 0.02481
2459321.71706810  11.59727 0.02580
2459322.78686310  11.58576 0.02724
2459328.65737240  11.47594 0.04277
2459329.71538330  11.72197 0.02928
2459331.79755420  11.61733 0.03670
2459332.66417780  11.60958 0.06664
2459340.62314080  11.64321 0.02827
2459342.65423150  11.53050 0.02651
2459346.62712950  11.74459 0.02395
2459360.65597040  11.79526 0.08336
2459365.58569690  11.63756 0.02732
2459366.54275580  11.69688 0.03729
2459369.80836620  11.59949 0.02242
2459374.53350440  11.55330 0.01838
2459375.69618500  11.69952 0.03277
2459377.76664440  11.61442 0.02708
2459378.75466500  11.81296 0.02319
2459383.55362970  11.73038 0.03207
2459385.68789230  11.64484 0.02930
2459387.56464670  11.79571 0.05240
2459394.57209930  11.69147 0.02150
2459401.76975060  11.60894 0.02966
2459402.69948250  11.66491 0.01621
2459404.82188170  11.55877 0.02198
2459408.80608230  11.58500 0.02857
2459410.52739110  11.68656 0.03251
2459411.57234950  11.68851 0.03324
2459412.55327170  11.68497 0.02241
2459420.54737480  11.48221 0.04185
2459428.75778840  11.55496 0.02479
2459433.60861490  11.66115 0.02208
2459439.70448000  11.70239 0.02281
2459452.68831940  11.76496 0.04887
2459467.50492340  11.63538 0.02448
2459478.61442450  11.59597 0.04922
2459480.49948270  11.68849 0.02489
2459482.49524580  11.72074 0.02378
2459483.49143220  11.70244 0.02768
2459489.52115730  11.73146 0.02604
2459490.53966800  11.68436 0.03026
2459494.49900420  11.66496 0.02222
2459496.56090290  11.67088 0.02705
2459497.52730560  11.68640 0.03708
2459501.54899410  11.59129 0.04970
2459504.54270860  11.52032 0.03893
2459506.51997150  11.66731 0.04234
2459507.53245100  11.60504 0.06618
2459508.53312720  11.58404 0.05309
2459509.52426480  11.45988 0.03951
2459510.50480930  11.68634 0.03716
2459513.51033040  11.69263 0.02650
2459514.50830970  11.70147 0.03500
2459521.49929800  11.67249 0.05852
2459610.87415390  11.65632 0.03878
2459614.88775080  11.80809 0.11691
2459617.86630460  11.55797 0.03224
2459621.85590630  11.71368 0.03371
2459629.84901150  11.64976 0.03672
2459638.83851880  11.62151 0.02764
2459639.84935330  11.72595 0.02828
2459642.79254060  11.61039 0.02005
2459644.80340090  11.59987 0.02050
2459647.79756580  11.60070 0.02473
2459649.83304690  11.70341 0.02097
2459649.83436060  11.67873 0.02940
2459650.79961770  11.67740 0.01353
2459651.83917920  11.55611 0.02146
2459656.79577240  11.63883 0.03404
2459659.84034810  11.83338 0.06816
2459665.74083930  11.76045 0.02506
2459666.72124590  11.58126 0.02168
2459668.75910360  11.57755 0.02254
2459669.72975770  11.73319 0.02201
2459670.72936840  11.60923 0.02569
2459675.71929220  11.74411 0.02938
2459676.84391460  11.63808 0.01943
2459678.84239940  11.62198 0.01559
2459680.73451580  11.61444 0.01944
2459682.69809130  11.76825 0.03294
2459685.68305510  11.62896 0.03755
2459685.76298860  11.51805 0.04048
2459693.76117830  11.69831 0.02692
2459697.69312150  11.59650 0.01753
2459698.72704840  11.57779 0.01599
2459703.77278930  11.68486 0.03117
2459709.62279820  11.73062 0.03338
2459709.62409640  11.67268 0.03993
2459709.62540620  11.70672 0.05772
2459713.66907400  11.72460 0.02953
2459721.82224150  11.81185 0.02794
2459722.72805970  11.63110 0.03383
2459725.56989950  11.58235 0.01907
2459725.57119780  11.51248 0.03873
2459727.63316190  11.76398 0.02305
2459741.71713020  11.67830 0.02862
2459742.76549320  11.65909 0.03471
2459746.76822460  11.53866 0.07406
2459751.78044010  11.65926 0.02824
2459760.61834210  11.73851 0.02407
2459760.61964030  11.68823 0.03329
2459764.61996740  11.68171 0.02103
2459764.62255750  11.65542 0.02918
2459769.58129270  11.58648 0.01987
2459783.73769790  11.66430 0.02286
2459786.68907570  11.67729 0.02202
2459786.69036660  11.68752 0.02898
2459791.69425350  11.64233 0.02335
2459794.62143420  11.64060 0.01833
2459795.74202370  11.70555 0.02733
2459797.69806670  11.65983 0.02953
2459805.70926720  11.59351 0.03335
2459812.58983230  11.64749 0.02257
2459815.54532300  11.63827 0.03140
2459817.51330420  11.57353 0.02318
2459820.63688080  11.63553 0.02210
2459820.63818060  11.58526 0.03198
2459821.68105710  11.59835 0.02502
2459833.49884430  11.56506 0.03022
2459834.63110990  11.78161 0.04079
2459835.59906980  11.53074 0.03056
2459836.57360780  11.23932 0.01959
2459840.48793480  11.59194 0.01687
2459842.62090320  11.21579 0.02595
2459846.55162580  11.67724 0.02543
2459848.54435710  11.55803 0.02599
2459857.52870520  11.85651 0.04397
2459863.55526890  11.69129 0.04122
2459864.52807050  11.59539 0.02204
2459867.51206990  11.73836 0.02986
2459872.52253040  11.58389 0.02428
2459875.49663480  11.59724 0.02704
2459876.52095700  11.71205 0.03268
2459977.86930410  11.63891 0.02492
2459979.87227010  11.66383 0.03109
2459980.87567060  11.47948 0.04880
2459993.83487980  11.62856 0.03109
2459995.84041770  11.76682 0.02333
2460003.81573730  11.18891 0.01906
2460021.76356850  11.65285 0.02140
2460023.75702780  11.67319 0.02491
2460024.82656770  11.52227 0.02079
2460027.81918850  11.66095 0.02331
2460030.73348770  11.57921 0.02362
2460031.74413880  11.54758 0.01702
2460040.72038060  11.50968 0.06164
2460040.72297700  12.31437 0.18068
2460042.72535740  11.65754 0.04840
2460048.80078610  11.58275 0.02779
2460049.86115250  11.78629 0.03276
2460050.75670590  11.65707 0.01481
2460053.68581820  11.68240 0.02346
2460054.87723610  11.70739 0.02288
2460056.78198150  11.69384 0.02364
2460061.71380810  11.57546 0.02009
2460062.80208830  11.59135 0.02394
2460065.65169650  11.20421 0.03492
2460065.67804780  11.60876 0.02841
2460066.66341610  11.73541 0.02648
2460067.71204690  11.70050 0.04365
2460075.83805370  11.66905 0.03098
2460079.71184320  11.65722 0.03019
2460082.81196040  11.58497 0.02363
2460085.81906730  11.56890 0.03202
2460088.84202870  11.60515 0.05041
2460089.82574050  11.63504 0.02788
2460090.83561360  11.68688 0.02313
2460091.81354870  11.65836 0.03876
2460094.84083740  11.73040 0.03984
2460104.81208780  11.74472 0.03376
2460107.52280330  11.66199 0.02487
2460110.53683240  11.44650 0.04269
2460113.51899150  11.54232 0.04488
2460114.65123290  11.76105 0.02253
2460120.83380130  11.58317 0.03219
2460121.55511520  11.60724 0.03321
2460123.57144340  11.74392 0.03434
2460136.80311830  11.88612 0.03517
2460139.67517530  11.63503 0.01051
2460140.73096250  11.18566 0.02025
2460140.77515370  11.61730 0.03409
2460141.78727320  11.66010 0.02724
2460141.80184450  11.18718 0.02310
2460142.75824170  11.69067 0.02427
2460142.78459880  11.32380 0.03299
2460149.50704790  11.54986 0.02098
2460153.45742020  11.04681 0.04345
2460217.54765230  11.75605 0.04053
2460220.50969030  11.22444 0.02380
2460221.57714120  11.17828 0.02785
2460223.52257730  11.64983 0.02070
2460226.51115910  11.29416 0.03076
2460227.52328580  11.62529 0.02214
2460228.53113820  11.22528 0.03140
2460229.53959480  11.71984 0.02413
2460230.55840630  11.24392 0.02400
2460231.54066610  11.61291 0.02110
2460239.52172750  11.34597 0.05489
2460241.50840170  11.63171 0.04484
2460247.49766740  11.37046 0.07658
2460248.50896590  11.59459 0.02991
2460251.50097800  11.73195 0.05496
2460381.83778690  11.21802 0.02412
2460382.80280810  11.22736 0.02500
2460385.82145270  11.30377 0.03463
2460386.81855660  11.65886 0.02321
2460388.81287830  11.28605 0.02531
2460391.90708390  11.24125 0.04577
2460403.85485500  11.34369 0.05006
2460404.85732950  11.08785 0.02411
2460405.86330880  11.55120 0.02162
2460416.84331770  11.32398 0.04101
2460417.71443690  11.52448 0.02935
2460417.89008110  11.24515 0.03051
2460418.81169590  11.54588 0.02118
2460419.81502480  11.26933 0.02471
2460420.70828980  11.76024 0.03222
2460423.67991950  11.21073 0.05580
2460423.68237750  10.46738 0.07463
2460425.70121470  11.60294 0.05043
2460425.88344960  11.08171 0.04328
2460432.63088270  11.29145 0.02823
2460433.69882550  11.65546 0.03227
2460434.69797590  11.62866 0.02289
2460437.62996890  11.64233 0.02400
2460438.87248530  11.67974 0.01819
2460440.67577200  11.24339 0.01890
2460442.62279220  11.75405 0.04077
2460448.59689030  11.47164 0.02315
2460449.59336350  11.22551 0.03780
2460450.63504610  11.28026 0.03486
