2458033.9623764	12.47714325773967	0.0023831197563218
2458034.9882624	12.466261765079649	0.0025650666541906
2458043.9670344	12.511886485875436	0.0007111644144741
2458048.0023051	12.563580881450893	0.0022250957947137
2458048.9925983	12.572813213368285	0.0019646902880108
2458049.9964697	12.545025855071392	0.0022635239813335
2458051.9349653	12.553515095500837	0.0017141908801686
2458052.9331056	12.565799226084629	0.0018401937209537
2458055.9155357	12.55841898198468	0.0017097278505338
2458056.9075243	12.5677089084391	0.0018556635438905
2458058.8991278	12.57104651120294	0.0023785532452396
2458059.8754183	12.54820184589107	0.0025575386230478
2458060.8784855	12.561862922883432	0.0032475094414686
2458061.8970956	12.574742521014164	0.0032613085719323
2458071.9695012	12.493506504334588	0.0011390927629392
2458074.9182982	12.46685842226645	0.0016543157598807
2458075.9195208	12.479276018837492	0.0014035059494485
2458077.9066078	12.454511850805476	0.0017301195051019
2458079.906288	12.489327233945763	0.0011773645730674
2458080.871735	12.507141304788409	0.0008220725335972
2458081.8677114	12.472393477799422	0.0014409865599633
2458082.8550693	12.468665063156443	0.0015397281792821
2458084.8259804	12.474537750204322	0.0015744811542384
2458085.8335589	12.476870662202748	0.0014748202301076
2458086.7684291	12.545783758129732	0.0009301935195892
2458088.765572	12.53616321789786	0.0015982393456709
2458104.7201731	12.50771453413808	0.0014965938730409
2458106.7418658	12.54710145566968	0.0009913485443551
2458107.7346659	12.535050976937477	0.0009360246852848
2458108.7350354	12.56058938978752	0.0011022156421556
2458108.849225	12.488624551393697	0.0011801531899795
2458110.8052688	12.522256180555225	0.0010614274786122
2458112.816392	12.484104606565936	0.0012795921276694
2458113.6681914	12.499624358343189	0.0018211832209601
2458113.824484	12.476632579075009	0.0014255996699659
2458114.650066	12.488385728869453	0.001876147131745
2458118.6668318	12.51836791838409	0.0030848248407269
2458123.6890911	12.596183281005176	0.0025567667299396
2458124.6637246	12.603996121446862	0.0024322499254072
2458125.6741234	12.613113745247263	0.0021923463236919
2458127.557084	12.494833432762348	0.0021660615924492
2458128.5424542	12.490401615529876	0.002066399538166
2458128.6755474	12.578425391387782	0.001529566425902
2458128.7784325	12.487057357908604	0.0012416689724767
2458129.4683218	12.58759265841083	0.0019176142531244
2458129.6572766	12.582270454486736	0.0015807640851138
2458130.4740781	12.5558610004996	0.0013443212027243
2458130.7720213	12.482969444300371	0.001430960938858
2458131.4426074	12.583056718667128	0.0019609460638853
2458132.4187778	12.604733856316637	0.0022608660920876
2458133.4496529	12.571932357105098	0.001816743799871
2458133.7654281	12.509926983604046	0.0006155862197429
2458134.4346974	12.5838140763746	0.0018686762731225
2458134.7117077	12.52364353662168	0.0012361354892492
2458135.425255	12.58065900785136	0.0018342992728056
2458135.718213	12.519221903861997	0.0012919054184737
2458136.712945	12.501615844956603	0.0014905867533603
2458137.4336592	12.5590978991459	0.001484270233893
2458137.7102953	12.507620070912743	0.0014516789242175
2458138.7677694	12.566480515892325	0.001822718513862
2458139.6948643	12.49546115410646	0.0015673424199883
2458139.7629988	12.577382727087036	0.0020903209983183
2458145.5606505	12.566132623560684	0.0025077363195938
2458146.3247596	12.614397545754292	0.0031466618674487
2458146.6070376	12.46818300100809	0.0033128078307804
2458146.6309671	12.5141617693666	0.002865155986071
2458147.3169739	12.599870154698651	0.0041016081628276
2458151.3939847	12.517422639063312	0.0036436269727028
2458152.3395186	12.53204012116289	0.0025916199470456
2458154.7116868	12.525890240915125	0.0011487097152784
2458155.707305	12.513248309281815	0.0008162819600097
2458156.7001903	12.526134184846711	0.0012566563726387
2458157.6826828	12.537989639922028	0.0014092086118219
2458158.6947034	12.526473930241083	0.0011747429254193
2458159.6842268	12.50432779536116	0.0008264191919756
2458160.6927072	12.503550414810077	0.0009424135557262
2458162.6823353	12.496234198797357	0.0011029540487586
2458164.6906726	12.473783570771053	0.0014854861193064
2458170.3036231	12.521684272508944	0.0013461314144072
2458170.6651357	12.468254047464375	0.0015984243135391
2458171.3033717	12.526574694143694	0.0013847904008988
2458171.6377514	12.507298744059092	0.0015977730152043
2458173.6945463	12.532587540465558	0.0011966091737192
2458181.6659977	12.576405822210956	0.0022895411426188
2458182.6370926	12.50575351153686	0.0009606145040802
2458182.6913978	12.616307474973754	0.0027213310694965
2458183.655384	12.544626792563047	0.0015639148850319
2458184.6486962	12.573958512468115	0.0018079042564117
2458185.6668453	12.592347240433586	0.0022005592539866
2458188.6308583	12.56930879219417	0.00148500517611
2458191.6538227	12.584702498806834	0.001612006533738
2458192.6418834	12.589731048940484	0.0016570283947942
2458193.611124	12.608916630578866	0.0019375716318397
2458194.5878565	12.583699822415555	0.0015811315887727
2458195.5647475	12.546547840977688	0.0008144167034724
2458196.5754148	12.579766400673195	0.0015346159100461
2458199.6400992	12.508144955020455	0.0014640062386012
2458200.635805	12.508490140631809	0.0015019036626399
2458206.5363258	12.587003665679786	0.003018553305335
2458209.6050371	12.508310956276578	0.0027702410323389
2458211.3494887	12.52723462665801	0.0024844630699475
2458211.6069537	12.520465214049723	0.0023819955629366
2458212.6071847	12.468397378323314	0.0026935890671215
2458214.6015408	12.47928542958249	0.0020323161072538
2458215.5964121	12.523114462151948	0.0012519471138884
2458216.2333655	12.546515935959452	0.0012439198953211
2458216.5920448	12.499603740558054	0.0016323567392022
2458217.5874986	12.511733996467209	0.001419215222159
2458220.5895989	12.531015314828046	0.00115820941861
2458221.5893808	12.565086058272476	0.0013114788266846
2458222.5854007	12.52958844800006	0.0012539651154623
2458223.2350801	12.602774731132795	0.002282193703664
2458224.230489	12.586980676279191	0.0020937373307546
2458226.5780623	12.59064712247858	0.0017083442309859
2458227.5738801	12.552566820932071	0.0012508154520962
2458228.5696857	12.575438885598455	0.0016027819949625
2458233.2576084	12.508853793550578	0.0025242578618266
2458233.5170527	12.550869354647842	0.002073203500588
2458236.5335451	12.586529601469811	0.0028970357591525
2458238.2726695	12.527025080016797	0.0035986600196682
2458238.5313675	12.585489929197154	0.0047865313485241
2458239.2685685	12.551690902034547	0.0034573434567977
2458241.5085387	12.604974656047734	0.0019968211004903
2458242.5156584	12.61360397817963	0.0021494203233061
2458243.5145507	12.595135427404864	0.0018749369826007
2458247.5056237	12.54635792219945	0.0009136240132502
2458249.497224	12.559317017006318	0.0013791126613318
2458251.4889673	12.541001780468576	0.001081186577601
2458254.2013988	12.584853479489002	0.0025067598795141
2458254.4714785	12.55229446681598	0.0018303486081269
2458255.201038	12.599028276381745	0.0027713904086399
2458256.2007516	12.595127947970129	0.0028958914344827
2458260.4634927	12.501897901407924	0.0019775167625097
2458262.2028293	12.551603563665914	0.0024878447570336
2458265.194338	12.557080217842389	0.0031851966961868
2458372.9637167	12.51011397536474	0.0014962027955504
2458373.9689838	12.479500386221252	0.0020579479633342
2458374.9731603	12.49692917647904	0.0015447365641002
2458399.6066391	12.532293739379572	0.0013488400811351
2458430.9668927	12.46657121523972	0.0016069348556426
2458437.9599613	12.522204174653574	0.0012545321613043
2458438.7538778	12.549556515814036	0.0009751519308433
2458443.7873104	12.528902998629592	0.0018951924671425
2458444.7826994	12.540203644645551	0.0027170456476191
2458451.5621541	12.530880876777164	0.0022437158540652
2458452.9431136	12.512665778056888	0.0008968915938345
2458453.9589461	12.487387498652616	0.0013516778228176
2458454.4942358	12.602647953898096	0.0022846696610562
2458455.7294727	12.511438511097651	0.0014839513411657
2458458.5521886	12.501247220186812	0.0016835218621071
2458462.7872099	12.54441876112958	0.0007768001194216
2458463.7768076	12.531854423855789	0.0012792643064647
2458464.7733943	12.538626164205574	0.0009188603443424
2458467.6968014	12.503711332375296	0.0016159124916315
2458468.7024559	12.490532385410315	0.0022423803636891
2458469.5402886	12.524576110585354	0.0013985847170575
2458470.0055736	12.551696736432934	0.001309582276804
2458471.6804947	12.467222367548398	0.0035388783344479
2458471.8488118	12.50910259465287	0.0018372770514067
2458472.68408	12.516574080351258	0.0027102715981353
2458481.5571281	12.533928062541513	0.0016389614965591
2458482.4663102	12.564591584021024	0.0015755547858463
2458483.7314029	12.570899429678231	0.0015474421781603
2458484.6203422	12.52367337321344	0.0012540654043863
2458484.8080216	12.473379851998285	0.0014800594223295
2458486.6243536	12.508432675426969	0.0014155249156584
2458487.0511855	12.582485297613474	0.0018225516303572
2458488.6207009	12.53493085343436	0.0009984408701117
2458489.6392864	12.59837115416051	0.002442263608181
2458490.6385367	12.603533758438829	0.0019187461571164
2458491.4687627	12.563554872657022	0.001515569687292
2458493.5981006	12.57430633841646	0.0015587412787205
2458494.4713984	12.516236927263384	0.0016843275570178
2458494.593451	12.557939569460672	0.0016711589052148
2458495.0283552	12.552448656354157	0.0013771266591357
2458496.9152891	12.459837126277456	0.0016684034424759
2458497.5928743	12.588542245916912	0.0023223896961506
2458498.3787327	12.566865849908488	0.0015801070232303
2458498.6119614	12.578048753466762	0.0020321716130584
2458498.807567	12.552476545936193	0.00143257219677
2458499.7806321	12.573260318094476	0.0025321179933647
2458500.4300332	12.507465901865489	0.0023625032528384
2458502.4176148	12.52862525659982	0.0038223357356618
2458506.9959359	12.485085640759772	0.0027404527371771
2458507.440382	12.473417454835996	0.0033769738445316
2458507.8597442	12.463069184505454	0.0023075957028878
2458508.9856978	12.47314198418351	0.0020477869557651
2458511.4079774	12.469954613826651	0.002232315649146
2458512.3870233	12.483854865905077	0.0020894078419213
2458512.5377066	12.5166475911226	0.0015598154887492
2458513.4947215	12.610359068357424	0.0025080879187953
2458513.5478254	12.522736392181905	0.0013881994329044
2458514.5362191	12.521563268341156	0.0017126576864549
2458516.5278996	12.522895095883248	0.0029169411715913
2458517.4031232	12.508564220648813	0.0016267660559246
2458518.5308016	12.479058470727848	0.002123822190235
2458519.390912	12.502779772285564	0.0015831121674311
2458519.5341548	12.476524214068084	0.002057070139351
2458519.8352619	12.550933409014444	0.0013405914189124
2458522.39491	12.557764430796931	0.0014022127915598
2458522.5722802	12.4935891080065	0.0012864123274645
2458522.7615474	12.490524239530496	0.00177966181954
2458524.4020378	12.579123007236324	0.0019410327662228
2458524.752622	12.50282782177254	0.0015064586830122
2458526.5630112	12.526084068993644	0.0017195807216028
2458527.600421	12.571604751281196	0.0025236871935074
2458528.391523	12.583890014116545	0.0028070057343149
2458534.8218502	12.478691455725794	0.0032734707603086
2458536.8138679	12.454509615113263	0.0027414429580629
2458538.5466831	12.58492912421017	0.0017716191983577
2458539.5281135	12.5666496948057	0.001683160552509
2458539.7095502	12.560771331154903	0.0022255252286727
2458542.4110941	12.498959794519903	0.0017293301433616
2458543.4164423	12.493528474336172	0.0018035837854621
2458544.4184797	12.5079164282655	0.0016265480998424
2458554.2905922	12.494265073146224	0.0018855167609741
2458555.7820941	12.520935844808012	0.0011354195947162
2458556.6652942	12.52059346434068	0.0015082205801461
2458561.3763972	12.603366529403054	0.0042643699272698
2458561.7501757	12.517293318280508	0.0041642737630006
2458564.3790873	12.580884287029146	0.0042896958436649
2458565.6307921	12.497788078409837	0.0031050359306829
2458566.6368609	12.458848935422038	0.0025637724852257
2458567.3620877	12.563837314888591	0.0027393593486225
2458567.6356829	12.436885712010003	0.0029015923368819
2458568.329945	12.586239149521711	0.0021731732021889
2458568.7821769	12.497129585175074	0.0011486638946141
2458569.8321089	12.46201491455836	0.0016135263854998
2458571.7867347	12.503556702713643	0.0010080647966435
2458574.5912524	12.44424768012835	0.0022696176962512
2458575.7151567	12.523398228353727	0.0011761199169952
2458577.7993488	12.473285773355444	0.0015137853625244
2458579.7806735	12.464016574896528	0.0016902680772617
2458580.7118363	12.465694067164602	0.0016543398328172
2458581.6728814	12.515173035446416	0.0009500862775307
2458583.7584391	12.461448123215522	0.0017382282419823
2458589.7755663	12.550478310971071	0.0022359385344478
2458591.5384195	12.53834158680627	0.0028735979035545
2458592.7571495	12.564768066317988	0.0031760134877685
2458593.6596223	12.455277412564095	0.0032113472594554
2458594.5678066	12.56374883307758	0.0030095317765021
2458595.5122738	12.529402477390272	0.0014123265614431
2458597.750698	12.553759073239927	0.0014292462717881
2458600.5456064	12.581419295749305	0.0019392056058293
2458601.4970262	12.58518009064429	0.001685262796986
2458604.6246943	12.487960563372145	0.0014956839085344
2458606.6314774	12.50318075066411	0.0012061488599272
2458607.6232814	12.488072901021336	0.001456936776785
2458619.5050024	12.43863886979126	0.0034641151107384
2458620.2355673	12.51558008030828	0.0035028903358165
2458622.4844612	12.43059915412634	0.0036291433442327
2458625.4634797	12.490367575984644	0.0017806238201877
2458627.4714827	12.444885820903062	0.0023335625887763
2458636.4491231	12.521285125792351	0.0047286489540537
2458637.1919616	12.506883441604156	0.0074222051588511
2458637.4477777	12.498621785027415	0.0057702037537759
2458737.1378916	12.462728913173567	0.0032957399289869
2458744.1200781	12.488879372575912	0.0023998056916744
2458754.9549649	12.49030955481256	0.0013919323504228
2458758.1044781	12.534914893719463	0.001053118417204
2458764.9241352	12.437532350304949	0.0020738834955963
2458765.9272386	12.441378287287977	0.0020855216527575
2458766.9188141	12.449261376690492	0.0019425184581271
2458772.0217479	12.499793439262842	0.0031398614207947
2458773.9464834	12.531892075534609	0.0040917774734372
2458779.9950613	12.466686330712026	0.0019685697612491
2458782.006798	12.526754992324893	0.0008432135263461
2458783.1224014	12.563111373891523	0.0016074015166787
2458783.9031012	12.543980879256356	0.0015920321877854
2458791.5580126	12.467093247992675	0.0023059039955476
2458792.9783684	12.472154407129093	0.0015337675971947
2458794.9738297	12.480993275594924	0.0016645309242431
2458810.5454801	12.555071285482104	0.0017391647648494
2458812.1341857	12.573883209662132	0.001729738775355
2458814.1345034	12.519050669775964	0.0005738243224138
2458817.0589257	12.550614364260486	0.0012896083367826
2458824.988317	12.49884513792447	0.0016956019265029
2458825.9792586	12.509895021524605	0.0008160075869194
2458827.0187709	12.558497739902956	0.0022456570814624
2458828.0683831	12.47651104478168	0.0019359179565461
2458829.8112175	12.546142188925668	0.0063671125496679
2458837.1048347	12.51872577168389	0.0008445624109153
2458837.5729649	12.540502748380884	0.0010520019223135
2458838.5770291	12.527577770196125	0.0012110014547595
2458838.6866916	12.527061787803609	0.0012560433935416
2458839.5395786	12.583947550044954	0.0020181613697384
2458840.4833563	12.531108814610263	0.0013218387026991
2458845.511565	12.54097909276723	0.0017501608755275
2458846.0506334	12.51336334780987	0.0009420606991866
2458846.5302755	12.521943717562923	0.001256493524998
2458846.6622027	12.572897926011237	0.0015604489269144
2458847.082189	12.55452937656609	0.001351800563056
2458847.5370502	12.491256695241194	0.0016391642187588
2458847.658712	12.599999884387998	0.0019646047399092
2458848.0749152	12.551010541741103	0.0013619396005344
2458849.4692852	12.59847493112803	0.0028429692417706
2458849.7311273	12.495349693016223	0.0016498595351414
2458850.6703496	12.568332205938123	0.0016618329975047
2458853.6714643	12.518521444081916	0.0017762059841665
2458854.9267705	12.460944556965345	0.002594920524681
2458855.694571	12.454417266151392	0.0042503476958581
2458862.5793942	12.559648486362484	0.0068803129131905
2458862.7106169	12.490272410259635	0.002857777803627
2458863.5706397	12.60104299111492	0.004171347137152
2458864.569602	12.591882150433715	0.004340868750415
2458865.5551571	12.60040328054388	0.003100838039012
2458866.0506673	12.446954918056854	0.0019169624563327
2458866.9727339	12.555868174660873	0.0014457128997629
2458867.9405804	12.563380608385057	0.0014869256616149
2458868.5836113	12.514875979517637	0.0014782066655308
2458868.9063243	12.540228816563744	0.0012596839762578
2458869.9176149	12.552314316222562	0.001687700037314
2458870.5957914	12.447052076397473	0.0023171361530102
2458871.9140199	12.56521096969264	0.001856658586966
2458872.9148224	12.5366585721904	0.0016367494785707
2458873.5725298	12.507273186355093	0.0018001587480283
2458874.9069066	12.55574288378803	0.0018519923432027
2458875.5643965	12.494204959266767	0.0019266888695846
2458875.5668462	12.490340088569774	0.0023307845556511
2458876.9058266	12.518525430736458	0.001038351107719
2458877.8870319	12.544372106300996	0.0015589643106123
2458878.8948766	12.506424816932874	0.0010133150389764
2458879.6037302	12.51277328912855	0.0015173950222959
2458879.8873653	12.552336054750896	0.0019449069419675
2458880.5961782	12.503550761947286	0.0022205534422085
2458880.8902654	12.531112432906475	0.001730847921866
2458881.6961814	12.520956736486792	0.001534703029449
2458882.7071458	12.50071434981265	0.0018627347486189
2458882.9064742	12.47011558104225	0.0017101171711576
2458891.7013495	12.485958487796168	0.0030902256174465
2458893.5616392	12.597702520690834	0.0022762907526195
2458894.7427219	12.534465567609155	0.002436577042184
2458898.377202	12.537705086240551	0.001188723678038
2458899.5237947	12.60046576699924	0.0020795090946426
2458902.8493505	12.472676545769312	0.001621906122937
2458902.8505663	12.496332387860036	0.0014561479652985
2458904.6714543	12.52842601797705	0.0011754211388155
2458909.3343415	12.468512389337842	0.002103666893412
2458911.7919896	12.49540659539658	0.0016269312469374
2458912.6745323	12.556791622547117	0.0025832166046674
2458923.2521023	12.49030044090359	0.0022346479888245
2458923.5865045	12.569473375382191	0.0017483906795001
2458926.391715	12.53995121439877	0.0010598553635696
2458930.7646907	12.499352958611656	0.0011510136343839
2458932.8057394	12.451984148629654	0.0017098357390444
2458955.7603709	12.584381647594734	0.0018466769913815
2458957.6551628	12.442912557820726	0.0019574380671565
2458961.7525448	12.5423733016431	0.0012162880713454
2458963.6502257	12.463615652893791	0.001607834646051
2458965.6400477	12.471203103139995	0.0017080303184067
2458966.6443033	12.52986886661846	0.0013153223430688
2458983.243158	12.491457191048404	0.0021384765760592
2458986.2455504	12.491250176260989	0.002216515394226
2458993.2309701	12.484783737087026	0.0022636164384061
2459092.1331457	12.48688402935406	0.0032468470679771
2459101.136874	12.50405747465048	0.0033726469846256
2459103.110665	12.498562405499497	0.0018774649617835
2459111.0865403	12.52514165049049	0.0009797089611975
2459118.0711763	12.559729164963272	0.0016079315361386
2459122.0534271	12.574138353286518	0.0039348588870578
2459125.9171852	12.467495306868546	0.0033720673484042
2459129.0344246	12.57690571927576	0.002731336794671
2459131.0491448	12.508663996094096	0.0020557377758657
2459136.9556076	12.59807523839044	0.0023615100160099
2459140.0594855	12.48101730878269	0.0014636567722562
2459145.884659	12.544011414561703	0.0015959479247565
2459149.0288134	12.51335097195278	0.0010985720992945
2459150.8549683	12.599815872318048	0.0022062042799034
2459162.9600341	12.5642671350139	0.0016705050388251
2459164.9394921	12.537155470892586	0.0015087717678608
2459165.8461551	12.506589751938764	0.001760269776234
2459167.8025722	12.494540360790351	0.0017820087872505
2459171.0574731	12.49062578224249	0.0012398901334186
2459173.9640208	12.500977448369175	0.0010979620672198
2459184.7553513	12.518398240890642	0.0063728409079681
2459190.1245819	12.468961196179109	0.0019747329797421
2459191.8530163	12.495014503523583	0.001412437728529
2459192.9217772	12.486677070090256	0.0013273206619244
2459194.9704336	12.557937847357652	0.0013709671948019
2459198.1061989	12.502789556041094	0.0010057259894431
2459199.9479004	12.547491052327487	0.0016281919315622
2459205.8643173	12.522186728214894	0.001156645078165
2459206.8693575	12.561205212133022	0.0017257100910169
2459208.6347119	12.509974924515674	0.0026506891363384
2459208.7338157	12.50891071686632	0.0017778259574736
2459209.6705177	12.568784143577751	0.0027146821532182
2459216.8348627	12.57877706992669	0.0039194851691871
2459220.7909766	12.578643256415244	0.0017867623579403
2459221.9310949	12.51286914131287	0.0011045671000942
2459223.9034165	12.485380576057317	0.0012930257859856
2459226.8361488	12.429384988120075	0.0024456320881645
2459227.7770072	12.548036366082831	0.0012137563583985
2459227.8391028	12.473115809746274	0.0014901773263886
2459228.3564336	12.550144790631943	0.0012057850802438
2459229.0272042	12.476353964565853	0.0014583391994874
2459229.5363743	12.590351326128228	0.0024732360410007
2459229.9351648	12.55546370010132	0.0017287891950639
2459230.617117	12.563985701251832	0.0017395823877087
2459231.7281511	12.57665637098608	0.0020199209013144
2459231.8175653	12.468902139217546	0.001469776785244
2459233.5000232	12.584748142403242	0.0021285950204255
2459235.7324373	12.515450959666587	0.001573362303239
2459237.3010966	12.563976026813368	0.0038104868679735
2459237.6699986	12.589005917644378	0.00245607798027
2459238.5332776	12.508119444642302	0.0016207743917828
2459240.3262986	12.54475997466626	0.0023620237751704
2459244.2829778	12.527059281409931	0.0040986742551722
2459246.8485128	12.53983008059629	0.0025280261193901
2459248.3441407	12.495185326858229	0.0020165619005803
2459248.6020711	12.610384485452546	0.0021580201570351
2459248.6184289	12.578567165185678	0.0019699405105349
2459249.3172767	12.484161617947132	0.002094146417805
2459249.7384314	12.50923684948988	0.0021370254427171
2459250.3012813	12.495727973180289	0.0017413310471701
2459250.5998599	12.584070263708478	0.0019334840726619
2459251.2819553	12.483485764751372	0.0023336375604882
2459251.7200863	12.482284946556328	0.0018826002542574
2459252.7655218	12.5728627037924	0.0016930287595772
2459253.8566563	12.467901448445332	0.0015603952599851
2459254.5093489	12.49927796266602	0.0020136509440183
2459255.7466656	12.552342205924734	0.0016582150170994
2459257.7614945	12.586316255619854	0.0021014575033378
2459260.7325713	12.58440925481678	0.0020717228333406
2459263.4406658	12.500456074394917	0.0018918859017938
2459265.5854109	12.472425321799118	0.0021603038871631
2459266.7370101	12.53221352186748	0.0013337648963546
2459271.43299	12.545290382361626	0.0041046660859112
2459276.365717	12.512540737729411	0.0024551154740012
2459277.7424025	12.451412314003916	0.0019835442418461
2459278.689991	12.500003014955688	0.0028566047153809
2459283.6625128	12.511733114893424	0.0018489610178009
2459288.695878	12.520755518413935	0.0009229699216031
2459291.5166779	12.594784210398917	0.0017817839908563
2459292.7497129	12.535254174804829	0.0014199370315232
2459293.724478	12.579707715874251	0.0025443639102404
2459298.8163134	12.49134660178204	0.005954458504887
2459299.7469554	12.47585916684159	0.0029957477520989
2459301.6036899	12.492295491766182	0.004210110313667
2459305.7896697	12.50240425511106	0.0010328189460665
2459306.6128712	12.548526185944093	0.0048463367775411
2459308.2218005	12.593117833011569	0.0042918069917225
2459311.7648719	12.532008410356228	0.0011229780034464
2459313.7577848	12.551352687669803	0.0014570181499521
2459314.6898793	12.448266435613547	0.0020273979469787
2459315.6820759	12.448194625639823	0.001851068641462
2459317.806327	12.522476249737956	0.0007683843903749
2459326.7321553	12.546852773064709	0.0024619291699928
2459327.742604	12.514567351234223	0.0022481734857989
2459333.5282196	12.446822635719077	0.0033600871933103
2459334.6609151	12.553767261331316	0.0018153355852516
2459338.6186995	12.575353100975091	0.0022223237120297
2459340.4806584	12.505614294211266	0.0017097205030915
2459340.643298	12.529347628001396	0.001411610667079
2459345.505662	12.497597015800675	0.0020389652240226
2459349.2013281	12.525019172994046	0.0041369659051188
2459349.48583	12.491470773237277	0.0017764199062747
2459353.4532903	12.51523268875806	0.0035730983008496
2459356.4682125	12.523192260805631	0.0021846784061951
2459359.4665316	12.558280848708929	0.0033056694839406
2459366.4479179	12.563441538801976	0.0046344785270689
2459367.4478415	12.55796745662082	0.005585479734761
2459457.1340557	12.45146158713203	0.0052822331736846
2459458.1333956	12.475776850497422	0.0030385838133192
2459465.1169471	12.479179777275183	0.0015813094412927
2459465.1182003	12.4993580694232	0.0017363634870436
2459466.9092608	12.50856198600058	0.0029963789545612
2459469.1066469	12.5095047753347	0.0011840911933479
2459471.9797544	12.4903200941934	0.0025875173244638
2459473.970606	12.475223786831496	0.0020690654212165
2459475.8926904	12.596099192534666	0.0024005436237783
2459480.0776729	12.56462063215993	0.0041632615509644
2459482.0775682	12.559252849418607	0.0025391301739579
2459490.079864	12.487745465148867	0.0013935686731823
2459495.0390775	12.500580558830784	0.0012062919704176
2459496.9624503	12.577793851249982	0.0023698100629444
2459501.0250622	12.464089405220026	0.001937368710135
2459502.0184284	12.471193492738646	0.0016175924683696
2459503.9154641	12.565461445071197	0.0020011255262127
2459506.541707	12.53230786772858	0.0047500805972024
2459507.5567864	12.506251034104372	0.005669014921821
2459510.0563616	12.538688672538187	0.0028631558834231
2459513.8932846	12.463981890020316	0.0037917382566675
2459518.8421034	12.584504851353485	0.0020154676779181
2459520.8725181	12.46281927148731	0.0015791790586777
2459522.9567066	12.5356249794687	0.0011282997083411
2459524.9561518	12.565709703690642	0.0016732893636083
2459528.0163582	12.49638182256584	0.001248190912937
2459529.9815296	12.527715367971696	0.0008331295337831
2459531.982486	12.489446668326984	0.0013606533714746
2459534.9503135	12.512408367781331	0.0009047898648983
2459538.0755919	12.561439067501116	0.0045058171322842
2459539.8458235	12.560785922091632	0.0035842878595198
2459545.0303992	12.560886821356048	0.0021496301651133
2459548.4643789	12.56211321812511	0.0017186627141123
2459553.0177858	12.53077837446208	0.0015279972793024
2459554.8945715	12.447961219330884	0.0018200224911626
2459557.6565614	12.517152775522732	0.0012209306875829
2459558.6663907	12.485014063396632	0.0020299787251899
2459559.8196445	12.519343908335037	0.0017619922719026
2459560.7923904	12.50335766097306	0.0017796649110375
2459562.8579734	12.480495479511386	0.0018504135439549
2459563.4688098	12.524992136951472	0.0024993820163744
2459564.9123429	12.581831743542857	0.0030748711423144
2459571.7978464	12.517630630339744	0.0040183104855894
2459578.7394994	12.483954436846595	0.0018170882010133
2459580.5047233	12.498827417748153	0.0018774385828701
2459581.6299557	12.59592074645586	0.0020407702997883
2459583.8828105	12.453612060140228	0.0017562713081932
2459585.8314782	12.459384995538134	0.0016646199428024
2459586.9576624	12.554829530003191	0.0018773433517513
2459588.9506372	12.571346102838437	0.0015824466642004
2459591.7224137	12.598123267900624	0.0024886912862604
2459592.9208644	12.558708870656574	0.0023616807665179
2459595.0062969	12.466658026417662	0.0070315190309868
2459599.8986583	12.552459169097858	0.0034873405983497
2459601.5046034	12.56454746654204	0.0045624754513757
2459602.9416341	12.474593979699376	0.0019194143119407
2459604.7035371	12.515622447215	0.0017583513365099
2459605.7289924	12.505868420781043	0.0019787035957343
2459607.8225248	12.56334427711292	0.0014589309120381
2459608.893332	12.482056419464902	0.0015422267244184
2459610.7959012	12.583920582102442	0.0021691771509763
2459610.8678675	12.486568338282211	0.0012543100432786
2459611.8115559	12.591038652141949	0.0023817657686909
2459612.8665923	12.494537342729	0.0011216774141949
2459613.5731074	12.580148277921268	0.0020875121267458
2459613.9483733	12.535844308934326	0.0009931231747881
2459614.5388727	12.525864932542458	0.0014592402707106
2459617.6287407	12.540473999188336	0.001655991768678
2459618.7296636	12.591130495334568	0.0019295415886631
2459619.8429293	12.479892716891278	0.0015191093088764
2459620.3800304	12.55631183214075	0.0020350447362975
2459621.3574269	12.56553612150138	0.0032588192313585
2459622.8640029	12.459868400884345	0.0036364762160832
2459627.3051686	12.59408706738886	0.0062369972898982
2459627.7052769	12.543733392014213	0.0049897778963872
2459628.8458234	12.47462339916042	0.0118844517959394
2459629.8320183	12.604475152665604	0.0053118374924872
2459631.81221	12.50755868638306	0.0008634821812951
2459632.9021854	12.530184874002526	0.0010873394468154
2459634.4613587	12.603389925036348	0.0030392319121759
2459635.4658741	12.586034075259205	0.0026619912496136
2459636.708879	12.475744318297066	0.001430021500813
2459637.7560907	12.456137321833856	0.0018291366967821
2459639.5151842	12.516418360798138	0.0017299768378942
2459640.322973	12.500772407295916	0.0018706268849387
2459644.7649039	12.57147952890508	0.001670057125519
2459645.6027505	12.603342815878928	0.001873216159234
2459646.8123816	12.518616891109426	0.0012349458784774
2459647.7830182	12.547473024142256	0.0016510696023532
2459648.7348496	12.56435033476619	0.0019374281022881
2459649.7733139	12.57987623776122	0.0033150689164568
2459653.8208639	12.514759045444098	0.0040412744649467
2459654.3968894	12.508609273522929	0.0054613244979916
2459655.6774412	12.503554873215668	0.0038193938384423
2459658.826486	12.488683114698611	0.0018260975640086
2459659.6058149	12.493107013324543	0.002424172221073
2459663.7429983	12.477057867629	0.001459048056444
2459664.6140161	12.547984619936244	0.0012861591388218
2459665.6241097	12.566971418975118	0.0017057224819743
2459665.7277802	12.498051750736405	0.0012822578167941
2459666.5980541	12.574930517673176	0.0020067023754957
2459667.6220108	12.63642170154748	0.0023351154461237
2459668.6093019	12.58286120985214	0.0019027404149405
2459671.7969277	12.586585415287804	0.0018692333894285
2459673.6217914	12.554830916195543	0.0016945904455295
2459674.5021782	12.52596306948028	0.0011834621157635
2459676.6338259	12.48247680504926	0.0016964719478883
2459677.6975811	12.469402025416104	0.0023673616094886
2459682.519074	12.55838358563793	0.0029204251724326
2459683.5556634	12.537908104788546	0.0022376062526379
2459684.5363345	12.57699330308653	0.003624863575119
2459684.5553176	12.545793922980158	0.0028459363865897
2459685.5580235	12.557929986288975	0.0029943606542754
2459686.4991471	12.614641031058522	0.0042980625312151
2459687.5727328	12.537832774103858	0.0032848895988713
2459687.6656419	12.5389565124976	0.0028878367178481
2459688.5674895	12.514307591019236	0.0029954932274727
2459689.5630815	12.498307975188926	0.0025611278186686
2459690.5624048	12.529122416639172	0.0014970740288448
2459691.5633364	12.509415078313491	0.001562941543503
2459692.6529736	12.547545884305462	0.0017529735471604
2459693.5464636	12.494530773538065	0.0017795743707052
2459694.6249576	12.539729625181335	0.0014758743896173
2459696.6411385	12.580790788032845	0.0022752212078082
2459697.29639	12.5245052471227	0.0018820313606192
2459698.5371949	12.461118871438906	0.0022065291604146
2459699.526373	12.520400288144607	0.0014718013711529
2459700.5334377	12.475598212883824	0.0019742993496752
2459701.5326231	12.533614378953338	0.0014823311358813
2459702.5223111	12.479099963701	0.0019951344261019
2459703.5277699	12.518784378166336	0.0017224025319674
2459704.5082226	12.514364368061964	0.0014356056494932
2459708.5028004	12.506759152909384	0.0022567601469685
2459710.6076359	12.488907310473058	0.0059252251066235
2459710.6089378	12.453233922788309	0.0060488605224976
2459711.471653	12.487042713344358	0.0041575415555032
2459711.4742267	12.477420312861842	0.0063969011088086
2459712.2364246	12.505821324004918	0.0039003019403642
2459713.4982825	12.543220647260616	0.0032405662914068
2459714.4837114	12.514028577456855	0.0032128484332616
2459716.2392688	12.458305659648854	0.007432988897183
2459717.4766247	12.595766285185109	0.0023830795198664
2459719.474553	12.582781682380269	0.0019865807771395
2459721.4762291	12.606740051156656	0.0024614274310073
2459722.4674094	12.63061963219022	0.0025184393866227
2459723.4636316	12.641395114919051	0.0026303353898547
2459724.4676103	12.590178589184298	0.0021874115314172
2459726.2058498	12.5532289017244	0.0020019819193617
2459727.4526359	12.61226966747645	0.0030105333828787
2459729.4927255	12.5122454828247	0.0021431479059286
2459823.1332291	12.495330320704737	0.0040840389549191
2459824.1289048	12.50618533819098	0.0022603081973776
2459827.1268628	12.530228269725669	0.0016583200507249
2459830.1171994	12.537088745003697	0.0014601620626077
2459835.6442527	12.526889406107726	0.0055252936389876
2459837.6490089	12.53782944175472	0.0052758383839618
2459838.641495	12.524484996805626	0.0047343784743172
2459844.8941924	12.572111566658268	0.0019997768311376
2459846.0816617	12.559014536454775	0.0021758021133115
2459847.0787122	12.558727726605763	0.0015948522133873
2459848.8731681	12.592766534488504	0.0019199808943304
2459849.859183	12.571334415780733	0.0021984723339869
2459852.0622888	12.51465844859042	0.0012723585988679
2459853.9251648	12.45642957926892	0.0018751759318609
2459855.0665159	12.506269506178104	0.0012517049483626
2459855.9234655	12.488685774768928	0.0015355544320748
2459860.6040127	12.553991974849373	0.0042567927399158
2459866.8372352	12.535049324133409	0.0028158309698569
2459868.087391	12.59261404802336	0.0029002582306634
2459872.5775923	12.507706307002666	0.0029006911352352
2459873.8700919	12.622724477321285	0.0025542208334064
2459874.8806353	12.612253371898897	0.0057673366877722
2459875.812787	12.546448054484207	0.0014692344422472
2459876.8131095	12.605550224574609	0.0021097073282119
2459879.5447156	12.512795379548065	0.0020455906494342
2459880.972922	12.491030915608976	0.0012991703482247
2459883.0578712	12.525755882938904	0.00077173371657
2459884.07517	12.487793590737272	0.0014142209670256
2459885.9750427	12.596640501616596	0.0020543024712113
2459886.970935	12.586678770805936	0.0029842948003389
2459890.1258512	12.562367084675737	0.0015562273903852
2459890.9720446	12.58640929296926	0.0038839146418332
2459891.5261911	12.584246966917693	0.0058988640948338
2459899.5026334	12.613975848597455	0.0037749961784944
2459902.0052197	12.514748342494803	0.0008171495873371
2459905.9176278	12.498084037161352	0.0010343330744872
2459909.4753064	12.553708301325637	0.0018747688211271
2459910.8152376	12.604690088362217	0.0021455003924306
2459913.4937887	12.487650815021563	0.0031190290882377
2459913.7554538	12.513177871187304	0.0014035923764677
2459913.7567057	12.51801963628056	0.0018787173818636
2459914.6984742	12.512876691298354	0.0018196806476924
2459915.4640822	12.518459952802052	0.002856687740673
2459916.7646166	12.601708699551242	0.0033472102348367
2459923.4262294	12.492915636478887	0.0085660087675798
2459926.9353649	12.486156101063784	0.0064755207438823
2459926.9378287	12.48188441962171	0.0043819538881082
2459928.8524559	12.534593960944932	0.0013356860029667
2459938.6339642	12.679211156551366	0.0028701853047878
2459939.3845878	12.555608511076375	0.0021655362863806
2459940.4314779	12.628510962848106	0.0031259384915459
2459942.4074956	12.624577798960017	0.0031321069243896
2459945.3693332	12.617052009448113	0.0039606624165636
2459947.3579946	12.600468426086506	0.0050752762583612
2459954.5493788	12.608673911486552	0.0084612796930437
2459955.4099085	12.535827361412952	0.0039182162849614
2459956.7491736	12.611465045163692	0.0025951851918246
2459959.8317941	12.564620373775185	0.0018372154761356
2459960.6685103	12.605041263251488	0.0022442327836516
2459962.806443	12.524481308187664	0.0014035321041833
2459965.7811372	12.564326312370008	0.0011679430528478
2459966.7832656	12.523685762406846	0.0013060473934044
2459967.6807505	12.563530612184108	0.001204477278027
2459967.7004228	12.544814808267253	0.0011512225563186
2459968.5550314	12.537239861353015	0.0013044937470093
2459969.5359718	12.507933930350578	0.0020111197775163
2459970.5537798	12.513640866689643	0.0015199755848998
2459971.7889858	12.634317721156055	0.0024291682714204
2459973.8518221	12.46610146303387	0.0016641434297478
2459976.524391	12.554108861684112	0.001317109305335
2459976.5268762	12.554893359544668	0.0017683933913371
2459984.7288948	12.603592808263848	0.0039996045710988
2459985.6944948	12.604689483136864	0.0028036042947706
2459986.6596091	12.529858257615372	0.001964239055417
2459986.6609079	12.546405942180291	0.0028425008254754
2459991.6548881	12.532900669465104	0.0019943251239869
2459993.7014388	12.603629026439227	0.0020601878006317
2459994.7220797	12.55430354428762	0.0012099922153871
2459996.7288761	12.55713098546671	0.0014317831122062
2460001.4468809	12.566359248344767	0.0017236243283001
2460012.4453506	12.534098304621878	0.0037224187764107
2460015.5270877	12.624138239222036	0.0021779250272383
2460016.4296306	12.509087662302164	0.00241998572998
2460016.5636263	12.574514387879042	0.0015689628533295
2460019.503998	12.641247704660136	0.0025527620813774
2460022.3398993	12.547207819746824	0.0011296853137796
2460024.7616776	12.458195307557776	0.001876896587694
2460025.550177	12.49612134626381	0.0017459640650126
2460025.5931228	12.589666597637912	0.0015219582981645
2460027.7478487	12.45789859259595	0.0017905496403175
2460028.6348529	12.594745440612328	0.0021820650545732
2460029.5673942	12.56457232341558	0.0014833391200077
2460030.6366063	12.61099580370191	0.0026619542043629
2460032.5169259	12.4948034175545	0.0020969494305772
2460036.6355727	12.530919535993108	0.0060241184903281
2460036.6367974	12.45563068497276	0.0070193667871445
2460041.789363	12.54386523417081	0.0021057206208156
2460043.7061437	12.5378166075358	0.0024779763236867
2460044.5574584	12.564794960113	0.002370320415054
2460045.5888542	12.54113879955295	0.0014910597280511
2460046.685903	12.537700363192805	0.0016099606469003
2460047.575818	12.563612946163689	0.0014520813640978
2460049.5514921	12.590278428148082	0.0018395092728815
2460053.5115837	12.616229529986446	0.0022231586708106
2460055.6552223	12.576398297295007	0.002158110792711
2460056.6571599	12.59278747757176	0.0023492937120291
2460059.7473789	12.496108686138047	0.0015993198841968
2460063.6294902	12.55954498932394	0.0050611617774014
2460065.4841092	12.550686236008987	0.0020819105958648
2460066.5057701	12.50603109123804	0.0027196808563725
2460067.5281899	12.552854753586487	0.0032618230878386
2460070.6144999	12.501605947662403	0.0038939547245011
2460071.5288616	12.605048530831308	0.0044496935752892
2460072.514727	12.588771994789935	0.002794351602682
2460073.5068357	12.602559300647693	0.0020348697846316
2460074.5084994	12.578652238533897	0.0019021199947817
2460075.2421798	12.542472293984169	0.001344629449549
2460076.499363	12.57922508631967	0.0024392629119429
2460077.4948731	12.593260849773497	0.0021989657238426
2460078.4908565	12.588026446252922	0.0021750524171463
2460080.4860658	12.60529593750544	0.0024336713907909
2460081.4831018	12.591970417188438	0.0028265529400858
2460082.477444	12.584638861369545	0.0021368230636692
2460083.4769575	12.601196180602663	0.0025455092880728
2460085.4686727	12.600264719873266	0.0022793058115855
2460091.451536	12.578712395888388	0.0034715598836341
2460092.4513215	12.570634123985345	0.0027928527640006
2460192.1267148	12.57514501833188	0.0030954055812972
2460202.0951856	12.633307526108466	0.0025851017311944
2460206.1041123	12.550918242233552	0.0015550455272939
2460210.6406775	12.615363981475875	0.0034768723834448
2460215.0680591	12.509403408917883	0.0033976971444536
2460219.6033869	12.57784700094277	0.0036869772775279
2460222.8388005	12.532557287160346	0.0022937663961455
2460227.8319166	12.544659426264	0.0015183268387345
2460229.8229604	12.565545335520964	0.0015192384462801
2460230.8397463	12.57128007172923	0.0021153497189161
2460232.1162064	12.56705975916137	0.0016074829903715
2460233.8805326	12.607918225540985	0.0025504642407884
2460235.0270054	12.55738898702946	0.0015536367235359
2460235.8178819	12.529554056568283	0.0015735094287184
2460236.0817782	12.584676053303204	0.0018966475196418
2460237.0438561	12.587746504800217	0.0020483959029568
2460237.5748809	12.537945256125395	0.0009369658986435
2460238.016655	12.56304512720078	0.0017042704047899
2460238.9921488	12.550504850700213	0.0014638055463423
2460239.995528	12.54549146862643	0.0013396516669565
2460240.8438575	12.599907150331465	0.0023427761257661
2460241.0075089	12.571513219151289	0.0017653562714216
2460241.8242416	12.67437990441482	0.0029097705615519
2460242.809423	12.63518322078832	0.0032234674035278
2460243.7916585	12.604321241615931	0.0032125576836166
2460244.5521562	12.527460284013651	0.0053177238677929
2460247.8068784	12.61052499452977	0.0099509675339734
2460248.5223402	12.535747669338267	0.0058060158486587
2460249.5252628	12.605467863646298	0.0070350543982389
2460250.0432456	12.502395313137612	0.0023777052275204
2460250.9644183	12.59664153008986	0.0035707145276834
2460254.5282329	12.61595294300003	0.0027172923997911
2460254.7983988	12.576571157910458	0.0014961772822712
2460255.7541401	12.643539054274262	0.0023946826627874
2460256.4938363	12.575707954654876	0.0020110836995908
2460257.1283401	12.610170544305635	0.0023374503625139
2460257.5475317	12.540188692481852	0.0011949461783419
2460258.0493438	12.53018823435331	0.0009809707520398
2460258.5185231	12.63668222301954	0.0028732092703903
2460259.5057618	12.630647970642206	0.0029493790431425
2460261.510589	12.635245686941827	0.0028148648459037
2460262.0578467	12.558634562485253	0.0014594468503962
2460263.4907956	12.61530936225946	0.0025465297720136
2460264.7445935	12.49296325011894	0.001958181254222
2460266.4860264	12.607301583055545	0.0024270064312001
2460267.492383	12.56593731171565	0.0018125749518788
2460267.9203021	12.48750290616256	0.0015029993960563
2460268.9123504	12.517739332815903	0.0014210642782351
2460270.4564559	12.582136460039592	0.0030815029151872
2460270.7878583	12.570381160140949	0.0014814418356177
2460271.4641506	12.568166135902256	0.0030847807326522
2460271.9282677	12.481789014492051	0.0023755652831007
2460272.907525	12.506457615910966	0.0027972391931931
2460273.4713271	12.546696199385233	0.0042086843315843
2460274.7175535	12.524216411440944	0.0029740943584943
2460275.4579682	12.522943564086916	0.0061021854833851
2460276.7299243	12.49534927910178	0.0043807469554534
2460277.4408745	12.517518420365828	0.0064372318625258
2460277.7118635	12.537256959328928	0.0035861216810126
2460278.4522738	12.53578868106304	0.004906425985041
2460283.1219498	12.571284606680752	0.0020770894517405
2460285.5790878	12.567353026071125	0.001934352744029
2460286.5850719	12.541758097316151	0.0013923486630162
2460288.8978131	12.60808842563548	0.0021733654909865
2460290.758476	12.548979486608998	0.0012310836718254
2460296.4106708	12.547054455685773	0.001299463135795
2460296.4119104	12.567669349475514	0.0021756683554281
2460299.4148694	12.608446059657872	0.0027218476518662
2460300.9623182	12.519366704539694	0.0008634390493286
2460301.8362225	12.626334072898436	0.0032022274303918
2460303.7190282	12.46255764867527	0.0035989084065131
2460303.876395	12.532797649766632	0.003801747495765
2460304.7893554	12.594366339233092	0.0037786500284872
2460309.8427187	12.535298621014505	0.0024321978141467
2460310.9251343	12.556691068771515	0.0022401019538317
2460312.7075665	12.604234392806902	0.0020515970093751
2460313.9980083	12.528781249116689	0.0019009088561561
2460314.9683365	12.54777095755172	0.0016817530728969
2460316.4372694	12.512203159467369	0.0016474456245322
2460317.6971827	12.63381595848835	0.0021200159931441
2460321.6326699	12.560794593614215	0.0009860809714713
2460322.6252256	12.57894767825828	0.0013937158020647
2460326.6658211	12.654818046412814	0.0023852342074322
2460337.6577082	12.553200985313886	0.0033784292271795
2460337.9771558	12.589750720814036	0.005034636736742
2460338.7729548	12.586349631612755	0.0019535998112742
2460340.9740001	12.5996369844038	0.00252146830397
2460358.4838894	12.578947278056464	0.0020225067825171
2460360.4823182	12.569999673854817	0.0043433015581703
2460369.3990686	12.621796570716937	0.0047468534687996
2460370.6719951	12.491257245131246	0.0020715870497097
2460370.9022383	12.50934427056558	0.0011695826022606
2460371.3701606	12.64535659933129	0.0034881300162998
2460371.694517	12.5070544526044	0.0023127304316468
2460371.8719993	12.483556178686484	0.0014022513729075
2460372.347917	12.632804380757763	0.002938750534527
2460372.6947158	12.545208043885197	0.0074519183486618
2460372.8892763	12.519457539442602	0.0011397850688552
2460375.3414425	12.633976763905007	0.0027924535181582
2460376.3511932	12.58730764853471	0.0022830120621972
2460392.7954672	12.563448893302189	0.0036991309973841
2460400.2875961	12.53581034163667	0.0013998330257294
2460400.6115132	12.5676335158612	0.0060289073563965
2460400.8066376	12.529539971168852	0.0010922218563252
2460401.7915691	12.56980713167049	0.0016445645305523
2460402.2776384	12.52822987381998	0.0011935381994788
2460403.3112111	12.577416496654044	0.0019576437579567
2460403.7677053	12.581788815614876	0.0019196701487033
2460404.2889607	12.533557761961704	0.0012508428795924
2460404.7641879	12.56201135422942	0.0015477639783094
2460405.2699916	12.492058217514565	0.0026113244672577
2460407.7641095	12.52550176473537	0.0007424183510427
2460408.7497478	12.546189980356086	0.0012466516487405
2460409.7424524	12.549672537382278	0.0013687392569203
2460411.5384944	12.59978813787069	0.0018014152918463
2460412.6813625	12.614224411587534	0.0026957480124612
2460418.650807	12.596525818954698	0.0030273796694188
2460419.655055	12.587143823439144	0.002985801316894
2460420.6696639	12.560852502537452	0.003975314261098
2460422.7460387	12.468361222053597	0.0025862859306467
2460423.7349491	12.50320170885703	0.0027341455717544
2460424.646731	12.551976022160074	0.0035159066507559
2460425.2354132	12.599553449861157	0.0045348979097431
2460429.240365	12.53780619939985	0.0013392123960387
2460431.631862	12.498136173358114	0.0012609680836707
2460432.528537	12.584066648944043	0.0019056135509601
2460433.497599	12.57347770326792	0.0027559758050579
2460433.5584147	12.602669493278354	0.0024003845759198
2460436.6123036	12.491801321370245	0.0018784238966574
2460437.6299625	12.51618685387034	0.0024312310313517
2460439.606427	12.49917498766142	0.0027617707765614
2460446.2347837	12.585107260449986	0.005531814552278
2460448.4776644	12.613776240030406	0.0031558054261793
2460449.4833162	12.571278345990908	0.0025608672402984
2460450.481982	12.546835703694022	0.0028561664618126
2460454.4688388	12.54735421287741	0.0047639864925081
2460457.4549879	12.56320085265692	0.0019407578825784
