2458174.8901575	16.03568164601153	0.0303592006004761
2458175.6338015	16.092083045323214	0.0391683652719781
2458176.6342145	15.894809144806857	0.0236525294073326
2458176.8913398	16.049831808613856	0.0314646003959426
2458177.6349174	15.518146456858656	0.023518655806257
2458179.8932063	15.898014071125674	0.0608984133518198
2458181.8942683	15.97651508583658	0.0530926780704989
2458183.8953442	16.009574022181905	0.0541586569673232
2458184.8891389	15.316217025972843	0.0285778733652992
2458282.80919	16.008136526352608	0.0400132158578857
2458283.4765928	15.99156882830702	0.0304003708382512
2458283.7463141	15.613165547167371	0.024196025696899
2458288.5216988	16.026447471046875	0.031847268956375
2458289.5255606	15.316619289367193	0.0260081566421662
2458292.6560868	15.776566894076431	0.0207145058332406
2458300.7348842	15.56303266572506	0.0336693258185138
2458306.5360266	15.387367365372056	0.0198541191093583
2458310.7562723	16.077127681133785	0.0387651047195598
2458328.468996	16.04037372748808	0.0463391554557305
2458329.6442594	15.991080950590968	0.0537945832830983
2458331.4997543	15.891869076028533	0.0226827928969191
2458334.6715851	15.435035673171916	0.0205753283496574
2458355.623958	15.420998356591864	0.0403356523478218
2458358.6021505	16.21738362380421	0.0600065402739442
2458363.6263339	15.834087407240435	0.0279385589846775
2458383.5668425	16.035082054030887	0.0657494850098023
2458393.5396758	15.120778023037769	0.020052107625839
2458394.5363865	15.447991532796472	0.0187633077010596
2458397.5319975	15.656703456215478	0.0303867886274683
2458398.5230162	15.56119633133611	0.0212370427464082
2458407.5041142	15.467061127751226	0.0337574360462279
2458408.4928795	15.218121674297242	0.0305696843707153
2458410.4926745	15.000527714718618	0.0377664126918712
2458411.4930951	16.11587467741196	0.1630878142132001
2458510.8788574	16.24100885014388	0.1457692939327291
2458511.8795598	14.951055263164973	0.0340562457015897
2458512.8788104	15.485141098314436	0.05016753073399
2458516.8768942	15.64102112369068	0.0457004770033864
2458517.8685013	15.253833792120927	0.0164186057646853
2458529.8754196	16.011147007749457	0.0366807928760158
2458530.8843703	15.387177177197032	0.0253823801763409
2458532.8483834	15.398081111721106	0.0367304177683947
2458533.835925	16.01055305986098	0.0829742634226862
2458534.8365568	15.158785355179608	0.0383608355929739
2458535.8727386	15.585176947131414	0.0399300657118453
2458538.8591559	15.85417968025266	0.0481732462747239
2458543.8996257	14.974727460068124	0.024946144338912
2458544.894937	15.496891347211308	0.0232813484014839
2458548.8872172	15.98151611310442	0.0327886709817118
2458549.7982361	14.984452044146703	0.0203394434401913
2458550.8119789	15.995885190018637	0.0346016432506888
2458551.8005736	15.041508962324276	0.0172952580474123
2458552.8140119	15.551854295411063	0.0241218254571709
2458553.7870504	15.178371454717794	0.0162922271992821
2458554.7823328	15.579607241265752	0.0272059749109593
2458555.7776417	15.176453477703834	0.0160092237840175
2458556.8221828	15.52024501708008	0.0240007673696096
2458557.8394324	15.746781939727208	0.0224828700467243
2458558.8362833	15.562474739370996	0.0248971861823385
2458560.7772866	15.473002690980914	0.0386952155867014
2458561.8812749	15.904370302822022	0.0235394697685562
2458562.9132144	15.22389700582404	0.0598701536952834
2458563.8722079	15.993749196143906	0.0760043746157914
2458564.8035685	15.382655187583286	0.0388960293625101
2458565.840698	16.218887079028402	0.1079086540626061
2458566.900037	15.726923402409446	0.0646797060036749
2458570.7404672	14.972193329921106	0.0220914255800909
2458573.8625951	16.16381337296754	0.0426959568313242
2458575.5324202	15.803479481857831	0.025586843207486
2458575.713081	16.095921603632444	0.0373486909635178
2458576.7052164	15.571946434342284	0.0247200610109828
2458577.7130779	16.093051420055627	0.038192487408352
2458578.7421648	15.36669180277509	0.0185185546909764
2458579.7613581	15.53931380761766	0.0223637228309853
2458580.7004877	15.379972076194438	0.0210329378053927
2458580.8693527	16.031499209960348	0.0384899930927896
2458581.7894834	15.900700419958676	0.0253045115071396
2458582.7928823	15.57700136169849	0.0224080357497348
2458583.7398898	15.28883341695908	0.0121759738326618
2458584.8285435	16.048025978469845	0.0340560270570342
2458585.6888481	15.604867068836285	0.0266905748179459
2458586.677841	15.881569269598906	0.0310986318714839
2458587.6821007	15.748949811255486	0.033589555975995
2458588.6971297	15.462276866107844	0.0344094943535112
2458589.6917985	14.96986571235466	0.0328649266140898
2458590.7143396	16.044792578598816	0.1351271479978031
2458591.6714514	14.843874998741043	0.0364492764019121
2458591.7767761	15.620400130089928	0.0476515104573689
2458592.4283054	15.797712426297842	0.0638364582161449
2458593.8058587	15.252454878788628	0.0451376261627152
2458594.8490133	16.302450149343816	0.1027027534136823
2458598.5173059	16.038263997408304	0.0558261331287232
2458599.81465	15.460359866888776	0.024896428291813
2458600.6955831	16.16853287327563	0.0398815593918234
2458601.672408	15.872160573922368	0.022715360678931
2458602.6722455	15.618459849666433	0.0284242146703639
2458603.8929117	16.029794062970588	0.0345157371219532
2458604.6904181	15.536738140558096	0.0203920896704661
2458606.6579357	15.490844663062814	0.0225536958812102
2458607.8362479	16.101005143718933	0.0409663731380856
2458608.8656327	15.841082786677545	0.0233084600914386
2458610.5673546	15.749176261312158	0.0346900024149846
2458612.6721177	15.54119965612875	0.0246928039223624
2458613.6302904	16.036156043073373	0.0348094161655528
2458614.7805694	15.858944836811236	0.0235679670184925
2458616.8429912	15.96157066184505	0.027760692927094
2458617.8282795	15.286020616541736	0.0216743523173663
2458618.7114568	16.03080445601665	0.033375549641631
2458619.733652	15.48152828981802	0.0384904694523053
2458625.4718321	15.792330110674708	0.0429966331094009
2458625.7035759	15.477193190681955	0.0340997534738337
2458626.4851765	15.620051762358012	0.0302441352010826
2458626.7609011	16.12637813035635	0.0626540820040964
2458627.545025	16.073618813234415	0.0683415433897317
2458628.3027743	15.487102509567723	0.0230871621967505
2458635.5509981	15.185187728751345	0.0211101888909151
2458636.2818087	15.687898842577605	0.0222328992830741
2458636.5358981	16.01357497208121	0.0287782165653295
2458636.8008595	14.99383563367942	0.0163529897873188
2458637.3413778	16.025834155348274	0.0363397143752493
2458637.5959542	15.922155815141103	0.0186935103245171
2458642.7586752	15.217231595217886	0.0150165525174267
2458643.2600168	15.85997773363749	0.034916720208583
2458643.5868327	15.38436845617854	0.0155958506543578
2458643.8495447	16.142559355434354	0.0377805924751948
2458644.5245001	15.524857668996122	0.0182115049497841
2458645.3636694	15.446766643557186	0.0278197341623441
2458645.6293365	15.527301318703284	0.021767843298777
2458646.5122654	15.531321546035263	0.0219279531943835
2458647.543533	15.469685396247414	0.0360136501575564
2458647.759266	16.006158754312505	0.0394277269860881
2458648.5127248	15.173393420793694	0.0328101747212893
2458649.5087055	15.393137438459036	0.0588760725978776
2458653.8427188	15.080450018411254	0.0317898169694477
2458657.5015661	15.552661135184708	0.0241333318360925
2458658.5601673	15.748938244630637	0.0272972762101651
2458659.6934338	15.292198578618502	0.0207423665088849
2458660.8334659	15.52024501708008	0.0277177624060197
2458662.5249081	15.40856765824249	0.0182823607807358
2458667.5549153	15.081443731552168	0.0159266385583467
2458668.6607237	15.506472372091988	0.0216173473032477
2458669.8054217	15.98675651843838	0.0315310500793568
2458670.361222	15.761252609097909	0.0144042476012459
2458670.7511411	15.552639278659464	0.0254683098674872
2458673.2201976	15.89284898977579	0.0310854141042569
2458674.5393539	16.070784412353493	0.0447609183642261
2458674.7925547	15.173073099788525	0.0160127481382997
2458676.7670633	15.22415097163811	0.033054511378515
2458680.6944012	15.703539944108773	0.0644901839605935
2458681.5824871	15.88667943362448	0.1527714072555655
2458681.6980694	16.040168217590434	0.1227982499074329
2458682.5588773	15.162781244461572	0.0230057245053916
2458683.4877733	16.14411878231188	0.0506804968551954
2458684.7490817	15.849130408250687	0.0598168957750527
2458685.4862406	15.856964513349476	0.0516670318134411
2458686.4376497	15.58265476594735	0.0317340447838549
2458688.7173262	15.907100866867925	0.0321966067020757
2458689.5449814	15.20232244032785	0.0156342099128711
2458690.6410977	15.95636396320337	0.0264575387987999
2458691.5575283	15.58192482863561	0.0228771795714313
2458691.7430115	15.32231183758597	0.0240341235863677
2458692.3520817	15.22717571513538	0.021991100402478
2458692.7438346	15.51503789680275	0.0229947155452708
2458693.733816	15.140159167487337	0.0166594866000646
2458694.7380516	15.527730342530871	0.0238621032056665
2458695.7345672	15.198753980602287	0.0182826400186129
2458697.7137641	15.250623637188966	0.0153968039379078
2458698.417741	15.614769021574729	0.02089934775074
2458699.3534997	15.898241361146004	0.0265368126537407
2458700.3385098	15.681624893660665	0.0210433434867927
2458701.6944269	15.755636298569977	0.020959008220029
2458703.6797589	15.814608134604171	0.0398063222186734
2458708.6275751	16.10105098628676	0.0825650923940241
2458711.3856369	15.32752128142878	0.0602431639616576
2458712.3559081	15.953019862897994	0.0924497257577669
2458712.6618528	14.978607195246065	0.0362085831391457
2458713.3736354	15.547324082698076	0.0601400200590529
2458715.2784185	15.266741746658528	0.0211178807388364
2458717.4398838	15.774867968850131	0.0719942661578022
2458719.6708907	16.145720738540817	0.0408823803312072
2458721.5849301	15.981609377540885	0.0329715869828794
2458721.6602833	15.587602038748836	0.0266871058218668
2458722.3785893	16.12080694204836	0.0413814088187691
2458722.6604443	15.373658237090243	0.0147578509778384
2458723.3178716	15.858461399362705	0.022399069415124
2458724.3677112	15.735131207463043	0.0225945072982264
2458724.6573097	15.798346629797525	0.0219001197046456
2458725.6414098	15.695322997704189	0.0315936988485415
2458726.5647864	15.87623796462313	0.0195161271041182
2458727.6484754	15.578680010137164	0.0249126339607444
2458728.3920529	15.316708898043156	0.0231216450948216
2458729.5773585	16.044172604140314	0.0364997467881995
2458729.6444261	14.885845178516764	0.0176989289706912
2458730.271405	15.486655184314834	0.0268299391323567
2458738.6105333	15.567444356283078	0.0441701740706178
2458740.61092	15.623967080672578	0.0597193821547236
2458742.6030482	16.278042296553174	0.101788094057819
2458743.3396508	15.6092502308572	0.044887936360483
2458743.5999063	15.812772062792654	0.0684315910061162
2458744.3070426	15.947200260874055	0.0326491978786196
2458744.6044856	15.55613663039062	0.0390631217133516
2458745.6000648	15.920758109191777	0.0349577053307949
2458746.5932402	16.16728535581833	0.0512575190314172
2458747.3410382	15.11172595763268	0.0596114694289451
2458747.5941634	15.476844272894368	0.0201876656338224
2458748.5907032	15.094162046526744	0.0187215424274343
2458750.5875724	14.99519634860344	0.018507615732943
2458751.5841447	16.061910975214154	0.0443205969330723
2458752.5753181	15.36885045678299	0.0248120548219984
2458753.2258793	15.43126458442972	0.0479777679854781
2458753.5729422	16.030275984671594	0.0323630655121806
2458754.3188915	15.994782083180866	0.038872712009139
2458754.5702627	15.401267642952842	0.0254103531621775
2458756.5703669	15.274957118734418	0.0215068666942046
2458757.3020671	15.740657918844212	0.0292418824081729
2458757.5676822	15.655173717574142	0.0353342738476804
2458758.3056846	16.017531771219197	0.0386647695582004
2458758.5598856	15.35488166294454	0.0192468233021283
2458762.5330807	15.751503614989868	0.0542317275816778
2458762.5498948	15.355945187408889	0.0351741377982682
2458763.5500765	16.088194966785803	0.0695586727865369
2458764.5036152	15.313696741923682	0.0290750694270403
2458766.2473048	15.442580593150018	0.0489412268059553
2458766.520173	15.402844540955858	0.0449607262077022
2458767.2626716	15.860957899062868	0.0589695999764707
2458768.5125936	15.841764874958905	0.0549763522638007
2458769.2563659	15.804516083207204	0.0596021091322936
2458773.4999425	15.267631634614858	0.0223919146507782
2458774.4936618	15.869178267983852	0.0465621342177352
2458774.4948789	15.916499096385817	0.0734353992008226
2458775.491418	15.26926998133317	0.0648975715056013
2458898.5989122	15.88291198047222	0.0353492623241475
2458899.8262757	15.245461513932067	0.0183403170257631
2458900.8321813	15.6315497157218	0.0332980868701507
2458901.8761388	15.827309427678149	0.0269971280137349
2458902.855592	15.553320660348476	0.0243628385837171
2458904.818276	15.790774786303112	0.0513457320832863
2458905.813845	15.45088950865524	0.0272211515052955
2458906.8131547	15.492873401754014	0.0215159091288545
2458906.8144409	15.588107202175888	0.0272031372889444
2458907.8085266	15.514638675853334	0.0261453215192868
2458908.8180105	15.477701984643415	0.0260074914491558
2458909.8049123	16.044289887165593	0.0441255264276232
2458909.8061358	16.092955201670673	0.0559358476264388
2458910.8060274	14.988551328148404	0.0199084634931664
2458911.5456521	15.563978496904802	0.0221209912572622
2458912.7966992	15.002865747020309	0.0209769485201098
2458912.7979761	15.03073607247124	0.0237213174607049
2458913.8042112	16.1058662442438	0.0398922402719845
2458925.8857333	15.043816414277089	0.0191023789817587
2458929.4960447	15.839045090126566	0.0290846760506251
2458931.4925868	15.959826869327234	0.0375710935938496
2458933.4685542	15.966703851159078	0.0369859441611548
2458983.3557053	15.640102111514654	0.0252850406618707
2458989.3756495	15.512302694145	0.0223678196769986
2459009.263525	15.975002032510002	0.062835390595509
2459016.3768193	15.93539514770689	0.0346629273347035
2459019.2879186	16.105052102505656	0.041901355796981
2459023.424298	15.606506736026214	0.0410421731219603
2459025.2628055	15.215293902557118	0.0240972099611821
2459031.3395292	15.714089568759997	0.0483393980493432
2459047.419735	15.927582024450214	0.0264341223412346
2459050.424212	15.895564883349264	0.0215823886796645
2459053.4077746	15.251657300089612	0.0220230964865505
2459056.431309	15.957736875900457	0.0305343749046533
2459056.4339461	16.133632669472235	0.0620594050068719
2459063.2884866	15.504113078666473	0.0580319780138699
2459068.4594284	15.333226991901023	0.039765742830528
2459110.2518651	15.494104006310517	0.0220618085999185
2459114.2276755	15.173106681861334	0.0316174154533454
2459122.2813725	15.99271489205658	0.0812913290540226
2459127.2862459	15.22530284956449	0.0247587869699037
2459130.2933644	15.941901282915667	0.0378419921634171
2459146.2440666	15.462659251498936	0.1830247540033525
2459238.8691051	15.979883057942182	0.0669071843476708
2459240.8793499	16.078700942874985	0.1257881163675964
2459242.8597239	15.979836869297998	0.104045935759874
2459249.5911382	15.262781790295865	0.0475681899911462
2459254.6209009	15.798793855169508	0.0283157847365257
2459258.8350375	15.5310420282845	0.0264034223448196
2459260.8151034	15.630977514654834	0.0306098820653917
2459262.8077348	15.228650959320913	0.0200115129291187
2459263.8163244	15.543919173492204	0.0255892166415467
2459264.8193474	15.804873118454656	0.0297464260354535
2459266.8027894	15.363481646654	0.0167926029820504
2459267.5677816	15.934969663833966	0.0360687576050687
2459267.8170112	15.556668255649043	0.024257253886351
2459268.8043352	15.455991805211951	0.0179315988203818
2459269.8064598	15.712136507547669	0.0224910766383023
2459274.7837354	16.007610609429147	0.0695558046589617
2459276.8147197	16.058104848560543	0.0927541171374251
2459277.7883566	15.09003827198934	0.0323946289183697
2459281.7569291	15.272482238522544	0.0180789027075492
2459282.7679074	15.528515074701176	0.0270477714739886
2459283.7847666	15.912764257296123	0.0340905381912535
2459285.7643231	15.42889910717246	0.0266293194277109
2459286.8935364	14.98838348271712	0.0183435467771045
2459288.7568911	15.555576131814355	0.0289221532605508
2459291.7177226	15.885259013232217	0.0294176953104774
2459294.7370662	14.965291159433754	0.0202305453819475
2459295.7836539	16.03604600818691	0.0354228940983634
2459296.7273304	15.107303068769102	0.0190562367321616
2459297.7645807	16.05631754925978	0.0279461770210839
2459298.733711	15.257464570823258	0.0139644001988151
2459299.749451	15.808523326936124	0.0678467038701602
2459300.762851	15.932917567418905	0.0790063728906622
2459301.8101262	16.05570725007061	0.0893725878367409
2459303.8670491	15.155203450708822	0.040246085797564
2459308.6191348	15.667068942144208	0.030632597924766
2459309.4340725	15.987819830242795	0.0428963836422185
2459309.6760372	15.983212328217434	0.0450360382056062
2459310.791153	15.5081375257698	0.026407347829954
2459310.8323489	16.0704784158134	0.040947340422901
2459311.8461733	15.593001419494811	0.0296047997280403
2459311.8575362	15.25785949926181	0.016143016084586
2459313.4641369	15.954723847927394	0.036782258282613
2459315.6704441	14.998713810669075	0.0173935142896736
2459315.8925807	15.983659134877964	0.0331924411306925
2459316.6675695	15.420630978263654	0.0154751026399158
2459318.4378246	15.874855572330445	0.0198750726553777
2459319.6524285	15.247600122451583	0.0198422130493227
2459320.670875	16.02107452095471	0.0332892809813728
2459320.6826304	15.506415807574154	0.0230192070400548
2459321.6798547	15.753144065068502	0.0270228199203677
2459321.713184	15.36990792409532	0.0181244198271889
2459322.6678968	15.475717087138744	0.0238908336986188
2459322.9003119	15.409188386624336	0.024845966310817
2459323.6465878	15.869194763366972	0.0263969589810671
2459325.9034415	15.600989038673116	0.0273257782058635
2459326.7974962	15.469319935690258	0.0200048560504082
2459327.774588	16.07435518994855	0.0463844558068387
2459328.7422447	14.972417805489505	0.0231160765669283
2459329.7746412	16.073208307377026	0.080582631100697
2459338.6001509	15.138502869336424	0.0183834495740684
2459340.5996185	15.23834100860229	0.0179173506889462
2459342.6305154	15.345349081919986	0.0110167150944867
2459345.4209338	15.934736655533628	0.0296900068353569
2459346.5953147	15.848849111865428	0.026848236965458
2459348.5762596	15.3995965494034	0.0190811225737451
2459350.7640988	15.538590828484969	0.0272139103680965
2459351.3633865	15.97497954718471	0.0344605462508082
2459351.6234057	15.23709945645786	0.0224894174054198
2459357.6286479	15.245245573073364	0.0311949414102944
2459357.6325273	15.821631185296884	0.0279166519371705
2459358.5388827	15.847226712036589	0.0484066871240702
2459358.635594	15.733326447353136	0.0562393889461234
2459359.7961035	15.967850153911703	0.1024295284734542
2459365.2770728	15.93995651279846	0.0331080779767297
2459365.5190955	15.721968446818146	0.0278115522276743
2459366.6399311	15.276623692830412	0.0226643883966623
2459367.8449219	15.658735055086613	0.0361645225684554
2459368.8739445	15.453562558439094	0.0285289905639477
2459370.7489511	15.331632217109927	0.0185718630720935
2459370.769975	15.794957072330078	0.0292843944396058
2459371.7289138	15.56914285383912	0.0220428565313239
2459372.5028465	15.564010234691397	0.030202180224903
2459373.8838117	15.057941798315394	0.0356227515118294
2459374.5016384	14.995022123712529	0.0207067078917141
2459375.4332717	15.879920885178509	0.0359555228809587
2459376.5442765	15.501988746028704	0.0212972466545823
2459377.567024	15.517032077322916	0.0234481600345067
2459378.529192	15.66444609826149	0.0231475413029992
2459378.593632	15.356883659374226	0.0143423141781523
2459379.4803655	16.13911694466981	0.0484615529642301
2459383.4845425	16.052826774217177	0.0494550139409937
2459384.252252	15.973538006189438	0.084143378768776
2459386.4632014	15.456887061270844	0.0432943453420259
2459392.6748048	16.230146875886845	0.0799739499485009
2459393.5011274	15.340664437717248	0.0276914364048312
2459398.2453467	15.739395698022523	0.0356719420891267
2459401.6984337	15.617440098976246	0.033463577013323
2459402.6048386	15.043574521350733	0.0190850339790116
2459402.6558134	15.348722917496582	0.0212287228333621
2459403.6468053	16.017677161096127	0.0371249378601748
2459403.6774432	15.511149173251686	0.0226864692869145
2459405.6255921	16.006791573575107	0.0378871221131692
2459405.6714808	15.517728737569636	0.023285547388849
2459407.5051752	16.10654856896506	0.0412494266670235
2459408.7659413	15.532197403758428	0.0232248882438834
2459410.5354578	15.208387058654054	0.0145807113642855
2459411.5594406	16.06562303158448	0.0359097142652923
2459412.5571981	15.304358742125888	0.0164716827395045
2459413.5656725	16.206832086753764	0.0492484993596547
2459414.2691801	15.921678324933657	0.0506393797649259
2459414.6322404	15.937474606903894	0.0594494745721865
2459418.6269176	15.609900626087096	0.0725841534179034
2459420.4985371	15.704521544131891	0.0920025561210485
2459422.3402301	15.52037589231043	0.0524403192245237
2459426.2896863	15.594502518780384	0.0299852180834492
2459428.7124778	15.580473854755311	0.028325474369019
2459431.395988	15.319987988010418	0.0247101839917945
2459431.6389717	15.8538201397724	0.028140755287717
2459432.5748701	16.206585681463366	0.0453837674980077
2459433.5607156	15.426274600361513	0.0174209959456914
2459437.5957146	15.95624867349824	0.0305733256967717
2459438.6682074	15.171939842108149	0.0174332477593718
2459450.3349462	15.540046834033449	0.0480002109944979
2459454.5896567	15.420079519155156	0.0252917103836435
2459455.6127137	15.236178839247094	0.0216629552717506
2459457.51884	15.652811164695777	0.0243050860063247
2459458.5273658	15.474440947391477	0.0232393319951879
2459459.2431492	15.945753536672134	0.0289048593363624
2459459.5348267	15.282242988109056	0.0228854290873907
2459460.2753858	15.521431399769018	0.0238390892016213
2459460.5506083	16.01161118419075	0.0322860316605945
2459461.5719905	15.213656328373087	0.0198540199243193
2459462.317213	15.701026157966869	0.0204115642656268
2459463.6348992	15.446258166063084	0.0267683525414176
2459465.491404	15.49094644632667	0.028580972484632
2459466.5045494	16.012932331233156	0.043495258241745
2459467.5075325	15.655972433238537	0.0278935610950119
2459473.4866539	15.762913465796748	0.0556381813683689
2459475.2642903	15.341056467806062	0.0435408345535499
2459476.5069726	15.095530279376788	0.0305780786629906
2459477.6055898	15.961770864377094	99.999
2459478.2654867	15.76215221856479	0.1127114895527034
2459479.3021761	15.691514049506816	0.0804829377026814
2459481.2368539	15.62749244064266	0.0262587461595576
2459482.5438768	15.59025756433926	0.0278037828256192
2459483.5248621	15.520245510093147	0.0225280136775381
2459484.5783069	15.8453553923711	0.0340280277283645
2459488.5389938	15.45410608611344	0.0244257575117642
2459489.5648905	15.45907097665965	0.0254946501518743
2459491.5620393	14.974138122221875	0.0188215385880556
2459492.540181	15.94061695405478	0.041111815477628
2459493.5372631	14.968171537614609	0.0189108272642379
2459494.5297039	15.552242864467802	0.0320925895836849
2459503.5141938	15.313345875562272	0.0364919001041317
2459505.5173222	15.371156363285266	0.0488827502634467
2459506.2576293	15.838679202982814	0.0825354760579595
2459507.500615	15.337002802045966	0.053389843531517
2459508.4999325	15.763720978218744	0.0852032260476831
2459509.4964777	15.458569393702884	0.0479921581310999
2459509.4977645	15.594996085601824	0.0663469744628437
2459510.4969051	15.42023340704118	0.0433832249886024
2459512.4976773	14.978393588323629	0.0303486245326367
2459513.4956265	15.3216174561203	0.0880030225606143
2459601.8774349	16.06932730424616	0.2088835241622936
2459602.8694215	15.617534671276916	0.0640542677540196
2459605.8646502	15.566942839020918	0.0573833877612568
2459613.8764028	14.976534983243804	0.0238033423357585
2459614.864157	15.503291426648094	0.0318068607099004
2459617.6074335	16.007212849590204	0.0626076538676626
2459620.5882466	15.706545279359275	0.0306277592880568
2459623.8338057	15.320240540716636	0.0254777297705648
2459624.8330472	15.596751797083128	0.0363479496266144
2459625.8643294	15.795911201371243	0.0507925306928761
2459627.8102998	15.454623896207831	0.0869189230061142
2459628.8240465	15.843555697139369	0.1863999769758938
2459628.8285906	15.999120022381456	0.0982413757199626
2459629.8879042	15.952363422725623	0.0604213588147126
2459631.5610504	15.3386810363739	0.0318326926046582
2459631.5622908	15.39047796505198	0.0586424355155953
2459632.8069919	15.131832016489176	0.0289451595806501
2459637.5445513	15.569951798756946	0.0330295344506285
2459638.7964314	15.15457829651234	0.0220613172009918
2459638.7977344	15.178330289536252	0.0240540005033501
2459639.8294605	15.477519212604506	0.0271174270103034
2459642.8007733	15.70675624007496	0.0196294934309433
2459644.7994817	15.335714358468197	0.0129031126474188
2459645.7806568	16.168965837595785	0.0373390638757365
2459646.7927426	15.406000702618634	0.0197409461702941
2459647.7605089	16.066488225120757	0.0331967203639662
2459648.891385	15.912964696046805	0.0236664836019158
2459650.7722116	15.471971059935408	0.0209963153198742
2459651.754736	15.68758276809296	0.0222706867536597
2459651.7625211	15.21419412593012	0.0194695505422211
2459652.8769615	15.55318343798062	0.022416034926811
2459656.784005	15.478774870958716	0.0593290126161453
2459658.7466445	15.47934370533764	0.0505088327407927
2459658.8051655	15.9626907590318	0.0673231791853822
2459659.8364151	15.267466923426898	0.0340423901209183
2459660.779942	15.86411245360748	0.0590721070462472
2459666.4536932	15.84541502508156	0.0320450488736012
2459667.9054688	16.046684836446257	0.0384063977204836
2459669.8603922	16.0172916821088	0.0323387585218756
2459671.7677256	16.034820900276443	0.0299552254476408
2459672.7235854	15.229133537014627	0.0222756754167331
2459673.6953511	15.516390196422163	0.0219175846025306
2459674.6886943	15.250981884600364	0.0191011614632128
2459675.7447957	15.965181856270693	0.03057137721461
2459676.7206298	15.143682603689443	0.0156462275394887
2459676.8160731	15.75527394537936	0.0229522351746499
2459677.8348536	16.046356013497633	0.0321272605081614
2459678.8036597	15.822878860764336	0.0133026205580953
2459681.5350205	15.957541230997055	0.0449008422408416
2459681.6702326	15.638279067992746	0.0457459353802864
2459682.6739811	15.564966941078648	0.0394118783678636
2459682.6900053	15.19560002186517	0.0275954540359488
2459682.6925969	15.262094654309138	0.0372903004717819
2459683.7109952	15.886883225055929	0.0455860012858949
2459683.7345452	15.558044860348543	0.0339870992588814
2459684.7883258	16.013249401354358	0.0595260631780951
2459685.6683426	15.775931466509226	0.0665639762186488
2459686.8421697	15.73905573325953	0.0533459396832896
2459686.8829899	15.406770841492456	0.0514477121814355
2459688.5350159	15.757453524487472	0.2119834009066212
2459692.8761635	15.527476501152712	0.0269737405142033
2459696.8270641	16.10375469985297	0.0356789979539671
2459698.9282832	15.25716830150756	0.0500216437223697
2459701.9189639	16.115741983408938	0.0430916418945876
2459702.7728173	15.662178370163344	0.0181500557209437
2459703.8673622	15.513611717213022	0.0231153727816903
2459706.6618077	15.53868549961934	0.0214878423211347
2459706.6721763	16.037676862741776	0.0326106199967467
2459706.6734284	15.95256741757398	0.0370788339886485
2459706.6746803	16.134381357322102	0.0474200269469403
2459709.3602831	15.27369650212696	0.0356689866223261
2459709.3615233	15.074912560033589	0.0429211700328117
2459709.7171092	15.994488223551146	0.0325746090744599
2459711.4045864	15.79046302922141	0.0505084062207175
2459711.8659053	15.50457357494565	0.0204917339766171
2459711.8672036	15.515779693625516	0.0350168406569968
2459711.8684786	15.464118304947323	0.0311393466476173
2459712.6964892	15.112339053897172	0.0457771914261677
2459712.6977846	14.9140520724378	0.0697567688562098
2459713.3330142	15.235707151616417	0.0564438001762389
2459714.7216912	15.300487717245035	0.0459569098239766
2459715.7374584	15.36643921334928	0.0451782899664395
2459715.7400801	15.105549446352809	0.0516439109351749
2459719.7939281	14.990445283517952	0.0226707926528313
2459719.79524	14.9837912740222	0.0224141830846604
2459719.7965225	14.953112185241231	0.029460200506925
2459721.8217662	15.280753473385642	0.0239388184683214
2459721.9154907	15.315469115398962	0.0265430461543201
2459722.7481042	15.48535849517583	0.0228750784455758
2459723.8578394	15.609889487500688	0.0264549794703011
2459724.6846162	16.006136232744375	0.0290907126105772
2459725.8188123	15.2598920338923	0.0150827380464584
2459726.7376508	16.044661869543983	0.0224332226577797
2459726.8362993	15.979178956241398	0.0236808015480739
2459731.3169198	16.025325445391243	0.0389820551476018
2459731.3181601	16.078493518379123	0.0591094187225515
2459736.2992016	15.610799199907992	0.0311065156019252
2459736.5529846	16.011610421207155	0.0333801078064804
2459737.7867309	15.962799683569298	0.0289360081775815
2459738.5728908	15.597680706623368	0.0297264807954763
2459738.5861975	15.913232791224209	0.0387910423928597
2459739.6136094	15.735303131383793	0.0318820575707718
2459739.6148613	15.646763157619093	0.0368594918127861
2459739.6313854	15.37879714627373	0.0186276096009877
2459741.6910698	15.476743949105494	0.0308509050763811
2459742.6169513	15.993519306803933	0.0744142039924684
2459746.6777061	15.467525291686394	0.0418074724149409
2459747.8270883	16.38543129110691	0.0981554435322075
2459749.7294229	15.916625271282117	0.0393009273658193
2459757.4413898	15.99845886494476	0.0397212465723821
2459759.5188036	15.96783940560104	0.0338103221895641
2459760.613763	15.924524304447246	0.0248566883785601
2459761.6403871	15.545916227670489	0.0215659213952239
2459762.6934153	15.98379980675295	0.0257925522195035
2459764.5210927	15.417735880534142	0.0165990443320436
2459765.702512	15.632653566336677	0.0178107894910547
2459765.7372687	15.299041046253908	0.0168038459989827
2459767.531697	15.103370000335026	0.0157206602998985
2459769.5498038	15.319269060262076	0.0325116901069254
2459776.4364945	15.989190802727268	0.0796135796790082
2459782.4751334	15.5514130975107	0.0242384705984797
2459783.7396105	16.051471513600926	0.0362200298299153
2459785.5159081	15.531206996358026	0.0219381850296087
2459787.6556955	15.554072031501578	0.0247358005940105
2459787.6582823	15.535512302199477	0.0302913543803809
2459789.4700189	15.52040397609286	0.0188064316922376
2459790.5866272	15.254506961476356	0.0146366314202762
2459791.6981489	15.458712958985473	0.0175514140435061
2459792.6483367	15.477450770789922	0.0180868571880021
2459793.6456429	16.14763476672889	0.0417733990842377
2459794.6648023	15.505850616327528	0.0210134974896379
2459796.4749999	15.507215979030471	0.0293207090046879
2459797.5095755	15.602639812236914	0.0356693830742367
2459807.2505878	15.881376230063648	0.035334626602877
2459808.4139356	15.810608751202818	0.0566649663716639
2459812.4187841	15.88044418337047	0.0460474479630207
2459813.6243541	15.542722410463856	0.023916252943632
2459814.6768254	15.015017632583586	0.0159753975844906
2459815.4170297	15.644462163587333	0.0416607963792247
2459816.5209506	15.579702536980289	0.0233244667789462
2459816.5222373	15.535750325301784	0.0240486417754423
2459817.5779516	15.941359651732816	0.0260338339541073
2459819.3537461	15.628528026258916	0.0303482788818566
2459823.2359919	15.592073032248967	0.0491125123681588
2459824.5418139	15.191076153838775	0.0167909629030219
2459829.2537958	15.871979678187024	0.0621387052665025
2459831.2657495	15.954811090848466	0.09678305373427
2459834.3430362	15.37415709815943	0.0857859121278854
2459834.6102512	15.901572344457405	0.0639357758994721
2459835.5575919	15.433450113501838	0.0301777274161937
2459836.5354436	16.015677992443425	0.03192700807074
2459837.5354745	15.238967253751431	0.023250061688692
2459838.5442562	15.476402690266111	0.0263438790711771
2459841.4840868	15.304008737829689	0.0228045409882612
2459842.2887305	15.682632027964663	0.0206949914689168
2459843.5683895	15.655476838760665	0.0212864181859324
2459844.5689634	16.025303707997153	0.0333477181587764
2459846.3118508	15.898035323989784	0.0440737869275121
2459849.2449311	16.043491388084746	0.0510168353144275
2459850.529652	15.69482643546868	0.0299050985258487
2459852.4926274	15.53615678600092	0.0292529063682292
2459856.5282416	15.321832072766291	0.0276973017651175
2459857.5356027	16.016377052924717	0.0746356378320756
2459860.2920661	16.497287816076106	0.157412375120028
2459863.5122766	15.869529197450262	0.0509792920652544
2459865.5097445	16.041602113941828	0.0423322023924159
2459866.5257663	15.88201143918261	0.0387854025180905
2459867.5081733	15.602964415867415	0.0294267003837434
2459868.5162749	15.348605418982553	0.0173735485471429
2459869.5118928	16.146939531458482	0.0396443695045495
2459870.503406	15.478237827677424	0.0237462991956791
2459871.5035113	15.539868381019794	0.0265002485831193
2459872.5002878	15.572860258335531	0.0385446933291006
2459873.5009619	15.090322131324246	0.0225111258441346
2459875.4963334	15.23160063101126	0.0400566517912011
2459965.877657	15.8707742050013	0.186930729110318
2459966.8740192	15.596440785784466	0.1155231557436627
2459966.8766157	15.72079309268494	0.1707526149830263
2459968.877331	15.999526294499768	0.1457440066209561
2459969.8651164	15.351038362758349	0.0225142899686288
2459970.8723041	16.09261480506747	0.0675261962818659
2459970.8747963	15.95155131568758	0.1062679610280723
2459972.8713642	15.830254549721268	0.0307207165764254
2459974.8670466	15.074949038458424	0.0177816552444781
2459977.6278499	15.455290151116827	99.999
2459982.8318719	15.676872803473834	0.0687286939495352
2459987.6268271	15.952839969440191	0.0500313098487665
2459987.6280674	15.958175415156596	0.0716308949478778
2459993.8033314	15.436187682617428	0.0187412843203265
2459995.8087061	14.986619292748294	0.0180511471213685
2459997.889721	15.23064045134685	0.021215104491293
2459998.5488544	15.613244429924777	0.0278123197359348
2459999.8118959	15.127009952088224	0.0179805002710522
2459999.8144938	15.112799354183808	0.0303465971144445
2460001.7955154	15.253093348134142	0.0173669184250641
2460002.7762798	15.51763853205041	0.0209674237621375
2460003.8501274	15.733399510866532	0.0243466652591548
2460006.5579328	16.001146638027894	0.0398135336013034
2460008.7723675	15.822860598213154	0.0641263202794286
2460009.7929166	16.004274379391173	0.0578920105464812
2460011.7762858	15.865316720795072	0.048533073584897
2460014.8832766	15.461632699058391	0.0366883364542166
2460015.7970166	15.963391178953565	0.0878715361636538
2460016.5132402	16.041778379899434	0.0637278863452491
2460021.7434504	15.614356149358986	0.0250493940923193
2460022.7209935	15.14704276484188	0.0185135573462819
2460023.7511257	16.039742231448592	0.0332266713411154
2460024.813793	15.420591784006874	0.0182811665636596
2460025.760792	15.611503238237043	0.0270281119685454
2460027.7198378	15.467150983254514	0.0199664194536255
2460028.8694064	15.9363319212644	0.0270577423011584
2460030.7567919	15.997305165407584	0.0313506004701791
2460031.7188155	16.020690655194127	0.0299552640765199
2460032.7328677	15.93632670086144	0.0243451961666902
2460035.876239	15.325408679908572	0.014369257579634
2460036.8468696	15.948197389520695	0.0277631862788682
2460037.9012467	15.867094327302247	0.0257813902673591
2460039.5124754	15.945280026415016	0.0564136493660329
2460039.513797	15.956312809430218	0.061472654487585
2460040.7674656	15.738599855897554	0.0583669727237273
2460042.6740579	15.611275895016464	0.0841997765491537
2460042.6846297	15.959795018389991	0.0811486437669352
2460043.8356667	15.306653728522544	0.0620078380512605
2460047.8027464	15.54495241950999	0.0296646955711865
2460048.7252645	15.467105444269649	0.0195135141169027
2460050.4383124	16.019629139351327	0.0246693447043835
2460052.4192498	15.894561032742487	0.0213188692019011
2460053.6491926	15.949269908105263	0.0322804948525476
2460053.6504333	15.849053735581665	0.0303359442959603
2460054.6489609	15.01036539836478	0.0173574563621945
2460054.6934934	15.324573088289537	0.0213643485049464
2460056.7423146	15.271843202760335	0.0159367754539942
2460057.6716421	15.56455559935078	0.0192789138565199
2460057.679653	16.048754608557783	0.0355159407733063
2460058.7224092	15.702947522924449	0.0187555332149683
2460059.8381069	15.994021173807804	0.0399930303878352
2460060.7779117	15.892766315321564	0.0176705806601758
2460061.8635346	15.205102315561392	0.020010550532807
2460063.5233616	15.909132787773048	0.0336650760113539
2460065.6182592	15.53673437594404	0.0339473502258717
2460066.6240313	15.7584548805419	0.0475674775332981
2460066.6316957	15.518252805745332	0.0515053438440632
2460067.6466533	16.15654948797649	0.0636553332713713
2460068.6584299	15.383736723453712	0.048019384938449
2460069.6925623	15.309257471146768	0.0525361411470147
2460070.8198004	15.910196059580723	0.0838135118015753
2460074.7394654	15.447364753067102	0.0447931280267879
2460075.5455246	15.70939260554686	0.0570626944255061
2460075.8142154	15.821860083646072	0.0341347769847479
2460077.8890731	16.03466433412055	0.0718141681523797
2460078.7260068	16.117812765152244	0.0397464093155036
2460079.699915	15.29272471991396	0.0144987892800143
2460080.6639512	15.951120648298453	0.0299934314471953
2460080.7595	16.100988988817416	0.0407706221218042
2460081.5469832	15.431426756382995	0.0233556894508165
2460082.8153801	15.275045777851302	0.0206987381949429
2460084.5396328	15.854680870342431	0.042041885105291
2460085.8144411	16.214193206115944	0.0806724507687879
2460086.814698	15.22923749141036	0.022799609372833
2460087.8227997	15.527029420066205	0.0239650224618221
2460089.3077657	15.393526403307824	0.0449416541232392
2460089.8208953	16.012892735806325	0.0500798770348858
2460091.3009664	15.222397421837542	0.0271345535396991
2460091.5863333	15.433804754627207	0.0217583460196117
2460091.8168061	16.009953469106865	0.031048010628006
2460092.2971721	16.02420304104362	0.0469261560156498
2460092.633479	15.35449435244008	0.0318335070913576
2460093.2964677	15.301093161298224	0.0247796641440018
2460094.8392146	15.899533868898954	0.0383389551273071
2460095.8541024	15.292825521186815	0.0244155790602765
2460096.7289062	15.85672240544146	0.045630362547118
2460097.8285565	15.062844494259448	0.0455531736830965
2460103.8118183	15.44530137624287	0.0314803418198162
2460104.8119603	15.929367137736822	0.0375266292063978
2460107.4992378	15.463854675133891	0.0181922373781824
2460107.8685818	15.404415364230085	0.0225157512403352
2460108.6130142	15.87262613754774	0.0278933854108215
2460109.4957496	15.93420455184237	0.0405129228158648
2460110.8611527	15.522519892538424	0.0250457663817053
2460111.809333	15.497965875591468	0.0209816268158575
2460112.7237748	16.046076382245136	0.0425125684011895
2460113.4747986	15.403199861111482	0.0229508473294833
2460114.6493087	15.920399814833036	0.0231212145033132
2460117.4428864	15.355675891341942	0.0203748448121122
2460118.2281411	15.778387218512204	0.0132828774862919
2460119.5919738	15.683841255910734	0.0298024579255897
2460119.8441246	15.61683174726358	0.0288286019395754
2460120.6232836	15.234726442425767	0.0129411665262337
2460120.6871755	15.527563543261266	0.0250221954130736
2460121.5153538	15.233783798559717	0.0211212585005151
2460122.4829449	15.953589052048942	0.0432715500081557
2460123.4920528	15.29296826157289	0.0205334733175239
2460125.6739007	15.762013991152772	0.0743840575654436
2460129.3150994	15.63703974129637	0.1070066018976719
2460130.2238818	15.944872674468469	0.0749644839171473
2460130.8052063	15.971561009538542	0.1314318429331409
2460133.7746526	15.155344464353018	0.0253687151879656
2460137.5260429	15.977422994802106	0.0335884215627721
2460138.7900601	15.915909076782428	0.0489889287724453
2460139.5441519	16.219595154377465	0.0425488685295922
2460139.6277018	15.543170865789712	0.0229515186855308
2460140.5234795	15.365839779805311	0.0164817953591921
2460141.7282257	15.138289290389247	0.0178283285720239
2460141.7501568	15.499330628237267	0.023115981518233
2460142.7503083	15.589914483742874	0.0247383128739986
2460148.3698622	15.81633268116632	0.0180357506830346
2460149.4926943	15.28776922816198	0.0222061848067186
2460156.5219129	15.479818120079123	0.0400844463557808
2460157.6627864	15.922471112306306	0.0750756670473488
2460160.4862288	15.96844721866573	0.0452422640354765
2460161.4431217	15.537249171802918	0.0463652771624218
2460162.4394387	16.233473421909626	0.1149629961668658
2460163.4632811	16.184423537576293	0.1257263328826846
2460171.275749	15.752772451657728	0.0214851794117063
2460184.4013986	15.514948299939428	0.0570256931732809
2460191.3789845	15.335730193543446	0.0477325003270538
2460194.3697411	15.992312835554314	0.0319134416625237
2460202.3666978	15.932646546269384	0.0332946050861754
2460206.3399583	16.112335732993508	0.0447955817171053
2460219.2584361	16.1168374681805	0.0383243839245342
2460221.3047026	16.191259008187597	0.0461342821105417
2460222.5093222	16.165639182353168	0.0505871869255292
2460224.2954192	15.775498512252604	0.0292559721585143
2460225.5373784	15.719652981435978	0.0277337847684933
2460227.4964547	15.640062463314482	0.0287617436433454
2460228.5158936	16.148197796808276	0.049368295728781
2460230.4907985	15.61759992464458	0.0430213570482838
2460231.2694425	15.147870031871388	0.0249923044825209
2460234.2668754	16.166808250809712	0.0439182614100589
2460239.4991039	15.885707795485647	0.0623624353095952
2460241.5006345	15.508396150812407	0.049666375313429
2460243.5004134	15.478931194769364	0.0938948520263201
2460338.6224535	15.669090590428343	0.103487844646152
2460338.878897	15.372134724404823	0.0941976796185495
2460340.6118582	15.624869365737831	0.0501673443540054
2460340.8734206	15.875379583137056	0.0667602082124015
2460341.6187902	15.902191875377572	0.0672718998153263
2460341.8697721	15.14795456740858	0.0410993845500976
2460342.6250684	15.929314894600502	0.0807410597681622
2460352.6116321	16.121312822734033	0.0435814694588675
2460353.6071878	15.395165085305605	0.0278472520572311
2460354.6027394	16.089677074921767	0.0401629978785321
2460357.5758537	15.59767375343139	0.0247228067155043
2460360.5692366	16.08725575781937	0.0442803317480706
2460367.5882125	16.14882740456929	0.0659628226464588
2460369.8366216	16.175828749377036	0.0800755054955803
2460375.813008	15.18428486435057	0.0240118921155295
2460377.8944112	15.65598804020144	0.0251230756822809
2460378.817942	16.021584490498665	0.0387383485432083
2460379.8133501	15.472167868681536	0.0247025739691579
2460381.8060017	15.590244870743131	0.035026690311884
2460384.8676953	16.09206617575581	0.0335068854503623
2460385.8251507	15.885086345600149	0.0244033023100319
2460386.8183942	16.21900455028555	0.0417438741870826
2460388.8244812	15.467855625529571	0.0179729988752127
2460389.8460999	16.1220556259369	0.0420449062577012
2460390.8417428	15.279895546210406	0.0214633881632995
2460392.9113844	15.320955812933144	0.0265386020339867
2460393.8540713	16.014591290266477	0.0590329520181925
2460395.7449125	16.282537639434963	99.999
2460397.7904077	16.087715498412994	0.1476880656928807
2460402.7917411	15.382923564506088	0.0248942897748881
2460403.8397153	16.072681531778752	0.0365872703964983
2460404.8337786	15.468721885563262	0.0182472640456196
2460405.8156041	15.976056586115565	0.0313541266708052
2460408.8017927	16.084224928822245	0.0323589172319835
2460409.8149025	14.976888695424565	0.0170817479748186
2460410.8138995	15.550984555149238	0.0245273928741656
2460411.8169958	15.099340578002511	0.0160649927143312
2460417.7029265	15.15545720243374	0.0180160884079877
2460418.773371	16.081554923732	0.035158226930926
2460419.6846463	15.07021746583806	0.0226743530435369
2460420.6860788	16.007768966307154	0.0611940141121003
2460423.6684548	15.548392819189836	0.0734710577445447
2460425.7324542	15.892334727042384	0.0834413037394997
2460432.3623118	16.01510282059853	0.0361327106564332
2460433.412485	15.565048169631073	0.0294806237964348
2460434.9139486	15.917757999776171	0.0293438505205487
2460436.6958548	15.543161122643635	0.0211531681922026
2460437.6736697	16.0780043788541	0.0344447152633673
2460439.5959007	15.524898566011974	0.0206415906966646
2460440.5920891	15.045506845263732	0.0162754407159401
2460442.6261423	15.728005972181586	0.0235621717489109
2460446.3813825	15.797276083091331	0.0265222931792422
2460446.617043	15.92410415387453	0.0356102465931628
2460448.5663803	15.496863940323705	0.0407751304969765
2460449.5659935	15.555748397522676	0.0346546419674644
