2458228.92314750  14.94264 0.01416
2458231.91468670  14.90970 0.01917
2458264.81612450  14.99056 0.02857
2458282.78695060  15.17674 0.01935
2458282.88294590  14.88168 0.01494
2458283.51815490  15.05778 0.01513
2458283.70550330  15.20161 0.02226
2458283.88662360  14.85135 0.01419
2458284.87941830  14.93196 0.01628
2458286.64763260  15.17598 0.01945
2458287.63677130  15.19154 0.01989
2458288.69352630  15.07805 0.01637
2458288.87166950  14.91476 0.01152
2458289.86734220  14.89944 0.01542
2458291.84519660  14.92176 0.01575
2458300.67817050  15.06729 0.03148
2458301.74572000  15.19437 0.02257
2458304.82545040  14.94815 0.02049
2458306.64405270  15.12868 0.01444
2458312.63830690  15.22739 0.01815
2458314.50952140  15.15806 0.01257
2458314.76353880  14.85455 0.01479
2458316.78917960  14.89441 0.01424
2458320.78626610  15.23207 0.01716
2458328.58066960  15.12516 0.03092
2458329.54753130  15.03036 0.02191
2458329.71635460  14.93268 0.03180
2458332.74416600  14.98093 0.02432
2458335.56419680  15.22631 0.01829
2458335.73472460  14.88875 0.01435
2458336.72647780  14.91109 0.01394
2458337.72951860  14.89549 0.01466
2458338.54350590  15.17159 0.01790
2458339.55455290  15.14807 0.01568
2458340.54369610  15.10359 0.02409
2458341.54053260  15.05233 0.02348
2458343.54149390  15.05161 0.01548
2458344.53789820  15.09250 0.01438
2458345.70895280  14.97797 0.01977
2458349.56230000  15.14619 0.02067
2458359.47990110  15.22436 0.02174
2458360.48396150  15.16581 0.01638
2458363.61883970  15.14168 0.01668
2458366.63416500  14.79775 0.02371
2458370.65310000  14.98735 0.01727
2458372.62231750  14.99481 0.02037
2458373.62498600  14.94411 0.01706
2458374.62422280  14.90548 0.01196
2458375.60482810  14.93239 0.01287
2458393.57443470  14.89911 0.01462
2458394.56351050  14.89804 0.01316
2458398.56069450  14.72238 0.03542
2458401.53059130  14.79815 0.01190
2458409.49732220  14.85950 0.01553
2458411.51016830  14.82690 0.01689
2458412.50283120  14.87562 0.01558
2458414.50797430  14.88594 0.01668
2458415.50461600  14.84008 0.02603
2458416.50122830  14.84358 0.02859
2458417.49801610  14.80615 0.01971
2458523.88813110  14.82748 0.03699
2458524.88761710  14.88185 0.03079
2458525.88325170  14.84379 0.02247
2458526.88229120  14.81686 0.01561
2458528.87359140  14.87403 0.01741
2458531.88744090  15.07354 0.03509
2458533.88288120  14.81644 0.03057
2458534.87777370  15.20828 0.05987
2458539.87044550  14.88166 0.01711
2458546.90371170  15.19630 0.03532
2458547.89636620  14.90857 0.01899
2458548.87979220  15.17150 0.02258
2458554.82405000  15.28459 0.02602
2458558.82848690  14.89463 0.01493
2458563.80199310  14.81722 0.02680
2458564.79699870  14.86802 0.03541
2458565.81445510  14.86999 0.03355
2458566.83174510  15.13889 0.03159
2458567.83639990  14.94783 0.03224
2458573.76616060  14.87824 0.01486
2458575.76058000  14.90032 0.01365
2458577.59128770  15.11592 0.01708
2458577.75532710  14.88913 0.01087
2458578.77762840  14.90008 0.01836
2458581.77093400  15.13321 0.01626
2458582.96179900  14.98953 0.01480
2458583.75060620  15.11149 0.01856
2458584.73823840  15.27789 0.02843
2458589.71689410  15.26946 0.03515
2458593.81765820  14.86439 0.02713
2458594.70855580  15.20409 0.04021
2458595.70786780  15.26246 0.03021
2458599.59667350  15.14666 0.02292
2458600.87520990  14.81116 0.01397
2458601.46730980  15.11488 0.01571
2458601.94810880  15.02981 0.02198
2458602.53138520  15.08631 0.01733
2458602.89382190  15.14034 0.02467
2458604.88203120  14.92336 0.01393
2458605.76257680  15.20043 0.01822
2458610.88260960  14.90420 0.01467
2458612.86335370  14.97897 0.02168
2458616.38601250  15.12543 0.03081
2458617.39027840  15.12929 0.03168
2458618.63990790  14.86769 0.02146
2458627.35117190  15.26647 0.03463
2458628.35626400  15.22506 0.02485
2458633.87059950  14.94942 0.01973
2458636.58608230  14.86948 0.01427
2458637.60187710  14.81453 0.01254
2458640.64458960  15.19458 0.01934
2458642.62021660  15.18575 0.01828
2458644.68310980  14.83061 0.01294
2458645.67001060  15.22715 0.02633
2458646.70464250  15.17830 0.02684
2458647.70373310  15.27094 0.02934
2458648.67558270  14.97361 0.02190
2458649.39805250  15.00947 0.03874
2458650.56186890  15.12632 0.05873
2458655.27157020  15.03584 0.02055
2458658.26373400  15.14813 0.01485
2458659.26140730  15.03849 0.02827
2458659.74612090  14.80858 0.01366
2458660.66787750  15.20430 0.01835
2458661.59323020  15.02928 0.01654
2458668.25243620  15.10607 0.01369
2458671.61797930  15.25309 0.02551
2458673.22386780  15.01370 0.01976
2458674.25617780  15.07244 0.02113
2458674.83823970  15.12945 0.02170
2458675.27965790  15.05943 0.02202
2458677.33684810  15.15869 0.02463
2458683.76804590  15.17282 0.04031
2458684.65458920  15.08041 0.03868
2458688.66435990  14.95423 0.01522
2458689.76578940  14.90598 0.01545
2458690.43051420  15.16061 0.02048
2458690.77299220  14.90224 0.01412
2458691.44573680  15.13990 0.02404
2458691.56209130  15.17398 0.01651
2458692.76320680  14.88300 0.01130
2458694.56275400  15.03789 0.01904
2458694.76683760  15.00393 0.01621
2458697.57704910  15.18477 0.02158
2458697.75776730  14.87384 0.01611
2458698.49002240  15.03879 0.02334
2458698.57888250  14.87617 0.01422
2458698.74423460  14.86143 0.01513
2458699.24062650  15.07706 0.01872
2458699.58323900  15.23450 0.02440
2458700.24101000  15.07781 0.01774
2458700.73833680  14.86677 0.01687
2458700.75475550  15.10955 0.02125
2458701.64148930  15.15002 0.02047
2458702.21581170  15.09311 0.01743
2458702.73399900  14.92463 0.01528
2458711.71413810  15.04956 0.06869
2458713.52238690  15.15746 0.02013
2458715.44773030  15.09430 0.03051
2458716.68767110  14.94645 0.01301
2458717.70057020  15.10812 0.02269
2458718.69706070  15.08700 0.02342
2458719.34588770  15.07105 0.01826
2458719.51387280  15.13187 0.01854
2458721.48996240  15.18788 0.02290
2458721.67666840  14.95231 0.01728
2458722.34005850  15.01281 0.01837
2458722.49022390  15.22286 0.01776
2458722.67601190  14.90990 0.02014
2458723.32154630  15.05743 0.01265
2458723.49072340  15.14309 0.02229
2458724.38622460  15.08433 0.01637
2458724.48854970  15.12617 0.01765
2458725.42402530  15.06492 0.01834
2458726.65911800  14.92281 0.01461
2458727.40721360  14.96183 0.01936
2458728.40398370  14.95181 0.01663
2458729.22282330  15.10399 0.01536
2458729.65419870  14.87877 0.01373
2458730.24168370  15.09204 0.01863
2458736.65133480  14.95025 0.03521
2458738.64156150  14.86483 0.03588
2458741.59374130  15.04128 0.02515
2458742.28833780  15.08574 0.03301
2458750.34826960  15.13280 0.02297
2458750.59194690  14.86753 0.01347
2458752.34466150  15.12705 0.02660
2458752.58638060  14.85435 0.01550
2458753.33868010  15.09578 0.01956
2458753.58551900  14.86256 0.01895
2458754.34241280  15.16213 0.02566
2458754.59709130  14.84266 0.01237
2458755.52483250  15.19062 0.01919
2458756.57628720  14.99660 0.01914
2458757.57588650  15.07444 0.05600
2458758.32772680  15.10461 0.02133
2458764.52286580  14.81813 0.02162
2458764.53757910  15.13370 0.03166
2458765.56713810  14.84568 0.03219
2458766.56427660  14.91493 0.02849
2458769.26001730  15.11377 0.03576
2458773.52359830  14.84461 0.01208
2458774.52514420  15.20563 0.02287
2458775.52097550  15.14414 0.02607
2458776.52700790  15.13952 0.02055
2458778.51090630  14.86483 0.01377
2458781.50114430  14.85157 0.01468
2458782.54244120  15.07081 0.02128
2458783.49838730  14.84568 0.01864
2458894.87816600  14.89056 0.03163
2458894.87944030  14.86628 0.03403
2458900.87383830  14.90778 0.01547
2458901.87302730  14.90884 0.01839
2458903.51546360  14.81548 0.01713
2458904.85481330  15.09489 0.02339
2458905.85705760  15.03009 0.02667
2458906.87283510  14.82921 0.01693
2458908.84943500  14.87313 0.01437
2458909.84598830  15.13476 0.02993
2458910.84374960  14.90716 0.01729
2458911.84179530  15.12464 0.02451
2458912.83795060  14.94159 0.02071
2458916.88166110  14.89231 0.01540
2458918.82120930  14.97509 0.03452
2458919.88996090  15.25418 0.04165
2458920.83269080  15.15934 0.04469
2458922.57635390  15.12385 0.04058
2458927.54223090  15.10694 0.02097
2458929.54459430  15.01571 0.02187
2458930.53095100  15.14531 0.01637
2458957.92961100  14.95457 0.02041
2458963.91807020  14.99565 0.01458
2458967.88701360  14.94844 0.01751
2458968.94538580  14.88531 0.01362
2458983.38261310  15.16092 0.02058
2458985.43667860  15.03133 0.02503
2458990.94635910  14.93566 0.01395
2458992.46246390  15.10595 0.01809
2458996.87721710  14.93380 0.01521
2458999.81113980  14.96888 0.01545
2459009.30487890  15.10310 0.04281
2459014.86527050  14.98905 0.01557
2459017.44464210  15.13240 0.02024
2459019.46926860  15.13866 0.01311
2459025.26681670  15.08863 0.01990
2459031.28242330  15.09826 0.02271
2459038.48917450  15.06659 0.02723
2459048.52122060  15.10854 0.01214
2459051.38453190  15.14568 0.01843
2459060.31722010  15.09634 0.02627
2459072.47955550  15.16440 0.02389
2459112.27522800  15.07189 0.02393
2459119.25426450  15.10257 0.03602
2459126.57504090  14.97043 0.01911
2459138.25187670  15.14231 0.02114
2459146.50499820  14.84131 0.02066
2459148.51232550  14.91309 0.02276
2459257.86297900  14.89056 0.01770
2459260.85681110  14.87947 0.01425
2459262.85165670  14.84848 0.01758
2459262.86273190  15.23154 0.02773
2459263.63482260  15.07646 0.03121
2459266.59786260  14.99386 0.02938
2459266.87092850  15.20002 0.02347
2459267.84436430  15.20564 0.03365
2459268.85026780  14.83317 0.01489
2459269.84148910  14.78399 0.01522
2459272.84326420  14.89955 0.04208
2459273.83817680  14.93610 0.02897
2459273.86358580  15.01829 0.03540
2459274.83437330  14.88191 0.03121
2459275.83691220  15.22154 0.04833
2459278.83528330  14.82976 0.02312
2459282.88083010  15.21632 0.02576
2459290.78803320  14.81685 0.01953
2459292.90622680  15.23219 0.03926
2459295.51356580  15.09122 0.01483
2459296.77533350  14.90675 0.01723
2459297.78359050  15.16185 0.02160
2459297.82952460  14.86008 0.01510
2459299.57440490  15.05418 0.02019
2459309.78921040  15.20659 0.02259
2459310.76202430  15.12525 0.02390
2459311.81079220  14.82483 0.01834
2459312.95312600  14.90343 0.01752
2459315.82646500  15.08780 0.01978
2459316.77085740  15.18314 0.02020
2459319.70742740  14.82144 0.01544
2459320.70691050  15.06272 0.02643
2459321.50742360  15.12919 0.01424
2459322.46438390  15.16902 0.01885
2459323.47002800  15.12980 0.01842
2459324.75882990  15.13422 0.01600
2459328.51301770  15.15077 0.02551
2459329.66836650  14.73825 0.04041
2459330.67170330  15.12281 0.04457
2459337.91935640  14.94852 0.02224
2459342.91035050  14.86366 0.01535
2459343.87267740  14.88711 0.01479
2459344.42748060  15.16019 0.01651
2459347.72632100  14.85833 0.01933
2459348.62713710  14.88502 0.01518
2459351.40521480  15.11046 0.01839
2459351.60844660  15.21764 0.01880
2459351.94774530  14.97197 0.01795
2459352.80135850  15.12068 0.01887
2459353.90475640  14.94464 0.01484
2459357.34545580  15.17258 0.02873
2459358.58763770  15.17003 0.02949
2459359.86443690  15.14667 0.05984
2459365.76308400  15.09999 0.02491
2459368.80263480  14.86675 0.01730
2459371.40345980  15.18722 0.02010
2459371.88384280  15.10607 0.02316
2459372.31534070  15.11768 0.01920
2459372.55922030  15.14123 0.01859
2459375.39566750  15.13449 0.02019
2459376.41702600  15.00547 0.02005
2459377.29971660  15.19815 0.01836
2459379.28917310  15.07921 0.01691
2459379.71227360  15.10156 0.02142
2459382.70934880  15.14257 0.02353
2459385.85886510  14.80800 0.01642
2459386.51222890  15.21722 0.02416
2459387.82788840  15.09424 0.04162
2459393.49944470  14.85158 0.01990
2459393.84416560  15.25750 0.03626
2459394.61565600  15.02814 0.02755
2459396.75734330  15.08225 0.02350
2459396.80337070  14.80397 0.02144
2459397.77469190  15.08776 0.02504
2459397.83342310  14.85543 0.01647
2459400.46980930  14.95290 0.02586
2459402.41321500  15.17757 0.02074
2459403.82778490  14.87985 0.03156
2459405.73589620  15.18204 0.02043
2459407.48240030  15.26702 0.02252
2459408.78322190  15.25640 0.02571
2459410.78163580  14.99133 0.02161
2459411.78796170  14.85235 0.01953
2459412.68094590  14.90116 0.02862
2459414.79489520  15.05499 0.02846
2459421.33514970  14.92420 0.06841
2459421.78087310  15.28093 0.06146
2459422.70749160  14.88255 0.02085
2459425.61590190  15.26904 0.02713
2459426.57340310  14.88148 0.01794
2459427.59946080  14.90459 0.01550
2459428.48692190  14.86250 0.01167
2459428.63819790  15.07252 0.02418
2459432.48688240  15.11455 0.01928
2459433.61669510  14.85296 0.01164
2459435.49975850  15.03291 0.02627
2459436.61688190  15.06520 0.02017
2459437.55381560  15.15068 0.02463
2459438.73384000  15.21680 0.02252
2459440.48717590  14.84718 0.01447
2459442.29148930  15.27192 0.03877
2459442.51388020  14.82664 0.01835
2459448.65042690  15.19205 0.05630
2459451.42605010  14.99501 0.04156
2459451.67931490  15.08085 0.04868
2459455.64581390  14.90776 0.02128
2459459.42099230  15.16022 0.01977
2459459.67150050  14.93372 0.01922
2459460.42038560  15.09743 0.01724
2459460.65921600  14.87176 0.01449
2459465.62592420  14.82591 0.01274
2459469.58802630  14.94557 0.02418
2459474.53505930  14.92902 0.02983
2459475.51208720  14.89344 0.02399
2459477.61531760  14.81168 0.02990
2459478.49330690  14.86479 0.01986
2459483.35392250  15.08276 0.02104
2459484.60217730  14.94153 0.01780
2459486.58025660  14.99073 0.01836
2459489.51219320  15.13268 0.02207
2459490.51631650  15.15495 0.02429
2459491.57828690  14.87145 0.01707
2459493.48761310  14.93684 0.01843
2459494.54965770  14.90329 0.01557
2459496.49614880  14.95482 0.02238
2459501.54508760  14.91192 0.02338
2459503.53816240  14.87388 0.02373
2459504.53879020  14.87240 0.02794
2459505.53726030  14.81436 0.03631
2459506.28018730  15.02705 0.03164
2459507.52044080  14.84750 0.02883
2459508.51570650  14.88510 0.03812
2459509.51223180  14.84231 0.01859
2459510.50384720  15.22817 0.03658
2459511.51219350  14.91190 0.01435
2459512.51364580  14.92696 0.01687
2459513.25778430  15.21180 0.02500
2459514.50440280  14.87128 0.01792
2459515.50354950  14.92031 0.01822
2459518.49736130  14.77235 0.03397
2459616.87887370  14.84972 0.02436
2459618.87373190  14.92645 0.02009
2459621.86779690  14.88723 0.02372
2459624.85459900  14.83102 0.01738
2459625.85713040  14.89751 0.02665
2459627.85800170  14.91389 0.04587
2459630.86414390  14.78421 0.04053
2459631.60245550  15.11371 0.04135
2459632.85838770  14.81164 0.02625
2459634.62000710  15.13435 0.02457
2459638.59890770  15.13122 0.01890
2459639.83236000  15.06585 0.03298
2459640.82155490  15.15257 0.03400
2459642.81629790  14.82832 0.01331
2459644.82135810  14.82055 0.01561
2459645.81876230  15.16204 0.02604
2459647.58522330  15.13841 0.02699
2459648.87248850  15.19574 0.02283
2459651.00880260  14.92017 0.02825
2459653.83637510  15.20018 0.02848
2459654.79339700  14.84578 0.02976
2459654.80503810  15.02612 0.03730
2459655.79263390  15.03139 0.06874
2459656.53100930  15.25009 0.07459
2459657.83175860  15.10353 0.05690
2459657.83299900  15.11046 0.05962
2459660.76342270  15.00248 0.03212
2459661.77030030  15.14749 0.06927
2459665.83617750  14.94977 0.01668
2459665.83876260  14.96761 0.02401
2459666.74906610  14.86485 0.01642
2459666.75037620  14.88497 0.01935
2459666.79909680  15.13836 0.02958
2459667.75542140  15.21853 0.03157
2459667.82241850  14.91958 0.01361
2459669.74564290  14.92539 0.01551
2459670.77156970  15.12429 0.01271
2459671.76849160  14.84013 0.01179
2459671.80965140  15.11082 0.01907
2459673.74312800  14.87475 0.01866
2459674.74974050  15.22966 0.01628
2459675.82662410  14.95209 0.02741
2459677.89735330  15.16030 0.02191
2459677.94388850  14.90149 0.01525
2459684.70843050  14.99084 0.05478
2459685.79860090  14.99687 0.04364
2459685.89563250  15.05203 0.02479
2459692.78696920  14.86650 0.01447
2459693.77282350  15.15666 0.03373
2459695.76725980  15.20360 0.02073
2459697.42537220  15.11961 0.03878
2459702.76015290  14.82448 0.01148
2459703.86999990  15.16613 0.01756
2459712.38447740  15.23432 0.06687
2459712.38587980  14.90476 0.07033
2459722.67761410  15.13552 0.02071
2459725.58201640  14.90670 0.01808
2459731.39552300  15.16879 0.01991
2459737.31887860  15.10570 0.01702
2459738.47517170  15.08335 0.01593
2459747.48877780  15.07186 0.03853
2459747.68965770  14.97600 0.04088
2459749.73319150  15.13031 0.02384
2459749.73444330  15.12367 0.03074
2459756.25898900  15.07413 0.01885
2459756.26022920  15.11961 0.02418
2459756.74172790  14.90183 0.01799
2459756.74432540  14.90020 0.02152
2459758.72320440  14.81966 0.01342
2459759.82260810  14.87878 0.00919
2459760.73865110  15.13566 0.01432
2459761.79219180  15.19149 0.01934
2459762.81809850  14.86689 0.01050
2459765.24632720  15.11887 0.01991
2459769.66763860  15.07231 0.01659
2459776.25349710  15.08341 0.03561
2459782.78642960  15.20515 0.01998
2459785.36700890  15.11616 0.01665
2459789.73300420  14.82539 0.01751
2459793.76963040  14.83474 0.02387
2459794.69275530  14.91719 0.01528
2459795.73345780  15.28153 0.02602
2459797.28049390  15.17543 0.03772
2459804.65451080  14.93993 0.02417
2459812.43799270  15.21894 0.02526
2459812.65748450  14.87906 0.02180
2459814.61727860  15.25572 0.02430
2459815.61904410  15.20990 0.02413
2459816.65173230  14.90427 0.01665
2459818.64401280  14.90208 0.01318
2459818.64531090  14.92289 0.01751
2459819.64026250  14.88286 0.01167
2459820.63997730  15.18169 0.01757
2459821.67056560  15.13922 0.02174
2459825.47844530  14.84601 0.01391
2459830.26312410  15.03829 0.02981
2459831.58975380  14.85432 0.02687
2459832.53259460  14.88849 0.02920
2459835.35257690  15.08378 0.03793
2459837.26985910  15.14202 0.02562
2459842.24329120  15.19074 0.02119
2459843.35263470  15.13953 0.01850
2459846.56742930  14.92854 0.01775
2459847.59701340  15.20694 0.03293
2459848.50964350  15.25964 0.02877
2459849.51746610  15.06739 0.02840
2459852.55321290  15.26586 0.02405
2459853.28778470  15.11583 0.02646
2459860.31106930  15.24362 0.07449
2459868.52021710  14.87621 0.01315
2459869.51684280  14.82143 0.01443
2459870.51613550  15.15210 0.02535
2459872.51863480  14.85823 0.01290
2459873.51281710  15.22488 0.02672
2459875.51909230  15.16026 0.02444
2459877.49735330  15.27535 0.03037
2459878.53674120  14.84646 0.01328
2459879.50796270  14.87724 0.01939
2459880.24760440  15.08126 0.03794
2459981.87894580  14.88376 0.03465
2459982.87453160  14.85953 0.02870
2459984.87312670  14.91739 0.02603
2459985.88347490  14.96885 0.06348
2459987.86662000  15.17617 0.04970
2459993.85484090  14.80728 0.01490
2459995.87042910  15.19175 0.02653
2459998.83420280  14.86724 0.01473
2459999.85259740  15.25305 0.02786
2460001.84327470  14.87403 0.01368
2460003.57357490  15.10219 0.01734
2460004.82825220  14.84024 0.01410
2460004.87614340  15.10755 0.02103
2460010.81296500  15.24887 0.06102
2460012.79687850  14.96472 0.02683
2460012.88855080  15.08621 0.05446
2460014.58745540  15.02015 0.03168
2460020.88630610  14.85896 0.01426
2460020.88761590  14.84343 0.01716
2460023.53202400  15.10404 0.01841
2460023.78089580  14.87317 0.00991
2460025.90400600  14.88729 0.01280
2460026.61525560  15.12748 0.01830
2460027.75550450  14.83535 0.01744
2460029.75909920  14.84259 0.01646
2460029.79198140  15.14048 0.02085
2460033.84374540  15.19005 0.01819
2460036.54594170  15.11230 0.01515
2460043.72061490  14.86040 0.02737
2460049.46177060  15.14640 0.01649
2460051.46497420  15.12716 0.01130
2460056.68679670  14.81837 0.01473
2460057.68740760  14.83131 0.01300
2460060.68380950  14.84887 0.01640
2460061.67809790  14.91470 0.01368
2460061.68703200  15.18517 0.02427
2460062.86134310  15.17461 0.02511
2460063.88534230  15.16805 0.01742
2460067.40560400  15.12364 0.03021
2460075.73905890  14.80762 0.01798
2460076.77995530  15.06752 0.03275
2460077.87114940  14.95896 0.01799
2460082.85327910  15.13910 0.02215
2460086.82651270  14.87297 0.01278
2460087.83069630  14.94581 0.01596
2460091.63423630  15.20629 0.03332
2460092.66400430  15.26878 0.03397
2460094.83693080  14.83138 0.01409
2460095.83260980  14.84780 0.01158
2460096.62542550  15.13844 0.05588
2460096.82073020  14.86947 0.01391
2460097.79858710  14.82426 0.03164
2460109.54333970  14.81306 0.01152
2460110.87008080  15.06827 0.02472
2460113.52292120  14.93009 0.01717
2460114.64340770  14.86911 0.00923
2460114.69135780  15.15940 0.02237
2460116.28908500  15.03337 0.02191
2460117.48422850  15.23333 0.02276
2460118.25839840  15.04896 0.02383
2460126.69726130  14.93723 0.02733
2460130.48030930  14.82060 0.02170
2460133.79850760  14.88724 0.01645
2460137.52997210  15.01346 0.01901
2460138.80762250  14.78984 0.01708
2460139.81092330  14.76687 0.01820
2460141.61102120  14.86788 0.01398
2460150.23004950  15.28306 0.02556
2460151.78239890  14.84443 0.01646
2460161.46209740  15.10389 0.03791
2460161.46332630  15.14048 0.06110
2460166.47843970  15.17353 0.01993
2460168.29037730  15.05496 0.01873
2460172.39378960  15.22166 0.03927
2460185.32432710  15.01332 0.04394
2460190.66452960  14.88992 0.03019
2460191.65580680  14.85065 0.02054
2460192.65697880  14.86227 0.01827
2460193.67461760  14.90356 0.01656
2460198.63735790  14.89189 0.01867
2460206.35918890  15.08175 0.02288
2460217.59496140  14.88161 0.03058
2460219.22835410  15.21087 0.03017
2460219.56346280  15.25306 0.02981
2460220.54992740  15.19978 0.02947
2460221.56957160  15.24799 0.02170
2460222.56956030  15.09065 0.02525
2460224.50824470  14.86420 0.01169
2460227.51146070  14.84029 0.01179
2460228.52868060  14.88858 0.01541
2460229.53265090  15.22438 0.02455
2460230.53962560  15.25711 0.02184
2460231.53285240  14.90897 0.01723
2460232.54164040  15.10716 0.02169
2460240.26657770  15.12292 0.04090
2460243.25731230  15.07539 0.03614
2460244.50245590  14.78858 0.02314
2460245.50705650  14.73236 0.02474
2460247.50014860  15.13078 0.03334
2460248.50099010  14.87176 0.02197
2460357.60933050  15.26748 0.03242
2460361.61397950  15.20840 0.05016
2460363.60474940  15.06444 0.04130
2460364.84100550  15.01326 0.08247
2460369.85694780  14.88454 0.01699
2460371.89738190  14.94004 0.05387
2460380.90110820  15.14890 0.02433
2460387.82517740  15.19392 0.03274
2460388.86984020  15.06751 0.02912
2460394.79066200  14.79652 0.09482
2460404.80354410  14.95706 0.02463
2460405.78927890  15.18997 0.02888
2460406.76700870  15.14382 0.02670
2460408.78298860  15.14586 0.03001
2460410.78366620  14.88075 0.02456
2460411.79421730  14.85385 0.01330
2460416.74011850  15.28153 0.03534
2460418.83829950  14.86814 0.00940
2460420.85195250  15.19850 0.02496
2460423.75181140  14.92601 0.03285
2460425.72765510  15.00005 0.04116
2460430.95707710  14.95430 0.04416
2460432.66073110  14.82196 0.01655
2460433.70236120  15.13620 0.03439
2460435.85860740  14.88274 0.02382
2460437.85497000  14.97676 0.02048
2460438.92115730  14.96578 0.02477
2460439.63404900  15.19814 0.02601
2460440.64924970  15.15386 0.02892
2460442.65628220  15.08533 0.02041
2460443.85535830  14.86291 0.01896
2460446.40167850  15.26538 0.03228
2460448.72272410  15.00562 0.02391
2460449.66915350  14.81373 0.01810
2460450.83318330  15.03716 0.04312
2460450.83441210  14.80274 0.03029
