2458131.01209860  14.20796 0.00932
2458131.01209860  14.17060 0.00957
2458141.99758530  14.07621 0.00521
2458141.99758530  14.12164 0.00691
2458142.99442900  14.11150 0.00704
2458142.99443180  14.09670 0.00651
2458143.98764140  14.11734 0.00767
2458144.98440530  14.10238 0.00486
2458144.98440700  14.08797 0.00683
2458145.97968900  14.10058 0.00645
2458145.97969130  14.08928 0.00680
2458147.98141620  14.05325 0.01124
2458147.98141620  14.08631 0.00988
2458148.97460810  14.04491 0.01380
2458148.97461280  14.06562 0.01301
2458154.95931980  14.06135 0.00984
2458155.94879070  14.01966 0.01075
2458162.89225360  14.23421 0.02466
2458170.88470750  14.07327 0.01351
2458171.88564280  14.06347 0.00760
2458172.62174340  14.11147 0.00813
2458172.62174460  14.14062 0.00839
2458173.85997580  14.14145 0.00974
2458173.85997610  14.08466 0.00770
2458174.90506440  13.95916 0.00682
2458174.90506440  13.91949 0.00912
2458176.60939510  14.10148 0.00817
2458176.85772610  14.10756 0.00802
2458176.85772840  14.10994 0.00763
2458176.89837430  13.93572 0.01229
2458177.60097670  14.12342 0.00890
2458177.60097680  14.12607 0.00777
2458183.93248460  13.88447 0.00973
2458183.93248460  13.91270 0.01087
2458187.86471380  13.93622 0.01097
2458187.86471560  13.93335 0.00991
2458188.85818010  13.96274 0.00980
2458188.85818040  13.94245 0.00844
2458190.90940970  14.01414 0.02286
2458190.90941560  13.96063 0.02149
2458193.89927300  13.99739 0.00824
2458196.86263680  13.91470 0.00739
2458199.84140020  13.93279 0.00738
2458199.84140020  13.94518 0.00754
2458203.55401710  13.91157 0.00861
2458203.83796910  13.89662 0.00844
2458203.83797230  13.93920 0.00759
2458204.52651470  13.92188 0.00800
2458204.52651690  13.95681 0.00583
2458205.52104740  13.95972 0.01024
2458205.52105100  13.91794 0.01270
2458207.94300080  14.31660 0.02211
2458210.51354000  13.89367 0.01534
2458210.51354420  13.81763 0.02067
2458210.89436630  14.24156 0.02187
2458210.89437470  14.31562 0.02102
2458211.93009900  14.33177 0.02786
2458211.93010000  14.25064 0.02993
2458212.86207240  14.24301 0.01657
2458212.86207240  14.16943 0.01651
2458213.86637530  14.22366 0.01655
2458213.86638090  14.22185 0.01588
2458216.78993390  13.92879 0.00839
2458216.78993390  13.97218 0.00667
2458221.81188330  14.09891 0.00604
2458221.81188570  14.11098 0.00543
2458224.77123040  13.96294 0.00772
2458228.80653130  14.22133 0.00943
2458230.72626750  13.90572 0.00844
2458230.72627010  13.94458 0.00845
2458233.77075980  14.12656 0.00919
2458233.77076570  14.15439 0.01372
2458239.45339560  13.95630 0.01866
2458239.45339850  13.91491 0.02686
2458242.47854300  14.09153 0.01279
2458242.48096270  14.15244 0.02546
2458242.81728190  14.17153 0.01282
2458242.81728320  14.25290 0.01853
2458243.45803490  13.99762 0.01149
2458243.45804180  14.03114 0.00998
2458243.78593330  14.36226 0.02058
2458243.78593880  14.29872 0.02170
2458244.45824140  14.03288 0.01112
2458245.43152460  13.94533 0.00913
2458245.43152860  13.97263 0.01281
2458245.79985330  14.17528 0.01223
2458249.81028980  14.06575 0.00745
2458250.80264180  14.04985 0.00669
2458250.80508990  14.05375 0.00804
2458255.74068570  14.29483 0.01221
2458255.74068670  14.31481 0.01292
2458258.66042190  14.12827 0.00711
2458258.66042360  14.13177 0.01013
2458260.62326500  13.98283 0.01017
2458260.62326630  13.96964 0.00948
2458261.63836180  14.01508 0.00765
2458262.60772440  13.95858 0.00800
2458263.64095440  14.08121 0.00692
2458263.64095530  14.05063 0.00970
2458265.36346860  13.98913 0.01527
2458265.36347110  14.01588 0.01432
2458274.80791470  13.96155 0.01278
2458274.80791780  13.98972 0.01103
2458277.67574020  14.17125 0.00991
2458281.48516050  13.90775 0.00572
2458281.48516120  13.91421 0.00618
2458284.56586850  14.22974 0.01086
2458284.56587020  14.18638 0.00797
2458291.85256540  14.20298 0.00802
2458291.85256540  14.20119 0.00895
2458292.27749830  14.11579 0.01481
2458292.27750120  14.10937 0.01833
2458296.69776280  13.93811 0.02044
2458298.36096240  14.00471 0.02438
2458300.68191110  13.94882 0.01514
2458305.55432050  14.25508 0.01244
2458305.55432340  14.19446 0.00953
2458311.48570630  14.30639 0.01143
2458311.48570930  14.30578 0.01274
2458312.60127410  13.92155 0.00822
2458312.60127780  13.92796 0.00758
2458313.48243800  14.29655 0.01259
2458313.48244140  14.32925 0.01194
2458314.66603480  14.01057 0.00726
2458314.66603540  14.03751 0.00932
2458316.46482730  14.29803 0.01424
2458316.79658150  14.01652 0.00711
2458316.79658150  13.98907 0.00834
2458320.79265840  14.00134 0.00734
2458320.79265840  13.96361 0.01130
2458322.24519200  14.11349 0.02150
2458322.24519270  14.09840 0.01085
2458323.33597100  13.93371 0.01446
2458323.78202530  13.94217 0.02034
2458323.78323470  13.98431 0.02042
2458326.25277930  14.04201 0.01930
2458328.68321330  14.25684 0.02064
2458329.48793780  14.16113 0.01359
2458329.48794020  14.15475 0.01061
2458331.64478400  14.26579 0.01579
2458332.47419550  14.04650 0.00728
2458332.47419590  14.06801 0.00738
2458336.64302040  14.27190 0.01183
2458338.67711370  14.13854 0.00598
2458338.67711470  14.10358 0.00469
2458352.32843970  14.31985 0.02094
2458352.32844010  14.37476 0.02509
2458353.69851160  13.92860 0.01468
2458356.70358100  13.93379 0.01898
2458356.70358450  13.96062 0.01860
2458357.58338260  14.24259 0.02583
2458357.58338290  14.24757 0.02381
2458363.50355160  14.22829 0.01038
2458363.50355360  14.19708 0.00955
2458365.56018730  14.24121 0.01085
2458365.56019580  14.18835 0.01031
2458366.61311250  13.95721 0.00819
2458366.61311250  13.99639 0.00667
2458378.52433810  14.03515 0.01184
2458378.52433860  14.09516 0.01100
2458379.51344140  14.09366 0.01302
2458384.60735590  13.93681 0.01624
2458385.48941010  14.08883 0.01711
2458386.60191320  13.97162 0.01531
2458390.48815770  14.09629 0.00010
2458392.59912680  14.04355 0.00795
2458392.59913350  14.08445 0.00672
2458396.56730740  13.99660 0.00922
2458496.02278070  14.11555 0.00740
2458496.02278200  14.15677 0.00945
2458505.99638220  14.11509 0.01453
2458508.13731970  14.17105 0.01197
2458509.12912750  14.15558 0.01246
2458509.12912810  14.06262 0.01297
2458519.11037880  14.29832 0.00775
2458520.09943430  14.24572 0.00752
2458520.09943450  14.24823 0.00812
2458521.16708170  14.16939 0.00890
2458521.89202770  14.13456 0.06414
2458522.88897640  14.27251 0.02453
2458522.88897820  14.30468 0.03047
2458523.89049810  14.23101 0.02761
2458523.89049840  14.17913 0.03209
2458524.89149830  14.29944 0.03088
2458524.89149870  14.26532 0.02349
2458529.62020430  14.23487 0.01245
2458529.62020650  14.30048 0.01213
2458533.87895800  14.09154 0.01765
2458533.87895800  14.08072 0.01578
2458534.87817940  14.06681 0.02013
2458534.87819110  14.08078 0.01195
2458541.88311210  14.00745 0.01680
2458541.88311210  14.00996 0.01204
2458542.87502550  13.96673 0.01462
2458542.87503140  13.96766 0.01151
2458548.56835910  14.10311 0.00753
2458548.56835910  14.07473 0.00747
2458549.60188290  13.88778 0.01410
2458549.60188890  13.93260 0.00779
2458549.86619070  13.92204 0.00886
2458549.86619200  13.94713 0.00784
2458552.84903670  13.96434 0.01113
2458552.84903690  13.98534 0.00762
2458553.82487680  14.01759 0.00701
2458553.82487680  14.02016 0.00761
2458555.81928510  14.00045 0.00835
2458555.81928510  14.01962 0.00678
2458557.87594550  13.97190 0.00753
2458557.87594820  13.98340 0.01011
2458561.83716750  13.94815 0.01725
2458561.83716750  13.88904 0.01528
2458563.56307280  13.90732 0.01641
2458564.58121710  14.03108 0.02588
2458564.58122210  13.89833 0.01762
2458565.96424150  14.27877 0.02023
2458565.96424290  14.25325 0.01867
2458566.86580010  14.04603 0.01819
2458567.82354300  13.91866 0.01811
2458567.82355020  13.98934 0.01995
2458570.00661450  13.99875 0.00738
2458570.86244540  14.10545 0.00725
2458570.86244540  14.15440 0.01000
2458571.76371630  13.97014 0.00925
2458571.76371630  13.97692 0.01167
2458573.85131330  14.14585 0.00953
2458573.85131570  14.11800 0.00892
2458575.74892820  13.91253 0.00828
2458575.74893540  14.00170 0.00662
2458576.83145530  14.10652 0.00549
2458576.83145530  14.04874 0.00631
2458577.92887010  14.17489 0.00633
2458578.82843430  14.10630 0.00865
2458578.82844070  14.12410 0.00826
2458580.01317560  13.92578 0.00661
2458580.01318730  13.93843 0.00702
2458580.96198200  13.98859 0.00555
2458580.96198200  13.95545 0.00668
2458582.02613740  13.95548 0.00537
2458582.02614050  13.95729 0.00616
2458583.03430120  13.99955 0.00484
2458583.03430420  14.00996 0.00594
2458583.75814950  13.97034 0.00887
2458583.75815280  13.93765 0.00836
2458586.46976530  13.91918 0.00742
2458586.46976640  13.92766 0.01013
2458587.89307100  14.14621 0.00897
2458588.95125150  13.92603 0.00895
2458588.95125150  13.89395 0.01161
2458590.05006310  14.23827 0.01117
2458591.77545180  14.12960 0.01936
2458591.86904240  14.20405 0.02084
2458591.86905080  14.18749 0.01574
2458594.03362040  14.15475 0.02161
2458595.70657280  13.95160 0.02479
2458597.90975070  13.93136 0.00959
2458599.68078930  14.10666 0.00482
2458599.68078930  14.11489 0.00647
2458599.89453830  13.93804 0.01065
2458599.89454310  14.02330 0.01771
2458600.00687400  14.19990 0.00601
2458600.00687870  14.19337 0.00608
2458600.73671530  14.11048 0.01195
2458601.80814560  14.25060 0.01472
2458601.80814560  14.31217 0.01388
2458602.54986720  14.28330 0.01278
2458602.54986720  14.25984 0.01097
2458604.85752310  13.95644 0.00770
2458604.85752310  13.99091 0.00560
2458605.94768240  14.01196 0.00645
2458612.82802770  13.96733 0.00774
2458615.82279060  13.96959 0.00847
2458615.82279060  13.97145 0.01005
2458616.76414710  14.19300 0.01230
2458616.76415030  14.20603 0.01038
2458617.70823800  14.31371 0.02115
2458618.68174320  14.21770 0.01820
2458619.66545320  14.20498 0.01572
2458619.90487340  14.07197 0.01434
2458619.90487820  14.05169 0.01177
2458625.50527490  13.96637 0.01563
2458625.97300270  14.18880 0.01217
2458625.97300390  14.17519 0.01033
2458626.81042970  13.95215 0.01021
2458626.94689700  14.25032 0.01183
2458626.94690110  14.26279 0.01007
2458630.77378210  13.93426 0.00633
2458633.45225690  14.15571 0.00680
2458633.45226050  14.10816 0.00895
2458635.60310030  14.19362 0.01244
2458635.60310290  14.21113 0.01290
2458636.85302350  14.08344 0.00356
2458641.82227450  14.06054 0.01085
2458641.82227580  14.17675 0.01230
2458642.90191880  14.19655 0.00615
2458642.90192460  14.18860 0.00637
2458643.74970690  13.99513 0.00815
2458643.74971120  13.93188 0.00821
2458644.86711870  14.26233 0.00883
2458644.86712860  14.26278 0.00995
2458645.75995250  13.96589 0.00835
2458645.75995510  14.00492 0.01114
2458646.87020680  14.26311 0.01266
2458646.87021300  14.26122 0.01025
2458647.91445710  14.06426 0.01059
2458647.91446060  14.03040 0.01043
2458648.46343760  13.86701 0.01514
2458648.46343920  13.98734 0.01436
2458650.37537180  14.31321 0.03486
2458650.37537760  14.15667 0.02227
2458651.67066520  13.98068 0.03372
2458652.75564840  14.08214 0.02202
2458652.75564840  14.06707 0.02473
2458654.86168360  14.15753 0.00997
2458656.80756270  14.24102 0.00661
2458656.80756270  14.23888 0.00659
2458657.77368440  14.21251 0.01775
2458657.77368440  14.21837 0.02176
2458658.74827340  14.09202 0.00582
2458658.74828170  14.11497 0.00712
2458659.96384830  13.99245 0.00555
2458659.96385300  14.00011 0.00678
2458660.76040830  14.24587 0.01720
2458660.76041440  14.19646 0.01754
2458661.46072000  13.99480 0.00670
2458661.46072320  14.03188 0.00688
2458662.67096750  13.97191 0.00994
2458667.65883520  13.98505 0.00784
2458667.65883840  13.95486 0.00766
2458669.92804200  13.99835 0.00607
2458670.52451400  14.33429 0.01051
2458670.52452080  14.36697 0.01184
2458670.86980300  13.92880 0.00682
2458670.86980610  13.92762 0.00555
2458672.75306640  14.26313 0.01075
2458672.75306640  14.27304 0.01347
2458673.79843250  14.06060 0.00865
2458673.79843970  14.06657 0.00836
2458677.38285000  14.01029 0.02714
2458677.38285000  14.03712 0.03476
2458678.53604430  14.06087 0.01279
2458679.32692850  13.93160 0.01452
2458679.32693410  13.91159 0.02241
2458679.47908880  14.28659 0.03526
2458679.86644500  13.96836 0.01370
2458679.86645000  13.99291 0.01752
2458680.90008120  14.14059 0.01246
2458681.36282850  13.97391 0.01682
2458681.36283100  13.93142 0.01302
2458683.85393090  13.95669 0.01027
2458684.87690240  14.07777 0.00947
2458684.87690770  14.11915 0.00927
2458686.74183820  14.10927 0.01042
2458686.74184640  14.07883 0.00956
2458687.69742290  14.28100 0.01635
2458687.69742310  14.29083 0.01197
2458688.78577990  13.92818 0.00955
2458688.78577990  13.97513 0.01078
2458689.72306630  14.13584 0.00809
2458689.72306630  14.12579 0.00734
2458690.63366810  14.19511 0.00713
2458690.63367040  14.22491 0.01089
2458691.64613210  14.23725 0.01241
2458691.64613700  14.27776 0.01269
2458692.29414150  13.96315 0.01378
2458692.29414390  13.95737 0.00959
2458694.58487110  14.05928 0.00652
2458694.58487410  14.08660 0.00747
2458697.74494660  13.95307 0.00940
2458697.74494660  13.96465 0.00827
2458698.66210220  14.26640 0.01136
2458698.66210280  14.22215 0.00888
2458699.66334870  14.23371 0.01081
2458699.66335090  14.24671 0.00895
2458700.66096500  14.24582 0.01322
2458700.66096720  14.25572 0.00852
2458701.46813420  14.00583 0.01154
2458701.75799210  13.92982 0.00802
2458701.75799210  13.95012 0.00935
2458702.75670710  13.90960 0.01069
2458702.75671010  13.97015 0.00926
2458704.56057150  14.17827 0.01026
2458704.56057460  14.17040 0.01170
2458709.36159920  14.33869 0.03217
2458710.72070520  14.04269 0.02185
2458710.72071650  13.94747 0.02644
2458713.79575290  14.26959 0.01086
2458713.79702620  14.28388 0.01473
2458714.79489470  14.30888 0.00807
2458714.79489470  14.28948 0.00863
2458715.35713730  14.27119 0.01966
2458715.80201570  14.30689 0.00837
2458716.35203620  14.18407 0.01123
2458716.35203620  14.20153 0.00926
2458716.81340640  14.34365 0.00910
2458716.81340640  14.37440 0.00890
2458717.34910940  14.20467 0.01254
2458717.34910940  14.24469 0.01050
2458717.81220420  14.30870 0.00855
2458717.81220420  14.36703 0.00937
2458718.34566090  14.16953 0.01440
2458718.34566940  14.21938 0.01034
2458718.81044380  14.30041 0.00885
2458719.61018340  14.12582 0.00728
2458719.61019130  14.07728 0.00970
2458721.60344530  14.03532 0.00920
2458721.60345410  14.10318 0.00596
2458722.59838360  14.10961 0.00654
2458722.59838420  14.11775 0.00827
2458724.78615830  14.34350 0.00905
2458725.77139860  14.35606 0.00999
2458725.77139970  14.34807 0.00892
2458726.22227760  14.16086 0.00958
2458726.22228490  14.17192 0.00917
2458726.76689910  14.30441 0.00889
2458726.76818910  14.35503 0.01223
2458727.22213020  14.11381 0.01103
2458727.78018960  14.32325 0.00831
2458727.78019970  14.29724 0.00829
2458729.76042050  14.33202 0.01210
2458729.76042170  14.30701 0.01000
2458730.75673270  14.32728 0.01013
2458730.75673370  14.32828 0.00973
2458731.57566260  14.08649 0.00954
2458731.57567110  14.10449 0.01620
2458732.23558540  14.32692 0.01626
2458732.23558540  14.31701 0.01814
2458732.74717140  14.35116 0.01629
2458733.73091760  14.31536 0.01419
2458735.72788100  14.31794 0.01520
2458737.73607750  14.27765 0.02353
2458738.53761010  14.13473 0.02166
2458738.53761510  14.12142 0.01670
2458742.22464280  14.31932 0.01861
2458742.22585990  14.30261 0.02569
2458743.24351300  14.16121 0.01052
2458743.24351780  14.20083 0.00951
2458744.25854120  14.06165 0.00803
2458744.25855050  14.09597 0.00690
2458744.49891620  14.14138 0.00822
2458744.49891730  14.12220 0.00848
2458744.71565560  14.31799 0.01394
2458744.71565560  14.31910 0.01319
2458745.51338720  14.08339 0.00880
2458745.71497100  14.27369 0.02351
2458750.24303370  14.07261 0.00629
2458750.24303540  14.06536 0.00943
2458750.59936570  14.08501 0.00724
2458750.59936920  14.00946 0.00749
2458751.24222220  14.05036 0.00943
2458751.24222390  14.06021 0.00645
2458752.25661880  13.98362 0.00960
2458752.59748640  14.03347 0.00831
2458752.59748640  14.04396 0.00656
2458753.23322230  13.97289 0.01172
2458753.59293790  14.03828 0.00758
2458753.59293790  14.07172 0.00715
2458754.27917230  13.94811 0.00901
2458754.27917580  13.87636 0.01370
2458754.49139690  14.02874 0.00913
2458754.49140130  14.01983 0.00990
2458755.49875750  13.95888 0.01017
2458755.49876320  13.98822 0.01029
2458756.48459830  13.98487 0.00965
2458756.48459950  14.00037 0.00838
2458757.58581420  14.05972 0.01039
2458757.58582560  13.97608 0.01318
2458762.57034470  14.10170 0.01453
2458762.57034470  14.10598 0.00834
2458763.56950270  14.13405 0.01355
2458763.56950930  14.13575 0.01300
2458764.56498940  14.03867 0.01516
2458764.56498940  14.16212 0.01575
2458772.59604530  14.31667 0.02072
2458772.59604730  14.23770 0.02074
2458856.03868860  14.13148 0.02160
2458856.03868980  14.10081 0.03012
2458859.03770320  14.03036 0.03275
2458867.02833610  14.01908 0.01013
2458870.03377540  13.97022 0.01226
2458870.03378170  13.98402 0.01430
2458870.03499980  13.92643 0.01394
2458871.16727070  14.32958 0.01395
2458871.16727070  14.28271 0.00912
2458873.15961130  14.29420 0.00878
2458873.15961220  14.35012 0.01057
2458874.15346430  14.27702 0.00805
2458874.15347580  14.35371 0.00918
2458875.14602990  14.31423 0.00929
2458876.15402610  14.28764 0.00814
2458876.15403620  14.30050 0.00811
2458878.13573490  14.28527 0.00793
2458878.13574290  14.29689 0.00959
2458880.97240560  13.96676 0.00894
2458880.97240720  13.97730 0.00746
2458885.09880810  14.28292 0.00766
2458885.09881490  14.31055 0.00933
2458887.95266990  13.93628 0.01496
2458898.59518390  14.18377 0.01717
2458898.59518430  14.21830 0.01321
2458900.84965440  14.16204 0.01681
2458900.85209650  14.14112 0.01540
2458901.88974660  14.00838 0.01603
2458901.88974920  13.92469 0.01228
2458902.85531680  14.06083 0.01138
2458902.85531690  14.07682 0.01052
2458904.89917990  13.93888 0.00750
2458904.89918880  13.90329 0.00947
2458905.85530240  14.04463 0.00877
2458905.85530240  14.04457 0.00932
2458906.91651960  13.95952 0.00695
2458906.91652550  13.95881 0.00819
2458909.88084020  13.98296 0.00904
2458909.88205750  13.91025 0.00992
2458910.83495170  14.01319 0.01094
2458910.83618300  14.02112 0.00991
2458912.57706100  14.00506 0.01193
2458912.57706460  13.97625 0.00759
2458916.81542570  13.99964 0.02480
2458919.87203330  14.00729 0.01670
2458923.79524860  14.03148 0.01460
2458923.79525140  14.02530 0.01418
2458923.79653430  14.01424 0.01836
2458924.82321480  13.92767 0.01295
2458924.82321480  13.93428 0.02184
2458925.79004390  13.96857 0.01197
2458925.79004430  13.98766 0.01359
2458926.55318970  13.90278 0.01009
2458926.55319060  13.91511 0.01174
2458927.58731210  13.94187 0.00889
2458927.58731890  13.92981 0.01484
2458928.95711880  14.27440 0.01237
2458928.95712080  14.25908 0.01037
2458930.52350110  13.93604 0.00978
2458930.52471840  13.96220 0.01041
2458931.96938350  14.08284 0.00635
2458941.08658880  14.14562 0.00568
2458959.91568380  13.88706 0.00981
2458959.91568680  13.96744 0.00678
2458963.85706730  14.02982 0.00627
2458963.85707160  14.00503 0.00719
2458965.91140380  13.94173 0.00887
2458965.91140890  13.93237 0.00643
2458967.86845640  13.92629 0.00848
2458967.86845640  13.91830 0.00748
2458969.98729850  14.20287 0.00563
2458969.98729850  14.24963 0.00626
2458975.03886340  14.07522 0.01241
2458982.01098430  14.07497 0.00781
2458983.90941250  14.21655 0.00918
2458983.90941250  14.20668 0.01083
2458986.01011260  14.02632 0.00589
2458986.01011570  14.02943 0.00487
2458988.06294320  13.92806 0.00632
2458988.06294340  13.91032 0.00656
2458989.94575660  14.25806 0.01010
2458989.94575660  14.25694 0.01233
2458990.83770000  14.01771 0.00618
2458990.83771150  13.99817 0.00760
2458992.85461920  14.04128 0.00597
2458992.85462140  14.08078 0.00556
2458993.76304080  13.90544 0.00834
2458993.76304080  13.92690 0.00834
2458995.87594330  14.21611 0.00593
2458995.87594680  14.23885 0.00775
2458998.97334550  13.99673 0.00562
2458998.97334840  13.97876 0.00491
2459007.99588700  13.93923 0.01320
2459008.50674710  13.94955 0.04075
2459008.50674710  13.95469 0.02571
2459008.50848940  13.99155 0.06640
2459010.96656810  13.95219 0.01017
2459010.96656990  13.93843 0.00796
2459013.86999760  14.10909 0.00393
2459013.87000110  14.13642 0.00281
2459015.94000050  13.94293 0.00642
2459017.99592920  14.09568 0.00435
2459017.99593000  14.09331 0.00479
2459020.75904030  14.14493 0.00903
2459020.75904030  14.18763 0.01181
2459022.90327510  13.91652 0.00633
2459022.90327740  13.94269 0.00541
2459027.91789400  13.97287 0.00592
2459027.91789620  13.97175 0.00523
2459031.96177230  14.15736 0.01188
2459034.82906510  13.87714 0.02408
2459039.88662150  14.03905 0.00773
2459039.88662170  14.01994 0.00630
2459041.82537090  13.93656 0.00575
2459041.82537280  13.93385 0.00705
2459043.84933690  13.94103 0.00612
2459043.84933780  13.95992 0.00512
2459044.72264390  14.20746 0.01043
2459044.72264450  14.20940 0.00771
2459046.81525170  13.93800 0.00929
2459046.81525170  13.92307 0.00846
2459051.88492470  14.25765 0.00678
2459051.88492470  14.27111 0.00678
2459053.37435230  14.25943 0.01673
2459053.37435230  14.22786 0.01000
2459055.43634600  14.18784 0.00872
2459055.43634910  14.19629 0.01801
2459056.32138200  14.02764 0.01340
2459056.32138510  14.01982 0.00923
2459058.77339630  13.94223 0.00987
2459058.77339850  13.95357 0.00827
2459063.21801060  13.91242 0.01900
2459063.21801130  13.96381 0.02228
2459066.22038300  13.95300 0.01857
2459066.71732370  13.97672 0.01797
2459066.71732370  13.92689 0.01516
2459069.75848140  13.99275 0.00513
2459069.75848140  13.98488 0.00631
2459070.74226760  13.99377 0.01126
2459070.74227090  13.96197 0.01371
2459075.74151020  13.99302 0.00835
2459075.74151490  14.02426 0.00817
2459078.80786210  14.33316 0.00865
2459079.72711070  14.07232 0.01439
2459079.72711070  14.00904 0.01028
2459080.69793190  13.96946 0.01001
2459080.69793280  13.95679 0.00810
2459081.71577600  14.02397 0.00825
2459081.71577670  14.04211 0.00960
2459087.69577020  13.99256 0.01381
2459087.69577070  14.07359 0.01720
2459092.76497910  14.34688 0.01480
2459092.76497910  14.28019 0.01356
2459096.76227200  14.22702 0.01064
2459097.63837810  13.93987 0.00915
2459097.63837810  13.96558 0.01193
2459099.74923930  14.25738 0.00732
2459102.74319990  14.20008 0.00637
2459102.74319990  14.19419 0.00601
2459104.74195190  14.15705 0.00550
2459104.74195390  14.15565 0.00552
2459108.72780540  14.15481 0.00614
2459108.72780540  14.14079 0.00436
2459125.58701670  14.24821 0.01897
2459125.58702420  14.18151 0.02187
2459127.58173720  14.28586 0.01328
2459127.58173970  14.31354 0.01259
2459129.57643550  14.33426 0.01345
2459129.57644240  14.28593 0.01282
2459132.56647230  14.28906 0.01467
2459132.56647470  14.27695 0.01513
2459217.16710980  14.05122 0.02301
2459217.16710980  14.03706 0.02052
2459218.16754480  14.06664 0.02457
2459218.16755120  14.11973 0.01896
2459219.02317830  14.02805 0.00967
2459221.01647050  14.10521 0.01286
2459231.98810340  14.00787 0.00588
2459238.11357630  14.25711 0.00849
2459238.97603330  13.94035 0.00562
2459239.12594070  14.30059 0.00767
2459239.12594070  14.32056 0.00816
2459239.98685190  13.95745 0.00697
2459239.98685640  13.92380 0.00930
2459245.95897310  13.96583 0.01622
2459246.10550170  14.25596 0.02228
2459246.10550940  14.32713 0.01892
2459246.94882470  13.95554 0.01274
2459247.08562410  14.33489 0.01673
2459247.08562770  14.34691 0.01838
2459251.02155430  14.03528 0.00807
2459251.02155430  14.10756 0.00815
2459252.87411590  14.16243 0.00831
2459252.94616240  13.91900 0.00690
2459253.06871110  14.21663 0.00663
2459253.06871850  14.20329 0.00585
2459253.62145850  14.19239 0.01456
2459253.62146150  14.12882 0.01923
2459253.87349540  14.16528 0.00692
2459253.95805400  13.93988 0.00821
2459253.95805400  13.96772 0.00733
2459257.07885280  14.33449 0.00932
2459257.07886430  14.29516 0.00823
2459259.06007900  14.30924 0.00898
2459259.85719410  14.15559 0.01145
2459260.85284350  14.07014 0.01134
2459260.85284850  14.09031 0.00698
2459262.85528830  14.07179 0.01449
2459262.85650230  14.04142 0.01909
2459263.85645070  14.04568 0.01015
2459263.85645310  14.09400 0.00781
2459267.85086870  14.00026 0.00803
2459268.02965410  14.30864 0.01576
2459272.88245670  13.95737 0.01514
2459275.82943590  13.97615 0.02551
2459275.82944260  14.02011 0.03249
2459276.84117790  13.94241 0.02084
2459276.84118610  13.97222 0.02298
2459277.81265170  13.98333 0.02152
2459277.81265300  13.98707 0.02166
2459278.81180610  13.95455 0.02231
2459278.81181070  14.03141 0.01887
2459280.85372220  14.12823 0.00589
2459280.90098600  14.07384 0.01604
2459280.90098890  14.15335 0.02049
2459281.80834080  14.02479 0.00655
2459281.83551970  13.97285 0.01223
2459281.83552860  13.95861 0.01440
2459281.92736560  14.25534 0.01495
2459281.92736720  14.25584 0.01376
2459286.85283600  14.00376 0.00899
2459292.90157890  14.37015 0.01181
2459292.90158240  14.33474 0.01414
2459294.86154920  14.22581 0.01141
2459294.86154920  14.14389 0.01083
2459294.90855020  14.31524 0.01221
2459294.90855700  14.36443 0.01055
2459295.50230850  14.11617 0.00888
2459295.77715610  13.97068 0.00738
2459295.77715850  13.96759 0.00957
2459295.79123020  14.07439 0.00804
2459295.95290100  14.03280 0.00602
2459295.95290100  14.03615 0.00543
2459298.78872950  14.00170 0.00869
2459298.78873280  14.00581 0.01180
2459300.98137220  13.96987 0.01215
2459301.85179600  14.38933 0.02954
2459302.89763150  14.14239 0.03915
2459302.89763160  14.37437 0.03748
2459306.80643390  14.15407 0.02417
2459306.80643720  14.24464 0.02233
2459307.14597880  14.00466 0.02175
2459308.86515500  14.07579 0.00634
2459309.47154390  14.05552 0.00796
2459309.47155320  14.06212 0.00684
2459309.72120020  13.95856 0.01036
2459309.72120230  13.95008 0.01037
2459309.78289520  14.24367 0.00813
2459311.51879780  14.09139 0.01138
2459312.02324350  14.07462 0.00653
2459312.02324350  14.08540 0.00543
2459312.78489390  14.22961 0.01218
2459312.78489750  14.22599 0.01688
2459313.77202100  14.17933 0.00877
2459313.90776450  14.02267 0.00962
2459315.84201040  14.24952 0.01115
2459315.84201790  14.28231 0.01003
2459316.71442690  13.96363 0.01041
2459316.71443190  14.00047 0.00763
2459316.72216060  14.02147 0.00798
2459316.72216130  14.06350 0.00758
2459316.92326600  13.89286 0.00707
2459316.92326620  13.90258 0.00695
2459318.93714440  13.97571 0.00699
2459318.93714980  13.91402 0.00749
2459320.03400180  14.28066 0.00688
2459320.03400330  14.28744 0.00713
2459321.50367900  14.18046 0.01330
2459321.50368360  14.15048 0.01076
2459322.87249980  14.05078 0.01055
2459322.89851110  14.10420 0.00337
2459322.89851780  14.11892 0.00299
2459323.53321730  14.08077 0.00689
2459323.53321730  14.06717 0.00485
2459323.69170950  14.00703 0.00898
2459323.72861700  14.15288 0.00857
2459323.72861700  14.15581 0.00791
2459323.87529790  13.97348 0.00631
2459323.87530210  13.97769 0.00523
2459325.52889020  14.27671 0.01869
2459325.52889350  14.33328 0.01484
2459327.91768420  14.08176 0.00695
2459329.88152420  14.02719 0.01146
2459329.88152420  14.07650 0.00789
2459330.83966500  13.96886 0.01674
2459332.80969550  14.09630 0.02897
2459336.86105460  14.00849 0.00521
2459336.86105580  13.95560 0.00649
2459337.39119020  14.12715 0.00874
2459337.39119450  14.10207 0.00630
2459337.64985240  14.10483 0.00765
2459337.64985450  14.12115 0.00527
2459337.67528770  14.09419 0.01200
2459337.84075660  14.08532 0.00481
2459337.84075800  14.12398 0.00481
2459340.90961410  14.13894 0.00720
2459340.90961910  14.14280 0.00855
2459343.54730490  13.98811 0.00766
2459343.54730490  13.95294 0.01204
2459343.82788500  13.97914 0.00702
2459343.82912530  14.00329 0.00731
2459344.44247300  14.12378 0.00571
2459344.44248370  14.13757 0.00608
2459344.68558110  14.11214 0.00508
2459344.82422340  14.05359 0.00420
2459344.82422340  14.01494 0.00420
2459346.53318480  13.95937 0.01267
2459346.53318700  13.94840 0.00836
2459349.04697720  13.92210 0.00617
2459349.04697870  13.91991 0.00588
2459350.86120830  14.13352 0.01844
2459350.86121430  14.21539 0.01581
2459351.06635540  13.94077 0.00607
2459351.34853320  14.02410 0.00706
2459351.34976330  14.02034 0.00537
2459351.61598730  14.19783 0.01072
2459351.73268880  14.09571 0.00449
2459351.73268920  14.08142 0.00601
2459351.74924370  14.15711 0.00763
2459351.82457800  14.00612 0.00517
2459351.82457970  13.98864 0.00602
2459352.74522180  14.00032 0.01200
2459352.74522420  13.99135 0.01336
2459353.77314030  13.95323 0.00672
2459355.84363270  14.16660 0.01094
2459355.84363520  14.11274 0.00993
2459357.34917800  14.07722 0.01413
2459357.34918200  14.11451 0.01493
2459357.85123620  14.17170 0.01654
2459357.93124400  14.05472 0.00653
2459357.93124400  14.02854 0.00730
2459358.35114870  14.11556 0.01228
2459358.35115340  14.16126 0.01595
2459358.58465970  14.20701 0.01066
2459358.69697560  14.19959 0.02080
2459358.69697650  14.06756 0.01817
2459358.86348360  14.18251 0.01107
2459358.86471350  14.18853 0.01008
2459364.78199920  14.07248 0.00411
2459364.78200340  14.09245 0.00440
2459365.31447020  14.20128 0.01028
2459365.31447170  14.27035 0.01426
2459365.57404040  14.33224 0.01401
2459365.57404550  14.31433 0.01196
2459365.62825680  14.15692 0.00945
2459365.62826010  14.15475 0.00989
2459365.76323130  14.08323 0.00326
2459365.76323340  14.10825 0.00336
2459366.71139260  13.90098 0.01374
2459366.71139300  13.92506 0.01391
2459367.91161670  14.07963 0.00508
2459369.56029090  14.36156 0.01277
2459369.56029470  14.33928 0.01611
2459371.81421950  14.15206 0.00317
2459371.81421950  14.12892 0.00358
2459372.29869180  14.11533 0.00632
2459372.29869230  14.08966 0.00828
2459372.55104930  14.15861 0.00535
2459372.55104930  14.17055 0.00657
2459372.57811590  14.16973 0.00809
2459372.57812350  14.16946 0.00774
2459372.75497950  14.23415 0.00710
2459374.50591230  14.13896 0.01451
2459374.50591320  14.10424 0.00716
2459375.36921490  14.09467 0.00726
2459377.29596470  14.34244 0.01818
2459377.29596580  14.25599 0.01201
2459378.82343030  14.26217 0.01013
2459378.82344230  14.27809 0.01354
2459378.92310870  14.04094 0.00494
2459378.99146770  14.13404 0.00474
2459379.52885820  14.19154 0.00519
2459379.52885870  14.18581 0.00527
2459379.55394460  14.08795 0.00751
2459379.69045920  14.07872 0.00455
2459379.69046440  14.09340 0.00427
2459379.75919670  14.13890 0.00293
2459379.75919670  14.20046 0.00520
2459382.81005110  14.23846 0.00635
2459382.81005670  14.21414 0.00568
2459384.94123530  14.00357 0.01336
2459384.94123530  14.10088 0.02526
2459385.87649310  14.14256 0.00699
2459386.51452860  14.10350 0.00885
2459386.54644970  14.20296 0.02511
2459386.54645280  14.23073 0.02750
2459391.92350270  14.06930 0.01144
2459391.92350500  14.04375 0.01606
2459392.88649270  14.10228 0.00882
2459393.49546320  14.16680 0.00586
2459393.49546540  14.17400 0.00709
2459393.70630450  14.22528 0.01967
2459393.70630590  14.26986 0.02463
2459393.75384720  14.11850 0.00569
2459393.75384720  14.21312 0.00794
2459394.60854390  13.97005 0.00788
2459396.66943660  14.13367 0.00671
2459396.66943760  14.14366 0.00942
2459398.85022940  14.03071 0.00473
2459398.85023090  14.01650 0.00395
2459399.85817710  14.16670 0.00369
2459399.85818060  14.15683 0.00421
2459400.49759480  14.08143 0.00718
2459400.49759690  14.09067 0.00544
2459400.73265890  14.30429 0.01008
2459400.73266380  14.22249 0.01133
2459400.76525910  14.11820 0.00353
2459400.76527090  14.07702 0.00303
2459401.64758850  14.09765 0.01330
2459401.64758920  14.16189 0.01330
2459403.47867820  14.25008 0.00977
2459403.47867860  14.28546 0.01243
2459404.83809540  13.98249 0.00880
2459404.83809610  13.93633 0.00720
2459405.81733580  13.94077 0.00869
2459405.81733580  13.95236 0.00849
2459406.84959800  14.14782 0.00320
2459406.84959800  14.11414 0.00341
2459407.22451490  14.33170 0.01143
2459407.22451840  14.13715 0.01096
2459407.47861770  14.19259 0.01484
2459407.47862130  14.18592 0.01256
2459407.55222400  14.11892 0.00447
2459407.55222930  14.09168 0.00703
2459408.64991620  14.30076 0.01335
2459408.64991950  14.27491 0.01137
2459410.66574380  14.31176 0.01669
2459410.66574420  14.21094 0.02025
2459411.87270160  14.26464 0.00677
2459411.87270560  14.25550 0.00688
2459412.80255610  13.92627 0.00903
2459412.80255740  13.97052 0.00853
2459413.84833300  14.09547 0.00676
2459413.84833300  14.01510 0.00966
2459414.21268290  13.98692 0.01332
2459414.21268710  14.00341 0.01605
2459414.45447820  14.15887 0.02235
2459414.45447960  14.05396 0.02079
2459414.52945010  14.11730 0.00915
2459414.75194560  14.01315 0.00633
2459414.82131920  14.02207 0.01214
2459416.59565010  14.20373 0.02708
2459416.59565750  14.12356 0.02384
2459419.51763920  13.96887 0.01493
2459421.21545990  14.05579 0.01310
2459421.48845770  14.15087 0.00822
2459421.48845980  14.11869 0.00676
2459421.76940020  14.28785 0.00726
2459421.76940900  13.98212 0.00504
2459423.61709260  14.26307 0.02144
2459423.61709260  14.17763 0.02201
2459424.64585070  14.24087 0.01739
2459424.64585070  14.14644 0.01433
2459425.56917200  14.21999 0.01072
2459425.56918090  14.24754 0.00956
2459427.40605470  13.91542 0.00891
2459427.40605840  14.08992 0.01139
2459427.86417160  14.29634 0.00896
2459428.48978490  14.08425 0.00735
2459428.48978670  14.14532 0.00817
2459428.52641900  14.11707 0.00396
2459428.52642040  14.12610 0.00535
2459428.82464720  14.35210 0.00879
2459431.75769330  14.17079 0.00575
2459431.75769540  14.04046 0.00474
2459432.69068610  13.93506 0.00790
2459432.69069020  13.95078 0.00893
2459433.81837260  14.36816 0.00972
2459433.81837550  14.28509 0.01155
2459434.68973840  13.89977 0.00954
2459434.68973990  13.95938 0.00834
2459435.47364440  13.98977 0.01140
2459435.47364490  14.02743 0.00762
2459435.53022990  14.20597 0.01014
2459435.53023450  14.22945 0.01017
2459435.68554360  13.91108 0.01035
2459435.68554520  13.97373 0.00750
2459435.75188090  14.27502 0.01551
2459436.58766130  14.26053 0.01299
2459436.58767190  14.29335 0.01065
2459439.59681780  14.16602 0.01391
2459439.59681780  14.15849 0.01236
2459442.33383980  14.09887 0.01637
2459442.33383980  14.06630 0.01569
2459442.74805040  14.23145 0.01090
2459442.74805270  14.20139 0.00948
2459444.48753930  14.20761 0.02660
2459444.48753930  14.19802 0.02654
2459448.33263640  14.02539 0.03288
2459449.27922410  14.06266 0.03455
2459449.54010670  14.20911 0.03171
2459449.54010670  14.21573 0.03501
2459450.80195640  13.95592 0.01363
2459451.78503590  14.22275 0.00870
2459452.65754840  14.07526 0.00757
2459452.65754840  14.01681 0.00886
2459453.60074850  13.92619 0.01587
2459453.60074850  13.95524 0.01674
2459456.47644360  14.15622 0.00712
2459456.47644410  14.10643 0.00826
2459456.51097450  14.23078 0.01466
2459460.56785820  14.00103 0.00889
2459460.56786060  14.00994 0.01168
2459461.64800470  14.14166 0.00923
2459461.64800870  14.08185 0.01045
2459462.56053600  13.99003 0.00752
2459463.22566960  14.28862 0.02035
2459463.22567310  14.29091 0.01624
2459463.52859880  14.01536 0.00783
2459463.52859880  14.00174 0.00899
2459463.65776570  14.17740 0.01061
2459463.65776570  14.21424 0.01134
2459465.49620780  14.15361 0.01141
2459465.49620780  14.13271 0.00794
2459468.72388730  14.18871 0.01258
2459468.72388730  14.17642 0.01200
2459470.47417230  14.07348 0.01252
2459470.60938170  14.13860 0.01045
2459470.60939400  14.12151 0.01027
2459470.73408760  14.08871 0.00664
2459470.73409440  14.09757 0.00581
2459472.63441460  14.36096 0.03387
2459472.63441460  14.34356 0.02604
2459474.49145890  14.01907 0.01208
2459476.72322200  14.04027 0.01948
2459477.26511850  13.96340 0.03321
2459477.26511850  13.97756 0.02265
2459477.52805560  13.95073 0.01932
2459477.52805940  13.92074 0.02976
2459477.72042660  13.96759 0.01232
2459477.72042660  14.00553 0.01179
2459480.71323550  14.03832 0.02004
2459484.24893450  13.99756 0.01212
2459484.24893450  13.97184 0.00961
2459484.50330000  13.97994 0.00740
2459484.50330000  13.96618 0.01059
2459484.62541690  14.39045 0.01397
2459484.62541690  14.35932 0.01767
2459485.24883120  14.03497 0.01209
2459485.24883750  13.95016 0.01089
2459486.59529200  14.38966 0.01968
2459486.59529200  14.36158 0.01333
2459490.48621200  14.02558 0.01437
2459491.48271290  14.02223 0.02984
2459493.58408520  14.41623 0.01373
2459493.58408520  14.36101 0.01551
2459496.57527530  14.35521 0.01504
2459496.57527530  14.37064 0.01440
2459498.57007180  14.38327 0.01820
2459579.03602240  14.00089 0.02965
2459586.15732890  14.28238 0.00942
2459586.15733320  14.32757 0.01006
2459596.13373950  14.32386 0.02390
2459596.13373950  14.38104 0.02619
2459598.00967550  14.05564 0.02769
2459599.14452720  14.35501 0.02592
2459599.14453530  14.30604 0.02377
2459602.13619440  14.30621 0.01153
2459602.13619560  14.23970 0.01151
2459605.11350880  14.35344 0.01199
2459608.10193070  14.32350 0.00923
2459608.10193070  14.42816 0.01428
2459610.10486550  14.35666 0.01091
2459610.10486550  14.34413 0.01014
2459616.08070460  14.38534 0.01074
2459616.08070460  14.34933 0.00906
2459618.07739740  14.16924 0.00566
2459618.07739740  14.08802 0.00476
2459620.07641410  14.26550 0.00787
2459620.07642580  14.28011 0.00978
2459621.61988550  14.04825 0.01327
2459621.61988940  13.99812 0.00974
2459622.61922730  14.01960 0.01414
2459622.61923840  14.04708 0.00944
2459623.85852180  14.03024 0.01427
2459623.85852290  14.05978 0.00893
2459624.85752070  14.05855 0.01517
2459624.85752890  14.07285 0.02011
2459625.88872150  13.93965 0.01979
2459625.88872800  13.96790 0.01254
2459625.91328850  13.97964 0.01767
2459625.91328850  13.97995 0.01538
2459629.86709590  13.96273 0.02320
2459631.93659230  14.12497 0.01812
2459631.93659230  14.18021 0.02042
2459634.60487960  14.01798 0.01706
2459634.60488280  13.95291 0.01725
2459637.04160460  14.09517 0.00551
2459637.04160460  14.09261 0.00458
2459638.89604080  14.14592 0.01530
2459638.89604080  14.09308 0.01925
2459642.02479770  14.07676 0.00567
2459644.03307830  14.03020 0.00617
2459646.06541310  14.00869 0.00667
2459648.80972920  13.97694 0.00868
2459649.83637420  14.19026 0.01054
2459649.83638030  14.21009 0.00914
2459649.83762640  14.01788 0.00921
2459651.98101760  14.07101 0.01409
2459653.97552530  14.00923 0.01664
2459655.53813730  14.00971 0.03372
2459655.53814500  13.96662 0.02250
2459657.84343020  14.27032 0.02799
2459659.77894830  14.04571 0.01589
2459661.84296830  14.30869 0.02025
2459661.84296830  14.36588 0.02113
2459661.84547220  14.39404 0.02952
2459662.83058100  14.26596 0.01764
2459662.83058100  14.28105 0.01977
2459663.80568320  14.26058 0.01699
2459663.80569480  14.25908 0.01437
2459664.76507070  14.07294 0.00682
2459664.81063370  14.20454 0.01284
2459664.81064230  14.22883 0.01159
2459666.84881230  14.38183 0.01563
2459666.84881830  14.37726 0.01355
2459667.86654390  14.34915 0.01222
2459667.86654420  14.32423 0.01023
2459669.90202650  14.06360 0.00468
2459669.90202650  14.06004 0.00662
2459672.03115190  14.27153 0.00673
2459673.79957400  14.28654 0.00953
2459673.79957400  14.24427 0.01017
2459675.82881510  14.42986 0.01538
2459675.82881700  14.36096 0.01112
2459677.93484480  14.13117 0.00427
2459679.85428030  14.10389 0.00647
2459679.85428030  14.05476 0.00779
2459679.91108250  13.98179 0.01029
2459679.91108250  14.02327 0.01007
2459682.99209880  14.31921 0.01213
2459686.81817270  14.02604 0.01109
2459686.89536020  13.98565 0.03164
2459686.90291870  13.90298 0.02830
2459688.89678190  13.95558 0.02386
2459690.85108030  14.04009 0.01538
2459691.92126680  14.09725 0.00937
2459691.92126680  14.10706 0.00987
2459692.97641410  14.25512 0.03342
2459693.84477810  13.99143 0.01007
2459693.84477930  14.00639 0.00721
2459693.87840340  13.97684 0.00650
2459693.87840340  13.99267 0.00764
2459694.71126640  14.34059 0.01137
2459694.71126640  14.32205 0.00976
2459694.75106320  14.33855 0.01363
2459694.75106600  14.31226 0.01324
2459695.66487950  14.20343 0.01249
2459695.66487950  14.15696 0.01012
2459696.81919150  14.03564 0.01011
2459696.81919150  14.03499 0.00859
2459702.90875310  14.25898 0.01150
2459702.90875600  14.24900 0.00927
2459706.91282660  14.32587 0.01388
2459706.91282660  14.34103 0.01136
2459706.91410580  14.24793 0.01330
2459706.91537050  14.28158 0.01442
2459710.63494110  14.31975 0.01425
2459710.63494650  14.33875 0.02171
2459711.72073840  14.11691 0.01444
2459713.70402850  14.11304 0.01525
2459713.70403190  14.02156 0.01350
2459714.71197270  14.06284 0.01943
2459714.71197390  14.12007 0.01749
2459714.71327750  13.95981 0.03318
2459714.71457570  14.16363 0.02940
2459715.60037140  14.26101 0.05229
2459715.60037140  14.27823 0.03962
2459715.60166960  14.28244 0.07843
2459719.60118480  14.32265 0.01932
2459719.60119310  14.42536 0.02359
2459722.97345020  14.00113 0.00581
2459723.73963030  13.96604 0.00913
2459723.73963030  14.00846 0.00969
2459724.65026100  14.13596 0.01360
2459724.65026100  14.17502 0.01468
2459726.99204990  14.07327 0.00453
2459727.78852980  14.24123 0.01072
2459727.78852980  14.21284 0.00859
2459727.79101240  14.20257 0.01469
2459727.80145380  14.30487 0.01028
2459727.80145380  14.28541 0.01143
2459730.85956040  14.18452 0.00794
2459730.85956040  14.14018 0.00684
2459731.58947850  14.42077 0.02018
2459732.76261900  14.11692 0.00821
2459732.76261900  14.11519 0.00730
2459735.87757350  14.06029 0.00792
2459735.87757350  14.03084 0.00823
2459737.69289530  13.95432 0.00987
2459737.69289530  13.96532 0.01002
2459739.81612330  14.27889 0.01337
2459739.81612430  14.28193 0.01125
2459739.81741120  14.29427 0.01673
2459739.81742170  14.27202 0.01309
2459741.54378800  14.42167 0.02254
2459746.77919250  14.13813 0.00858
2459747.57642760  14.15063 0.01786
2459748.70489110  14.23953 0.02553
2459748.70489940  14.27087 0.02167
2459749.59941800  14.03532 0.00844
2459749.59941800  13.98884 0.00979
2459751.83759850  14.00360 0.00609
2459751.83884880  13.99637 0.00693
2459753.73716380  14.28120 0.01134
2459753.73716380  14.23586 0.01145
2459756.26276770  14.15770 0.01011
2459756.26276770  14.19059 0.01204
2459757.73984450  14.26402 0.00914
2459757.73984450  14.26198 0.01173
2459759.85694300  14.00592 0.00595
2459760.75917640  14.10715 0.01357
2459760.75918140  14.13590 0.00975
2459760.82221500  13.93483 0.00817
2459760.82221500  13.91006 0.00819
2459760.82345530  13.92374 0.01012
2459762.78773430  13.95121 0.00773
2459762.78773430  13.97925 0.00669
2459765.80032700  13.93663 0.00926
2459765.80282130  13.89250 0.02087
2459768.30493970  13.99565 0.01380
2459768.30494670  13.97537 0.01040
2459769.73749890  14.07362 0.02296
2459769.73750680  14.15219 0.02367
2459771.72598760  14.00674 0.01829
2459773.53992990  14.05773 0.01899
2459773.53992990  14.05461 0.03071
2459775.79944900  14.05943 0.02305
2459775.79944900  13.94349 0.01986
2459779.87270030  14.37634 0.00945
2459782.68517010  14.06594 0.00689
2459782.68517180  14.05417 0.00988
2459783.62620350  14.34064 0.01268
2459783.62620730  14.32856 0.01226
2459783.67994510  14.05821 0.00719
2459783.67994510  14.07023 0.01027
2459784.60063580  14.32119 0.01256
2459784.60063580  14.31780 0.01205
2459788.22440620  13.96212 0.01209
2459788.22440620  13.97615 0.00785
2459791.49162670  14.07822 0.00568
2459791.49163590  14.07876 0.00904
2459792.68267200  13.98687 0.00844
2459792.68267200  13.92041 0.00697
2459793.67713890  14.01559 0.00700
2459793.67714150  14.02799 0.01001
2459794.67238280  13.95845 0.00889
2459795.65359850  14.00144 0.01220
2459795.65360850  14.04848 0.00977
2459796.63523690  14.05794 0.01166
2459796.63523690  14.10571 0.01084
2459799.52421450  14.37735 0.02145
2459799.52421660  14.29981 0.02723
2459800.46954220  14.11814 0.01795
2459800.47077980  14.16604 0.02055
2459802.80627790  14.33062 0.01917
2459802.80750420  14.27605 0.02202
2459804.74529610  14.37570 0.03271
2459804.74530230  14.41873 0.04340
2459805.72878880  14.28947 0.02256
2459805.72878880  14.26211 0.02427
2459807.77124810  14.37310 0.00989
2459811.75007240  14.38675 0.00964
2459812.34724650  13.99753 0.00971
2459812.34724960  13.95700 0.01123
2459812.34973010  14.04909 0.02065
2459817.78783810  14.03614 0.00540
2459822.75452510  14.15263 0.00452
2459824.51415960  14.06740 0.00745
2459825.59597340  14.06616 0.01989
2459825.59597340  14.03060 0.01568
2459826.30755430  14.06628 0.01833
2459826.30756580  14.01149 0.01830
2459830.53784450  13.98498 0.01573
2459830.53784450  13.91220 0.01662
2459832.50448820  14.05561 0.01668
2459832.50449230  14.00596 0.02313
2459834.54316740  14.01927 0.01584
2459834.54316770  14.00298 0.01749
2459835.64018240  14.42909 0.02362
2459835.64019140  14.37761 0.02434
2459838.72064810  13.95769 0.01035
2459842.25088590  13.93137 0.01263
2459842.25088610  13.97022 0.01107
2459843.50209580  14.02294 0.00982
2459843.50209580  14.05614 0.00715
2459844.62054980  14.34925 0.01231
2459844.62055890  14.31816 0.01444
2459846.25465660  14.01789 0.00863
2459846.25465660  14.03367 0.01220
2459847.50862860  14.06407 0.00935
2459847.50863450  14.07832 0.00764
2459850.60719380  14.32638 0.01206
2459850.60720670  14.29180 0.01265
2459851.59131870  14.34526 0.01471
2459851.59131870  14.31373 0.01063
2459853.49333420  14.08207 0.01442
2459853.49334110  14.09973 0.00839
2459855.57446050  14.32627 0.01514
2459855.57446050  14.28040 0.01645
2459967.12098490  14.29582 0.00941
2459979.88649330  13.99218 0.03264
2459979.88649940  14.04472 0.03456
2459980.97858590  14.16500 0.02441
2459980.97858590  14.23424 0.02963
2459980.97982610  14.15083 0.02871
2459985.86450970  14.02176 0.02308
2459985.86450970  13.90836 0.02726
2459987.86328170  14.03388 0.02151
2459987.86328480  14.01527 0.02075
2459987.86457980  13.95301 0.03598
2459987.86458740  14.00339 0.02422
2459997.85162300  13.99907 0.00734
2459997.85162480  13.97468 0.01155
2459998.84923860  13.95018 0.01355
2459998.84923860  13.98032 0.00965
2459999.86157150  14.01056 0.01647
2459999.86157450  14.04874 0.00928
2460002.58337400  13.97117 0.00860
2460002.58337570  13.97355 0.00751
2460003.82794750  13.96531 0.00983
2460003.82794850  13.97369 0.00667
2460010.81697180  14.05199 0.01907
2460013.86555790  14.26141 0.01121
2460013.86555940  14.29203 0.01473
2460016.90504770  14.29978 0.01460
2460016.90505200  14.23003 0.01784
2460018.89116830  14.30027 0.01292
2460018.89117940  14.35537 0.01609
2460019.86871440  14.32050 0.01133
2460019.86871440  14.27917 0.01298
2460022.98169110  13.96863 0.00759
2460028.03992980  14.25948 0.00861
2460029.90815380  14.00884 0.01156
2460029.90815380  14.01532 0.01645
2460031.89891790  14.05214 0.01358
2460031.89892130  14.03267 0.00757
2460031.90017170  14.02031 0.00981
2460034.97594450  14.05690 0.00884
2460037.52837480  14.24472 0.02089
2460037.52837750  14.26685 0.02115
2460039.93045080  14.03175 0.01074
2460043.71667570  14.25068 0.02247
2460045.72939590  14.31381 0.03925
2460045.72939960  14.35354 0.02418
2460046.89151540  13.94385 0.00883
2460046.89151940  13.96872 0.01048
2460047.72486210  14.35949 0.02871
2460049.54537200  14.06983 0.00617
2460049.54537200  14.11244 0.01051
2460050.51660000  14.16667 0.00948
2460050.51660000  14.26937 0.01297
2460051.57483530  14.04686 0.01072
2460052.91072110  14.04810 0.00739
2460052.91072110  14.09042 0.00613
2460055.81432060  13.95478 0.00855
2460055.81432060  13.94871 0.00969
2460057.92705810  14.37812 0.04692
2460057.92706650  14.27334 0.03299
2460058.86211990  14.05269 0.00870
2460058.86212820  14.08234 0.00627
2460061.44971060  14.28909 0.01400
2460061.44971060  14.25684 0.01433
2460062.72805920  14.15431 0.01244
2460062.72806830  14.16654 0.01399
2460068.46383800  14.18764 0.02291
2460068.46384080  14.10767 0.01835
2460070.81134560  13.98090 0.02340
2460070.81134560  13.93349 0.01983
2460071.88912910  14.38866 0.03121
2460071.88912910  14.34905 0.02427
2460072.77178340  13.99788 0.01610
2460072.77178340  14.02476 0.01867
2460073.75697990  13.95099 0.01263
2460073.75697990  13.95852 0.01447
2460075.06520980  14.08295 0.01004
2460075.06521520  14.11841 0.00901
2460075.98923550  14.02494 0.01042
2460078.78630060  14.04527 0.01069
2460078.78630060  14.04381 0.01001
2460079.76343330  14.05628 0.02296
2460079.76344490  14.03119 0.01289
2460081.73443340  13.89612 0.01467
2460081.73443340  13.95528 0.01013
2460083.72809350  13.92246 0.01363
2460083.72809350  13.94461 0.01013
2460086.76890180  14.07742 0.01050
2460089.78439950  14.26940 0.02450
2460089.78439950  14.24404 0.02210
2460093.79416640  14.31116 0.01414
2460094.74534810  14.16559 0.01616
2460095.67769440  13.94419 0.01524
2460095.67769440  13.96748 0.01643
2460096.73816010  14.13610 0.02950
2460097.77092090  14.30134 0.01897
2460101.65407020  13.94013 0.01017
2460101.65407020  14.02047 0.00968
2460103.79010680  14.25193 0.02300
2460103.79010680  14.40672 0.01689
2460104.82059490  14.02029 0.01569
2460107.78594050  14.19320 0.00716
2460107.78594050  14.19221 0.01281
2460108.79930380  14.11211 0.01051
2460108.79930860  14.14933 0.00881
2460109.66279630  14.11573 0.00759
2460109.66279630  14.11430 0.01276
2460109.71504640  14.35090 0.01999
2460109.71504640  14.33637 0.01140
2460110.78596200  14.14689 0.01041
2460110.78596200  14.13967 0.01057
2460112.87931180  14.02157 0.00744
2460112.87931770  13.99716 0.00674
2460114.86451520  13.98805 0.00619
2460114.86451520  13.94750 0.00783
2460117.92577190  14.32371 0.01254
2460119.51928560  14.08270 0.00887
2460120.66414440  14.31438 0.01318
2460120.66414440  14.29228 0.01368
2460120.74614320  13.99267 0.00626
2460122.95493660  14.35023 0.00803
2460122.95494260  14.33532 0.00952
2460125.49424280  14.08348 0.02746
2460125.49424280  14.05359 0.02040
2460127.54022750  14.09628 0.02417
2460127.54022750  14.04471 0.02582
2460129.74286250  14.06319 0.02041
2460131.88812420  14.32277 0.02700
2460131.88812420  14.29915 0.01210
2460133.72451550  14.00601 0.01022
2460133.72451910  13.94306 0.01537
2460134.84916800  14.27820 0.01992
2460135.86911450  14.27453 0.00622
2460135.86912480  14.38365 0.01127
2460137.91483110  14.17095 0.00526
2460137.91483580  14.20103 0.00537
2460139.70339220  13.97220 0.00729
2460140.88787080  14.26126 0.00616
2460140.88787550  14.26530 0.00788
2460146.86310520  14.26144 0.00775
2460148.53131550  14.18105 0.00676
2460148.53131660  14.19279 0.00872
2460148.57498110  14.34153 0.02344
2460148.57499270  14.28696 0.01480
2460150.78870050  14.33458 0.01312
2460151.87701410  14.07063 0.00912
2460151.87701410  14.05274 0.00838
2460154.60389210  14.08701 0.01550
2460154.60389210  14.05003 0.01506
2460156.56431690  14.28152 0.01879
2460156.56431690  14.24527 0.02959
2460158.62877930  13.93486 0.02442
2460159.58041740  14.06295 0.01565
2460159.58042410  14.12731 0.01270
2460161.23030220  14.31644 0.01706
2460161.23031350  14.24649 0.01099
2460161.82962040  14.12476 0.00946
2460161.82963180  14.12379 0.00667
2460164.22386270  14.32768 0.01439
2460164.85275850  13.96425 0.00803
2460171.65552620  14.17758 0.01063
2460176.21749350  14.37119 0.01789
2460176.21749350  14.33170 0.01545
2460177.31812480  14.00214 0.00890
2460177.31813510  13.98798 0.00634
2460185.23612800  14.14861 0.02047
2460185.23612800  14.19767 0.02582
2460187.68194160  14.28547 0.02933
2460189.76812140  13.93956 0.01193
2460190.67387270  14.36681 0.02219
2460191.76703370  13.93767 0.00658
2460191.76703370  14.01219 0.00990
2460193.68386780  14.14075 0.00935
2460194.74985890  13.97908 0.00809
2460200.76219700  14.04545 0.00825
2460200.76219700  13.98999 0.00638
2460202.65425310  14.08034 0.00960
2460205.75117650  14.01478 0.00612
2460210.71615000  13.96584 0.02465
2460215.23411740  14.10979 0.03074
2460215.23411740  14.08150 0.02111
2460217.50401920  14.26347 0.02334
2460217.50402420  14.33663 0.03171
2460219.50237280  14.34987 0.01449
2460219.50237940  14.33953 0.01349
2460221.48247940  14.23915 0.02528
2460229.55918860  14.05737 0.01209
2460229.55918990  14.10909 0.01344
2460232.59420660  13.99093 0.00920
2460232.59420660  13.95943 0.01028
2460310.03580370  13.97503 0.03424
2460313.02578610  13.93916 0.01497
2460320.01449610  14.02289 0.00866
2460320.01450520  13.99556 0.00888
2460321.00741580  13.98983 0.00767
2460322.01912610  14.03706 0.00867
2460322.01912610  14.05526 0.00698
2460337.98818450  14.24270 0.01884
2460345.95878880  14.24484 0.01042
2460364.60009230  14.03555 0.03431
2460371.63031430  14.37174 0.02643
2460371.63031430  14.26591 0.01670
2460377.58572200  14.38107 0.01676
2460377.58573240  14.28615 0.01130
2460378.58926410  14.32466 0.01435
2460378.58926410  14.29790 0.01115
2460379.58374500  14.32737 0.01220
2460379.58374500  14.30413 0.01311
2460380.58768060  14.33057 0.01674
2460380.58768890  14.36877 0.01373
2460381.58662650  14.43797 0.01795
2460381.58662650  14.32481 0.01416
2460382.58558490  14.35035 0.01497
2460382.58558490  14.37189 0.01667
2460384.57292190  14.30778 0.01397
2460384.57292190  14.38988 0.01941
2460386.99497650  14.03375 0.00607
2460387.99893250  14.08840 0.00691
2460388.53639870  14.31887 0.01858
2460388.53639870  14.34229 0.01654
2460388.99165700  14.10058 0.01000
2460390.54505920  14.33169 0.01535
2460390.54505920  14.34628 0.01519
2460390.96984360  14.01077 0.01377
2460391.52560700  14.09126 0.04434
2460391.96609180  14.02533 0.01583
2460398.02114510  14.32683 0.02031
2460400.06376550  14.14157 0.01075
2460401.02996900  14.31135 0.01629
2460402.10413630  13.99131 0.00863
2460405.11983190  13.95241 0.00744
2460405.72893000  14.40277 0.01307
2460407.99145510  14.29615 0.00796
2460408.99021780  14.31927 0.00891
2460409.97010620  14.31440 0.01028
2460410.97154460  14.32611 0.01014
2460412.48560340  14.37182 0.01828
2460412.48560500  14.34007 0.01243
2460413.49536630  14.20613 0.01878
2460413.49537630  14.23468 0.01222
2460414.50964230  14.21899 0.01529
2460414.50964230  14.12229 0.01403
2460416.93180900  14.31511 0.01140
2460417.47414650  14.26315 0.01288
2460417.47414830  14.32884 0.01623
2460417.75183330  14.14584 0.00869
2460417.75183330  14.14412 0.01013
2460417.90360750  14.25856 0.01323
2460418.46823170  14.24568 0.01903
2460418.46823520  14.32214 0.01772
2460418.89242040  14.17681 0.01413
2460419.89014670  14.21937 0.01445
2460420.44872990  14.28750 0.03320
2460421.46101280  14.22250 0.02411
2460422.89030440  14.30824 0.02678
2460425.45969230  14.11864 0.05034
2460425.45969470  14.13430 0.03536
2460428.06012030  14.00102 0.01287
2460428.06136160  13.96148 0.02469
2460429.54890060  14.02210 0.01153
2460429.54890060  14.02438 0.02365
2460430.93471790  14.10668 0.01653
2460432.67971820  14.16310 0.00692
2460432.67971820  14.18316 0.01066
2460433.74781130  13.97631 0.01475
2460433.74903990  13.89389 0.02079
2460434.73974250  13.99378 0.00733
2460434.73974250  13.97209 0.00862
2460436.73745330  13.96504 0.01260
2460436.73745330  14.02540 0.00854
2460438.00997310  14.00116 0.00666
2460439.63519650  14.30940 0.01479
2460439.63519650  14.23676 0.00901
2460440.50292370  14.03419 0.01346
2460440.50292370  14.02523 0.01050
2460443.42541930  13.99028 0.00699
2460443.42541930  13.99632 0.00929
2460447.59895970  14.29180 0.02288
2460448.78505480  14.29308 0.01125
2460448.78505480  14.32762 0.01135
2460449.47992300  14.03892 0.01933
2460449.47993420  14.04261 0.01333
2460450.73072010  14.08062 0.01851
2460450.73072010  14.13689 0.01119
2460453.87526020  13.97022 0.02469
2460453.87526360  14.06063 0.01892
2460453.87648430  14.09197 0.02314
2460456.82797940  14.11322 0.03381
