2458014.5020775	15.882234005750725	0.02653153197802
2458015.5010352	16.324739104057507	0.0250801858808888
2458016.4804552	16.436102569593487	0.0573038509147142
2458018.4987047	16.53735455798914	0.0406273083709555
2458019.492668	15.840481657517	0.0292534179244194
2458032.4872279	16.419699907118634	0.0740269096491655
2458060.5141002	16.242878995575047	0.0890201982779866
2458174.9005662	16.294795653244204	0.1463102448337735
2458175.9000825	15.966458284231352	0.1150428377860417
2458176.8957027	16.536869312850477	0.0694598608446985
2458178.8969534	16.185711406628403	0.0835360787251377
2458180.8821986	16.37299541360869	0.1109952599102901
2458181.6288571	16.50757494112485	0.0832673167540874
2458192.9076222	16.819212780465055	0.1706609521282967
2458194.8984807	15.884936112487829	0.0306781958198686
2458195.6412041	16.39889004771279	0.0310651803819704
2458195.8820922	16.229983207449695	0.0310378230933556
2458196.88935	16.522455616433195	0.0508259497225524
2458197.628152	15.864053010618155	0.0271338201423877
2458197.8692668	16.372532985821508	0.0304170562784632
2458198.6188394	16.268776909451855	0.019594936335371
2458198.8794689	16.405084142485798	0.039574189313159
2458200.5948294	16.427199463909417	0.0306934972704484
2458200.8933809	16.29853561418528	0.0288293846372988
2458201.5865076	16.433980722450297	0.0317483985468744
2458201.854567	16.346216650026054	0.0351078666673184
2458202.8423942	16.65179098253906	0.056371651759639
2458203.5994999	16.19322679252653	0.0257516601577556
2458203.8453727	16.517931580098562	0.0414525048400485
2458205.8927453	16.27982394652403	0.0303756826997138
2458206.8391567	16.214420779819548	0.0584268767690955
2458211.9697171	16.528900132078345	0.1379860960918769
2458213.8483037	16.28438706183898	0.051918490069837
2458220.8927632	16.249483421300823	0.041638717955556
2458221.8458657	16.33688883937398	0.030827062364867
2458223.893543	16.545110935619707	0.0434198925584625
2458224.8286374	15.65470895145767	0.030675541644047
2458226.8207133	16.335279223445017	0.0343337383598244
2458227.8333248	16.61265185024036	0.0476049571578874
2458229.8549408	15.714311702447104	0.0286456448298047
2458230.8244132	16.007382989934765	0.0275134581983606
2458246.8752234	16.547878772195688	0.0620108422040884
2458249.8326012	15.671464218437558	0.0276041711255014
2458250.750844	15.574915878190708	0.0304181745566269
2458257.5095168	16.44806473087006	0.034870513480715
2458258.7310513	16.608758965283915	0.0449449439431432
2458259.8103942	15.789812690424236	0.0300119756942471
2458262.6749318	16.351010715619996	0.0354421611921543
2458263.667124	16.498350807366624	0.0470956899558545
2458264.8545768	15.79336848388512	0.0299629052770621
2458274.4804371	16.16430312129328	0.0265234658092897
2458275.4299119	16.28796885337199	0.0368072720984715
2458277.7244208	16.497253330081165	0.0399012868004551
2458280.445868	16.292856734022752	0.022164405396171
2458281.44314	16.49214445409141	0.0344132797284656
2458282.4454687	16.46812149457508	0.0306176883506813
2458283.5606799	16.11896915592415	0.0240125742230879
2458283.7128822	16.561426766996608	0.0429311869425612
2458286.4682822	16.4303856332113	0.0319873981363196
2458286.7867482	16.350906697990567	0.0265527014945661
2458287.785159	16.464689777274415	0.0390188781996064
2458288.8159072	16.405722320385937	0.0398681103376256
2458289.7427669	16.57329003694304	0.0438800149838759
2458290.3382778	15.91266846473969	0.0313836290629626
2458291.7981411	16.31428636266059	0.0372936237538148
2458294.6079448	16.47433408570594	0.0859858289893699
2458295.8170002	16.38159308658752	0.0792312948553289
2458301.9257891	16.153802196748664	0.1433113386051174
2458305.4063646	16.220440316820643	0.0190813313528938
2458306.4106779	16.407680958866862	0.0293146863608869
2458306.636668	15.987104161981875	0.0255323710999331
2458307.4073292	16.441006041938103	0.0361796157689513
2458308.4039364	16.446724690752504	0.0318891960011767
2458308.7748745	16.52416981481874	0.0378739504290968
2458310.4014408	16.28943375864392	0.0219094048180517
2458322.8591359	16.486899361278784	0.1073803066609772
2458323.2623871	16.4737334074382	0.0911725302181272
2458323.5975458	16.61345634757467	0.0952637703535253
2458328.5216018	15.855312247147795	0.0555264379376799
2458329.7176477	16.6522095483104	0.0986323521939039
2458331.5332628	16.436128511650406	0.0420784985793682
2458333.3283139	16.53920800467462	0.039090015420755
2458334.4636394	16.203664182206687	0.0591160823902334
2458335.7353474	15.784924666830534	0.0296789944860967
2458336.6188281	15.492621740514531	0.0346413564669057
2458337.3119661	16.4213755837016	0.0372394765249002
2458337.7184366	16.323000820974674	0.0373898379729082
2458339.3195614	16.057553097508112	0.0242202992815513
2458340.3163288	15.91688832511499	0.0228608689115276
2458344.3031256	16.379036872155794	0.0351011896830705
2458344.7550747	16.510075021984886	0.043671346484471
2458345.3075577	15.852032010289074	0.0294087200328416
2458345.7126452	15.51666784535163	0.0308698594808612
2458346.340871	16.325822951773887	0.030194916282406
2458346.6244698	15.681863519189484	0.0256604760212035
2458347.699851	16.381902119068126	0.0287977851521169
2458349.5809033	16.495763591975404	0.0572453534437945
2458356.5232423	16.738170934269064	0.1359825701939624
2458358.5130827	16.088168888252405	0.0406242412639109
2458360.5211073	16.49809522356001	0.036419234314178
2458361.5590944	16.533712417514785	0.0493442727596017
2458363.5519485	16.28310180175098	0.0289510602003577
2458364.6870175	16.539183828079103	0.0481844131787333
2458365.2821485	15.777696401546454	0.0235890358467429
2458365.6979814	15.630827820459189	0.0266811125416649
2458367.5311485	15.728795777280686	0.0281182955370897
2458368.5615753	16.246182565320485	0.0347630513455721
2458389.2414632	16.4190559251045	0.0366264257326868
2458391.6683718	15.912359691361104	0.0337354021118107
2458394.6693378	16.36820684364715	0.0478665399224259
2458396.6526653	15.809575737706002	0.0321323287781065
2458397.6026065	16.110951409385756	0.029703116661143
2458399.2834521	16.3685490890835	0.0374924103504004
2458399.6478587	16.55378735087586	0.0538671808748634
2458404.5786811	16.58685438700614	0.0498441168327679
2458405.6236223	16.468521679657997	0.0554197116446332
2458415.2422481	15.77859717880887	0.0769038212356932
2458417.5439954	15.814038384192248	0.0475253847276438
2458424.2631985	16.56723593442743	0.058274487768861
2458424.5218841	16.52659743942253	0.0309443658215784
2458425.5147378	16.54067437456216	0.0456783428939379
2458426.5146558	16.717792788735373	0.0683190374650694
2458427.2777207	16.567389961500467	0.0758812208972429
2458427.5120428	15.70329108576722	0.0336028557224916
2458428.5605758	16.281733652552482	0.0430401001255147
2458429.5602201	16.382626423146025	0.0570509179297276
2458539.8983465	16.2533124834369	0.1039193353025522
2458540.8982426	16.525216401111273	0.1603583079544189
2458541.8935547	16.43309376497833	0.067311688843387
2458546.9000139	16.421396016842095	0.0828200739957597
2458547.8886302	16.511050059537123	0.0509947865025218
2458550.8821284	16.584703557752302	0.0452494181164937
2458551.8736068	16.56994273433635	0.0500564548542464
2458552.8842894	16.406531123957674	0.0304649094820806
2458554.6079849	16.53367116410854	0.0508733135704743
2458555.6077582	16.38033419156049	0.0393660172098662
2458557.607381	16.183069246748293	0.0326105105296992
2458558.6123778	16.358429915182427	0.0698839831739953
2458560.8770502	16.41654910891713	0.0433042502093189
2458563.6147871	16.234322300151764	0.1026508151299415
2458566.8583349	16.341140653104546	0.0760566457646248
2458567.6380776	16.459704808079614	0.0686388790838238
2458567.8505544	16.743566213474885	0.0828229129707989
2458568.8714372	15.960381127186146	0.0454666922395082
2458573.9003249	16.189748952850096	0.0319832378948763
2458575.5697023	16.497687293299098	0.0447028690477621
2458575.8178243	16.379979058056264	0.0248846928712008
2458576.8171446	16.47646160185131	0.0339385363757441
2458577.8124764	16.52628788716453	0.0418092587692549
2458578.8152659	15.630201722192703	0.030176174591167
2458579.8145265	16.142105056635707	0.033513280582924
2458580.8016065	16.293571926232808	0.0368133475411024
2458581.8011845	16.584046116202337	0.0403471465411937
2458582.7967638	16.668916711305627	0.0530314459677961
2458583.7959261	15.942591260755233	0.0305736934495025
2458585.5347681	16.45560596647314	0.0410811470511505
2458585.9056917	16.51206544141219	0.0430887049828557
2458586.7825394	16.455933258642702	0.0449937142404901
2458587.7789991	16.790911471125675	0.0583830328963631
2458589.1036689	16.534947767366862	0.0458324850403173
2458591.5184467	15.778128848156076	0.0715660619936257
2458595.7648861	16.484127198811066	0.0771229804892119
2458596.1175046	15.69725168463522	0.040379204428951
2458601.745628	16.540792258241066	0.0453335027685036
2458602.7312709	16.583488325959465	0.0561198720939112
2458604.4807057	16.4549352103626	0.0363124660459202
2458605.0862181	16.547952403680302	0.0352726861460188
2458605.7326832	16.30875068118429	0.0316935533359442
2458606.7438777	16.555554377725542	0.0462592167560815
2458610.0517321	16.52578568875047	0.0373254352625201
2458611.0635058	15.631481833772014	0.023202231581443
2458612.0544104	15.939291113031532	0.0210457249027206
2458613.4530284	16.094929706510285	0.0297767062083786
2458615.4524678	16.36774540367141	0.0300191198279996
2458618.7225891	16.616505470783324	0.0941544338954037
2458620.9305754	16.05625390470196	0.111128017410498
2458628.5724463	16.471455075913994	0.0689093678908919
2458631.0073107	16.47186056027078	0.0363925015351043
2458632.0654215	16.081573187828244	0.0255318943366195
2458632.9879213	16.103328211417516	0.0212759077440415
2458633.5491037	16.42118055704875	0.0410034825404012
2458633.9088664	16.122492112804167	0.0337519415611165
2458635.9810419	16.41123910277289	0.0328153232325103
2458636.6484002	16.293728871628282	0.0357789528181572
2458637.6835484	16.572310426218355	0.0444726892086107
2458642.0408436	15.952644053877718	0.0201092315662806
2458643.6245158	16.4588806992672	0.0416313980260451
2458644.6371044	16.83382235182102	0.0928700984475444
2458645.400768	16.40769648680066	0.0524157581762884
2458646.6333006	16.16072565060282	0.0497955662857555
2458650.3492214	16.440185891333584	0.1173441578595703
2458650.8830497	16.564147425501364	0.1354717157026298
2458650.9123341	16.45560030725121	0.103592370491635
2458656.9204472	16.50285376395171	0.062716301038364
2458657.9408917	15.965075689741315	0.0331651768833715
2458658.3341081	15.572685226337809	0.0242052279223448
2458660.7093059	16.220614609935236	0.0300984827443233
2458660.9057839	16.500780517241303	0.0595410151917292
2458661.5450425	15.735077805179296	0.027991413163603
2458661.9934986	15.70581774388905	0.0195918628310917
2458662.7389032	16.58626356203815	0.0539435450176489
2458667.6670942	16.51071173534866	0.0405216747501268
2458684.8159841	16.10187022549577	0.0841265413142439
2458686.3744416	16.513413160897045	0.0680556412481138
2458688.8104581	15.846224489169405	0.0397142040835532
2458692.77514	16.377131587306945	0.1126867860192492
2458693.8249896	15.867000031274811	0.0521214867923414
2458694.8098376	16.238366329711006	0.0828300128459418
2458695.6649924	15.93787653807679	0.0938591340393889
2458697.398314	14.344606245975145	0.0735634511058917
2458698.5355087	12.217822588551105	0.054413476826394
2458699.882667	13.053535894048736	0.0526319751990764
2458700.8698507	14.643751743750506	0.0605554611413213
2458701.4916614	15.360591973050363	0.1008366926415578
2458702.7625032	15.76961411169748	0.0839328703243257
2458703.5510358	16.591973766072236	0.1340982532759339
2458703.8025915	15.62345480969163	0.146187575279461
2458705.7677524	16.405528726170758	0.1140732253273695
2458711.555032	16.077580183684038	0.0896688121034394
2458715.4820062	16.243283724381076	0.0558268066307724
2458715.8136308	16.50101290541117	0.0357763488042081
2458716.4861204	15.579528720055782	0.0307552446393198
2458716.8366581	16.40936696702388	0.0354038006833119
2458717.8315505	16.16033900280958	0.0248311083266435
2458721.715352	16.355824514583187	0.0539648469090322
2458722.7835882	16.444374746001216	0.0309989900073718
2458723.812639	15.823057460278417	0.0215039045875572
2458724.8017527	16.18960313584221	0.0273334945419277
2458727.7417088	16.334674873148522	0.0509399196601833
2458728.8048919	15.768550564546162	0.0204171190446551
2458729.6028617	16.609896990238575	0.0523388783890165
2458730.7778965	16.424211297858538	0.0363378618489386
2458738.5451173	16.48986522648729	0.1197661236849946
2458740.5579043	16.122789156906602	0.0538986357202257
2458742.3636813	16.760549450622435	0.1517957725565259
2458742.5957305	16.68919245521411	0.092511944659364
2458743.4100792	16.00553513994066	0.0653050448207382
2458743.5813024	16.602914716636562	0.0863225286239051
2458752.6595551	16.446526418189617	0.0555959975438907
2458754.6833643	15.613860414335804	0.0371622191221813
2458755.5975833	15.723633386184066	0.0290284141962829
2458767.6385332	16.511999544566265	0.1450818911644123
2458769.6422803	15.821672712109311	0.0887360217924173
2458773.2514125	16.560213360362802	0.0500218212323757
2458773.5858628	16.278761660009124	0.0586289448128635
2458774.5860522	16.65997751061501	0.0562425788386214
2458775.5943054	15.724855221538384	0.0464013432056762
2458775.6234604	15.77505379700922	0.0345953201057303
2458777.6198742	16.267694586962605	0.0447344070749308
2458780.6127671	15.786918879630186	0.0424180726160122
2458781.5604477	16.11484384389924	0.0394885517467209
2458782.5537203	16.382140463607183	0.0471848530453864
2458782.6124235	16.689664251950717	0.0960008436277251
2458783.5600579	16.55093533036969	0.0630080542479496
2458785.6061125	15.70738475123167	0.0580952064974714
2458786.531418	15.968719804756033	0.0861802306441364
2458796.5028634	15.817487458667973	0.0759791076862693
2458798.5491212	16.29274335005674	0.1182633760096377
2458800.5502168	16.049099699605666	0.1170578386145683
2458802.5387788	16.115535440027823	0.0898906130764922
2458803.5360322	16.430950713128123	0.1407359173075852
2458902.9002436	16.34540265544207	99.999
2458904.8950616	16.596592871945866	0.1166253269276594
2458905.8979403	16.399333807075863	0.1074805073925089
2458906.8938232	15.619273353671645	0.0397111659998862
2458907.8968518	16.226120290595183	0.0716517829465305
2458909.6312027	15.599448128959091	0.0348752545323039
2458911.6257255	16.421864687713082	0.0474017461865584
2458912.628509	16.416154173020622	0.0450024254170836
2458929.5921754	15.968242832145092	0.0345658221391623
2458931.5864959	16.298623781188954	0.034281887925686
2458933.9877989	16.353548483221292	0.0465869975331701
2458957.9408353	16.310817912890993	0.0438732019644018
2458959.926805	16.35288007373105	0.0530992790731873
2458967.0727966	16.295307739637295	0.0262307398660225
2458968.9020887	16.321355312554772	0.0335227239288532
2458972.0543948	16.392897765513325	0.0314268861893253
2458984.0320864	16.590435591362162	0.0676962070964024
2458999.0008363	16.518840822686343	0.039094133499469
2459004.0198461	16.61049283401661	0.106605624091446
2459014.9499364	16.500426338900734	0.0333899558466325
2459019.4101372	16.52420236663415	0.0538654960662973
2459022.4565103	16.271771854148547	0.0276575630178164
2459027.9138806	16.216472642240525	0.0188104000653598
2459030.9576298	15.683577911369822	0.0297922847519053
2459038.5113589	16.31771586025683	0.0719971429053408
2459041.8732786	15.76619730965568	0.0228542686461757
2459043.9173749	16.519487781325736	0.0385274313095376
2459046.2679383	16.365694543210395	0.036434596107955
2459048.852386	16.31271270024627	0.0295343910382956
2459051.8495868	15.566235210542157	0.0212449016477336
2459058.8435395	16.43452329403033	0.0517184793041828
2459059.8170983	16.270137478567797	0.051139889440031
2459073.772896	16.214570958136008	0.0269294414043484
2459075.8174394	16.46221269948055	0.0338411922659726
2459078.7586873	16.167767672480483	0.0215126696823349
2459084.7704527	16.338790136817938	0.0557794027876496
2459085.7495086	16.508778240321917	99.999
2459129.6398018	15.939032815275302	0.049169714492976
2459132.6192135	16.41312263869384	0.0562189992332097
2459149.2545191	16.31526704729549	0.0872819637389739
2459149.5503273	15.52955627379869	0.0424232749896086
2459266.8899286	16.225433739460787	0.0777524269306699
2459271.8908623	16.393133309239488	0.0823240135225017
2459285.9034977	15.856190300244135	0.0435419402551635
2459287.8914361	16.36407742617193	0.0365771631705681
2459290.8811406	15.732009943054823	0.0314438628396559
2459291.8255447	15.973491017471153	0.0371790342730261
2459295.835026	16.04374479021784	0.039401711417916
2459298.8177198	16.47620525059114	0.0352480943145771
2459299.8099918	16.73326413373689	0.1033111847605892
2459300.8190846	16.59115439194377	0.1244865220881314
2459302.5641731	16.629198759843444	0.1820998748405205
2459311.5377279	16.37918128928074	0.0387927422064732
2459312.9681296	16.330236642887947	0.0484737182077083
2459315.1290286	16.49041898557937	0.0480600293047394
2459316.7728289	15.679489878693763	0.0320047421694482
2459318.5370988	16.24304119736864	0.035482636261162
2459319.9031973	16.49222532864122	0.0375185727638446
2459321.496215	16.336040558041663	0.0424704394700897
2459325.4859148	16.088427990150073	0.0405989469374372
2459328.1098749	15.573064127738157	0.0217937996573441
2459338.6954032	16.27011998052208	0.0309869338011626
2459340.6524271	16.416606977789456	0.0907422569681405
2459343.9102094	16.286989186337554	0.037197009262493
2459344.5518359	16.020662307282652	0.0262024910902103
2459344.9029503	16.01934517003339	0.0334509205067806
2459345.8292844	15.602185947993163	0.031710337924056
2459347.0769875	16.420959575342145	0.0344130843078472
2459348.7050071	16.35089255094342	0.0329153502639979
2459348.7596556	16.490047540723392	0.0402927272159766
2459351.4238524	16.16013626083556	0.0333296656523014
2459351.6711352	16.46619231510923	0.037795640578541
2459351.8225347	16.203633356939434	0.028361355142981
2459352.8654852	16.52522216741142	0.0509255305360891
2459352.8667033	16.538531660521283	0.0623883292152389
2459355.009792	15.98567261719178	0.0231996829372124
2459357.402678	16.620160801439003	0.0896275613429011
2459358.6472786	16.21341244980445	0.0974773621344183
2459358.8443974	16.334038411738973	0.0738262535706013
2459359.8438297	16.776324896805967	0.1072476164095618
2459365.7985439	16.3769187126895	0.107291065366076
2459366.6361798	16.38034213395579	0.037530963117145
2459367.6314709	15.787043233457425	0.0326204631528406
2459369.5787543	16.10069070550236	0.032543589109658
2459369.9148876	15.494097659581117	0.0324069494475695
2459370.8760319	15.895255621213929	0.0325786641724513
2459371.7947211	16.20255490780088	0.0262929931965117
2459372.3618561	16.311789451627185	0.0337323791263634
2459372.6044666	16.556390726538993	0.0616057422757185
2459372.8276227	16.496191273581587	0.0436183264316603
2459374.8128173	16.44250278630396	0.045573226672218
2459377.9608749	16.491867121938167	0.0341268072958996
2459378.8347781	16.475835834093328	0.0580347011396732
2459379.5952963	16.23707495667997	0.0366160222249954
2459383.5931484	15.910462942220692	0.035609249842445
2459384.3455881	16.36108508699385	0.0354224578571391
2459385.3644266	15.56840096228732	0.0390958437331991
2459385.866464	15.791235007212618	0.0306160799998513
2459386.6346803	16.537898313051144	0.0884212911801187
2459386.8090089	15.971831657588297	0.0417920682054966
2459387.8774735	16.473935653491154	0.0683657901035561
2459389.8091055	16.595511924588024	0.1914590747561624
2459394.7035698	16.689277950751695	0.0836506194003744
2459396.5465935	16.463758789136534	0.0417805574589456
2459397.9352356	16.457864140338398	0.0343486872242825
2459400.8123426	15.517627214330384	0.0440647272523
2459402.2931366	16.263998842167247	0.0245272525456288
2459403.8430373	16.385599706240413	0.0565555284978051
2459405.7094089	16.495482970521667	0.032244423513397
2459406.4874448	16.40459381648914	0.0398337745138244
2459407.5089591	16.424540317823947	0.0277265715182699
2459408.615288	16.064085966769156	0.0306619873723292
2459409.7622959	16.641033343628752	0.0474873154959844
2459412.2650537	15.936847699299843	0.029798120569473
2459412.8349951	16.637485797546837	0.0648240644684075
2459414.4898376	15.786736747731023	0.0584742747439715
2459414.6892625	16.794766395712646	0.095503963318624
2459420.6533619	16.323939931632786	0.1143579038277768
2459426.6727338	16.61189258527051	0.0451186380747297
2459427.6194907	15.580683660519822	0.0283132262262311
2459428.6876628	16.29858916558432	0.0360568381895029
2459428.8782503	16.48827995793386	0.0462276388940145
2459429.5702238	16.188062690709213	0.041436047835259
2459431.5689571	16.485731158988088	0.0367178440449627
2459432.8266929	16.365367564621874	0.0309346561316763
2459434.8028598	16.572747421535038	0.0395272180808439
2459435.6550404	16.42883572180047	0.0601224916215084
2459435.7824499	16.109738809813127	0.0392196797862225
2459436.6160239	16.559568389697585	0.0402818134662078
2459439.7341115	16.48198084392342	0.0447692400473026
2459442.3298857	16.32121678836039	0.0532150122814746
2459444.4784951	15.773252595614576	0.0588731378596607
2459450.426182	16.28253179263762	0.1085923243295293
2459450.821173	15.648607056475646	0.0448273881522106
2459451.4071651	16.231448346496855	0.0753716619006978
2459451.8042663	16.204322941821438	99.99
2459453.6179123	16.142669560304796	0.0420822088624514
2459454.6566787	16.60847192104815	0.0637678047013911
2459455.6368447	16.601553501660792	0.0487496775615465
2459457.3525916	16.388334241945607	0.0382878832674777
2459458.5630458	15.777584507598	0.0447575818178981
2459460.5849515	16.58918096454713	0.046953344572927
2459461.6442367	16.45995387161564	0.0660503226062229
2459462.5359177	16.58724670820441	0.0482471175089663
2459465.5698484	16.590232008106582	0.0466873508890567
2459466.5678647	16.51130892146533	0.0466513850911054
2459468.2799953	16.390199319512124	0.0634144278980416
2459469.7385952	16.523651281558436	0.0522469731737749
2459470.5120458	16.382246365775778	0.0377947804142734
2459475.2875141	16.858638056279492	0.1255313240688368
2459477.4005566	16.673248537677786	99.999
2459477.5605661	16.68177508792886	0.123911506606468
2459482.7299594	16.17359136057357	0.0268199092963255
2459484.3520337	16.394554425010664	0.0296922564161022
2459484.6394501	16.62979948140147	0.0576361762981354
2459486.6712035	16.25384767107136	0.0465445232068779
2459487.6743422	15.957501435418012	0.0381869169065142
2459489.5008403	15.9770823272812	0.0329013162524767
2459493.3331688	16.52639611811898	0.0440483268063022
2459494.6435107	16.437281562312684	0.0469661965226832
2459495.6582856	16.540389190827685	0.0656686264229081
2459496.3580746	16.134703964695202	0.038815107116738
2459497.6123614	15.66900910446561	0.0288183080126144
2459498.5202295	15.5496460559505	0.0300767329654241
2459502.5456969	16.797107978471033	0.1024969429612648
2459503.5042475	15.843554267183563	0.0413686610085692
2459504.5763733	16.511989829234988	0.0844163179752873
2459505.5094598	16.419943796662352	0.069255862804227
2459506.3155949	15.93313138925585	0.0772938531967908
2459507.6106604	15.475510864270351	0.0663129299705676
2459508.5567641	15.827200466242592	0.0637716981351601
2459509.5540052	16.20058180550315	0.0863462010869149
2459509.6154882	16.879797102312867	99.999
2459510.6086973	16.716293311821463	0.1690617219205957
2459512.2914618	16.175114439460373	0.0390867936989898
2459513.2995311	16.413296897580864	0.0399409703342433
2459515.5922449	16.468195507134975	0.0626521493362352
2459516.5491142	16.389285520264576	0.0403343595370029
2459516.5954369	16.510371076479977	0.0629076740053036
2459517.5386724	16.734321880473445	0.0707677435758723
2459518.573201	15.915804221260688	0.0383778268782945
2459520.5857126	16.47972900767038	0.0547515743430703
2459522.2690002	16.110406033166957	0.0409281294266861
2459522.5161277	16.65840814192749	0.0709215370328143
2459523.5561634	15.939961035364991	0.0451502344686239
2459530.5091773	16.61160547181232	0.1298142305505446
2459532.5468985	16.51410794640928	0.1382137360958491
2459533.5501811	15.901467593724018	0.066915306268988
2459539.536003	16.02165395852866	99.999
2459631.8943421	16.4984179485343	0.1494620440261437
2459639.8915593	15.933766034314257	0.0605486333860072
2459639.8927996	16.007597730862003	0.0717801045005341
2459658.8525942	16.650101619866305	0.1037020986459646
2459661.5910723	17.102157868623983	99.999
2459661.5923357	16.99375177136939	99.999
2459667.5702089	15.615328971287072	0.037399532005402
2459668.8199176	16.600436576077268	0.0593187252904178
2459668.8705627	16.4866332458392	0.0384443831445777
2459670.8990648	16.426340736448317	0.0375811156170552
2459670.9649327	16.230152899376613	0.0469250702971226
2459672.803695	16.593814854589944	0.0488233297680182
2459674.9762494	16.165526827625193	0.0372862031465573
2459677.7893628	16.52860469498814	0.0353412399334522
2459684.7482224	16.589181215984013	0.1420160779807762
2459687.9601877	16.262617621860652	0.1034007253115012
2459693.8681262	16.35962790046782	0.0498425906701756
2459694.7282313	16.57659651761978	0.0418346321095179
2459696.5849235	16.55382970276184	0.0413117297715203
2459697.5958082	15.964268464167937	0.0478486451564173
2459697.5970716	16.022703786355738	0.0680130371861786
2459698.897401	15.678781828516296	0.0288843349152734
2459704.8871684	16.04671485166977	0.0371838119033869
2459711.4425033	16.348731373563083	0.0777522219101453
2459711.4437436	16.366382045101634	0.171648441701124
2459711.4449837	16.656651016423737	0.1514221499201858
2459713.450514	15.497421134609525	0.0588826727671502
2459714.6920612	16.85494829127695	0.1845795743067557
2459722.7120243	16.38019296101661	0.0324714742787158
2459725.6459146	16.569187273175345	0.0475338995056636
2459727.5826409	15.891159658912764	0.0361511941030795
2459727.7994234	16.529806818039802	0.0303131853491178
2459727.8079777	16.654185156659974	0.0767682110230078
2459730.4316593	16.34449298457823	0.035960188105829
2459731.5288718	16.47192646805913	0.0333417750215543
2459731.921286	16.4658124408897	0.0595127599042697
2459733.505795	15.994664602251753	0.0280359529996704
2459737.3607245	16.47671731521458	0.0600912283081626
2459738.9202947	15.710906641551412	0.0333626200831821
2459739.8194406	15.732276307655017	0.0273863106561249
2459740.9197117	16.520175210231244	0.0462383502707363
2459741.8122645	16.65602630219304	0.0554548391975968
2459741.880122	16.499106901521415	0.0402431262823274
2459743.5910794	16.069204245832058	0.0974427390851665
2459748.884138	15.581826322670636	0.0791958542112106
2459753.8018307	16.369918395563246	0.0509445910599042
2459753.8030825	16.4497581100456	0.0792488060509528
2459756.3306497	16.35282737171295	0.0456277419884939
2459758.8517264	16.287566346603917	0.0323511149911843
2459760.5650025	16.538730859773963	0.0456847084789493
2459762.7914896	16.413349100340895	0.0456161850870494
2459763.8394856	16.493932139790175	0.034471560859137
2459765.5484211	16.58491266655232	0.0448549610075816
2459766.859973	16.530644212059634	0.038345236425708
2459778.4109608	15.732502687990344	0.0422737768769823
2459781.5400931	16.444379977653348	0.0522707807234306
2459782.7342066	16.521061529491618	0.0416644063634414
2459783.6943075	16.557245374495345	0.0308148259668473
2459784.6567442	16.502074641620073	0.039213908866579
2459787.2536576	16.296423468968054	0.0507314136099623
2459787.5933016	16.104833286044403	0.0282611713617473
2459787.6317123	16.269498014013436	0.0301102996821524
2459788.865122	15.484392300961858	0.0308352511168843
2459788.8663507	15.5542662923187	0.0465102833600588
2459789.7046255	16.23411965531828	0.025856423885044
2459791.7705866	16.273783845529085	0.0534329202229865
2459793.2751342	16.498996240943136	0.0595283020040256
2459797.4791162	16.145320527006074	0.0343742312557283
2459799.5163587	16.495472818326036	0.0729627932786101
2459805.7652874	16.17237728930157	0.0751799254498276
2459807.6404656	16.349112285544944	0.0482358379194724
2459812.4494122	16.47539122243165	0.051254916789835
2459820.6651232	15.76963420833663	0.032298389624909
2459821.693093	16.251008836268355	0.0325573762048983
2459821.6943914	16.254099459581642	0.0549048616792348
2459823.2639526	16.479628271141426	0.060411837100811
2459826.2998792	16.153947429625763	0.0500879315423962
2459832.5672361	16.142014873612524	0.0814328266869616
2459835.4097177	16.601970791221888	0.1467054072056942
2459838.6791844	16.414806557457496	0.0507615001481207
2459840.6520528	16.14316522187256	0.0324602833201641
2459843.5759362	16.303209702727962	0.0340475596958866
2459844.5613552	16.536228203629804	0.0418064877460387
2459845.5615529	16.42539476493418	0.0335454757615687
2459846.5391863	16.24485102723697	0.0260548782246751
2459847.5997839	16.176461357300347	0.0312224996259543
2459848.5969562	16.436676146471353	0.0373374094777355
2459850.6326754	16.538132843366533	0.0462494701313753
2459851.6142638	15.816876469979924	0.0297388321088949
2459852.5714387	16.145996993824575	0.0374843288915985
2459853.5563515	16.347157843709013	0.0455622881059983
2459854.523654	16.495014433280215	0.068621037592859
2459858.326349	16.28573342962538	0.0936271023915608
2459859.5407634	16.310439558446735	0.0754422766378688
2459861.5265965	16.377990148704203	0.0822990427252975
2459864.641812	15.203024265809578	99.999
2459865.5324799	16.495928561482476	0.0384620120725939
2459870.574448	16.571553114744912	0.0448516568702568
2459871.5093317	16.423570722671407	0.0432666588246997
2459872.5029464	15.686013296518892	0.0308634563313077
2459874.2729222	16.380704977260983	0.0543931127704365
2459875.2744166	15.936242488564409	0.0310037652234088
2459876.5044311	16.423463874375145	0.036489321924194
2459878.5526879	16.349182390020914	0.0352330274144298
2459879.533919	16.47290068927417	0.0482220497983795
2459880.5259866	16.565158731999244	0.0414791903836534
2459881.587729	15.665150662863866	0.0372696224361478
2459885.5224817	16.560079889858205	0.0729060172253609
2459886.5183612	16.466910679251615	0.0638131966168102
2459887.5117996	15.795990337608975	0.0436738307343688
2459888.5083946	16.36680904530001	0.0725176967212634
2459889.5085983	16.488634910435216	0.117456390528517
2459894.5044845	16.626245652444943	0.1287400184872807
2459896.5510446	15.994155390117514	0.0399244999909661
2459901.5381404	16.404061204541087	0.1514319715606051
2459995.8949009	16.23069984132205	0.1112710836191176
2459998.8964616	15.861982987401856	0.076420216172639
2460000.8985786	16.906261719318532	99.999
2460002.6410048	16.35399090751264	0.120020594705607
2460004.6281885	16.35738310304777	0.0429856654595049
2460004.6294404	16.370155910900138	0.0714782322119262
2460014.6266601	16.496857728474044	0.1212667375251905
2460014.8877856	16.341452085467964	0.0596278743286682
2460015.8908928	16.702928761349533	0.1061151079462899
2460022.8349319	16.65876272230683	0.0574516278939124
2460023.8401089	15.901915617349216	0.0376069667872251
2460026.8277706	16.572535426497417	0.0435191061089612
2460028.9879774	16.25812528717731	0.0423253200121084
2460030.8216219	16.55319537271002	0.0509982885664281
2460030.8392015	16.57757181820972	0.0493875282572162
2460030.8404997	16.578842772765565	0.056922741222353
2460031.8044665	16.59114570734693	0.0422139943506736
2460031.8595774	16.48847859336356	0.047417275949687
2460034.5785109	16.416863423933496	0.0426591915532431
2460035.5428084	16.550820027718885	0.0386029740630555
2460036.5618177	15.802586049375083	0.0253650953966126
2460039.5536572	16.026517069957432	0.0714973107601476
2460043.8110559	15.725571593263943	0.0571928483351981
2460045.6557789	15.75472839427789	0.0394928035142401
2460045.7642433	16.446009833957707	0.0911026533062118
2460049.8886015	16.512550371795015	0.0536266542808943
2460050.8278059	16.359289527128634	0.0353826333089138
2460051.7628119	16.497404028573367	0.0455255637257163
2460052.6709526	16.38630907133458	0.0836514981311776
2460056.7462563	16.589168126662386	0.0448354085765438
2460056.748854	16.62081735651784	0.0676377872541112
2460057.7544188	16.55110322688385	0.0361836026749861
2460057.755706	16.67402150416563	0.0463202099272068
2460060.492499	17.297412326042895	0.1715762762946163
2460062.9711408	15.89597316004336	0.0910007928313321
2460064.9075301	16.53406369712817	0.0676918587104655
2460065.8804395	16.49757353729761	0.0432004440567235
2460069.4498827	16.626238892446313	0.1425715961750552
2460070.4747044	16.731259272056022	0.1678647642844142
2460072.7696967	16.472998024674176	0.1177662683334962
2460081.0294494	16.03780187093665	0.0319669516083828
2460084.715432	15.737679017375266	0.0287443206302599
2460085.6891201	16.16883327653271	0.0325782325271635
2460086.0265731	16.026149090495334	0.0321230419600462
2460087.0192933	15.932491374747812	0.02570244783652
2460088.0195573	16.261500599768883	0.0428855831045483
2460088.413799	16.06913644512055	0.0276730941205534
2460089.0161445	16.382100195156493	0.0490712512307877
2460089.4026991	16.209957131870905	0.0526518978937249
2460089.7063647	15.65814164867972	0.0275472794336082
2460091.0032919	16.579043083504335	0.0616734031270796
2460091.4044388	16.451893083767427	0.0396347065072035
2460091.6747037	16.33402426270608	0.0558393484164102
2460091.9993924	15.840216558212964	0.0048677705810963
2460092.3998489	15.688266677241174	0.0306786707547888
2460092.6870735	16.48534735519377	0.0457147510429957
2460093.0065308	16.329667863149062	0.0480805508393256
2460093.4026559	16.08014612945131	0.0354654277912489
2460093.9921924	16.474029531862875	0.0590614322433899
2460095.0085386	16.498559212395897	0.0704720192003189
2460104.024995	16.559043801713816	0.0810705572015516
2460105.0175871	16.36692268532076	0.0650740134451641
2460106.0228047	15.88711896574214	0.0287557472592267
2460107.0270205	16.039002850269917	0.0297318832555651
2460109.9458821	15.91885165959827	0.1120249010834541
2460111.77209	16.334517101241197	0.0759952271100546
2460113.6666724	16.429982831401578	0.0326839881751027
2460115.9994149	16.463000773629584	0.0561107110529997
2460118.7308226	15.873654646747706	0.0651936130529331
2460121.5669668	16.071214417823477	0.0468964989594746
2460123.7460578	15.851604862665823	0.0278397654409138
2460123.8540081	16.21910183962529	0.0342148457516194
2460124.868293	16.542963687859093	0.0445473192705551
2460126.6775678	16.35202195898669	0.0711272801822118
2460131.6852822	16.781597888537892	0.1256917347000148
2460132.8134729	16.19252275913602	0.0883515598706204
2460133.8567714	16.062711989380006	0.052838582659825
2460136.7963252	16.537603787389752	0.0359289202280709
2460138.8246587	16.029374849707775	0.0382400375374582
2460141.9166071	15.836930084103496	0.0158332980606258
2460144.8314564	16.325032527353848	0.0442834524102492
2460145.8400592	16.526794231295735	0.0554980923704347
2460148.8346796	16.05547596425946	0.0344262665297284
2460150.8284139	16.460769037932035	0.0445506406006707
2460151.9111062	16.027204529315846	0.0271155463968403
2460154.5824593	15.98331190265263	0.0406173687175835
2460159.4625821	16.774417309707278	0.1964025208565462
2460159.8648758	16.506584007750014	0.0825635947922427
2460161.8712872	16.46468395879142	0.0597831658518539
2460166.8256903	16.22963374000974	0.051742188891087
2460171.7721644	16.444508480348617	0.0558746080457467
2460172.8283712	15.602693121739083	0.0364016573369906
2460173.7956293	15.816705099224198	0.0348680884628103
2460180.8119574	16.47149427417609	0.0664869087993245
2460186.7738904	16.58713423104612	0.1782442320739096
2460187.7887968	16.423093082382255	0.1144696898749086
2460189.7302354	16.073417354305764	0.0458604442983704
2460191.7398939	16.307882829318704	0.0842349484288329
2460192.762389	16.59244540277337	0.0783267388516292
2460194.7354526	15.98247398753168	0.0345658080986964
2460195.760669	16.42848336320066	0.0592653493152285
2460198.7223815	15.64109858762052	0.0360965615412917
2460200.4047131	16.46107713603464	0.03776129273778
2460200.7737559	16.677120023511947	0.0811055903100306
2460204.767186	16.150823604271228	0.0382849198544139
2460206.7121166	16.36668992719508	0.0578807782983984
2460209.7207178	16.00905601637441	0.0369728802565689
2460216.5810498	16.15124301204279	0.1437685749617805
2460218.5294082	16.571493438550956	0.0580762990833264
2460220.2889194	16.31696996982971	0.0453852062436994
2460222.7046544	16.65530857076633	0.1177306471494884
2460223.588815	16.570624321140258	0.0453976572172928
2460224.5515312	16.475299169298022	0.0503751865368006
2460227.2836264	16.48624683328169	0.0458546205676736
2460228.6494245	16.306006687656332	0.0511236803749842
2460230.5785331	15.727197299351149	0.0374781086712977
2460231.5798722	16.243816099628575	0.0344989121884829
2460235.5088405	16.501956729581284	0.0374343445936991
2460236.5459828	16.095977043084485	0.0419673396936092
2460237.3138318	16.524638402044374	0.0800733945153033
2460242.2906842	16.34756063210464	0.0819313264876317
2460243.5279232	16.462074347856372	0.0845196389292064
2460243.530381	16.41810049194483	0.139918063882851
2460244.5362615	16.469652198140075	0.1045700055482583
2460252.5320455	16.50224949097064	0.0432858677783371
2460253.2591329	15.754574528463236	0.0381103916301387
2460254.5198203	16.49279514923607	0.0519406047448946
2460255.2870913	16.323854176774134	0.0458540282374034
2460362.8938066	15.91428290731578	0.0635794852569704
2460366.8828402	15.704324018041508	0.0495224973982732
2460367.6313672	16.313436693726068	0.1366558582530071
2460369.6319874	15.597979832598869	0.1188984744052868
2460369.8881814	16.504293303481155	0.0870201493347891
2460370.8873356	16.717321473752452	0.1011520293156325
2460371.6265703	16.576368890060017	99.999
2460371.8826017	15.686371550881468	0.0418509825774066
2460372.8818664	16.245548081362156	0.0637440709158541
2460390.595763	15.63695052817064	0.0385469490230184
2460391.9939705	15.909472794245596	0.0773227619054941
2460398.8500652	16.680141458494624	0.1082092103266461
2460400.1452595	16.11852669051835	0.1105015371823429
2460400.609364	16.57050561021963	99.999
2460407.1241255	16.505687322483528	0.0554986269102834
2460409.120928	15.7016521170815	0.0274489384066855
2460410.1173812	16.04785519384255	0.031379502838874
2460411.1137722	16.22249386990983	0.0404805489292271
2460412.5233296	16.46777937909078	0.0527033790406601
2460413.5368131	16.448029377197393	0.0405761388865747
2460414.5369983	16.736889192824748	0.068511519424502
2460416.529332	16.37928565205835	0.0443735540345908
2460417.5230674	16.334323109971443	0.0401556296149282
2460418.524567	16.389424401103266	0.0436115024187521
2460420.5012929	15.809017934758456	0.0680474034106536
2460425.4937016	15.928285195205907	0.154681829722846
2460425.8110805	16.705846523554243	0.1147741040972413
2460428.0884643	16.97333097513533	0.2123947663131346
2460428.0896814	15.706754295407244	0.07249782108701
2460432.8860308	16.324806296842283	0.0552125767822593
2460433.8794555	16.34069776238348	0.0410728400401655
2460434.8791147	16.306304108950457	0.0400183300416868
2460436.8835725	15.78697967290904	0.0289630184938429
2460437.957287	16.251667148300896	0.0926055988153038
2460440.0355455	15.651661979823857	0.0253274205975871
2460442.7095483	16.32242552307657	0.0498548843352547
2460443.9190285	16.27968319229243	0.0475287310851796
2460444.8825454	16.420184945984122	0.053547022027948
2460447.8667253	16.197076417540377	0.0404797304692109
2460448.8798896	16.303629974322334	0.0431279298051082
