2458014.4797005	14.567362440155309	0.011661064758032
2458015.4898469	14.462425114212106	0.0094208928541828
2458015.4910641	14.423504166782148	0.0120275252588337
2458016.4841417	14.475489699420612	0.0074826376233248
2458018.4799648	14.453468874004448	0.0326274741215375
2458020.4795771	14.510136946852404	0.0192147678826671
2458057.5196683	14.555451494947516	0.0154124430421876
2458058.520278	14.378479240473414	0.0129979692454384
2458168.8942849	14.400452943446204	0.0220786956680933
2458170.8864691	14.399283060129836	0.0108476976405737
2458180.8766881	14.488928986113796	0.0437102273158609
2458181.6196046	14.388015068965167	0.0142566037833849
2458181.8721423	14.392984959901453	0.0141617693881523
2458191.8972228	14.486020693445944	0.0082389876562001
2458192.8807667	14.437781838016743	0.0090806103462542
2458193.8539782	14.49967707079342	0.0079265878781647
2458194.8456305	14.384969660896065	0.0095376331411659
2458195.6337507	14.426240483484117	0.0072321807718252
2458196.6364896	14.523244214780217	0.0100043996591985
2458197.6430957	14.331459205356554	0.0100506080477805
2458198.6383371	14.520039436314873	0.0098150315738555
2458198.8304011	14.523970939469578	0.0098504941826002
2458199.8451197	14.39294427357834	0.009061919296487
2458200.5677123	14.541251310947732	0.0122432005433593
2458200.8478967	14.556488931935004	0.0102105551917131
2458201.5631665	14.4704055844678	0.0077313098365387
2458201.8582639	14.518062229124125	0.0088755119168591
2458202.8387178	14.408143045212238	0.0090584818715915
2458203.5577404	14.533037724702726	0.0109194630554581
2458203.8490649	14.581630026252672	0.0118186228036945
2458204.5640488	14.406672287695732	0.008114613211546
2458205.5551066	14.502210196952758	0.0096328087213799
2458206.8085622	14.44824084399072	0.0150962013903142
2458207.8077231	14.434296698097082	0.0217875700144463
2458212.8720939	14.537009319769732	0.0253604587476274
2458223.8367358	14.405114592303194	0.008101524917533
2458225.8881821	14.54391323459589	0.0098340328719062
2458226.8077635	14.522190916351876	0.0080367203138903
2458227.8034531	14.505062914812727	0.0092055070886706
2458230.7710249	14.411148157044313	0.0089166202357108
2458233.5564363	14.41301256294253	0.0075230865598786
2458235.8972208	14.547808681506918	0.0119364840309175
2458245.8453789	14.54756273046595	0.0190340373877625
2458246.8454134	14.485955990027945	0.0087596289143363
2458250.8553121	14.428691715284607	0.0079842525124163
2458253.7599821	14.458953478209043	0.0106005325749836
2458254.5254698	14.389394640740498	0.0080721459151101
2458254.7335934	14.375990431190644	0.0091710515119682
2458255.5249533	14.404454480625173	0.0093152088168139
2458256.5185941	14.49843375155449	0.0100341140413176
2458257.5132033	14.359775674421902	0.0086972114938176
2458259.6832195	14.401008557628185	0.0102553769140169
2458261.6942823	14.420769159434796	0.0083666480896884
2458262.8476078	14.499462063031178	0.0092206324029093
2458264.8851071	14.536884392244618	0.008962307498401
2458274.7012122	14.494183895222989	0.0116423433455926
2458276.4572692	14.51054384436498	0.0091702397744728
2458277.5022772	14.506449159307325	0.0100210255975927
2458280.4495391	14.368570427055603	0.0085682915318787
2458281.4504704	14.459231076963537	0.0063904456856168
2458282.449145	14.482496103994205	0.0085675883260139
2458283.5307111	14.428939597466194	0.0061284781319998
2458283.822934	14.485565851179912	0.0083885367952366
2458286.4337093	14.447311407290558	0.0058817155057855
2458287.6256316	14.412259124774032	0.0081694561705894
2458288.7305759	14.408625158465483	0.0092384699081148
2458290.4648289	14.504409670840404	0.008485688681631
2458294.694146	14.564149767261757	0.0138659259023621
2458295.5559416	14.435506432149005	0.0305025612024688
2458304.4059304	14.395033824068337	0.008201896172051
2458305.3658024	14.500247938694802	0.0080721657742497
2458305.5729881	14.403605898380466	0.0086167926478202
2458306.3773676	14.32713068091189	0.0099937849211556
2458306.7893322	14.59771347075646	0.0133693108547088
2458307.3557759	14.555261012952698	0.0105898109826012
2458308.3522992	14.40924439993374	0.0074054728634792
2458308.7897496	14.487674030053512	0.0077666261142079
2458309.3559416	14.413094928675529	0.007422009433443
2458310.3598343	14.535980907473052	0.0104037645971144
2458314.6970057	14.429229705061072	0.008358755273024
2458316.725784	14.57137573200615	0.0113798352989631
2458317.271617	14.52115403520599	0.0116366488305783
2458322.2259796	14.53738585611864	0.0211590154699839
2458323.2512361	14.451600460794191	0.0171092743157415
2458328.5339235	14.456462720539122	0.0213586092864921
2458328.7005022	14.383949714847883	0.0305068242018102
2458331.7154947	14.41976214600561	0.0138658159416414
2458332.3527938	14.407664630549812	0.0103906693745203
2458332.5671174	14.4570295835201	0.007623376312525
2458333.2953209	14.539675007423838	0.010509564947135
2458334.2789702	14.35624197876088	0.0094536944498522
2458334.7236672	14.528832662426383	0.0117884559067837
2458336.6133565	14.566866858701625	0.0114077054366236
2458338.6066063	14.483262193915536	0.0085512592288973
2458339.275564	14.404535759330647	0.0066928141627161
2458340.2648032	14.441638844575872	0.0062224466896389
2458341.272974	14.549260061386446	0.0108791339482121
2458342.2549972	14.381027873651052	0.0104806999767794
2458344.2627612	14.445077424102063	0.0067801613401018
2458345.2374799	14.438675810539491	0.0064056836513518
2458346.2380642	14.509622242875484	0.0090819705425282
2458349.7344082	14.41922374563268	0.0113387037234798
2458359.625115	14.44328985935522	0.0115464330175707
2458363.5258485	14.375469588141954	0.0105732817341334
2458365.2419015	14.43885675357125	0.0055784101829244
2458368.6593771	14.539115432808492	0.0093171605059814
2458371.591656	14.4791347940266	0.0063429187271755
2458373.5107527	14.43246707256974	0.0090019756547225
2458376.6684162	14.554508155764015	0.0103486465702924
2458383.622698	14.35641817767556	0.0224707169626423
2458385.5264722	14.425425105901263	0.0190407736623884
2458390.2491122	14.387216968187618	0.008310573965144
2458392.6329936	14.57214337624853	0.012570919581477
2458393.6285182	14.364815993051035	0.0074993055040498
2458394.6296676	14.504020715487506	0.0081509763462922
2458396.6229169	14.355099911555492	0.007821909634453
2458397.6161821	14.502108623298966	0.0086052125397289
2458398.3060503	14.335254596957585	0.0098885605602627
2458398.616723	14.39364773831536	0.0070237631111314
2458399.2612602	14.5344722890388	0.0117395040453015
2458401.2672873	14.432653925783496	0.008862880430074
2458401.5730948	14.37245963883752	0.0076115916320964
2458404.2796125	14.507094636970486	0.0113067479696599
2458404.594212	14.401219611782194	0.0080085691087653
2458405.5148839	14.374962552589077	0.0087721216930827
2458409.5556771	14.46050758429758	0.0125607455521906
2458410.5753321	14.552570272387984	0.0200239647974416
2458411.5727088	14.352146076121484	0.0123148756485029
2458412.4986331	14.63567947696351	0.0212453827905896
2458414.5663812	14.335424259744055	0.0155389214969929
2458416.5607708	14.385970760252713	0.0238323960252267
2458417.5517615	14.427746618552964	0.0202853138419572
2458424.2656676	14.370938587402966	0.0096395886936559
2458424.5335182	14.35754274719076	0.0074043312006018
2458425.5301345	14.474780697578009	0.0079039655119464
2458426.5270697	14.457918932758927	0.0077313303520443
2458427.5227403	14.386918837122549	0.0104771101421365
2458428.2847435	14.51493807434745	0.0108042659836459
2458428.5197284	14.546718477185358	0.0111159953941345
2458429.2958589	14.468882543450968	0.0138772635045732
2458429.5203256	14.382862360541562	0.0112265581133005
2458430.5181646	14.473190182469416	0.0090490918401095
2458533.6354918	14.540036471123488	0.0267326753622351
2458533.8918527	14.43821636654784	0.0560917103229914
2458535.8903579	14.45299639172898	0.0193758753893133
2458536.8896849	14.403682604810742	0.0138187286411293
2458539.8835999	14.34351819264226	0.0122312830888857
2458546.629153	14.488111340308924	0.0083980003489342
2458547.8917726	14.37476673458944	0.0107122290596522
2458548.6014516	14.553586244514095	0.0116512312066735
2458548.8761062	14.565269863828	0.0116719936940545
2458549.6129999	14.39739874912654	0.0098725437052113
2458549.8700603	14.358445540968406	0.0077118709038655
2458550.8855151	14.454763645145634	0.0095998736280543
2458551.8809865	14.524084767856523	0.0098497350365788
2458553.8627481	14.510919324721376	0.0098113717016463
2458554.5932053	14.436389757512956	0.0079581879235217
2458554.858109	14.428004271364514	0.0059887048081634
2458555.58184	14.40577059722536	0.0090764693960386
2458555.8531085	14.44194924760722	0.0073471446268529
2458556.5803768	14.53972639244493	0.0122950751517941
2458556.856393	14.482179782438813	0.007826508193417
2458557.5885336	14.371734981933317	0.0093637267493031
2458561.8738563	14.527780103935	0.0117138244894124
2458563.6331887	14.41266484416998	0.0338332918340633
2458566.8253587	14.5932326512455	0.0240571638451279
2458567.8428698	14.457377651568208	0.0178819664256444
2458575.5399223	14.358997461062636	0.0089433596496972
2458575.8023506	14.392689316351571	0.0060602229472862
2458576.534948	14.478468078728865	0.0105726414012079
2458576.8885029	14.360473887539104	0.0116938701832505
2458577.8343966	14.547929335294402	0.0118984645625977
2458578.8296361	14.375071400816791	0.009416789103754
2458579.8302754	14.541780577315528	0.0098027992375468
2458580.8907381	14.545310386549248	0.0128309559625596
2458581.7973249	14.421882332438594	0.0056341772388311
2458582.7799111	14.526737022234038	0.0117800260213176
2458583.9111547	14.553737220307754	0.0097388060075928
2458585.5125681	14.422057203379918	0.0077350634499181
2458585.8640672	14.536351029310396	0.0134363925437227
2458586.7451406	14.448424792783667	0.0094024152163016
2458588.7608485	14.380867078587135	0.0106376541213868
2458589.7614713	14.552304979523395	0.0174955152714239
2458591.5036327	14.343038879953877	0.0180969318430215
2458594.8377808	14.382541813784927	0.0182172046442897
2458594.8390094	14.357759086357992	0.0195069521409351
2458596.7372438	14.321225736598857	0.0157062348225363
2458600.5538319	14.44956495539972	0.0083437725757958
2458601.6780239	14.32297852919817	0.0377663046681867
2458601.7269688	14.32975291826999	0.0094063333322359
2458602.7052712	14.522138002381514	0.0107146029180072
2458603.9040292	14.39373005217587	0.0102954045170801
2458604.7053597	14.416875957329609	0.0091240003621349
2458605.7027417	14.516268632881818	0.0107973625070444
2458606.8185215	14.517563440252	0.0081515108121279
2458607.765656	14.361806054293382	0.0084534924258005
2458607.8704872	14.49210746167778	0.0086612262831086
2458613.4306198	14.529167465475483	0.0097019874481637
2458614.5126159	14.50574783649552	0.0089626963936267
2458615.6830455	14.57327381227268	0.0119670879448144
2458617.4199925	14.370595656044776	0.0165006278659225
2458621.6986533	14.439597452082946	0.0289884064443838
2458627.4931855	14.503344860373566	0.0176603779574437
2458628.4192853	14.48954572149588	0.0160618373727026
2458631.6649424	14.464275913971893	0.0071998066700944
2458635.6314029	14.331360998365328	0.0093093299031914
2458635.8424847	14.529637993295788	0.0107289105355071
2458636.8920353	14.50445170232154	0.0089606245904337
2458641.7476348	14.37543745577633	0.0098445684897015
2458642.7248606	14.549859366223778	0.0106018345537537
2458643.7249739	14.394631587991451	0.006471515267518
2458644.7707004	14.354649690884555	0.00687336683717
2458645.7105164	14.46088320388968	0.0098090898137218
2458646.7558454	14.394490794245744	0.0092394372173827
2458647.6018074	14.40719557109027	0.0123840036412333
2458648.5839979	14.514708820666602	0.0148165461701855
2458657.682428	14.479480865699909	0.010453325680614
2458658.4116619	14.434543397844086	0.0069101656647054
2458659.8293736	14.508946456831552	0.011638849266176
2458660.71142	14.484859883189356	0.0065434179485916
2458662.8405314	14.504590869095402	0.0105826279873345
2458666.8487848	14.374725233545362	0.0117438536592922
2458667.7843325	14.489829186553576	0.0089015256789912
2458668.5237406	14.35057464150338	0.0067886512740956
2458669.3742952	14.403114679965029	0.0079810561703481
2458669.6297498	14.35215205966787	0.008092764466451
2458673.4197304	14.43748656169525	0.0087650807324248
2458674.3760226	14.428821810149357	0.0076491457314863
2458674.8580187	14.35499931509331	0.007733180597662
2458676.5516876	14.379403716251574	0.0069765055107489
2458676.648425	14.532587491172412	0.0159813536300129
2458678.6712912	14.460067157009444	0.0175905261056074
2458683.6420784	14.37907052872994	0.0119247562415094
2458684.6324896	14.420875530115785	0.0083993266601658
2458688.7348171	14.443932557597922	0.0077238176074682
2458689.6438743	14.560104281627916	0.0108969116018867
2458690.4185137	14.483731994028524	0.0080900870073021
2458691.425706	14.338762082140384	0.0097472892596932
2458691.8237538	14.548105213991883	0.0123814562072764
2458692.7173264	14.4808526652353	0.0103513197657473
2458694.5502807	14.38178961744761	0.0098558619226114
2458695.7539674	14.509115158278082	0.0086507510706013
2458698.5428581	14.43739958432506	0.0070928803131708
2458698.8033992	14.463729393506174	0.008369250534168
2458699.4793942	14.409500088767722	0.0090135965719481
2458699.7999759	14.506186647674816	0.0095914643929345
2458702.7815288	14.369219704008048	0.0074154057177601
2458703.752812	14.50796211781871	0.0081094475499006
2458704.4765702	14.459250002495487	0.0145560178239218
2458704.7860037	14.50101327692167	0.0072669537149139
2458705.3899914	14.547223803284382	0.0183385393267605
2458705.7831316	14.338916875064069	0.0133125283710809
2458712.5133858	14.536268518148605	0.0223821254880345
2458712.6261722	14.35842158701833	0.0133955332776749
2458713.568295	14.492700030109438	0.0141242412615349
2458715.5415539	14.522520936674574	0.0107807841065266
2458716.3127057	14.408809313084015	0.0078034637804662
2458716.545776	14.37415014052682	0.0098850885630143
2458717.5690644	14.515264885591892	0.008874352380439
2458717.7542027	14.497449229254878	0.0120073359478549
2458718.5745936	14.42688643211526	0.0071218808584669
2458719.6892414	14.516113561616235	0.0110731321726163
2458719.7424509	14.546566234893056	0.0138867244589018
2458721.7342997	14.41633163785209	0.0068416270040822
2458722.664305	14.433465760093377	0.0095172763042482
2458723.7156093	14.330197342775037	0.0091655334575219
2458724.4625937	14.532019487239952	0.0110718138493684
2458724.7331677	14.487821102816532	0.0082558064669282
2458725.7083386	14.39490457226805	0.0076470408370171
2458727.4661666	14.521951268763498	0.0105259662883602
2458727.7235997	14.53525550960541	0.0099688888071723
2458728.4646371	14.386533686124263	0.0101583379560499
2458728.7025398	14.361698738403984	0.0081797869362836
2458729.4117762	14.529160276032512	0.0111672194104905
2458730.3214434	14.384646695646616	0.0080715030798897
2458730.7023722	14.478524435318338	0.0080682241919322
2458738.691898	14.431152908528048	0.0275431504889704
2458740.4929981	14.581006439440804	0.0217456658396205
2458741.5488666	14.515371893190276	0.0152733549202496
2458742.4245124	14.410321847082615	0.0315988989521701
2458742.679782	14.506371343265936	0.0187872157132178
2458743.4247764	14.475622238762044	0.0230153697832004
2458743.4829244	14.58217195534484	0.0135774640024447
2458745.6760799	14.514578242604989	0.0198094988621204
2458746.669419	14.359650176412648	0.0107895324324639
2458747.4049482	14.4100748553959	0.0114107654258874
2458747.6698401	14.462737959708342	0.0091392140947988
2458748.6661966	14.486270504750827	0.0079443784604778
2458750.6619138	14.494075036952385	0.0081001428758701
2458751.6586549	14.42457007059902	0.0065923416971534
2458752.6563351	14.370400240867871	0.0083057341328669
2458753.6501836	14.464568890473748	0.0077720160306075
2458754.3845557	14.33230005445488	0.0110850261071523
2458754.6467124	14.337198203745992	0.0080841464673369
2458755.5396126	14.486774187605926	0.0086692802833915
2458756.6451601	14.442522837475892	0.0079340069838745
2458757.6423636	14.3384607653668	0.0103252717880929
2458758.6404953	14.509531017110252	0.0102332728021241
2458758.6417591	14.51934020935816	0.0129606796293985
2458760.3109051	14.51101701951709	0.0140505429463716
2458764.4920801	14.441324007669907	0.0112363894042498
2458765.3450733	14.444053249288183	0.0171386775407341
2458766.614491	14.475992204644497	0.0229704334984601
2458768.4905098	14.438844561386857	0.0142644191333298
2458769.3340175	14.427449644033352	0.0170423180651661
2458770.3340258	14.35402569799666	0.0417244936959781
2458771.3409998	14.558330259193436	0.0271696376852405
2458773.2550637	14.516794517878392	0.0126844395733256
2458773.5983188	14.4886963731347	0.0205835735458035
2458774.5951386	14.435041166893342	0.0080586048699166
2458775.2636413	14.49614844756015	0.0095806763840973
2458776.3352436	14.50799570144352	0.0112289169261157
2458777.588877	14.373099752137655	0.0086858099650025
2458781.5726104	14.510033601621542	0.0114116561365149
2458782.5702156	14.377674688766424	0.0086473881405345
2458783.5677908	14.41002010776786	0.008880961011392
2458785.5663277	14.352610313623732	0.0099620510468463
2458786.2862514	14.505607124642502	0.0103543902346738
2458786.5640026	14.518654866456746	0.0094840091903464
2458787.2822583	14.458777674636368	0.010936022211593
2458792.5276881	14.44095470405308	0.0095850546869588
2458793.5247136	14.38250582636671	0.0124629644009397
2458794.5212301	14.495487752113863	0.016339117493732
2458795.2623561	14.427457033071049	0.0165835834695523
2458795.5139179	14.376813282171067	0.0152196812569093
2458908.8785646	14.429837124112783	0.018194263979532
2458909.8782439	14.517895207758167	0.0125487397058903
2458923.8385933	14.37190921924551	0.0132758426100932
2458928.6040687	14.372376381911224	0.0116254005276455
2458931.563304	14.350176164000924	0.0106859038707769
2458932.596664	14.476834650245616	0.010126683203242
2458983.4159502	14.360221413314829	0.0128059305295763
2458985.6522336	14.362782069444846	0.0106134693961511
2458989.4093693	14.52399370587442	0.0111497065791185
2458991.5110914	14.4307170665102	0.0083019047864932
2458993.4696188	14.44703104077313	0.00688013569973
2458997.4042135	14.511033250537924	0.0107045332141036
2459000.5024555	14.419011336175728	0.0089422036264205
2459014.5267563	14.525779453797217	0.011682532001867
2459017.3878968	14.35509524730217	0.0091380114318465
2459022.4380441	14.430219231544086	0.009314604954253
2459025.3301831	14.454051705074884	0.0087694996230946
2459031.2942107	14.468597316796489	0.0197045233186388
2459047.4349005	14.402949285724713	0.0081769445406953
2459049.5039873	14.43699903486274	0.0102084685303623
2459052.5072086	14.3025128409381	0.010661172788878
2459058.3357942	14.48628623284497	0.0120630410424605
2459061.2952036	14.387192612704956	0.015276734631836
2459068.4705976	14.368123511810431	0.019267054999949
2459072.2438933	14.484443879980262	0.0092852636005468
2459078.2798232	14.529513990549624	0.0109018978691896
2459081.383529	14.396846995169168	0.0111083604285772
2459083.330357	14.445953986305636	0.0075361973966546
2459088.2741282	14.41558439644242	0.0159152443327766
2459100.4333875	14.419873956994014	0.0188493156676153
2459114.2350312	14.427619866525411	0.0120800614540151
2459120.3488183	14.380052583148302	0.0183278013025609
2459127.3763527	14.511076534446437	0.0240522139163629
2459134.3367588	14.573360313571213	0.0139608804653393
2459138.3313756	14.338862024973318	0.0108326794916021
2459148.5062124	14.39849156078468	0.0143992770915928
2459149.561887	14.394022925220645	0.0201608670305251
2459153.2808337	14.349321043792632	0.0237579829595271
2459154.2657162	14.39271621010501	0.0252467836890517
2459156.530864	14.359960121867047	0.0083622437246169
2459157.5289969	14.538458858582606	0.014694416671641
2459159.5213094	14.356714442122598	0.008146872558942
2459164.2650608	14.33987671620518	0.0153147619500177
2459167.5159343	14.456189676632553	0.0192296352704185
2459168.5093267	14.566878870872957	0.0364447828319577
2459169.5107093	14.553660627556686	0.0690281959715775
2459258.8880657	14.34999911934018	0.0239550186784665
2459259.8834734	14.53308933443763	0.0192797402877225
2459260.8841984	14.284492964901528	0.0115736893427215
2459265.6395274	14.491720037772852	0.0474786069950724
2459266.8746167	14.440831082880086	0.0113364922191293
2459267.8782041	14.455808588556016	0.0138785479952436
2459268.8710862	14.369553566334275	0.0130432394253988
2459269.8635616	14.571831762435805	0.0180752352481406
2459271.8945819	14.33149533833194	0.0175806685936559
2459273.8709842	14.41086634236617	0.0262485359227002
2459274.8556763	14.52699745102766	0.0278740413535281
2459283.824827	14.403702304114873	0.0087639208201822
2459287.8192277	14.512600874700096	0.0107857263905941
2459289.8211775	14.361182718347084	0.0082550059402439
2459291.8015683	14.35660325602128	0.0103006150878106
2459293.8110486	14.477549328254934	0.008836714428782
2459295.7949747	14.514030567684909	0.0115902307413524
2459295.7974436	14.4148024335042	0.0226158990186301
2459296.7915991	14.406540020433331	0.0142008910361118
2459297.8097713	14.404763247226985	0.0109332052406075
2459297.8552171	14.345666800946375	0.0077302011130168
2459299.7854943	14.358049891828664	0.0161613482068747
2459300.7816584	14.56141654003883	0.0194391025417829
2459301.8292765	14.57611464802129	0.0356060144449516
2459310.7582291	14.454282131756456	0.008995406817515
2459311.8903006	14.402761838136378	0.0115898556415366
2459313.4944711	14.496302459060084	0.0087509802106882
2459314.757186	14.48475817917114	0.0110482641763018
2459315.7441518	14.36200955615379	0.0123570838125073
2459316.7335091	14.494836317470993	0.0109260690900773
2459317.8072064	14.528103266090469	0.0117923416315759
2459317.8271146	14.491092627471083	0.0093974601562384
2459318.8963224	14.49403467462557	0.0102587772231986
2459320.7379949	14.345444512505733	0.0091958079704885
2459320.7877343	14.415469434075018	0.0102373579994851
2459321.7993154	14.404412152361196	0.0077908375683119
2459322.8010645	14.523562712694824	0.0120386389450209
2459324.7326945	14.564317838231023	0.0136736608843449
2459325.826366	14.544060679237864	0.0134204267115872
2459326.8427601	14.397617112436292	0.0109309503273004
2459326.9221909	14.489877815449493	0.0187473718703184
2459327.8578986	14.49039565854733	0.0109273320320464
2459328.7888699	14.373913014386382	0.0169690629648098
2459328.8155646	14.402784358412736	0.0109442680257709
2459329.8084837	14.41694024240203	0.0196741746466415
2459332.7907202	14.509722021332884	0.0274599818740591
2459333.702076	14.382427127960153	0.030448017121858
2459337.6887637	14.48153744404038	0.0149156354774471
2459338.678529	14.387105142808686	0.0127452278459999
2459339.9170933	14.526006131847083	0.0144089502635316
2459345.5338233	14.418776562952388	0.0075393916543396
2459346.6555642	14.412008052602276	0.0116868048577877
2459346.6784632	14.367888966303754	0.008797054152582
2459348.4189487	14.430277828469384	0.010482216985944
2459349.7138368	14.37535544209458	0.0111025558289749
2459351.647709	14.360339873440047	0.0090411102927849
2459351.919843	14.378733767134262	0.0118314298714904
2459352.8275815	14.411056736822031	0.0072818222105335
2459356.6435497	14.3639536581894	0.017998872379964
2459356.6909373	14.386365529176388	0.0098165527743396
2459357.7120541	14.333463734420082	0.0121510025327266
2459358.9288017	14.49257473276609	0.0133120537947228
2459365.6096019	14.542690434244468	0.0159796381609436
2459366.5944199	14.362990203904936	0.0120580519992774
2459367.7583058	14.480843492829765	0.0073307609462931
2459369.5958132	14.332551851905643	0.0093987321122969
2459370.9122105	14.479094046213936	0.0111159413259904
2459371.9046288	14.49853060441882	0.0107488115217746
2459372.5818834	14.470012013770726	0.0085235270526662
2459373.8309866	14.46330858963048	0.0093606724268626
2459375.7003004	14.3977255163089	0.0100776313069095
2459376.3457792	14.502361533206107	0.0139560259829201
2459378.3181256	14.497614656125892	0.016752285544088
2459378.7739614	14.51278846737292	0.0072575238813165
2459379.5626502	14.458762258037636	0.0083778293881927
2459383.5533982	14.577083206730414	0.0130314267318547
2459384.6138837	14.54203936525498	0.0127816241867327
2459385.6532767	14.370054295608934	0.0118162476975777
2459386.5541117	14.434582490767047	0.0110563806150378
2459388.6753866	14.347491398904872	0.0200282692524429
2459392.6515278	14.608643068207297	0.028706042707516
2459393.5270123	14.427641925790695	0.0081722831468832
2459401.4486784	14.460141706008116	0.0093105787361471
2459401.6816482	14.456428195881948	0.011419320739542
2459402.5795989	14.551132013629006	0.0114410255039195
2459403.6002428	14.373920227277054	0.0083171727939097
2459403.6238943	14.435855334984945	0.0106097837786915
2459405.610395	14.539244601250749	0.0093792346652573
2459406.7341776	14.571112046149189	0.0142319604703521
2459407.5127236	14.5055816455373	0.0124485160424802
2459409.6690589	14.40696568411547	0.0097932720450391
2459410.7521593	14.359598368368989	0.0071460145225548
2459411.7320333	14.561656961153648	0.0119004626606887
2459411.766044	14.457140588981256	0.0074372029798158
2459412.6502761	14.39181457263231	0.0109128748020019
2459412.6527573	14.45390914168912	0.022795209196534
2459413.6016057	14.46096882348211	0.0119546180385493
2459422.5265477	14.50201646340343	0.0084389959899986
2459423.5234309	14.50074786654564	0.0122096864309205
2459424.8122267	14.326116910925	0.0167492188570014
2459426.2859045	14.503560178890226	0.0090403449892459
2459428.7164347	14.409541382944209	0.006518635137366
2459431.7810494	14.419995688159185	0.0079804814071929
2459432.6965475	14.57097433748521	0.0125341487405853
2459436.7591606	14.467649650751571	0.0111767954364873
2459437.6341587	14.577091457215932	0.0122133252786598
2459438.7376084	14.544881084368503	0.0128761255541919
2459439.6371536	14.470008365895328	0.0069154440506738
2459443.5921421	14.44381561244853	0.0183176992234568
2459447.4852373	14.393952552028502	0.0171231598116648
2459448.6466461	14.531870443339518	0.027990971915922
2459451.358139	14.310938140440667	0.0157364910569874
2459462.445743	14.4713501018823	0.0109514287204572
2459463.6460175	14.455183401689	0.0106864621859454
2459465.4621142	14.43797933710714	0.0087855416384474
2459465.6458207	14.342516911141796	0.0082778428693324
2459466.5982445	14.528576507152769	0.0118294125733853
2459467.600108	14.345219708886017	0.0074575785749337
2459467.6209512	14.385905812039685	0.0137896569451416
2459475.2797682	14.416497951856378	0.0215505512809133
2459476.5107873	14.494224571091836	0.0272048307080499
2459477.6137065	14.46968797030454	0.0295126332474489
2459478.5000998	14.576027224760876	0.0188715223243531
2459479.6606275	14.484476220976877	0.0295210371912125
2459480.5539423	14.389521195733634	0.014963035850427
2459481.5240407	14.49478932267209	0.0092468198715286
2459481.5735046	14.547376737715672	0.0156272367335492
2459482.5476691	14.425302699572224	0.0090104530800785
2459483.5285267	14.439590562934312	0.0087082863717758
2459489.4975984	14.460407339124943	0.0083491887817293
2459490.5712829	14.409232043183705	0.0080394856267172
2459492.4846373	14.376925418356803	0.018376803775736
2459493.6226527	14.4543019069883	0.0073103755805655
2459494.5295521	14.550928934099414	0.0149290865617216
2459496.6225298	14.39360789989322	0.0117917122949873
2459497.5424127	14.549077220529956	0.0154899753481736
2459498.5295858	14.37980272825814	0.0089338141204725
2459503.5976606	14.5265942629301	0.0190644441001056
2459504.5466388	14.375354004233255	0.0223046256667522
2459506.3348088	14.350231831633549	0.0261122032906122
2459508.5864801	14.502891224610728	0.0401095321874656
2459509.5795671	14.40293192871464	0.0327577222408298
2459510.5166597	14.482209366597091	0.0080133168552633
2459511.5765317	14.451382653649006	0.0110883617276559
2459513.5058198	14.519415171521842	0.014644146716539
2459514.5642549	14.40551510675166	0.0073344783923276
2459515.5486086	14.496195266098368	0.0123122116699763
2459516.5643586	14.524428335754056	0.0154719828027707
2459517.5620085	14.35549398184807	0.0103139535486694
2459518.5542695	14.573918150001177	0.0145949313896458
2459522.2967394	14.402887826603106	0.0129927084616842
2459522.298027	14.43927470097584	0.0125808783526043
2459524.2630089	14.452110973260314	0.0164497092690035
2459525.5301236	14.373647089661135	0.0112186136291539
2459529.2538521	14.401647194020988	0.0638813322482189
2459529.2551439	14.769916169139988	0.1550751406879653
2459529.5246757	14.488387741253671	0.0239128435018106
2459530.5065806	14.42420667106422	0.0334262142473156
2459532.51696	14.38481602670117	0.0234927783031699
2459533.5173091	14.387312104992064	0.0231690233090389
2459535.2621271	14.762427985252408	0.1115512479054512
2459624.8879507	14.374975249465646	0.0304732422499863
2459633.6235256	14.521387954685478	0.0274700843994331
2459634.8652958	14.376752437223947	0.0150980939605678
2459638.8719179	14.532944614819153	0.0129096813945649
2459639.8779023	14.450645031716329	0.0230310769790649
2459644.6003177	14.488222524235706	0.0157104785425559
2459646.848075	14.47755704185157	0.0093782689028707
2459648.8419512	14.512086838116137	0.0101061465729469
2459649.8478411	14.49946795197156	0.0098661707932261
2459650.8896662	14.390574657900306	0.0090812975077577
2459654.5744667	14.427270313050304	0.0233600798574001
2459654.8672679	14.5790550421457	0.0147671066904813
2459655.8784291	14.390833542405224	0.0118057881869044
2459657.8180446	14.411765831621627	0.0214850459510133
2459659.5887412	14.510142931748849	0.0335722931447199
2459659.8044162	14.48870862883278	0.0175501981107292
2459660.8032319	14.29992190821013	0.0176372425287408
2459660.8410337	14.438870279646617	0.0157590730886743
2459665.8362123	14.41753187610226	0.009204795545847
2459666.7808249	14.522519890381178	0.0083401354400147
2459667.8010704	14.503462224170075	0.0089586160335318
2459668.778005	14.406024072901896	0.0093571633138071
2459669.7899551	14.52853289621649	0.0098407692763744
2459670.8190337	14.431281471197032	0.0064907816040418
2459670.8596417	14.523020103947438	0.0113825526839039
2459672.7795941	14.479690024294529	0.0079083927851932
2459673.7747736	14.345734203082287	0.006516161495756
2459673.8607004	14.48580986690805	0.0077140739699978
2459675.765564	14.41442704360475	0.0069105308023511
2459676.7626399	14.416817931455526	0.0079133157435833
2459677.7638397	14.483297595188114	0.0106541931555089
2459677.793122	14.547933229538131	0.0102727711216221
2459678.7629598	14.337656209230582	0.0090315115092649
2459678.7923098	14.426326443686085	0.0088770965909483
2459679.7610006	14.542480269726514	0.0108405896231886
2459679.8078825	14.406031719495186	0.0066018678278059
2459680.8098172	14.554311054070734	0.0101757961881766
2459680.8248924	14.513661953945432	0.0089729614589774
2459681.5769581	14.32179675619539	0.0136696655400086
2459681.5781751	14.394676930421806	0.0150210196888579
2459681.5794038	14.445591679785553	0.0254686474616962
2459682.7458789	14.50639872595203	0.0157619962746204
2459683.7626808	14.443934098407231	0.0108853217983655
2459684.7961072	14.36617882487046	0.0107217277528461
2459689.8130881	14.529228192792845	0.0454189838248972
2459689.8143273	14.360206713621755	0.0278231293626352
2459693.8643466	14.476233329166591	0.0110717214601219
2459695.6218962	14.417052145643376	0.0123699585379806
2459695.7120616	14.514847080486064	0.0109317727579309
2459696.7960129	14.55092911714679	0.0138928134342979
2459700.9274948	14.474988088551871	0.0143692197077602
2459702.4328287	14.404146749025188	0.0143574980070298
2459703.6776179	14.480458111496898	0.010259549513845
2459704.4571131	14.417150139103851	0.0076586576406811
2459708.6646471	14.488304601849327	0.0110597153091136
2459709.7705331	14.55940056529898	0.0111041664454943
2459711.4121669	14.480510258057498	0.0242208325386624
2459713.6571089	14.42114012494001	0.0165854170158658
2459713.6597065	14.549586796396738	0.0346006418011932
2459721.8292892	14.41994105381325	0.012503549610876
2459722.7399807	14.505787866990296	0.0107333200239196
2459722.7578942	14.536087158398503	0.0113566859024777
2459723.4362122	14.367769452666597	0.0137394430303259
2459723.4374757	14.400486130333777	0.0198790938977627
2459724.6654052	14.476674622813425	0.0086864007682739
2459725.869741	14.535494474411298	0.0114561951414452
2459727.432789	14.517305734413757	0.0108417351083178
2459734.3449937	14.516536311804073	0.0127749000324196
2459737.3378901	14.461803108978009	0.0129523358114351
2459737.5964565	14.478042448121435	0.0100719981921901
2459738.6090193	14.40107722498211	0.0094632433181909
2459740.6698481	14.49303865245801	0.0107232666082205
2459742.7266919	14.427372183436391	0.0194872547666293
2459747.7241439	14.35518516002224	0.0144195667065249
2459747.7507229	14.488532270356083	0.0225940452641363
2459747.7519632	14.298095505778132	0.0209503143614473
2459749.6650385	14.388537489836857	0.0100495657608429
2459751.7347246	14.514557206890563	0.0129563724153572
2459756.5918181	14.387128699509278	0.0146380361021615
2459757.5069794	14.482664608266216	0.0142888071513977
2459758.7428311	14.389811020115983	0.0062822746554235
2459758.7441062	14.418986999349322	0.0072081925611327
2459758.8119289	14.390409281471127	0.0094227368290603
2459759.7763533	14.555173791406595	0.0102452269451325
2459759.8345546	14.408862276943571	0.0069043418239463
2459760.8531296	14.584768451237776	0.0119219008295959
2459761.8792532	14.43609545531404	0.0089158078395001
2459765.406399	14.367196681839385	0.0108183008168737
2459767.4963626	14.547696661931376	0.0125619501216698
2459769.4969022	14.473109210054266	0.0155437538838065
2459776.4250542	14.47286250257643	0.0177310660488725
2459777.2501595	14.38562037217962	0.0129316812059185
2459781.5734097	14.577688150605312	0.0173637557851808
2459782.5917564	14.471859791280735	0.0149100357540016
2459783.6038773	14.405405963708532	0.0089663374745307
2459784.6720259	14.498663156665575	0.0081524642753766
2459785.6273962	14.434731429129002	0.0107876750673511
2459786.6810673	14.340968987278584	0.0074236454652126
2459787.687513	14.451890007725808	0.005293304816999
2459787.6888148	14.496442741275631	0.0095393990278839
2459788.761452	14.544429378468138	0.011271957751075
2459789.8168366	14.468674630115297	0.009804866826298
2459789.8181358	14.480051905362508	0.0174067417362095
2459791.7891545	14.569113277532765	0.0127221048468566
2459792.7159365	14.347142713296408	0.0074984132888705
2459793.723127	14.568194760328296	0.0110584696786779
2459794.7219116	14.423872127293864	0.0106381287511916
2459797.5176219	14.435878681116638	0.0127227814485535
2459804.6584322	14.362475680798596	0.0146383380279879
2459805.5980966	14.580080504883805	0.0203284785294327
2459806.7215541	14.614945769929484	0.0253933925546002
2459807.7238505	14.438619547792298	0.0134213866742161
2459808.6140554	14.524785369949328	0.0093030386330498
2459810.5533991	14.549491195214426	0.0103309339099352
2459811.6969411	14.471309427732855	0.0075586100539485
2459813.4629786	14.338564636834912	0.0118875247312489
2459814.6059516	14.455444649209932	0.0100199301845758
2459815.6248165	14.361060650586568	0.007343172966657
2459817.6772082	14.492505538200463	0.0079471934124148
2459817.6784486	14.415567192590236	0.0137635786831037
2459818.7159634	14.347805744026218	0.0091128658552012
2459819.6599864	14.512058934058151	0.0096727030261986
2459820.7018102	14.408230491240868	0.0097385139359341
2459821.7369788	14.312544152370547	0.0099219533485043
2459822.5702717	14.32037590782704	0.0084382154285905
2459823.5887204	14.430307304424456	0.0066250891073279
2459823.706692	14.4192014358486	0.0093506604112736
2459823.7079325	14.483152930049442	0.0133138575723289
2459824.6759205	14.516518761576606	0.0108049856048348
2459825.6874439	14.443978054298334	0.0088308502189746
2459826.6550195	14.490984228026756	0.0174300075111891
2459830.3064023	14.346618355150571	0.0270096136380507
2459831.5419317	14.532009494716814	0.0212050131859901
2459833.5111067	14.538985374507025	0.0176168140087329
2459835.5157604	14.3561485830985	0.0104274878570907
2459836.5022025	14.643643352586722	0.0097453474118496
2459837.5165283	14.559795193656193	0.0086866441018172
2459838.5285548	14.400368257346512	0.0108683314992057
2459840.5414447	14.368927500262195	0.0084689240889442
2459841.6242289	14.396939224443283	0.0095923647787058
2459842.6476717	14.435641845987696	0.0097314823947462
2459843.6453477	14.529718537960326	0.0104403511638635
2459844.6338961	14.386057818261945	0.0101392699063713
2459845.6609879	14.555342561509637	0.0125394187352185
2459846.6343155	14.44823510432803	0.0114427377592234
2459850.3992656	14.421352162230916	0.0153494330087685
2459851.2640795	14.353084293701476	0.0106898086055322
2459852.5265989	14.574803039560324	0.0134975637469635
2459853.5946638	14.531934965980398	0.0114949721607764
2459857.3262695	14.291533844120828	0.0231406691019293
2459858.5538604	14.53235863933176	0.0215588669695736
2459859.597149	14.397198427292846	0.0173814859794703
2459864.5430947	14.389187161354393	0.0119173932332928
2459866.2974752	14.515332428856327	0.015244222191702
2459867.2548603	14.395215164131272	0.0188134042838849
2459868.5115802	14.549530499028409	0.0126202416873555
2459870.3397153	14.359769630492831	0.0131100335139704
2459872.3302403	14.456845293873332	0.0188987470291154
2459873.322962	14.358195824426383	0.0147653149432158
2459874.3313351	14.526907575150323	0.0194558297163718
2459874.5840705	14.49099920980335	0.0095600685740944
2459876.5170523	14.505663798392732	0.0082104589776927
2459878.5406495	14.394580208941276	0.0072805961430772
2459879.5278902	14.483258255102694	0.0103561412833526
2459880.5191838	14.35125679022798	0.0098140300683815
2459886.5259687	14.477926148792813	0.0197194584108955
2459887.5275933	14.495941909738422	0.0187815788335106
2459894.2686187	14.36845094411999	0.0177066927145142
2459895.25735	14.432308992289872	0.02872039887983
2459897.5151345	14.46549008544115	0.0152824147264713
2459897.5164281	14.46221242899137	0.0197531576794338
2459898.5114307	14.408938516077948	0.0145503598642358
2459989.8898466	14.433630142362624	0.0206764141676001
2459990.8802209	14.441116902290602	0.0164105360239133
2459997.6378889	14.405738233268472	0.0228811909514515
2459999.6263564	14.48640394346289	0.0114106320872723
2460001.8777575	14.45695675638638	0.0125440979548657
2460002.6306755	14.474948636256132	0.0114198874389016
2460002.6331563	14.510713900600887	0.018831630741493
2460003.8753805	14.314837636676792	0.0084773633735807
2460005.8601233	14.408604606762273	0.0135419764576016
2460006.6339393	14.40247604062279	0.0117293700358147
2460006.6351693	14.385767287862972	0.0187161909384648
2460010.847071	14.362934217797	0.0226946528317614
2460013.588426	14.308749678081112	0.0184404196801912
2460016.8106604	14.49207022877462	0.020776959518952
2460017.81275	14.536114965328434	0.022276636362438
2460021.8100987	14.389535604691291	0.0122194686605649
2460023.8162725	14.355904097519923	0.0100604849099471
2460025.5714728	14.520450194314147	0.0121557642425348
2460027.8039356	14.545699377362684	0.0127771912701718
2460029.7910191	14.398717983565463	0.0086709211457772
2460032.5357461	14.476057638430795	0.0096488638872799
2460033.783353	14.51495175487508	0.0087230283788183
2460043.7576796	14.50968157722069	0.0285830105024266
2460049.4955598	14.415578056245668	0.007397892744339
2460052.6592884	14.516252467228036	0.0107800543088711
2460053.7369926	14.543874194219566	0.0122760239215843
2460056.7258502	14.519104592455571	0.0118865209461065
2460057.7174306	14.360907679635009	0.0129448901433097
2460057.7743869	14.39541708450856	0.0076819107677292
2460058.7338499	14.569284662964996	0.0136640294795167
2460059.8161425	14.5143429168894	0.0091645550228036
2460060.7476632	14.37429817621188	0.0106210284534287
2460061.7108511	14.541338003719533	0.010119283844346
2460061.8115637	14.384229603971155	0.0146127884971802
2460062.7508909	14.493105232147355	0.0094577261766322
2460063.7395666	14.424889562580828	0.0093648105840452
2460063.7721758	14.355280396712695	0.008427200439121
2460064.8314033	14.476343456282915	0.0117632390954118
2460064.8673445	14.38350233180351	0.011123557673341
2460065.8485719	14.50570989593313	0.0079803752896972
2460065.8626676	14.56117266127595	0.0134669352551804
2460067.4551349	14.488563551663118	0.0277161652409778
2460068.6821537	14.465440765210962	0.0279692603567545
2460072.6050885	14.445564420438185	0.0424972239174879
2460077.7422091	14.532033791071976	0.0105521272173882
2460077.9252047	14.41327877573331	0.0160671884016761
2460080.5589406	14.452348075378282	0.0090085426909772
2460081.5775142	14.502284813445206	0.0147599490681436
2460082.839495	14.328942463696546	0.0081192317656024
2460084.543435	14.43679853992345	0.018275495064501
2460088.4175434	14.393717836576128	0.0121406350662312
2460088.8440108	14.45227233718654	0.0109846415856919
2460089.82967	14.458388141506608	0.0072387055265069
2460091.412135	14.329124301432367	0.010511188172726
2460091.6707591	14.335911603398957	0.0085734148337853
2460091.8433304	14.550488489467204	0.0121496455685358
2460092.4037204	14.41362896883606	0.0164339014854921
2460092.6667397	14.509376562097271	0.0119141009153725
2460093.4101904	14.452616946161834	0.0118329655977455
2460094.7143122	14.373035724772276	0.0177400478011547
2460097.8122546	14.45943918858237	0.0153529149760511
2460103.8382855	14.42427055350247	0.0199901119776472
2460104.8535209	14.44159760982878	0.0117935620795099
2460107.5771058	14.51142244953146	0.008399342800325
2460107.9160288	14.344029667043056	0.0168017070355004
2460108.8545319	14.414602865264408	0.0112624779936142
2460110.5784291	14.56467611821018	0.0142722852915937
2460111.5056266	14.411132917034395	0.009326748121761
2460112.5624853	14.473611220986964	0.0132270169304512
2460112.9277579	14.389895312136838	0.011168010760689
2460113.7129798	14.353899866290298	0.0076633301962171
2460114.6721233	14.476424977375062	0.0114655338195652
2460117.6058364	14.313613197514687	0.0124004660388445
2460118.2972089	14.504353697657764	0.0116347560773481
2460119.4431525	14.542506826478531	0.0162978802398181
2460119.8399979	14.32432465040602	0.0086511008884106
2460120.5766387	14.437539816451228	0.0070002866659161
2460121.5351208	14.501583996698004	0.0247869650604783
2460122.5390873	14.361583275842976	0.008634799799915
2460126.4854188	14.35566076208377	0.026469225245581
2460126.7332563	14.328691018289256	0.0175525895931669
2460130.509245	14.460711271301856	0.0248504449750383
2460131.2580031	14.55207022098265	0.0176703992982116
2460132.25589	14.374279278770407	0.0125079170379507
2460133.8300352	14.51718193851458	0.0127511898026728
2460134.5850331	14.478898111912244	0.0131763947245525
2460136.600634	14.461528623340609	0.0098435132570973
2460137.2594929	14.399862008105234	0.0080263266875833
2460138.5912965	14.375628750554045	0.0116692134840508
2460139.2821807	14.521023722518851	0.0092541627902864
2460139.6946048	14.31042708809316	0.0092724481034987
2460141.4874936	14.513214347707413	0.0133277188852525
2460141.7164725	14.479278377558964	0.0067775366794973
2460142.7110462	14.55298520353651	0.0080726665971485
2460143.3308544	14.373163110440109	0.0086943603450773
2460147.3922687	14.37421824506326	0.0099419452050613
2460148.4356343	14.552715040600894	0.0133077179500661
2460149.2258535	14.492283567008492	0.0132969691713928
2460151.8203034	14.37167597404624	0.0065652853499628
2460153.6215922	14.569724916158478	0.0150228610041448
2460162.3855726	14.423807443506856	0.0209710204237374
2460163.4745251	14.392749351569428	0.0135356431486273
2460167.4370739	14.5261372428794	0.0131528493281893
2460180.222711	14.424082276647807	0.0113154179012938
2460199.245645	14.478031477434074	0.0096983510716301
2460200.3623235	14.435833874995575	0.0075160177524021
2460201.4493513	14.504857804744931	0.0123070705790586
2460208.2348262	14.445408188041675	0.0122441316181659
2460209.3934604	14.4648404108127	0.0196666780239871
2460216.262785	14.460331109006512	0.0257347490578417
2460217.5299738	14.359530856009934	0.0195473569721312
2460218.5491883	14.533163763568371	0.0169875779724312
2460219.6160085	14.60748190542053	0.0233954368657319
2460220.5649973	14.385225504310416	0.0119269926443481
2460221.6346612	14.54647033204781	0.0126946969568893
2460222.5960729	14.473512284878682	0.0096722055508545
2460224.5121022	14.590861289224687	0.0071773266087071
2460225.5575604	14.483149096541885	0.0111291554371962
2460226.6106582	14.55207231895029	0.0084788866694265
2460227.605718	14.691769825834005	0.0122210457178479
2460233.3326981	14.435945236661375	0.0075825513694399
2460235.3131836	14.496403438998378	0.0121966849667187
2460236.5017821	14.502715645714302	0.0094741235482677
2460240.2929266	14.631798110356415	0.0368909256786414
2460241.5342066	14.396431258057667	0.018256930993283
2460243.5056188	14.357410104471091	0.0133641487510144
2460248.2729767	14.458710518912072	0.0130233697862977
2460255.50417	14.491530009866128	0.0388839998006787
2460257.5041396	14.53792931084302	0.0537691526962764
2460258.2714061	14.529588162034557	0.0149608247192647
2460260.5094842	14.54902520308724	0.0225261252220255
2460263.5194027	14.646596910918298	0.0146182677032508
2460388.8357946	14.667565957369913	0.0120177001628584
2460397.8154128	14.566388225571975	0.0345219537166158
2460404.8453605	14.703815638393085	0.0101170895398487
2460416.8435929	14.511353859966349	0.0116855003216163
2460417.9092773	14.505653132355928	0.0091862218736397
2460418.8178281	14.542624767931532	0.0114293930130835
2460419.843889	14.53338449099602	0.0079530174565523
2460425.7351833	14.635046287226984	0.0237231846922911
2460434.7283819	14.5618192422023	0.0075075133611605
2460436.6770534	14.370761836138236	0.0101703810251863
2460437.6661119	14.5685643065048	0.0127054752507195
2460439.4362195	14.36157684362489	0.0113453790349266
2460440.4198833	14.502792652615684	0.0175975451140132
2460440.7558745	14.472660673059378	0.0083867812834303
2460443.4065025	14.435556881900888	0.009427122217666
2460447.3892087	14.461401922212175	0.0269898162129568
2460448.6886197	14.562698065199562	0.0202649265865046
2460449.6577813	14.314922284694472	0.0149892327388425
2460452.4264916	14.55491409011804	0.0467685194039043
