2458250.9634246	15.67561963537432	0.1627907770757087
2458250.9634286	15.602993204968392	0.1497940927090033
2458253.9613641	15.919111364986897	0.1414982969963619
2458254.9557451	15.728147278922698	0.094009028195298
2458254.9557451	15.887621413247482	0.0752071031858797
2458255.9551446	15.890147429257963	0.0911382255036767
2458256.955679	15.95671231611771	0.0720987621313313
2458264.9463267	15.736419316522774	0.0568612810518827
2458266.9473094	15.72157697967804	0.1105757478180634
2458266.9473094	15.931471203512446	0.0948158249067781
2458267.9403131	15.877297350367568	0.0824906533248924
2458268.9398924	15.677162313442658	0.057032794303674
2458269.933497	15.576208436766136	0.0559009043921374
2458269.9334998	15.589708328527728	0.063457514159081
2458270.9267018	15.841118538048327	0.0606766035027525
2458271.9269446	15.945685413009166	0.0591033707420669
2458271.9269446	15.591451464413725	0.0448872065614989
2458277.9217473	15.983096591017718	0.0478053895724568
2458281.9079962	15.819688133067286	0.028436337451477
2458281.9079962	15.982978706602664	0.0396733218668849
2458289.8747818	15.816344201294893	0.0285473547797856
2458289.8747883	15.95124863221372	0.0330682186305862
2458292.8647528	15.817754183788477	0.0281587761003682
2458292.864763	15.87136810540212	0.0369892289259943
2458294.867032	15.754931030299897	0.0437477937461592
2458296.8555763	15.439480963806648	0.0535575156419902
2458304.8924861	15.668135019539609	0.0334889745399554
2458304.8924861	15.650701669411315	0.0313540886810893
2458319.8627749	16.00623154590507	0.0370742532477653
2458319.8627786	15.866273201820976	0.0294783438477504
2458325.8234486	15.54777384967572	0.0631943385026731
2458331.938358	15.89404629104811	0.0491211721482909
2458333.8322661	15.778398932535652	0.0566645412473815
2458336.8266249	15.867782375395636	0.0346610359810729
2458336.8266268	15.868070771818632	0.0287969916356001
2458337.8524326	15.73160431084415	0.0234799669281554
2458337.8524326	15.721070676259927	0.0186936135145168
2458351.9268945	15.764661495935057	0.0206904451029421
2458351.9268945	15.81854705564883	0.0274028780250207
2458362.7543589	15.862552065710457	0.0370018941921796
2458362.7543618	15.65352677890794	0.0382304899885007
2458374.8754873	15.709258474155185	0.0200816143520872
2458374.8754988	15.77211393654634	0.0194782317034346
2458392.750859	15.769765233683046	0.0359570560386565
2458392.750868	15.900124045567178	0.0423990676152772
2458402.7439935	15.734699968878642	0.0239920425860644
2458402.7439935	15.851229366395057	0.0217974636390686
2458416.8016669	15.864035430441056	0.0656605800051751
2458418.8341589	15.701761537551938	0.0666563053319098
2458419.8344592	15.77305664284702	0.0463584081153126
2458419.8344592	15.6627477935329	0.0491290429040955
2458420.7896098	15.786190078681576	0.0495716336171939
2458428.7838597	15.8327476371921	0.028101188757061
2458428.7838695	15.81967295646759	0.0308115032826313
2458430.7877362	15.771476044699146	0.0261798750472974
2458430.7877362	15.901070642938198	0.0272723302207502
2458440.731042	15.729488976486302	0.0454911747645752
2458443.7239376	15.740999122356028	0.0621162474490886
2458454.7449125	15.70251708754451	0.0224497723897108
2458454.7449146	15.70243336332535	0.0247101873285245
2458456.7376126	15.68763892926321	0.0232181521804779
2458465.7830874	15.789259977622187	0.0241141383937004
2458465.783088	15.788559459936051	0.0244435700300449
2458466.7722139	15.849995856114043	0.028993213694396
2458466.7722139	15.76774033583883	0.0209519256872891
2458472.6910756	15.712449259531606	0.061537494872692
2458473.6916466	15.8762777589454	0.1368789912917213
2458475.685455	16.113105128840214	0.0997863712763522
2458476.6821979	15.935142550323793	0.0686485365312033
2458477.6783958	15.680079626971384	0.0536447403324419
2458478.6765709	15.78907917825517	0.0601328039473672
2458480.6690178	15.84090397158753	0.028314312336535
2458480.6690178	15.70071639396408	0.0226653298968091
2458483.6711626	15.720089823836322	0.0257250012817455
2458483.6711626	15.67158683693524	0.0237938683553947
2458484.6481323	15.713027333253976	0.0267993667757208
2458484.6481323	15.655905816130971	0.0243183164336734
2458486.7259627	15.77157732654652	0.020991340711371
2458493.70832	15.764570258895036	0.0240523911443044
2458494.7088176	15.887513175222368	0.042748742502612
2458494.7088292	15.754336469770829	0.0280317656820696
2458495.6238247	15.885326211827648	0.0320036896958733
2458495.6238289	15.805288235008064	0.0260762687034936
2458501.6083176	15.823702088910691	0.0618418806304882
2458501.608318	15.904236941078905	0.0733075640103749
2458508.5865649	15.91704059898538	0.0259513184204621
2458508.5865726	15.72541489162953	0.0251376712560436
2458512.5740077	15.823790613584322	0.0281858926781896
2458512.5740077	15.69462915170688	0.023854152252017
2458605.1238729	15.732202611428647	0.0814496835370937
2458608.966838	16.244800942655772	0.1732298451986245
2458615.106253	15.884655437795615	0.0226681049396996
2458615.1062548	15.918500481536784	0.0257708193358877
2458617.9421732	15.652328766604416	0.02651523000887
2458617.9421732	15.825278769918569	0.0300198796044817
2458620.104492	15.766295968534898	0.0263082058598349
2458620.1044936	15.801922402063571	0.022261756056045
2458625.9448606	15.72707437884128	0.0787431029495872
2458627.0717342	15.748875579398266	0.0483191570904355
2458627.0717384	15.691836968929591	0.0514818100577635
2458628.0649068	15.811321569389987	0.0424110057172107
2458628.0649077	15.752529385242122	0.0357338638139095
2458632.0576289	15.774906296340829	0.0191283669526066
2458632.057632	15.704277287759956	0.0229407906478897
2458634.0658352	15.731077893692753	0.0160445020307169
2458634.0658409	15.691359382198335	0.0236885747768948
2458636.0511926	15.66430765065652	0.0151165717213209
2458636.0511926	15.716632325472366	0.0195791559869516
2458640.9055967	15.868322325018315	0.0333583593061197
2458640.9056022	15.851139988857174	0.0247823860137336
2458641.9369482	15.846467063114511	0.0386541024367509
2458641.9369543	15.835573986580656	0.0309364577192062
2458643.0260951	15.8446167968136	0.0206813017701537
2458643.0261016	15.80850946296322	0.0178921968864785
2458645.0229108	15.818633001068324	0.0181352622934802
2458645.0229129	15.935835105811908	0.0301433440692167
2458647.0143549	15.8541748493036	0.0252042548291788
2458647.01436	15.817745225370974	0.0234032012921281
2458649.0129949	15.88313857774329	0.0744412162878135
2458649.0129949	15.979502045296227	0.0698309155936211
2458650.8627642	15.760620337128683	0.0669600521188565
2458651.8624537	16.050923183753465	0.1271701566933201
2458659.9794259	15.894643207271477	0.0334604545833139
2458659.9794304	15.69775540209058	0.0338829511480995
2458662.1118226	15.682923947410014	0.0373737800460202
2458663.097763	15.772193454357868	0.0154209572587023
2458663.097763	15.809427795034466	0.0151781696621387
2458667.9613712	15.791568392014549	0.0235792320901858
2458667.9613763	15.753066678296186	0.0326696614968075
2458668.9518053	15.788759521513462	0.0158448869923566
2458668.9518056	15.736935094363032	0.0207507068183147
2458669.9204256	15.845089367591958	0.0405315731038804
2458669.9204256	15.73585851144263	0.0415624004508175
2458670.8948547	15.656001691892182	0.0427784258441467
2458670.8948547	15.897736392806474	0.0476755593118129
2458674.9880246	15.797360856957944	0.0244435633532793
2458674.9880306	15.7876652242104	0.0189948797583995
2458679.0596216	15.824670112997758	0.0371697946699629
2458679.0596226	15.628061970096452	0.0325442730065951
2458691.1015299	15.81141283665255	0.0225049967017455
2458691.1015322	15.901607954724575	0.0271911283209593
2458693.9729512	15.779176273970911	0.0396044323583448
2458693.9729517	15.651270324593732	0.0312502153030562
2458695.0326202	15.729007281998516	0.0185856410611716
2458695.0326202	15.810863010501306	0.0143914574054654
2458716.8382361	15.75588116574492	0.0316951917686382
2458716.8382361	15.776193128278049	0.0320376232829271
2458722.1268408	15.648034188186363	0.0397596119232292
2458726.8824376	15.615664832405312	0.0295106237137732
2458726.8824376	15.766147422754315	0.0268118354022602
2458728.9883922	15.808330576720264	0.0171253912431146
2458728.9883922	15.783933741118874	0.0187965272580516
2458745.9442376	15.648597570138689	0.0909890909315959
2458745.9442403	15.736092666342056	0.100936592473812
2458750.8002036	15.85953659329399	0.0262724288780205
2458750.8002125	15.793428788952328	0.0263745939910267
2458752.8394047	15.753019885770987	0.0202254484180869
2458752.8394102	15.795373253083149	0.0206770706168984
2458753.8569203	15.831815272941942	0.0236712842363848
2458753.8569234	15.819636792171828	0.0150732857278237
2458755.8365753	15.8297964956504	0.0229485553874309
2458755.8365753	15.803975403929424	0.0178955195126662
2458761.7184007	15.745044937933155	0.0215435243021876
2458761.7184007	15.727037316263283	0.0217750085151917
2458762.7361145	15.848437447572616	0.0418913016089007
2458762.7361145	15.647770643133905	0.0271353801267937
2458764.7612715	15.737457209273147	0.0387555404922994
2458767.6008819	15.739190145403953	0.0613259542208673
2458769.893466	15.7480828608337	0.1627109001925976
2458773.8439281	15.681480112090814	0.0541692452957348
2458775.7225086	15.83653249219676	0.0367853175561072
2458777.8236263	15.830391297243182	0.0282247139214086
2458777.8236329	15.759938958938289	0.0327520746166756
2458779.7009183	16.02829517561195	0.0307297021124129
2458779.7009183	15.825917177690345	0.0293939444788667
2458780.7763513	15.91742290360473	0.0301807698543973
2458780.776358	15.762649393720087	0.0239234578618069
2458780.7988868	15.907816867950093	0.0355746403972899
2458780.7988893	15.776880121858737	0.0258385981293216
2458781.7568754	15.866039885487734	0.0215302113420605
2458781.7568754	15.8111875252103	0.0164823874716919
2458785.7615333	15.880451380993282	0.0287177411996305
2458785.7615398	15.85996362052107	0.0255503373538707
2458788.7939175	15.857252077368871	0.0240368276713277
2458788.7939211	16.022519407494244	0.0348600725449815
2458791.7219195	15.80048612216437	0.0329414858753027
2458791.7219292	15.779972071412374	0.0273576226044976
2458801.8030725	15.61991927519768	0.0608978853593808
2458804.7233777	15.769865936330396	0.0158638593864779
2458804.7233848	15.78160178010849	0.017893156366636
2458810.8583811	15.696638547382731	0.0186787746998238
2458811.8618766	15.719719757590305	0.0166189515350482
2458811.861884	15.727556203254768	0.0172103224901996
2458812.8046069	15.797027036822351	0.0152855546703356
2458812.8046116	15.767933205651303	0.0190044343311468
2458813.8504388	15.70554444891978	0.0173264533800264
2458814.738108	15.830422389444175	0.0212203649153089
2458814.7381171	15.75592598732274	0.0138636080483123
2458818.6722184	15.828106502596238	0.0227048302260472
2458819.7167482	15.891255287759376	0.0259491825541994
2458819.7167482	15.92356938038359	0.0305350480685233
2458820.6669526	15.846621631381048	0.0356963827748064
2458820.6669526	15.825345396924476	0.02897261802357
2458821.7403966	15.828059314273112	0.0357984168065726
2458821.7403966	15.943434572368636	0.0332063888028766
2458831.7232411	15.85161226362022	0.1013222552826377
2458831.723243	15.737527456045422	0.0672774401492873
2458833.7158963	15.637386949583338	0.0368579143280913
2458833.7158963	15.748102429922884	0.0344011977278677
2458835.7081097	15.710192397341668	0.0243536141430442
2458838.7025015	15.783523132878749	0.0223508505287846
2458838.7025015	15.748307276724542	0.0232991584250422
2458839.6911821	15.718628085772217	0.0246562483721945
2458839.6911917	16.036522640393635	0.0371077711740824
2458846.6753736	15.729669019354244	0.0223870982468477
2458847.6685131	15.686664093660198	0.0232668424328684
2458847.6685201	15.73496950004784	0.0196095137850088
2458969.1237689	15.885684923903916	0.0570664326793871
2458969.1237717	16.04521978685931	0.0745714367954033
2458972.1167398	15.854120607990296	0.0310628200350772
2458972.1167398	15.857456804472855	0.0374784590885421
2458974.1096264	15.8063686211608	0.0198104779336922
2458974.1096313	15.872903279476628	0.0240278508949631
2458988.0868933	15.714956545653616	0.0178034967652978
2458988.0868943	15.819972322127189	0.0225079516910428
2459004.0513437	15.854168058245932	0.0512778382123814
2459004.0513484	15.92264378688282	0.0733853115453138
2459005.0516108	15.923017384050212	0.0685829432919955
2459005.0516132	15.838603461854197	0.0899671869977122
2459008.0350015	15.99626580952949	0.0967353958951859
2459008.0350145	15.742758680315143	0.0766715339311042
2459011.0253934	15.750450435215434	0.0405527502087871
2459013.9218578	15.62912340336853	0.0314467009848886
2459013.9218664	15.749894894120647	0.0305363592161289
2459014.9447185	15.736372831056531	0.0391184965709859
2459016.8659647	15.935283093943614	0.0358171364778533
2459016.8659722	15.747675838769071	0.0278023470257295
2459021.0025184	15.7715800157497	0.0160223384881226
2459021.002522	15.69798848756016	0.018022966382143
2459022.8447693	15.858525635806783	0.0342163735109764
2459022.8447739	15.765837728942405	0.0223015608429771
2459027.0911755	15.706853372712573	0.0199162268663937
2459027.0911786	15.67043761926465	0.015506339027943
2459031.9738446	15.843357081380798	0.0451497052698866
2459031.9738523	15.764836408578606	0.041186613122745
2459036.9502621	15.855851304372708	0.0696457632500438
2459036.9502621	15.737364245196048	0.0653232127151365
2459039.0405904	15.89715336926946	0.0511221126312556
2459041.9373894	15.804882935001377	0.0332292737907949
2459041.9373935	15.959098477749826	0.043430219799728
2459042.8318679	15.755634118826269	0.0394513401118538
2459042.8318785	15.736998269444648	0.0287859629800527
2459050.9811403	15.760222624956487	0.0153363052723237
2459050.9811465	15.714532566404367	0.0208571634969976
2459053.9119599	15.770289778803368	0.0253133705406993
2459053.9132392	15.79314508233854	0.0242387776808058
2459056.0095352	15.759551167098788	0.0165813883724417
2459057.8701591	15.766069928508893	0.0215380086825772
2459057.870163	15.71417966908421	0.0223318773563593
2459057.87138	15.746530652409218	0.0307843486770206
2459058.9154565	15.780718445526707	0.0212719868003637
2459058.9154584	15.713838332904334	0.0216729070584191
2459060.0703176	15.80803260240433	0.0176476970315058
2459060.0703267	15.756205766385488	0.016741974244301
2459061.8857866	15.88815480373752	0.0630556446197103
2459061.8857875	15.648550906856764	0.0489352319876282
2459062.8563481	15.874866338833424	0.048110884183962
2459063.8484471	15.548478266463889	0.0511790214031213
2459065.7314398	15.817880407301086	0.073315798421281
2459067.7339647	15.783542408506852	0.0659946332892016
2459069.8902959	15.834713508710562	0.0385298316410386
2459069.8902959	15.806609957962554	0.0463385815672365
2459071.8608884	15.76638395316184	0.0178094924776434
2459071.8608884	15.807057131088513	0.0188936862376894
2459072.9201172	15.80278874152955	0.0555563441161348
2459073.8506105	15.778003175427973	0.0195550608158523
2459073.8506172	15.804856505050775	0.0215079248170969
2459074.7891783	15.761611548479236	0.0224218790755639
2459074.7891829	15.937982066947916	0.0370783307785994
2459077.8273616	15.76615675101355	0.0102167836820085
2459079.8767627	15.83102823706551	0.0243391279642724
2459079.8767627	15.708471410272631	0.0205056518363208
2459082.8225211	15.69762844057939	0.0165598982034385
2459082.822526	15.72622721329916	0.0213783572308012
2459084.6795462	15.76951940198711	0.0241229018228735
2459084.679549	15.77414907715832	0.0339839887604315
2459086.8073402	15.80416451577732	0.0345593462799398
2459086.8073402	15.691091118959733	0.0289162160103657
2459087.9077987	15.782780952906638	0.0291880740918427
2459087.907803	15.696824758455426	0.0251348650790761
2459090.8012932	15.798331376548608	0.053943962996345
2459090.8013005	15.859016645444369	0.0520830195963361
2459091.858071	15.903976490471216	0.0811329208001713
2459091.8580717	15.786023422513134	0.0650720713021049
2459093.9999514	15.9438540785213	0.0744106171660127
2459096.0703227	15.859432248746833	0.082795294363111
2459097.947512	15.615722179797938	0.0412479969771757
2459100.8773343	15.834090091543242	0.0224729491560165
2459100.8773394	15.867943199087351	0.033419197723347
2459102.9744543	15.69877439416433	0.0254070675369025
2459102.9744543	15.71914350072467	0.0196854874747992
2459106.0766051	15.678693326653695	0.0202004877627004
2459106.0766053	15.776004586577931	0.0198064185372718
2459109.889537	15.818871745795146	0.014357569475781
2459109.8895405	15.811204315058225	0.0147049388117936
2459117.9232507	15.741759640208832	0.030818366825108
2459117.9232514	15.77128949172468	0.0263911877203385
2459128.7646187	15.810118177421684	0.017066964408154
2459128.7646187	15.816486282565991	0.0227678833620692
2459130.7860549	15.781310649272154	0.0198706261293372
2459130.7860593	15.84054420554776	0.0178290303718128
2459131.8670036	15.706333021921315	0.0499703955250751
2459131.8670062	15.664921005178831	0.035802187479469
2459133.8828183	15.784665099903805	0.0190678264339399
2459133.8828297	15.815776516234424	0.0185628588394784
2459138.7625889	15.813636995338614	0.0151945136327673
2459138.7625889	15.824899134678066	0.0128430335679716
2459144.8705906	15.85474018650778	0.0340381741317249
2459144.870593	15.8239239183324	0.0324190748085098
2459155.8301322	15.761745214800682	0.0814636911196496
2459158.7955377	15.871351218875894	0.0638774818176026
2459159.8224307	15.807726254905228	0.0546051409106266
2459159.823646	15.44380753983632	0.0486758207669886
2459167.8947866	15.6544156475372	0.0182131637051147
2459167.8947927	15.628711041471382	0.0179192887267531
2459185.686535	15.750496496520698	0.0765830614732067
2459187.8325786	15.812477479969884	0.0365133194320728
2459187.8325828	15.751296157319205	0.032131265877652
2459189.8137285	15.796521264748725	0.0138799427404751
2459189.8137285	15.756759339716416	0.011461043782212
2459192.8011145	15.677529803978793	0.016335210071664
2459192.8011185	15.747267792484312	0.0165331426130549
2459193.7396123	15.81362859412447	0.0292982377276546
2459195.6812128	15.712925433258174	0.0234679128678578
2459195.6812188	15.53368352939726	0.0252455695531129
2459198.7126975	15.66980695975791	0.0270118909430355
2459198.7126975	15.727304378300316	0.0240203325745709
2459199.7280073	15.748608699230662	0.0415527001503187
2459205.6969858	15.914577089232884	0.0808138215487248
2459205.6982359	15.837334871899492	0.0533309017892406
2459207.778117	15.792378104577445	0.0352640041934777
2459212.7669077	15.852642522693468	0.1173212724473765
2459216.7533635	15.790469074594457	0.0167976945800924
2459216.7533635	15.864680434647124	0.0238148457981869
2459219.7484148	15.8446053294201	0.0205257477520807
2459219.7484166	15.725847112466994	0.016740348316417
2459222.7381475	15.856256012013434	0.0260048012811783
2459222.7381475	15.70165646082381	0.0208878599730159
2459228.7102369	15.661092589046516	0.0314862275723185
2459228.7102384	15.66463160398251	0.0235453154050299
2459230.7187241	15.749963511219509	0.0226894198269279
2459230.7187264	15.701204375450208	0.0205670698219584
2459247.5786761	15.68265440046539	0.0239616581653805
2459247.5786761	15.871585942224984	0.030909756725831
2459250.5821004	15.953002066001506	0.0428444658920753
2459250.5821004	15.722557889902886	0.0340935379979438
2459252.5833908	15.76069220626296	0.0491971389775304
2459254.5767711	15.822195422596808	0.0386732847588439
2459254.5767771	15.659026637118078	0.0299838148877607
2459328.1287877	15.695586162842186	0.0970703986730799
2459329.1256262	15.8351294910455	0.0464708750959372
2459329.1256335	15.847402527413172	0.0637812854249365
2459340.9530136	15.868894126551618	0.0408356700759016
2459346.0840385	15.766315938018	0.0229241251219738
2459346.0840395	15.621119461294146	0.0219417805612311
2459350.0704032	15.724011066278774	0.0238250821862594
2459350.0704054	15.64302838244021	0.023892695116112
2459354.0636757	15.804639649261702	0.0298788496442664
2459354.0636765	15.84619566798489	0.0276064282350916
2459355.9179963	15.79304114690742	0.0486904115166415
2459360.0981653	15.585722786416945	0.06448533773375
2459360.0981762	15.77470408819876	0.0629699365038799
2459364.0363223	15.897997507976084	0.0653033458728597
2459364.0363223	15.746817819445557	0.0691179635450766
2459368.0301411	15.787032266547554	0.0306376412468247
2459368.0301505	15.736994944555828	0.035538546988042
2459373.0833121	15.68694441765569	0.0163333646924997
2459373.0833145	15.751911783075204	0.0185888409406023
2459376.9944919	15.70940111926783	0.0166371317430746
2459376.9944958	15.814875937515652	0.0198381960500179
2459382.8410689	15.859864454666004	0.0410675454695411
2459382.8410727	15.822445583073694	0.0294972609091696
2459384.9798224	15.84921094914118	0.0158364680064196
2459384.9798224	15.846798163647795	0.0178031948034812
2459391.9891774	15.927295372492152	0.0738804888276243
2459391.9891894	15.805719174581505	0.0793156682260684
2459391.9904519	15.81833058526793	0.0982957902043287
2459395.0292807	15.804066641947564	0.0321777936985644
2459395.0292809	15.831297651434804	0.0545232721836344
2459401.9846358	15.795778833451688	0.0190956035275381
2459404.106467	15.811258850320655	0.016759024152161
2459405.862953	15.690913904268651	0.015675694119564
2459408.9843755	15.753417679801125	0.0228195796717362
2459408.98438	15.677187592306716	0.0159755060948485
2459410.7739941	15.744405690559764	0.0228692202196971
2459410.7739941	15.751566797894458	0.0231539048911554
2459413.7787205	15.882291312357117	0.0388518679486344
2459413.7787321	15.76306195370076	0.0375604737358968
2459422.9306744	15.785906028682422	0.0638112489011492
2459422.9306756	15.912111881184847	0.0703537041170651
2459423.9037357	15.882728385155788	0.0543400383557018
2459425.9854386	15.855075169384198	0.0321982526769029
2459426.9343007	15.868838485444083	0.0266934352599085
2459426.9343007	15.82561977758024	0.027861378572319
2459429.858571	15.870518816589827	0.0191853941302726
2459429.8585723	15.823093678726552	0.0186187949704106
2459430.7677533	15.626577085954445	0.0378702461663248
2459431.8927703	15.761025436351677	0.0175620293972471
2459431.8927704	15.77982174856215	0.0174226424501759
2459432.8197572	15.717431561909947	0.0219596121985547
2459432.8197594	15.7690938445831	0.0230513253620833
2459433.8414334	15.777232271889083	0.0148723732655847
2459433.8414443	15.793526327573728	0.0157880899015105
2459436.8555472	15.801726553244604	0.0172635229035429
2459438.0168493	15.841514576586809	0.021050881611535
2459439.937332	15.758966297243395	0.0142842847101577
2459443.8857704	15.77883154187363	0.0350011736677364
2459445.0596422	15.793450487444954	0.0186340699924289
2459445.0596422	15.756793996719288	0.0150381376286891
2459453.8076613	15.88202336921274	0.0478413906489188
2459455.7826566	15.84483383880495	0.0218009007353514
2459455.7826566	15.822319443953658	0.0198157339543843
2459457.9080617	15.736280761792385	0.0148579284507808
2459461.9114522	15.860126122785092	0.030497560581692
2459461.9114624	15.771274984210748	0.0296045196742147
2459464.8956263	15.834384061208644	0.0189029075949943
2459464.8956263	15.820645497358296	0.0172120094542615
2459466.0276057	15.836867832175464	0.0200673951301588
2459466.0276086	15.797845353639396	0.0138199256744517
2459467.805515	15.791491245898944	0.0128675054443275
2459467.8055169	15.761653580778116	0.0158582676553225
2459475.0555639	15.771563271065904	0.0175965448367346
2459475.0555639	15.91272881428645	0.0293815527568808
2459475.916005	15.75022635898762	0.0397054479190866
2459475.916005	15.766785024853254	0.0458331289157712
2459481.8458625	15.71959638329382	0.0399423993333321
2459487.0188219	15.715636744691809	0.02264119632911
2459490.0106301	15.768272517406052	0.0164563822436879
2459490.0106301	15.711388646452644	0.019294851661224
2459492.8187502	15.774767279773902	0.0229155523444293
2459492.8187502	15.846496100798309	0.0198415841514805
2459493.8157185	15.837670785741658	0.0280047636903213
2459493.8157185	15.85053705934454	0.0244407340044798
2459495.7841677	15.735578739629872	0.0225371622432832
2459496.8027917	15.810147206091612	99.99
2459496.8027917	15.910593019929625	0.0286287536053782
2459500.8344963	15.840735289003051	0.0208811291895437
2459500.8345018	15.761555771634132	0.021078856714846
2459504.0005809	15.820521820226665	0.0460747544679908
2459509.9376372	15.879430813061234	0.0733426963234287
2459509.9376372	15.92539023617383	0.0723212005079714
2459511.7954705	15.688016378697531	0.0395459136204132
2459511.7954747	15.743298903670889	0.0374818882072896
2459514.9435025	15.802560902198897	0.0360770910219512
2459514.9435025	15.720345092375387	0.0405720232777376
2459517.8427091	15.798065756861703	0.0135794926912628
2459517.8427096	15.711216349750538	0.0107083888621702
2459518.7412602	15.892331500466492	0.0231391535055066
2459518.7412602	15.827250571312376	0.0157060735781726
2459521.8448302	15.754315234690493	0.0197052269208448
2459521.8448405	15.802517731525764	0.01740374873499
2459524.8248984	15.821329792598888	0.0203034657039812
2459524.8248984	15.78403327549132	0.0168124584274548
2459525.7954424	15.856776357232986	0.0279906012352167
2459529.7158747	15.93353961550913	0.040551932380287
2459529.7158747	15.87654734394269	0.0291279795769615
2459530.7208146	15.86844413157154	0.041102489873215
2459530.7208149	15.844355879990015	0.0324322609345277
2459537.8111952	15.916079018610922	0.0400843384933478
2459537.8112004	15.828515464422615	0.0404098250705406
2459539.7840114	15.64487784883333	0.0472907976514324
2459539.7840114	15.620337347394347	0.0468484226234192
2459541.7609743	15.70050917233469	0.0569201237977848
2459541.7609743	15.859563442092536	0.0782598727009314
2459542.7623014	15.622055831757812	0.0596214732880572
2459544.8242521	15.856373865204922	0.0226037344959522
2459544.8242523	15.71507302608628	0.0179929419487033
2459554.665131	15.713696933979504	0.0274176210065478
2459554.665131	15.722685224304588	0.0259800186231344
2459556.6581524	15.772231476344562	0.0176361759910731
2459556.6581524	15.889761564655732	0.0233523802771698
2459586.7340596	15.72727213623419	0.028007709100455
2459586.7340596	15.711353645294489	0.0189735467634903
2459588.6356537	15.78928318323603	0.0396265017353425
2459588.6356537	15.753343964106158	0.0348318960537704
2459593.7257089	15.666369667673044	0.04775644881756
2459593.7257109	15.69326826453192	0.05521337129104
2459597.7117844	15.775564720190012	0.0652383832142273
2459597.7130492	15.623018783167185	0.0946839214582858
2459599.7087813	15.833430719617906	0.0520179686659734
2459599.710046	15.957974487634388	0.0825612754837215
2459601.6250336	16.03354462749569	0.0400564004944478
2459601.6250336	15.808190516738453	0.0277579262708045
2459604.6200441	15.77338823574487	0.0341499862174369
2459605.6125912	15.91553695154224	0.0322080110981996
2459606.6129821	16.11352646640221	0.053058522785003
2459608.6013464	15.695263058139217	0.0323102314428407
2459608.6013464	15.79466352993082	0.0301883283634646
2459619.5776248	15.871781455706358	0.0519431072380203
2459619.5776261	15.654084810402566	0.0379100615835216
2459622.5669862	15.571183746270629	0.0678554003791841
2459622.5669873	15.79070312039493	0.0774199932170458
2459693.1290351	15.50885020876174	0.0685427926386657
2459699.1155345	15.751834747041698	0.0251829314477253
2459702.9668941	15.809182208193176	0.1082676378053064
2459702.9668969	16.070349903454762	0.0979875553230294
2459706.9502343	15.751985663628384	0.0316494479600379
2459706.9502343	15.979771860971072	0.0427139745327239
2459706.9527715	15.81997267053213	0.0386521393599248
2459709.955908	15.68784580182804	0.0441649125499596
2459709.9559103	15.8563240671917	0.0467341056716023
2459709.9584865	15.651461458657437	0.0751228627973593
2459709.9584919	15.641600964411412	0.0666059174136179
2459725.0983526	15.73569096392543	0.0219277030776848
2459726.0755765	15.73731620571391	0.0234208280924411
2459727.0460393	15.68465751652058	0.0191340688823753
2459728.0399543	15.70230375559204	0.0266137377250739
2459732.033924	15.70874645283692	0.020417008994258
2459733.1050144	15.739224699625042	0.0226392561489867
2459734.0821463	15.709548012020909	0.0181690420988694
2459735.0837623	15.74938173440871	0.0238995064513416
2459736.0825982	15.69129731843974	0.021736132684563
2459738.0196065	15.688653792471786	0.0237556576751409
2459739.0162973	15.692415303424683	0.0218829170622205
2459740.0106529	15.803550439830252	0.0170827075708422
2459741.0085521	15.728588715867184	0.0366772776300505
2459742.0181311	15.816173703583347	0.0546116576550871
2459748.0478138	15.883214772170955	0.0743387407837932
2459754.9777936	15.80917233874186	0.0175659444255317
2459756.8492667	15.704284460318544	0.021407264941656
2459756.8492667	15.69764741958265	0.0250927732009234
2459758.9434351	15.762770636473975	0.0318289904953623
2459758.9434351	15.738473916257805	0.0420189960148142
2459758.9446637	15.75084067859189	0.0415377517116133
2459760.8525623	15.891024118409558	0.0260195121931058
2459760.8525623	15.818320824272371	0.020967962017164
2459762.8534901	15.795884541936104	0.0264546764063209
2459762.8534901	15.85008516010956	0.0242379519309151
2459765.9931471	15.671287137190715	0.012695424748904
2459767.9426885	15.816556534908884	0.0255078007778069
2459767.9426997	15.789303489526754	0.0274404945450635
2459776.8912903	15.831514060522398	0.0436082419136714
2459778.7769158	16.120294244245198	0.078309552087784
2459778.7769158	15.751938739816412	0.0552351559833026
2459780.7725951	15.85085677036163	0.0231478464762034
2459781.7604775	15.796737645385818	0.0356087496593572
2459781.7604775	15.866227397818832	0.0442109234036547
2459784.8963744	15.808541629874597	0.0235597788076127
2459786.7901506	15.747366844782816	0.021301289355103
2459786.7901506	15.813628203529692	0.0264832685101811
2459788.9540585	16.023767527862407	0.0391308596385303
2459788.9540585	15.894842828119264	0.0316832844391918
2459790.8210179	15.84605025384694	0.025725246527486
2459790.8210179	15.724308230162563	0.0216555557618958
2459791.9130177	15.908347395368558	0.033311323124874
2459791.9130202	15.7953775101265	0.0178904925813648
2459791.9154981	15.738189295330107	0.0470157938653866
2459792.8190318	15.741020148801006	0.0160532059237513
2459792.8190318	15.735852722795752	0.0214975046809958
2459792.820272	15.75652384940308	0.0260442151052207
2459792.820272	15.72231886189772	0.0204823996697023
2459793.8918377	15.698106929008794	0.0185632900835405
2459795.8733436	15.758915735641825	0.0139483684687156
2459796.7630424	15.867031401560835	0.0324433101179519
2459796.7630424	15.821417074747306	0.0380476348043087
2459799.7162275	15.676325995462197	0.0557341773628176
2459800.9314826	15.797703953474226	0.0650087642285232
2459802.0669926	15.749354556391424	0.0445727819833214
2459804.8575864	15.836877159865212	0.0660939263305759
2459809.8227401	15.859185659931509	0.0222625569980803
2459810.9120006	15.736974171010388	0.019443199797154
2459810.9132651	15.705298920775704	0.023906975699236
2459812.8569821	15.8257859464603	0.0181738122814998
2459816.9267054	15.83448104451724	0.0170185632403354
2459818.7521934	15.653683391743016	0.0235742386791752
2459818.7521941	15.775895860984146	0.023984024926611
2459818.7534333	15.68786158330342	0.0286381230001818
2459820.054824	15.788002669128616	0.0178073719800961
2459821.8541039	15.784766138552314	0.01869891721656
2459823.9272472	15.82368510455064	0.0148749758498967
2459823.9285119	15.86211911026026	0.0219403272348454
2459825.9173506	15.852691968689223	0.0242909432362524
2459827.9202622	15.717841900485327	0.0286534730151329
2459827.9215145	15.818021097756985	0.0425108191530066
2459829.8085505	15.826175853422384	0.0485685855203671
2459830.7943927	15.622466494526831	0.0651372897028625
2459830.7956561	15.58294506924119	0.065668801246913
2459832.7550393	15.867475700579387	0.0854801620391162
2459833.7915883	16.113007969744924	0.1771145625409265
2459833.7915883	15.453373912917993	0.0679451133805455
2459837.0431055	15.753567845859951	0.0461428468930405
2459838.0643261	15.579157077318357	0.0384140826051649
2459838.8746341	15.778414469716155	0.0288232840946486
2459839.8035743	15.818532835571874	0.0312263727668223
2459839.8035743	16.009801857453393	0.0425961921921998
2459841.8227737	15.832658786539811	0.0179558360052734
2459842.9160317	15.794447388916604	0.0343704333475452
2459842.9172812	15.930179669655477	0.0385850936788315
2459843.8603615	15.756344885255205	0.0175039724592716
2459844.7726805	15.92253366945105	0.0324513427470326
2459844.7726855	15.79829727065104	0.0216032242074939
2459844.8062302	15.815725279780253	0.0171150656220215
2459846.9275176	15.858332707973531	0.0242166851861063
2459846.9275176	16.03340927936204	0.0342061695466649
2459848.8560652	15.811802560793843	0.0235138945552085
2459849.8908702	15.859933454229129	0.0261361908422342
2459849.8908702	15.808294635138404	0.0238872832870998
2459851.8578922	15.821794366904122	0.0167172206581266
2459853.6146024	15.786015922123363	0.0172403895434878
2459853.6146024	15.858291452680026	0.0243155622735176
2459854.6041677	15.700287765556878	0.0320162440798421
2459854.6041677	15.707870527535624	0.0279623159155513
2459855.0165241	15.883926030880572	0.0271077943764305
2459855.6408623	15.689118439145489	0.0358432419305982
2459855.6408623	15.706517284902358	0.0276637365407677
2459865.6271311	15.7947026671983	0.0610496762399353
2459865.6283639	15.8960276101377	0.0668193776130649
2459866.626539	16.13320273366519	0.1013539854544897
2459866.626539	16.09610958019086	0.1464343827883359
2459867.979383	15.922057851968932	0.0494874355777108
2459870.9578643	15.810880142148742	0.0236034784414502
2459871.8391013	15.722010837538384	0.0186816740096067
2459872.7849181	15.72888756123203	0.0140979750171281
2459875.6770891	15.801073399935774	0.0272942454906971
2459875.6770891	15.832309522464666	0.0232017566803322
2459876.8396787	15.754104117206452	0.0172762095507489
2459879.6460303	15.86705817223902	0.0280837810967828
2459879.6460303	15.840718296275016	0.0270069734857364
2459880.6075299	15.863419592420389	0.0275414138484721
2459880.6075299	15.928100671584248	0.024934713377158
2459881.6406761	15.872479563295796	0.0352660755130986
2459882.7534662	15.728549870768925	0.0222159987204899
2459882.7534755	15.85054737874943	0.0237480394175797
2459886.7063299	15.723139219632598	0.0510572141947388
2459886.7063299	15.914234057944396	0.0448946924052267
2459886.7075702	15.867942924699982	0.0431681771719084
2459888.7047781	15.893502112569022	0.0582720061733412
2459888.7047799	15.75317124091791	0.041746982028154
2459890.6740198	15.821037727958284	0.0890071759592611
2459890.6740247	15.731951784232114	0.0728449258299314
2459890.676477	15.835306183211058	0.1465445314132014
2459893.6396877	15.90526211820883	0.0801243144642379
2459893.6396981	15.732349076656496	0.0676690764055986
2459893.8936141	15.75886193236832	0.0562895435818972
2459894.7362125	15.78634123321942	0.0684635210940357
2459894.7362165	15.922180617626466	0.0619113147202501
2459899.8788502	15.815314058076748	0.0186703408208812
2459900.8800329	15.845669983838748	0.0257005314398808
2459902.7992035	15.765045697648889	0.0188542314052732
2459906.8642646	15.726757013356927	0.0221405097882967
2459907.8036688	15.791395750607366	0.0143881588137337
2459908.7682264	15.768927697547452	0.0144538803943072
2459911.767457	15.76102960087673	0.0259584419452864
2459911.7674617	15.736993425557262	0.0300335452772897
2459913.6351661	15.916058130731647	0.0299526450452382
2459913.6351661	15.83329152862724	0.0264457153431675
2459915.6308106	15.914131480341842	0.0625278031210545
2459915.6308137	15.858843542457194	0.0457413795903434
2459916.7188775	15.845163090224634	0.0734109498610199
2459916.7188781	15.84039782640606	0.0559261216344756
2459927.7673969	15.932742620084806	0.0269977988658639
2459933.7024035	15.752631262694344	0.0248240837624505
2459933.7024081	15.79731431759642	0.0301088269487649
2459933.7048956	15.69440544003148	0.0405590896207462
2459933.7048994	15.842797552479857	0.0590031896870714
2459935.6770559	15.833314217561936	0.0291418193467144
2459965.6268962	15.829709034291714	0.0335594835613023
2459965.6269032	15.7435373737495	0.0284329433055435
2459969.5908876	15.855889333605454	0.0258572941704989
2459969.5921187	15.83027320355784	0.0323718664694672
2459970.6143632	15.688178774077024	0.0304521051017521
2459970.61437	15.818888954855977	0.0312748328760396
2459974.6015305	15.73471290071696	0.0543395506515278
2459974.6015305	15.789904514075983	0.0521747810733995
2459979.5663393	15.954633582458298	0.095410190965073
2459979.5663456	16.333474059094453	0.1538746049457023
2459979.5688146	15.819351088177704	0.1656551767678561
2459985.5732892	15.820608431956146	0.0352493280173265
2459985.5732912	15.910929388188706	0.0349579408334688
2460062.1263468	15.89827419901298	0.0874997782703109
2460067.1126184	15.832700740073156	0.0267074822966333
2460067.1126184	15.737678991123458	0.0301895120077695
2460069.963513	15.84010745261722	0.173069721550571
2460086.0929458	15.737670841758028	0.0170484085919325
2460086.0929458	15.746454245465094	0.0255570978113879
2460087.0932999	15.728172114660431	0.0278727795840466
2460087.0932999	15.68737516464937	0.017316911727821
2460088.1045626	15.70560511242934	0.0336716986792376
2460088.1045626	15.739870962286954	0.0304102429501671
2460089.0825858	15.76051616343582	0.0165243856458814
2460089.0825858	15.74903396985593	0.0265815213597101
2460091.1159451	15.767478899778023	0.0542067505941382
2460091.1159451	15.87117087468928	0.0711836400610122
2460092.1157127	15.909653860912083	0.0808629339786287
2460092.1157256	15.690060893321164	0.0829578881544256
2460104.0911236	15.728969539674162	0.0361644352485941
2460104.091135	15.83743961977325	0.0935567797500212
2460106.0880468	15.874322067685622	0.0388287952386627
2460107.0974042	15.92888512567244	0.0343773262219927
2460110.9980537	15.727939502634973	0.0272729214605795
2460110.9980582	15.816920295055873	0.0386760692996856
2460113.9848759	15.725084304458044	0.0309429836773852
2460113.9848767	15.693036495816756	0.0234340256640193
2460117.9758383	15.678394177447576	0.0263040303852521
2460117.9758414	15.722799494415469	0.0221306291485494
2460121.0831114	15.741585459471631	0.0187906341327647
2460121.0831153	15.730703238870465	0.0210539404066574
2460123.9392782	15.78864624244073	0.0319481558953571
2460125.0910461	15.702568164294435	0.018362070200975
2460125.0910461	15.706442323582086	0.0194069331286056
2460127.9466336	15.683247421998503	0.0684062080158853
2460130.9771695	15.64141600583066	0.0992042376990286
2460130.9771716	15.703979667121564	0.0578479977409388
2460135.8850869	15.735402437060891	0.0606686893501001
2460137.9960847	15.743740894075597	0.0264930973796856
2460137.9960894	15.800041884132607	0.0162188553275623
2460140.9935811	15.73631070671821	0.021969116347391
2460140.9935844	15.849715232891718	0.0236256682828865
2460142.7802395	15.784772582336515	0.0222943335972144
2460143.9152767	15.76820816582621	0.0275766175505054
2460144.7765593	15.735719109855822	0.0196654176645927
2460146.8913543	15.686920197456772	0.027556771629163
2460149.9177568	15.707067272548263	0.02238959058378
2460149.9177684	15.839874645858576	0.0222238588974124
2460151.8462759	15.715129542016005	0.0253567469690349
2460152.9324782	15.778098256302988	0.032957358237396
2460152.9324782	15.78389359055824	0.0255639944238243
2460154.9354616	15.74590159595193	0.0384948096668991
2460156.7321608	15.444818055123868	0.0771766625107742
2460156.8889663	15.734359646772278	0.0637249672847003
2460156.8889699	16.005675939951548	0.1092461972971878
2460158.8864453	15.641091163801203	0.0655731712349423
2460160.0278231	15.70042651539815	0.0433127730742145
2460160.0278323	15.742047874731387	0.0660673596929659
2460162.9321022	15.7434492287009	0.048639226789772
2460170.8023776	15.755407696818189	0.0315978382790984
2460171.0657605	15.770229550033392	0.0247511522558173
2460171.0657605	15.775557090524126	0.0186341598597864
2460176.8229703	15.791015085527542	0.0311834314818845
2460178.8196469	15.628538191262969	0.03848938414194
2460180.0384676	15.931304834046475	0.0490059314229507
2460182.8012351	15.746114146380885	0.0263986820246423
2460183.9482667	15.76182399839366	0.0299643792175944
2460183.9482667	15.848912670518471	0.0328627516068069
2460186.7934233	15.8638962045762	0.1225349049539073
2460190.818228	15.750837850679243	0.0610586308385823
2460191.8321564	15.711827322426515	0.0272416695335171
2460192.7729752	15.553842005251513	0.0411002441584116
2460194.8825515	15.67698245384465	0.0384392406460244
2460196.817077	15.756561262429113	0.0303476298068926
2460197.96791	15.741799486183972	0.0187661594485055
2460201.013805	15.711577117388927	0.0167295268232849
2460202.7173155	15.73239404981676	0.0231546719378258
2460204.8206027	15.859877841997994	0.0207659011248786
2460207.9757858	15.817400037250655	0.0288016820939842
2460211.8493083	15.732021113864764	0.0278801120702523
2460212.8416335	15.731590590805345	0.047926826290139
2460221.8423989	15.747144488152744	0.0245633407334361
2460223.8406614	15.672675968727896	0.0169088128189682
2460225.824635	15.75393172316665	0.0230473077965859
2460227.6721992	15.866967463960377	0.0298426837075959
2460227.6721992	15.894338503680189	0.033361020624841
2460229.7310201	15.870689170430254	0.0260710679046868
2460229.7310224	16.025360070852056	0.0473458776528422
2460229.810582	15.797143025058542	0.0256148163761041
2460230.889672	15.788026881565768	0.0210802473995313
2460232.934164	15.78538819378566	0.0182536761787806
2460234.6062933	15.766510741420488	0.0302349646055477
2460234.6062933	15.78220007924478	0.0187744032433283
2460235.8433165	15.723157914925295	0.0163046286238009
2460238.7341061	15.831509916955024	0.0349325011657535
2460239.8889894	15.81780998640431	0.0224447885166837
2460242.7247406	15.786393518993489	0.0503646143522543
2460243.8094932	15.970021793769432	0.0747390282669033
2460243.8094949	15.92179211862959	0.0517301004695024
2460244.8070088	15.869668915529736	0.1035180302843242
2460244.8070199	15.78987969978906	0.0779033975787541
2460248.8477204	16.382070192338716	99.999
2460249.8500456	15.705985805364207	0.0707122564317224
2460249.8500456	15.818376602198542	0.0455118114429392
2460250.7574655	15.776227786799565	0.0367130911164829
2460251.8688223	15.767279237315044	0.0309313872227998
2460252.8404291	15.732932945221918	0.056847137326859
2460252.8404291	15.801172938090147	0.0420795277340089
2460254.8540136	15.850571647370506	0.0223907399039743
2460257.7046224	15.723844930859364	0.0192625274074537
2460264.7683357	15.726018973462311	0.01658197826065
2460266.8321102	15.698037734226652	0.0223658086959294
2460267.7860246	15.81558859440896	0.0305767360972957
2460267.7860246	15.804797712334642	0.0347819422778027
2460269.6282723	15.898708588600332	0.0414416083871902
2460269.6282723	15.78565599281527	0.0471589117050202
2460270.6902004	15.887354047671272	0.0467731326224641
2460271.7068591	15.77341986683694	0.0474164010953902
2460271.7068591	16.042942296164167	0.0945643784125191
2460272.7014711	16.038556461512233	0.1094341866351306
2460272.7014711	15.775376258455784	0.0667086876650798
2460273.6574315	15.768689051488492	0.0824164739075771
2460279.749534	15.672913577647895	0.0535302745556983
2460279.749534	15.878924678913428	0.0728269546135578
2460282.7419438	16.06817007121961	0.0533588408427178
2460282.7419523	15.79352512946878	0.0278824439464762
2460283.7385062	15.809873970846724	0.0244283251076026
2460283.7385062	15.810007932897689	0.030311549338175
2460284.7386453	15.8406691622634	0.0245037852494473
2460284.7386453	15.908332625815223	0.0401638468871907
2460285.8185443	15.82504881730273	0.0207515348043031
2460286.720345	15.874556646546962	0.033450631895217
2460286.720345	15.791351896088102	0.0246191268760499
2460287.7134699	15.940476824077107	0.0392705048615333
2460287.7134699	15.78152858996296	0.0257269533562705
2460289.7112651	16.04796827121605	0.0392632009838695
2460289.7112774	15.779725667885591	0.0259132417238326
2460301.6989438	15.985704826042053	0.0878504965700714
2460303.6333355	15.659770736385116	0.0853286087510942
2460303.6333485	15.95839576393523	0.0875344178151407
2460304.6936789	15.92676791288843	0.0982795261834376
2460304.6936789	16.531117550288638	0.2083571124341719
2460311.7200136	15.88701929060326	0.0206934052294801
2460314.7285685	15.881863488880487	0.0202701923839165
2460316.5887009	15.83292094285432	0.0298128318176872
2460316.5887009	15.756196600739854	0.0214540319439447
2460427.1222184	15.974400118588187	0.1195248191502659
2460432.1124405	15.575897212269352	0.0374873555521654
2460434.1246087	15.84245798191824	0.1462781821163231
2460436.9530387	15.797153933639317	0.0396544750527389
2460439.9471776	15.979566025372216	0.0442435774216986
2460454.9167381	15.659342273799991	0.0531218737609041
2460456.9075476	15.88397146163894	0.069795363295194
